1 0.7499541990369182 0.3826642239165329 0.7400305826645265 0.3521127062600321 0.7181390786516854 0.33670683547351526 0.6798225601926163 0.32233515088282505 0.642205525682183 0.31595860834670947 0.6172107399678972 0.31572846709470304 0.6110094309791333 0.3231188996789727 0.6125031741573034 0.3540051187800963 0.6205028467094703 0.39479538362760835 0.6314109959871589 0.4135790746388443 0.6728157568218299 0.4172073330658106 0.6920040971107545 0.41552857062600324 0.700768672552167 0.42362374237560196 0.7416138451043338 0.4208558868378812 0.7517427768860353 0.41231619823434995 0.7499541990369182 0.3826642239165329
1 0.3631931894060995 0.5063296075441412 0.3950391155698234 0.47897161637239166 0.39658849197431784 0.4506388772070626 0.3912821966292135 0.40840452086677365 0.38274250802568216 0.3982755890850722 0.3649034831460674 0.3877517929373997 0.35096199919743176 0.3849433459069021 0.3049399181380417 0.3929979253611557 0.29652508507223113 0.38890032423756016 0.285371753611557 0.3995437215088283 0.23518212199036917 0.41521361958266456 0.22797145345104336 0.4202754582664527 0.22005604574638846 0.4403031797752809 0.2211451388443018 0.46196001203852327 0.21871651524879615 0.47103446227929374 0.22243882263242376 0.5089764125200642 0.22906960754414124 0.5249117889245586 0.2403177142857143 0.529164327447833 0.25957600321027285 0.5282850794542536 0.29113688121990366 0.5206900569823435 0.30178027768860355 0.5318433884430177 0.30172536998394867 0.5266115722311396 0.30806657624398076 0.5208201685393258 0.3631931894060995 0.5063296075441412
1 0.323854625200642 0.7289037062600321 0.3288066476725522 0.725650742375602 0.3271978338683788 0.707261915730337 0.31873334911717494 0.6749714719101123 0.3055417271268058 0.6439002335473516 0.2988109125200642 0.6360299478330659 0.2689092263242376 0.625755863563403 0.22733448715890853 0.6293931821829855 0.19253568619582664 0.6276038796147673 0.18466539967897272 0.6343346942215088 0.18541979213483145 0.6475616524879615 0.20514216934189405 0.7026333579454254 0.21194293258426966 0.711303158105939 0.22717356902086677 0.7196382568218298 0.2495298852327448 0.7265443057784912 0.29740070786516853 0.7304124903691814 0.3034869462279294 0.7355194510433386 0.31026288362760834 0.7300928298555377 0.323854625200642 0.7289037062600321
1 0.3127299245585875 0.8595840497592295 0.30877222070626004 0.8695979101123595 0.3158678186195827 0.8770334646869985 0.38012831942215086 0.9116930947030497 0.40728172070626006 0.9181794526484751 0.41696088041733553 0.913707283306581 0.4165411894060995 0.9089101982343499 0.4014654903691814 0.8977418258426967 0.32493248314606743 0.8609333651685392 0.3127299245585875 0.8595840497592295
1 0.528717635634029 0.9341411051364366 0.5333447423756019 0.9409869911717496 0.55507152247191 0.9406974117174961 0.5723810409309792 0.9359604895666132 0.5760439109149278 0.9271808739967896 0.5659751420545747 0.9179913539325842 0.5435187961476725 0.9191503956661317 0.5302068483146067 0.9235375754414125 0.528717635634029 0.9341411051364366
1 0.8490459373996789 0.6450906276083467 0.8610837728731942 0.6307444935794543 0.8682996966292134 0.6027216300160513 0.8674054077046548 0.5878956428571428 0.8596900593900482 0.5917931837881221 0.8467827616372392 0.6054097512038523 0.8390019951845907 0.6499975280898876 0.8490459373996789 0.6450906276083467
2 0.6069734430176565 0.18490297191011237 0.5987834967897272 0.17877161155698235 0.5732990722311396 0.17294487078651685 0.5670278146067416 0.1795357889245586 0.5677423394863563 0.18309862841091493 0.5794951260032103 0.18851546388443016 0.6069734430176565 0.18490297191011237
1 0.5224099566613163 0.18061962680577848 0.5641644590690209 0.188245455858748 0.5656764630818619 0.18645558186195826 0.5670587704654896 0.18605121749598716 0.5667388731942216 0.1823947672552167 0.5645584245585875 0.17691716131621188 0.5296356661316212 0.17112548635634028 0.5224949454253611 0.17698683868378812 0.5224099566613163 0.18061962680577848
2 0.5529419036918137 0.13363856340288927 0.556629599518459 0.1389553691813804 0.5692539879614767 0.14254797110754414 0.6023126781701444 0.1444738378812199 0.6006577889245587 0.1403400216693419 0.597994492776886 0.13291950802568217 0.5856520377207063 0.12997116372391654 0.5543310866773676 0.1311001235955056 0.5529419036918137 0.13363856340288927
2 0.5770273595505618 0.12347502006420545 0.6030733635634029 0.12400112600321027 0.6021770826645265 0.12087188683788122 0.5846326669341895 0.11739533948635635 0.5678096388443018 0.11631641492776885 0.5598817078651686 0.11644316452648475 0.5619366195826646 0.11673894943820223 0.5770273595505618 0.12347502006420545
2 0.5610671573033709 0.11600938362760836 0.589484886035313 0.11392597191011236 0.5691623290529695 0.10724480898876405 0.5603676733547351 0.10801424157303371 0.5610671573033709 0.11600938362760836
1 0.1875639125200642 0.1656049951845907 0.20414386597110754 0.1617375353130016 0.2389328812199037 0.14499811476725522 0.26006020786516854 0.1286483033707865 0.2659817231139647 0.11805981380417337 0.24642859871589085 0.12017330738362761 0.21994460032102728 0.13054669662921348 0.1996867367576244 0.1476260738362761 0.1875639125200642 0.1656049951845907
2 0.5543858410914928 0.9026841268057785 0.5429319518459069 0.9043999943820226 0.5411292913322633 0.904200808988764 0.5135471613162119 0.908076797752809 0.5112185674157304 0.9090861565008025 0.5113584638844302 0.9106851853932585 0.5138165850722312 0.9103378001605137 0.517614565810594 0.9108977568218298 0.5232839109149278 0.910401753611557 0.5351851011235955 0.9097174438202248 0.5403539333868378 0.9096221260032104 0.5557514357945426 0.9116351067415731 0.5604580240770466 0.9067925425361155 0.5543858410914928 0.9026841268057785