1 0.41015625 0.196484375 0.41015625 0.187890625 0.390234375 0.1796875 0.365234375 0.18046875 0.313671875 0.20078125 0.30546875 0.207421875 0.3015625 0.216015625 0.303515625 0.21875 0.326953125 0.2171875 0.3453125 0.220703125 0.405078125 0.20234375 0.41015625 0.196484375
1 0.58046875 0.284765625 0.570703125 0.23515625 0.555859375 0.2265625 0.530078125 0.22265625 0.496484375 0.2234375 0.478125 0.230859375 0.478515625 0.2984375 0.489453125 0.303125 0.57421875 0.306640625 0.57890625 0.301171875 0.58046875 0.284765625
1 0.1296875 0.532421875 0.13515625 0.487890625 0.1359375 0.443359375 0.132421875 0.43984375 0.123828125 0.44140625 0.1171875 0.448828125 0.1078125 0.493359375 0.10625 0.516015625 0.10859375 0.551953125 0.115234375 0.56015625 0.12421875 0.561328125 0.13046875 0.550390625 0.1296875 0.532421875
2 0.2671875 0.389453125 0.26796875 0.361328125 0.275 0.348828125 0.275 0.341015625 0.267578125 0.325 0.2609375 0.329296875 0.246875 0.356640625 0.24375 0.393359375 0.25 0.419921875 0.25234375 0.419921875 0.2578125 0.401953125 0.2671875 0.389453125
2 0.16015625 0.380859375 0.1671875 0.356640625 0.165234375 0.34609375 0.15703125 0.357421875 0.15078125 0.377734375 0.14921875 0.407421875 0.15546875 0.407421875 0.159375 0.400390625 0.16015625 0.380859375
1 0.597265625 0.14609375 0.570703125 0.140625 0.55234375 0.141796875 0.5546875 0.148828125 0.565234375 0.16015625 0.6125 0.167578125 0.6125 0.162109375 0.597265625 0.14609375
1 0.403125 0.137109375 0.394921875 0.13359375 0.371484375 0.14140625 0.353125 0.160546875 0.3515625 0.165234375 0.35546875 0.166015625 0.397265625 0.15625 0.403125 0.137109375
1 0.33828125 0.160546875 0.340625 0.153515625 0.326953125 0.153125 0.291015625 0.17265625 0.2875 0.177734375 0.2984375 0.183203125 0.325390625 0.1734375 0.33828125 0.160546875
1 0.296875 0.184765625 0.296875 0.180859375 0.287109375 0.178125 0.270703125 0.18515625 0.265234375 0.1828125 0.255078125 0.1875 0.237890625 0.203125 0.21640625 0.216015625 0.2109375 0.227734375 0.212109375 0.2328125 0.21640625 0.232421875 0.274609375 0.20390625 0.296875 0.184765625
1 0.4140625 0.130078125 0.415625 0.121484375 0.404296875 0.11875 0.390234375 0.125 0.38046875 0.133984375 0.380859375 0.13671875 0.38515625 0.136328125 0.405078125 0.1359375 0.4140625 0.130078125
1 0.3671875 0.129296875 0.3671875 0.125390625 0.353515625 0.121875 0.328125 0.140234375 0.33046875 0.145703125 0.358203125 0.13671875 0.3671875 0.129296875
1 0.440625 0.105078125 0.433984375 0.1 0.421484375 0.1015625 0.4078125 0.108984375 0.408203125 0.1125 0.4125 0.112890625 0.435546875 0.109375 0.440625 0.105078125
2 0.669921875 0.19140625 0.664453125 0.190625 0.66171875 0.198828125 0.66796875 0.212109375 0.68359375 0.226171875 0.68046875 0.201953125 0.669921875 0.19140625
3 0.89453125 0.494140625 0.888671875 0.48828125 0.861328125 0.4859375 0.8609375 0.500390625 0.870703125 0.5125 0.875 0.512890625 0.888671875 0.503125 0.89453125 0.494140625
3 0.8796875 0.542578125 0.87578125 0.526953125 0.865234375 0.5234375 0.853125 0.565234375 0.855078125 0.5765625 0.86875 0.576953125 0.87734375 0.566015625 0.8796875 0.542578125
3 0.81640625 0.792578125 0.8171875 0.784765625 0.827734375 0.7828125 0.831640625 0.78984375 0.83828125 0.781640625 0.8328125 0.776953125 0.834375 0.769140625 0.843359375 0.76796875 0.847265625 0.77421875 0.8578125 0.760546875 0.85390625 0.753515625 0.856640625 0.753125 0.858984375 0.7578125 0.86328125 0.753515625 0.878125 0.721484375 0.87890625 0.713671875 0.875390625 0.709375 0.86640625 0.717578125 0.8375 0.758984375 0.8140625 0.780859375 0.8078125 0.796484375 0.8171875 0.801171875 0.82109375 0.796484375 0.81640625 0.792578125
3 0.94609375 0.494140625 0.95 0.484765625 0.95 0.457421875 0.94609375 0.438671875 0.94140625 0.436328125 0.929296875 0.41796875 0.922265625 0.415625 0.917578125 0.42421875 0.910546875 0.421875 0.9078125 0.428515625 0.9234375 0.486328125 0.92421875 0.516015625 0.928125 0.533203125 0.92890625 0.584765625 0.933984375 0.5828125 0.9421875 0.587890625 0.94765625 0.558984375 0.94609375 0.494140625
3 0.86875 0.676171875 0.875 0.671484375 0.89609375 0.624609375 0.90234375 0.580859375 0.89921875 0.563671875 0.891015625 0.559375 0.87734375 0.580859375 0.86875 0.603515625 0.83984375 0.644140625 0.82734375 0.670703125 0.827734375 0.68125 0.846484375 0.68671875 0.84921875 0.689453125 0.8484375 0.695703125 0.85625 0.698046875 0.86640625 0.686328125 0.86875 0.676171875
3 0.89921875 0.466015625 0.884375 0.398828125 0.87265625 0.371484375 0.866796875 0.3640625 0.861328125 0.3640625 0.855859375 0.36640625 0.8484375 0.376171875 0.84765625 0.390234375 0.83671875 0.419140625 0.8390625 0.466796875 0.848046875 0.47265625 0.8953125 0.482421875 0.89921875 0.478515625 0.89921875 0.466015625
1 0.60234375 0.889453125 0.60078125 0.874609375 0.578515625 0.8734375 0.513671875 0.88125 0.50859375 0.892578125 0.51171875 0.909765625 0.514453125 0.9140625 0.525 0.914453125 0.594921875 0.90625 0.60234375 0.889453125
3 0.08671875 0.601171875 0.08359375 0.551953125 0.070703125 0.51640625 0.065625 0.520703125 0.06328125 0.528515625 0.06640625 0.579296875 0.07109375 0.601171875 0.08046875 0.610546875 0.08515625 0.608203125 0.08671875 0.601171875
3 0.10078125 0.431640625 0.115625 0.403515625 0.12734375 0.348828125 0.126171875 0.33515625 0.1078125 0.354296875 0.0984375 0.376953125 0.0921875 0.384765625 0.08515625 0.409765625 0.0765625 0.456640625 0.0765625 0.512109375 0.078515625 0.5171875 0.0828125 0.517578125 0.10078125 0.485546875 0.10078125 0.431640625