1 0.327734375 0.31875 0.33515625 0.311328125 0.34296875 0.290234375 0.365625 0.255859375 0.371875 0.235546875 0.369921875 0.22421875 0.341015625 0.22734375 0.3109375 0.241015625 0.28046875 0.280078125 0.26328125 0.313671875 0.26015625 0.333984375 0.263671875 0.3375 0.27421875 0.337890625 0.306640625 0.3296875 0.327734375 0.31875
1 0.57109375 0.541015625 0.5734375 0.508984375 0.571875 0.467578125 0.5765625 0.404296875 0.58203125 0.393359375 0.57734375 0.375390625 0.57421875 0.369140625 0.562109375 0.359375 0.537109375 0.35078125 0.494140625 0.34921875 0.461328125 0.35546875 0.4546875 0.360546875 0.443359375 0.378125 0.43046875 0.384765625 0.432421875 0.38984375 0.440625 0.392578125 0.42890625 0.461328125 0.4265625 0.514453125 0.43046875 0.537109375 0.439453125 0.5484375 0.453515625 0.553125 0.529296875 0.55390625 0.55 0.559765625 0.564453125 0.553125 0.57109375 0.541015625
1 0.765625 0.428515625 0.75 0.354296875 0.75 0.341015625 0.73671875 0.322265625 0.723828125 0.31328125 0.702734375 0.30390625 0.674609375 0.30078125 0.6640625 0.313671875 0.6640625 0.319140625 0.6703125 0.326171875 0.66953125 0.346484375 0.6796875 0.388671875 0.6828125 0.427734375 0.690625 0.441015625 0.701171875 0.4484375 0.728515625 0.45546875 0.75 0.457421875 0.76015625 0.451171875 0.765625 0.428515625
1 0.68203125 0.180859375 0.677734375 0.1765625 0.655078125 0.16640625 0.628125 0.162109375 0.62890625 0.176171875 0.635546875 0.18984375 0.655859375 0.1984375 0.68828125 0.206640625 0.68984375 0.204296875 0.68203125 0.180859375
1 0.80625 0.241015625 0.794921875 0.23203125 0.780078125 0.2265625 0.78203125 0.237109375 0.8 0.265234375 0.819921875 0.28203125 0.82421875 0.281640625 0.8234375 0.267578125 0.80625 0.241015625
1 0.88984375 0.369921875 0.875 0.337890625 0.859765625 0.321875 0.841796875 0.3109375 0.840625 0.315234375 0.8546875 0.362890625 0.869921875 0.38203125 0.880078125 0.3828125 0.89140625 0.390234375 0.89375 0.387890625 0.88984375 0.369921875
1 0.86875 0.309765625 0.8515625 0.287109375 0.842578125 0.28125 0.84140625 0.287109375 0.85234375 0.312890625 0.87109375 0.330859375 0.87265625 0.323828125 0.86875 0.309765625
1 0.8953125 0.493359375 0.89375 0.458984375 0.8828125 0.412890625 0.870703125 0.39921875 0.8640625 0.404296875 0.8640625 0.414453125 0.8703125 0.443359375 0.875 0.488671875 0.878125 0.501171875 0.8875 0.504296875 0.89375 0.500390625 0.8953125 0.493359375
1 0.25703125 0.187109375 0.256640625 0.18125 0.238671875 0.18984375 0.22265625 0.204296875 0.20390625 0.231640625 0.21015625 0.232421875 0.22578125 0.223828125 0.25703125 0.187109375
1 0.24296875 0.216015625 0.240234375 0.2125 0.226171875 0.2171875 0.203125 0.237109375 0.18125 0.269140625 0.18046875 0.275390625 0.18515625 0.275390625 0.2109375 0.255078125 0.24296875 0.216015625
1 0.1421875 0.341796875 0.1453125 0.330859375 0.143359375 0.328125 0.136328125 0.33046875 0.128125 0.340234375 0.11328125 0.369921875 0.1015625 0.405859375 0.1015625 0.412109375 0.1078125 0.412109375 0.1171875 0.399609375 0.1421875 0.341796875
1 0.09375 0.514453125 0.10390625 0.443359375 0.101953125 0.42421875 0.09765625 0.424609375 0.09140625 0.435546875 0.08203125 0.476953125 0.0796875 0.514453125 0.08125 0.521484375 0.0875 0.524609375 0.09140625 0.522265625 0.09375 0.514453125
3 0.065625 0.483203125 0.0765625 0.467578125 0.08671875 0.408203125 0.0953125 0.389453125 0.10234375 0.362890625 0.10234375 0.347265625 0.094921875 0.34375 0.09296875 0.339453125 0.094140625 0.32265625 0.08203125 0.330078125 0.07890625 0.341796875 0.0671875 0.361328125 0.04453125 0.442578125 0.040625 0.466796875 0.03984375 0.501171875 0.0421875 0.522265625 0.0515625 0.529296875 0.05859375 0.522265625 0.065625 0.483203125
3 0.215234375 0.19921875 0.219921875 0.20703125 0.231640625 0.1921875 0.23984375 0.188671875 0.2390625 0.183984375 0.249609375 0.17265625 0.272265625 0.1578125 0.283984375 0.14609375 0.304296875 0.13515625 0.312890625 0.12578125 0.344140625 0.1109375 0.3484375 0.101953125 0.34375 0.094921875 0.326953125 0.096875 0.297265625 0.11015625 0.237109375 0.14765625 0.219921875 0.1671875 0.201953125 0.178125 0.17734375 0.201171875 0.16796875 0.219921875 0.17109375 0.227734375 0.16328125 0.236328125 0.1640625 0.241796875 0.16640625 0.241796875 0.197265625 0.21171875 0.215234375 0.19921875
3 0.90546875 0.702734375 0.9125 0.698046875 0.92421875 0.673046875 0.9265625 0.659765625 0.93671875 0.635546875 0.9359375 0.630859375 0.930078125 0.62578125 0.919921875 0.62734375 0.91328125 0.634765625 0.9078125 0.655859375 0.8984375 0.675390625 0.890625 0.705859375 0.890625 0.713671875 0.8984375 0.716796875 0.903125 0.712109375 0.90546875 0.702734375
3 0.9421875 0.530859375 0.94140625 0.480859375 0.9265625 0.376953125 0.91796875 0.360546875 0.908984375 0.3578125 0.9015625 0.360546875 0.9046875 0.365234375 0.90078125 0.369140625 0.9046875 0.373046875 0.90078125 0.376953125 0.90625 0.426171875 0.9125 0.453515625 0.91328125 0.483984375 0.9171875 0.487109375 0.9125 0.491015625 0.91953125 0.501953125 0.91796875 0.514453125 0.9203125 0.518359375 0.91640625 0.529296875 0.915625 0.547265625 0.91953125 0.564453125 0.91875 0.586328125 0.92265625 0.587890625 0.9265625 0.584765625 0.9421875 0.530859375
3 0.78828125 0.169921875 0.758984375 0.1421875 0.738671875 0.13125 0.73125 0.133984375 0.73359375 0.142578125 0.751953125 0.16171875 0.771484375 0.17734375 0.7859375 0.180859375 0.78984375 0.173046875 0.78828125 0.169921875
3 0.8453125 0.230078125 0.811328125 0.20078125 0.801171875 0.2015625 0.80390625 0.212109375 0.83046875 0.241796875 0.83515625 0.254296875 0.858984375 0.28046875 0.86796875 0.286328125 0.86953125 0.276953125 0.8453125 0.230078125
3 0.680859375 0.09375 0.6578125 0.087109375 0.665234375 0.096875 0.688671875 0.11328125 0.708984375 0.1234375 0.71875 0.124609375 0.707421875 0.10625 0.680859375 0.09375
3 0.90625 0.325390625 0.890234375 0.3046875 0.882421875 0.30703125 0.879296875 0.3015625 0.873828125 0.303125 0.870703125 0.30078125 0.8703125 0.309765625 0.87578125 0.326171875 0.8828125 0.330078125 0.88125 0.333984375 0.886328125 0.33515625 0.898046875 0.35 0.90703125 0.349609375 0.909375 0.339453125 0.90625 0.325390625
1 0.649609375 0.11796875 0.638671875 0.1140625 0.62734375 0.114453125 0.62734375 0.118359375 0.637890625 0.12578125 0.66328125 0.131640625 0.6640625 0.129296875 0.649609375 0.11796875
1 0.09453125 0.686328125 0.087109375 0.68125 0.0890625 0.696484375 0.103125 0.733203125 0.1109375 0.747265625 0.12265625 0.755859375 0.10546875 0.706640625 0.09453125 0.686328125