1 0.7475226388888888 0.618190126984127 0.7274334468253968 0.6315716373015873 0.7095106865079365 0.6852269079365079 0.7231659206349207 0.6900523761904762 0.7426585460317461 0.6846246166666666 0.7682179388888889 0.66535755 0.7841197158730159 0.625449073015873 0.7758421682539682 0.6106922650793651 0.7643938984126984 0.6070618380952381 0.7569461095238096 0.6081662746031745 0.7475226388888888 0.618190126984127
1 0.6233269896825397 0.16392887936507936 0.6053503404761905 0.1607591111111111 0.6012129976190476 0.16365610952380952 0.6004323587301587 0.1703685619047619 0.6029631198412698 0.18572384444444445 0.6098605984126985 0.1945960507936508 0.6577228261904762 0.21109439444444442 0.6866417841269841 0.2161935865079365 0.6929860912698412 0.21449162936507937 0.6877424039682539 0.19624030238095239 0.6633732825396825 0.1790490626984127 0.6233269896825397 0.16392887936507936
1 0.7295059190476191 0.3273090865079365 0.7271592301587302 0.31319510158730157 0.7191120126984127 0.3017024833333333 0.6892717373015873 0.2835465317460317 0.6726279452380952 0.27738820555555554 0.6390194269841271 0.27146211666666664 0.6356646317460318 0.2813472 0.633923096031746 0.32093188015873014 0.6400408904761904 0.34336680634920635 0.6662941325396826 0.35444311507936505 0.6881787500000001 0.35830196349206345 0.6959493817460317 0.3645075 0.7276256134920634 0.36082509206349206 0.7311182246031747 0.3501584158730159 0.7295059190476191 0.3273090865079365
1 0.6133646587301588 0.26613259523809524 0.5602616063492063 0.2519337293650794 0.48679182142857147 0.2389790238095238 0.457965376984127 0.23792561507936508 0.45249517698412695 0.24381117142857142 0.4473959841269841 0.2727301285714286 0.43328676984126985 0.30932815952380954 0.4388504373015873 0.31433865476190476 0.4677693952380953 0.31943784682539683 0.5353526698412698 0.3200720841269841 0.6169593238095238 0.32801438571428576 0.6201772571428572 0.3257611650793651 0.6225201293650794 0.3124740761904762 0.6221009563492064 0.273717246031746 0.6133646587301588 0.26613259523809524
1 0.36045313015873015 0.24249071666666666 0.2855617904761905 0.2558798587301587 0.2786662198412698 0.26070818968253967 0.2598664904761905 0.28962905555555557 0.2467691992063492 0.32962909206349206 0.2475527007936508 0.34346744523809525 0.26750598492063493 0.34456806507936505 0.2791826761904762 0.3377621452380952 0.3738875753968254 0.31255467936507936 0.38625239285714286 0.29499052380952384 0.3985671365079365 0.24800240317460318 0.3939691357142857 0.24437102142857142 0.36045313015873015 0.24249071666666666
1 0.1697576841269841 0.3047673666666667 0.15012724285714285 0.31097671984126984 0.13174000714285716 0.3307025365079365 0.11666131031746031 0.3385203793650794 0.1035630642857143 0.37167014761904765 0.09809668095238094 0.40495677698412696 0.10025834206349207 0.4109791952380953 0.11487828888888889 0.41033350952380954 0.1228763880952381 0.39925243095238094 0.16020403095238095 0.3703749595238095 0.17638143968253966 0.32890329603174606 0.1808387626984127 0.3127654650793651 0.17913680555555556 0.30642115873015874 0.1697576841269841 0.3047673666666667
1 0.2838955960317461 0.17620549126984128 0.2751621595238095 0.18917164523809524 0.2729108468253968 0.19965424920634922 0.3741441261904762 0.1739861246031746 0.385912376984127 0.16437571904761905 0.3967602634920635 0.14855882380952382 0.39680556587301585 0.14373144682539682 0.39285134206349204 0.1410194753968254 0.35106065158730154 0.14493316666666667 0.30711020793650795 0.15652497698412698 0.2838955960317461 0.17620549126984128
1 0.22045157222222223 0.18637479285714284 0.20633854126984127 0.19557175 0.19038764603174602 0.21290653015873015 0.17871381666666666 0.24026325476190474 0.18170237460317462 0.24159611269841272 0.20514826984126985 0.23203005634920634 0.25323414841269837 0.2038407111111111 0.27368957857142856 0.17924126031746032 0.2781941119047619 0.17197658968253968 0.27658466825396827 0.16967806587301587 0.2472994738095238 0.1757968134920635 0.22045157222222223 0.18637479285714284
1 0.3284831388888889 0.11758121190476191 0.3330348833333333 0.11918970158730159 0.40204162063492066 0.10718062698412699 0.41431583253968257 0.0992712253968254 0.41882036666666667 0.09200655476190477 0.39215462936507933 0.09012529523809525 0.36392666031746035 0.09481867222222222 0.3414001738095238 0.10374095158730158 0.3284831388888889 0.11758121190476191
1 0.23626274365079364 0.15612106984126983 0.2968078603174603 0.1281138888888889 0.3129428293650794 0.11202040634920635 0.3055865992063492 0.11032035793650793 0.25584406666666665 0.12733801984126986 0.23382449603174604 0.14481156984126986 0.2254129484126984 0.15823742857142858 0.23626274365079364 0.15612106984126983
2 0.45809845317460324 0.8633229293650794 0.490143784920635 0.8689733865079365 0.5050393634920635 0.8667645134920634 0.5076135190476191 0.8635918833333334 0.48687768730158726 0.8555031785714287 0.4610398007936508 0.855782626984127 0.4539601571428571 0.8593696595238096 0.45809845317460324 0.8633229293650794
1 0.6521091166666666 0.8370901841269841 0.6642464666666666 0.8368126436507937 0.6861291746031746 0.8269709555555556 0.7007934698412699 0.8146476246031746 0.7074577571428572 0.7997048357142857 0.6973432992063492 0.799936119047619 0.6727023619047618 0.8117091396825397 0.6555101682539682 0.829227992857143 0.6521091166666666 0.8370901841269841
1 0.5748276944444445 0.8548932555555556 0.5622788039682539 0.8712161126984126 0.5738648904761905 0.8740649460317461 0.5981848928571429 0.8686824888888888 0.62342335 0.8558059865079365 0.6226870595238095 0.8508407936507937 0.6285244507936507 0.840587565079365 0.617260253968254 0.8381984365079366 0.5934009103174603 0.850109273015873 0.5748276944444445 0.8548932555555556