1 0.5738461622950819 0.7657617024590164 0.5704328303278688 0.8102636262295082 0.5729278942622951 0.826548805737705 0.5825771459016393 0.8305574934426229 0.6741259163934427 0.8232972344262295 0.713634231147541 0.8097355336065574 0.7388498327868852 0.7505478508196721 0.7491547418032787 0.712251131147541 0.7490706852459016 0.7028163704918032 0.7408422991803278 0.7024268049180328 0.7183948147540984 0.7126319950819672 0.6948284926229508 0.7171502418032787 0.6361468885245901 0.7407455393442623 0.617406062295082 0.7433692983606557 0.6074547819672131 0.7414284319672131 0.5825516508196722 0.7517623172131148 0.5738461622950819 0.7657617024590164
1 0.49982148934426224 0.23817511065573774 0.49056006311475414 0.23373569918032788 0.4812522573770492 0.24407306475409835 0.4691885163934426 0.24880928360655738 0.4597073778688524 0.2636701172131148 0.4471253762295082 0.27417907540983605 0.44302219098360657 0.32117954426229506 0.45667665 0.3311343049180328 0.4633038754098361 0.36361886721311476 0.4732963139344262 0.3741759450819672 0.4893635213114754 0.383183462295082 0.6090003409836066 0.3793759532786885 0.6448019967213116 0.3733956836065574 0.6512216918032787 0.37059685 0.6568674770491804 0.3608618016393443 0.6562686409836066 0.3416044557377049 0.649471562295082 0.2980480360655738 0.6370321786885246 0.24863133852459018 0.6341904475409836 0.24139309426229508 0.6260924959016394 0.2356615131147541 0.5805146344262295 0.2273797860655738 0.5461784827868853 0.23000006475409834 0.5120997213114754 0.23753163606557376 0.49982148934426224 0.23817511065573774
1 0.37385825409836065 0.5989504721311475 0.367956818852459 0.5959765647540983 0.37347216885245904 0.5915835327868852 0.3691649327868852 0.5877052803278688 0.37097710491803276 0.5752983532786886 0.3628791532786885 0.5695667713114754 0.3473267262295082 0.5703818393442623 0.32703808032786885 0.5591331672131148 0.26986835983606555 0.5645916967213115 0.260649831147541 0.5609708344262295 0.259143168852459 0.5557146147540983 0.2553953516393443 0.5546798336065574 0.25409970000000004 0.5691116836065574 0.244187837704918 0.5835846909836065 0.24418435655737705 0.5991800163934426 0.2546399754098361 0.6577294450819673 0.2659640024590164 0.6858638737704917 0.27612977459016397 0.6918974836065573 0.2781529573770492 0.6991786262295082 0.2863367049180328 0.7065473057377049 0.31795633934426226 0.7147397549180328 0.3775782254098361 0.7247478565573771 0.3889950106557377 0.7233287311475409 0.389255881147541 0.7126446983606557 0.38137590245901637 0.6954105352459016 0.3730292631147541 0.6457793467213115 0.3708379680327869 0.6196286836065574 0.37394056967213113 0.6161828950819672 0.3695904360655738 0.611486093442623 0.37351158688524594 0.6079974065573771 0.36916145245901644 0.6033006057377049 0.37385825409836065 0.5989504721311475
1 0.8653017442622951 0.5165600163934426 0.8735214286885244 0.5559378959016393 0.8780895344262296 0.5491321155737705 0.9063526581967213 0.5402637352459017 0.9218210286885246 0.5300139065573771 0.9213613295081966 0.46642623032786884 0.915211205737705 0.41955271721311477 0.9073329672131147 0.3945208909836066 0.8933335819672131 0.38581540163934425 0.8750252196721312 0.3810293237704918 0.8644269836065575 0.3824055508196721 0.8554264278688525 0.36728210655737703 0.853394543442623 0.3989892778688524 0.8653017442622951 0.5165600163934426
1 0.9270441827868853 0.6766628360655738 0.9263131704918032 0.6705451696721312 0.9181276827868853 0.6709741524590164 0.8884402131147541 0.6918187368852459 0.8440889991803279 0.7852515532786886 0.8448629098360655 0.792187768852459 0.8767468950819672 0.7741008598360656 0.8973445311475411 0.7520910598360656 0.9149734811475408 0.712589706557377 0.9270441827868853 0.6766628360655738
1 0.14458053360655737 0.6015272426229509 0.14811385901639343 0.5984692795081967 0.14682516885245903 0.5817104778688524 0.14184026147540985 0.525747131147541 0.13705940409836065 0.5206625049180328 0.12482407049180329 0.5221245286885247 0.11723741885245902 0.5418108573770491 0.11818118196721311 0.559818931147541 0.12257073360655737 0.580929606557377 0.13303505409836064 0.6004907213114754 0.14458053360655737 0.6015272426229509
1 0.2904909696721311 0.2376545 0.31052570573770494 0.22839655409836065 0.3176798942622951 0.21612006229508196 0.3169077237704918 0.20138618442622952 0.32613147377049184 0.18161405819672133 0.31467179016393443 0.18221463524590162 0.2724863762295082 0.22300293770491803 0.24305803688524588 0.24096115163934426 0.23422385327868853 0.2525048918032787 0.2356429786885246 0.2639216762295082 0.2411994868852459 0.2681448557377049 0.2725223131147541 0.25501213770491804 0.2904909696721311 0.2376545
1 0.7973547106557377 0.1675886557377049 0.8207030606557377 0.17457299098360657 0.8205314672131148 0.17129879590163935 0.798178481147541 0.14415276967213114 0.7797431639344262 0.12911338196721311 0.7569988721311476 0.11799340491803278 0.7291699532786885 0.11165428524590165 0.7311502368852459 0.11811687868852458 0.7433391918032787 0.1314316319672131 0.7669860893442623 0.15194347131147543 0.7973547106557377 0.1675886557377049
2 0.7725767942622951 0.19597351311475408 0.7892051598360655 0.2000268393442623 0.7932121073770492 0.19817525 0.7905419696721311 0.19421120081967214 0.7694330344262295 0.1908030893442623 0.7725767942622951 0.19597351311475408
2 0.8089396081967214 0.18503905163934428 0.794421962295082 0.1821063024590164 0.8352549040983607 0.2173126024590164 0.8536919606557378 0.22455432704918032 0.8568803590163934 0.2227456360655738 0.820828275409836 0.1926239631147541 0.8089396081967214 0.18503905163934428
1 0.43869920409836066 0.9669629467213116 0.4393032614754098 0.9628273040983606 0.42569170081967217 0.9536910918032787 0.39071207459016394 0.9440331377049181 0.3717567573770492 0.9425641532786885 0.36986052950819676 0.9455363196721311 0.3797671713114754 0.9544563 0.40819840655737705 0.9644574401639345 0.43301226065573767 0.9680817836065574 0.43869920409836066 0.9669629467213116
1 0.25351704836065575 0.8633979450819672 0.2202191581967213 0.846675081147541 0.22663537295081967 0.8594715737704918 0.23481912049180328 0.8668402532786884 0.261223693442623 0.8851555762295082 0.27298366475409835 0.8902848409836066 0.27535351475409836 0.8885190483606556 0.25351704836065575 0.8633979450819672
1 0.11474522622950818 0.7056904704918032 0.12124549672131149 0.7279217229508196 0.13132373196721311 0.7401158991803279 0.13468372377049181 0.7415814032786886 0.13537357786885246 0.7390828581967214 0.12357592868852459 0.7097420565573771 0.11474522622950818 0.7056904704918032
1 0.09968034344262294 0.6453306106557377 0.0933481844262295 0.6419688786885246 0.09084790000000001 0.6490766868852459 0.09510875655737705 0.6677317163934426 0.10148207295081967 0.6797096598360656 0.10953712540983605 0.6846226934426229 0.10855046393442623 0.6657960704918033 0.09968034344262294 0.6453306106557377
1 0.08435633032786885 0.5878571204918033 0.07970416721311475 0.5852281409836065 0.0762995368852459 0.59074175 0.07677141885245901 0.5997457868852458 0.08555574262295082 0.61857415 0.08831341803278688 0.6163776336065574 0.08741081229508198 0.6069857713114755 0.08435633032786885 0.5878571204918033
3 0.5420057729508196 0.009424352459016393 0.4698876819672131 0.011562308196721311 0.4047469647540983 0.02154256393442623 0.338441031147541 0.04061265409836066 0.24567718524590162 0.08733484836065573 0.1913422344262295 0.13122227295081967 0.14605247786885245 0.18325402704918034 0.14178465983606556 0.19578964918032787 0.14846174508196722 0.19790210901639343 0.14871913524590163 0.20281340163934428 0.14074813934426228 0.2073351286885246 0.14147392950819673 0.2368457836065574 0.12807512049180328 0.23959997868852462 0.12682236721311474 0.25485037704918034 0.11889426967213114 0.2601906532786885 0.1250119360655738 0.2594596409836065 0.12940496885245903 0.26497499098360655 0.1334119155737705 0.2631234016393443 0.13604089590163934 0.25847123934426225 0.13332785983606557 0.25368864180327866 0.1368182868852459 0.24981212950819673 0.14134175409836064 0.2499854631147541 0.1437956606557377 0.257654431147541 0.1495684 0.25817269098360657 0.15176839672131148 0.24533504098360653 0.15702461639344262 0.24382837868852458 0.16680256393442625 0.25029271229508193 0.17102052213114755 0.2681291926229508 0.16757299344262294 0.27282425409836064 0.16223097704918032 0.272693818852459 0.16283155327868853 0.2841535016393443 0.16709763114754098 0.2794155426229508 0.1713619680327869 0.28247524590163936 0.1733010942622951 0.28032162786885245 0.16907965573770492 0.2780804737704918 0.17015733442622952 0.27515120491803274 0.1792471680327869 0.27631642131147544 0.20656652786885246 0.24943996721311473 0.21177810901639346 0.254912418852459 0.21802621147540985 0.24883939016393442 0.2229804024590164 0.24940054918032786 0.2549501844262295 0.23295073770491803 0.26830783606557373 0.22158033196721313 0.27795882786885245 0.2177913573770492 0.3123877368852459 0.18561752540983606 0.3417731778688525 0.16684076229508196 0.3785255581967213 0.14767791475409836 0.432467462295082 0.1276142024590164 0.4747317114754098 0.11965364754098361 0.485111975409836 0.12978000245901639 0.517464362295082 0.1362924557377049 0.5305182442622951 0.13478753360655737 0.5610225221311476 0.12169771393442624 0.6260310639344262 0.1248571368852459 0.666097056557377 0.12193656967213115 0.6704060327868853 0.11801715983606556 0.6650657565573771 0.11008906147540982 0.6646367737704918 0.1019035737704918 0.6788112336065574 0.09828793196721311 0.7209433073770491 0.10346705655737705 0.7302905303278688 0.10954356557377048 0.7434302098360656 0.10967574098360656 0.7477803434426229 0.11437254262295082 0.7778486770491803 0.12428788606557378 0.7984376106557377 0.14126639918032788 0.8042532491803279 0.14260320901639342 0.8156236549180328 0.15596085983606556 0.8295801426229508 0.16384780000000002 0.8336282483606557 0.17061242213114755 0.8418995327868852 0.1718205368852459 0.8454311180327869 0.17656023606557378 0.8490519803278688 0.1673417081967213 0.8599934032786885 0.17251387131147541 0.8684345409836066 0.18479384344262295 0.8768774188524591 0.18927615327868852 0.8814849426229509 0.1988842475409836 0.901385763114754 0.21056364262295083 0.9008709836065574 0.20074105737704917 0.8992356262295081 0.19302919098360655 0.8868321795081968 0.17562169426229507 0.83101145 0.12068094590163933 0.7830278016393443 0.08215581229508197 0.7398232696721312 0.05651296721311475 0.6861920950819672 0.03552054508196721 0.6021888180327869 0.014478263114754098 0.5420057729508196 0.009424352459016393