1 0.55625 0.598828125 0.56171875 0.540234375 0.565625 0.527734375 0.5734375 0.516796875 0.57578125 0.472265625 0.57265625 0.461328125 0.562890625 0.45 0.537890625 0.44375 0.482421875 0.44375 0.462109375 0.45 0.452734375 0.46171875 0.444140625 0.4625 0.43984375 0.466015625 0.441015625 0.47265625 0.447265625 0.47265625 0.453125 0.477734375 0.45390625 0.484765625 0.44765625 0.509765625 0.43828125 0.530859375 0.43359375 0.579296875 0.4390625 0.600390625 0.444140625 0.603125 0.469921875 0.596875 0.510546875 0.59765625 0.526953125 0.5984375 0.533984375 0.6046875 0.5453125 0.605078125 0.552734375 0.60390625 0.55625 0.598828125
1 0.7078125 0.755859375 0.721875 0.724609375 0.7359375 0.679296875 0.731640625 0.665625 0.712890625 0.665625 0.686328125 0.671875 0.670703125 0.67734375 0.66328125 0.683203125 0.65 0.706640625 0.63125 0.761328125 0.62890625 0.780859375 0.6359375 0.783203125 0.692578125 0.76953125 0.7078125 0.755859375
1 0.56171875 0.855859375 0.56875 0.819921875 0.57421875 0.816015625 0.567578125 0.80390625 0.546484375 0.8 0.512890625 0.8 0.476171875 0.80390625 0.46875 0.808203125 0.4609375 0.819921875 0.46640625 0.823046875 0.4671875 0.852734375 0.471484375 0.86328125 0.484765625 0.8671875 0.53671875 0.868359375 0.548046875 0.86640625 0.56171875 0.855859375
1 0.17890625 0.757421875 0.156640625 0.7390625 0.1546875 0.744921875 0.15703125 0.755859375 0.1703125 0.787109375 0.188671875 0.80703125 0.20859375 0.818359375 0.1890625 0.771484375 0.17890625 0.757421875
1 0.20625 0.613671875 0.19921875 0.573828125 0.190625 0.555859375 0.181640625 0.5453125 0.166796875 0.54296875 0.1609375 0.555078125 0.15546875 0.592578125 0.15859375 0.631640625 0.16796875 0.655078125 0.175390625 0.6640625 0.188671875 0.671875 0.2015625 0.671484375 0.20078125 0.646484375 0.20625 0.613671875
1 0.66796875 0.266015625 0.6625 0.243359375 0.655078125 0.23046875 0.626953125 0.21953125 0.606640625 0.21953125 0.603125 0.222265625 0.59921875 0.234765625 0.59921875 0.251171875 0.604296875 0.26484375 0.66484375 0.279296875 0.6671875 0.278515625 0.66796875 0.266015625
1 0.9 0.480078125 0.89296875 0.448828125 0.887109375 0.44375 0.88125 0.450390625 0.8828125 0.507421875 0.88515625 0.518359375 0.8921875 0.523828125 0.9 0.514453125 0.9 0.480078125
1 0.93828125 0.592578125 0.933203125 0.58046875 0.92890625 0.581640625 0.91953125 0.596484375 0.91484375 0.622265625 0.91796875 0.627734375 0.9359375 0.605078125 0.93828125 0.592578125
1 0.91484375 0.669921875 0.914453125 0.66015625 0.90078125 0.670703125 0.88125 0.698046875 0.86875 0.722265625 0.86796875 0.727734375 0.871875 0.729296875 0.9046875 0.691015625 0.91484375 0.669921875
1 0.2125 0.279296875 0.212890625 0.2703125 0.193359375 0.28046875 0.184375 0.291015625 0.16484375 0.325390625 0.1625 0.334765625 0.16640625 0.336328125 0.18359375 0.324609375 0.2125 0.279296875
1 0.46875 0.134765625 0.46875 0.130078125 0.460546875 0.128125 0.438671875 0.13046875 0.421875 0.141796875 0.422265625 0.14609375 0.43828125 0.145703125 0.458984375 0.1421875 0.46875 0.134765625
1 0.56640625 0.137890625 0.558984375 0.13359375 0.526953125 0.1296875 0.505859375 0.1296875 0.490234375 0.13359375 0.4859375 0.137890625 0.488671875 0.14140625 0.496484375 0.14296875 0.52265625 0.143359375 0.562109375 0.14140625 0.56640625 0.137890625
1 0.662890625 0.14375 0.645703125 0.1390625 0.6375 0.141796875 0.641796875 0.15 0.6671875 0.157421875 0.6703125 0.151953125 0.662890625 0.14375
1 0.731640625 0.18203125 0.717578125 0.17578125 0.709375 0.176953125 0.727734375 0.1953125 0.75 0.204296875 0.74921875 0.198046875 0.731640625 0.18203125
1 0.82265625 0.298828125 0.809375 0.275390625 0.802734375 0.26875 0.790234375 0.26328125 0.7890625 0.271484375 0.80546875 0.302734375 0.812890625 0.31015625 0.82578125 0.316015625 0.82734375 0.312890625 0.82265625 0.298828125
1 0.799609375 0.23671875 0.788671875 0.23046875 0.7796875 0.230859375 0.78203125 0.240234375 0.789453125 0.24921875 0.808203125 0.2609375 0.8125 0.260546875 0.81015625 0.250390625 0.799609375 0.23671875
3 0.07109375 0.616015625 0.0703125 0.551953125 0.08359375 0.491796875 0.0890625 0.447265625 0.10703125 0.397265625 0.11328125 0.368359375 0.121875 0.353515625 0.146875 0.329296875 0.1796875 0.268359375 0.18203125 0.251171875 0.176953125 0.2421875 0.173046875 0.24140625 0.165234375 0.24609375 0.1515625 0.259765625 0.128125 0.288671875 0.10546875 0.324609375 0.0921875 0.359765625 0.06953125 0.402734375 0.03828125 0.514453125 0.0375 0.552734375 0.046875 0.611328125 0.0609375 0.655859375 0.0734375 0.679296875 0.0828125 0.683984375 0.084375 0.665234375 0.07109375 0.616015625