1 0.12578125 0.506640625 0.12734375 0.462890625 0.1328125 0.423828125 0.13828125 0.407421875 0.1390625 0.390234375 0.15 0.346484375 0.148828125 0.3359375 0.132421875 0.34453125 0.11796875 0.361328125 0.09765625 0.427734375 0.09296875 0.472265625 0.09375 0.512109375 0.098828125 0.5203125 0.11171875 0.521484375 0.12265625 0.515234375 0.12578125 0.506640625
1 0.43828125 0.098828125 0.43828125 0.092578125 0.433984375 0.08828125 0.426953125 0.0875 0.387890625 0.09453125 0.36875 0.106640625 0.3640625 0.116015625 0.37109375 0.116015625 0.434765625 0.10234375 0.43828125 0.098828125
1 0.540625 0.885546875 0.5421875 0.866015625 0.53515625 0.844140625 0.52421875 0.823828125 0.529296875 0.81953125 0.544921875 0.81875 0.545703125 0.81484375 0.524609375 0.81171875 0.516796875 0.8 0.499609375 0.79375 0.391015625 0.784375 0.337890625 0.77578125 0.32890625 0.777734375 0.3265625 0.788671875 0.3203125 0.792578125 0.3390625 0.803515625 0.34921875 0.826953125 0.392578125 0.88203125 0.426953125 0.89296875 0.49921875 0.897265625 0.526953125 0.8953125 0.540625 0.885546875
1 0.57890625 0.941796875 0.57578125 0.927734375 0.562890625 0.92265625 0.544140625 0.92265625 0.451953125 0.925 0.44375 0.930078125 0.475390625 0.95234375 0.485546875 0.95546875 0.5171875 0.955859375 0.569140625 0.95 0.57890625 0.941796875
1 0.701953125 0.915625 0.742578125 0.87890625 0.7484375 0.869140625 0.740234375 0.8703125 0.662890625 0.90546875 0.621484375 0.9375 0.61796875 0.941015625 0.62109375 0.942578125 0.642578125 0.93828125 0.701953125 0.915625
1 0.325390625 0.278125 0.349609375 0.275 0.404296875 0.2609375 0.407421875 0.26328125 0.424609375 0.26328125 0.442578125 0.2578125 0.4484375 0.250390625 0.45078125 0.237109375 0.44765625 0.216015625 0.4484375 0.183984375 0.4453125 0.176953125 0.44765625 0.169140625 0.431640625 0.16484375 0.416015625 0.16484375 0.369140625 0.1734375 0.344921875 0.18046875 0.321484375 0.19453125 0.3140625 0.202734375 0.29375 0.249609375 0.28515625 0.278515625 0.2859375 0.283984375 0.28046875 0.291796875 0.28359375 0.298046875 0.301953125 0.2859375 0.325390625 0.278125
1 0.655078125 0.09765625 0.623828125 0.08671875 0.580078125 0.078125 0.564453125 0.07890625 0.56015625 0.082421875 0.568359375 0.08828125 0.630859375 0.1015625 0.644921875 0.10859375 0.6578125 0.110546875 0.6609375 0.102734375 0.655078125 0.09765625
3 0.93828125 0.538671875 0.93828125 0.494921875 0.93359375 0.459765625 0.928125 0.443359375 0.922265625 0.43984375 0.9171875 0.453515625 0.91484375 0.487109375 0.89921875 0.510546875 0.89609375 0.537109375 0.90078125 0.578515625 0.90859375 0.591796875 0.90625 0.613671875 0.90703125 0.623046875 0.91015625 0.625390625 0.9203125 0.609765625 0.93828125 0.538671875
3 0.9046875 0.380859375 0.9046875 0.364453125 0.89453125 0.330078125 0.8828125 0.308203125 0.858984375 0.275 0.843359375 0.2671875 0.821484375 0.2453125 0.813671875 0.24296875 0.81796875 0.269140625 0.8140625 0.277734375 0.8140625 0.288671875 0.8234375 0.312109375 0.872265625 0.365625 0.878515625 0.36796875 0.882421875 0.35859375 0.8859375 0.361328125 0.89375 0.385546875 0.9 0.389453125 0.903125 0.387890625 0.9046875 0.380859375
3 0.786328125 0.16796875 0.766796875 0.153125 0.751171875 0.146875 0.7328125 0.152734375 0.73125 0.158984375 0.742578125 0.17734375 0.772265625 0.20234375 0.794921875 0.215625 0.816015625 0.2359375 0.835546875 0.24140625 0.8515625 0.252734375 0.834375 0.222265625 0.786328125 0.16796875
3 0.94453125 0.369140625 0.944921875 0.36484375 0.949609375 0.36875 0.95078125 0.365234375 0.94375 0.341796875 0.9078125 0.289453125 0.878515625 0.26171875 0.878125 0.267578125 0.9 0.301171875 0.915625 0.332421875 0.934375 0.380859375 0.9453125 0.419921875 0.953125 0.433984375 0.95859375 0.435546875 0.95546875 0.405078125 0.94453125 0.369140625