1 0.6890625 0.811328125 0.6953125 0.794140625 0.672265625 0.7921875 0.616015625 0.8 0.548828125 0.8015625 0.489453125 0.81171875 0.462109375 0.81328125 0.43046875 0.828515625 0.4328125 0.847265625 0.455078125 0.85703125 0.483203125 0.86328125 0.53203125 0.866015625 0.662109375 0.83125 0.6890625 0.811328125
1 0.69609375 0.693359375 0.7140625 0.654296875 0.7203125 0.655078125 0.7171875 0.647265625 0.721875 0.643359375 0.7234375 0.626953125 0.73125 0.616015625 0.7265625 0.608203125 0.7265625 0.575390625 0.719140625 0.5640625 0.706640625 0.559375 0.676171875 0.559375 0.646484375 0.56328125 0.6328125 0.569140625 0.6125 0.624609375 0.608984375 0.62734375 0.59609375 0.626953125 0.596484375 0.63359375 0.6078125 0.635546875 0.6078125 0.644140625 0.5953125 0.677734375 0.59296875 0.711328125 0.595703125 0.7140625 0.61171875 0.713671875 0.681640625 0.7015625 0.69609375 0.693359375
1 0.446875 0.655078125 0.46015625 0.626953125 0.46171875 0.601171875 0.45625 0.533203125 0.44609375 0.521484375 0.4296875 0.486328125 0.417578125 0.4734375 0.400390625 0.4703125 0.353515625 0.4703125 0.345703125 0.475 0.337890625 0.4734375 0.32109375 0.495703125 0.2953125 0.573046875 0.2921875 0.635546875 0.29921875 0.664453125 0.310546875 0.6765625 0.353515625 0.68828125 0.399609375 0.69453125 0.43984375 0.694921875 0.4453125 0.684765625 0.446875 0.655078125
1 0.47890625 0.491015625 0.48125 0.454296875 0.4859375 0.446484375 0.48515625 0.439453125 0.48046875 0.435546875 0.478125 0.400390625 0.46171875 0.377734375 0.449609375 0.3703125 0.429296875 0.36953125 0.385546875 0.375 0.3703125 0.386328125 0.34921875 0.419921875 0.33984375 0.450390625 0.33671875 0.466796875 0.33828125 0.474609375 0.345703125 0.47578125 0.352734375 0.4703125 0.400390625 0.46953125 0.423828125 0.47578125 0.4484375 0.520703125 0.45703125 0.528515625 0.4640625 0.547265625 0.47109375 0.504296875 0.47890625 0.491015625
1 0.344140625 0.42734375 0.36875 0.385546875 0.377734375 0.3765625 0.399609375 0.36953125 0.434765625 0.365625 0.44296875 0.332421875 0.43984375 0.314453125 0.429296875 0.30625 0.406640625 0.30234375 0.376171875 0.3046875 0.349609375 0.31328125 0.325390625 0.34140625 0.31640625 0.345703125 0.3125 0.352734375 0.31328125 0.363671875 0.30390625 0.388671875 0.30078125 0.421484375 0.302734375 0.428125 0.31328125 0.430078125 0.340234375 0.4296875 0.344140625 0.42734375
1 0.5046875 0.308203125 0.5171875 0.298828125 0.52109375 0.268359375 0.509765625 0.246875 0.483203125 0.2375 0.441796875 0.23828125 0.4 0.274609375 0.4015625 0.283203125 0.396875 0.292578125 0.398828125 0.30078125 0.430859375 0.30546875 0.43984375 0.312890625 0.445703125 0.3265625 0.46015625 0.326953125 0.498046875 0.325 0.5046875 0.308203125
1 0.641796875 0.52734375 0.709765625 0.52578125 0.723828125 0.52890625 0.729296875 0.5390625 0.73359375 0.535546875 0.73671875 0.498828125 0.734375 0.433984375 0.7390625 0.427734375 0.7328125 0.419921875 0.715625 0.361328125 0.706640625 0.34921875 0.654296875 0.3421875 0.633203125 0.34375 0.62578125 0.355078125 0.62265625 0.373046875 0.615625 0.382421875 0.61171875 0.402734375 0.604296875 0.40390625 0.6015625 0.407421875 0.60390625 0.417578125 0.6125 0.423828125 0.6078125 0.461328125 0.60703125 0.516015625 0.61015625 0.540234375 0.6171875 0.543359375 0.626171875 0.5296875 0.641796875 0.52734375
1 0.6296875 0.346484375 0.637890625 0.340625 0.697265625 0.35 0.714453125 0.3484375 0.71640625 0.345703125 0.7109375 0.331640625 0.69453125 0.305859375 0.686328125 0.2984375 0.666796875 0.290625 0.635546875 0.28515625 0.627734375 0.28671875 0.61171875 0.319140625 0.603125 0.321484375 0.604296875 0.32578125 0.608203125 0.32265625 0.61171875 0.327734375 0.60703125 0.352734375 0.60703125 0.373046875 0.61328125 0.380859375 0.621875 0.373046875 0.6296875 0.346484375
1 0.58046875 0.196484375 0.569140625 0.18515625 0.558984375 0.18046875 0.523046875 0.178125 0.51328125 0.185546875 0.503125 0.202734375 0.503125 0.216015625 0.505859375 0.21875 0.57890625 0.223046875 0.5828125 0.214453125 0.58046875 0.196484375
1 0.4671875 0.211328125 0.46953125 0.194921875 0.458203125 0.18359375 0.413671875 0.18828125 0.390625 0.210546875 0.38515625 0.229296875 0.3921875 0.230859375 0.452734375 0.22421875 0.4671875 0.211328125
1 0.171875 0.683203125 0.1640625 0.677734375 0.146875 0.651953125 0.13671875 0.644921875 0.127734375 0.63203125 0.114453125 0.62421875 0.107421875 0.6265625 0.1 0.637109375 0.1 0.645703125 0.1078125 0.666015625 0.124609375 0.68359375 0.149609375 0.69609375 0.161328125 0.709375 0.1734375 0.710546875 0.17421875 0.689453125 0.171875 0.683203125
1 0.6796875 0.216015625 0.670703125 0.203125 0.655859375 0.19453125 0.639453125 0.18984375 0.627734375 0.18828125 0.62265625 0.191015625 0.6203125 0.200390625 0.627734375 0.21953125 0.639453125 0.215625 0.651171875 0.2234375 0.655859375 0.2234375 0.666796875 0.2328125 0.68125 0.233984375 0.68359375 0.230078125 0.6796875 0.216015625
1 0.7 0.279296875 0.69921875 0.267578125 0.693359375 0.25390625 0.682421875 0.2484375 0.658984375 0.246875 0.652734375 0.24296875 0.6296875 0.251171875 0.62890625 0.278515625 0.631640625 0.284375 0.646484375 0.290625 0.659765625 0.29140625 0.687109375 0.3 0.704296875 0.31953125 0.7078125 0.319921875 0.70625 0.289453125 0.7 0.279296875
1 0.678515625 0.225 0.648828125 0.21484375 0.633203125 0.2140625 0.62578125 0.219140625 0.621875 0.227734375 0.6234375 0.244921875 0.628515625 0.2546875 0.633984375 0.2546875 0.643359375 0.246875 0.658203125 0.246875 0.678515625 0.25625 0.691796875 0.27109375 0.6984375 0.273828125 0.6953125 0.248046875 0.678515625 0.225
1 0.830078125 0.8015625 0.85078125 0.779296875 0.8609375 0.758984375 0.839453125 0.76875 0.785546875 0.809375 0.7453125 0.848046875 0.74375 0.853515625 0.74609375 0.854296875 0.769140625 0.84375 0.830078125 0.8015625
3 0.17890625 0.599609375 0.18203125 0.586328125 0.1921875 0.566015625 0.1921875 0.523828125 0.19765625 0.501171875 0.196484375 0.49921875 0.19375 0.501953125 0.192578125 0.50703125 0.179296875 0.4859375 0.160546875 0.4765625 0.150390625 0.48203125 0.144921875 0.4796875 0.13359375 0.487109375 0.12421875 0.512890625 0.12265625 0.547265625 0.12578125 0.567578125 0.134375 0.576171875 0.1390625 0.615234375 0.14453125 0.633203125 0.155859375 0.64921875 0.17421875 0.659765625 0.1765625 0.655078125 0.17890625 0.599609375
3 0.149609375 0.4234375 0.13671875 0.462890625 0.13515625 0.482421875 0.1390625 0.484765625 0.14765625 0.482421875 0.149609375 0.4234375
3 0.20234375 0.485546875 0.22890625 0.414453125 0.25234375 0.365234375 0.251953125 0.36015625 0.223828125 0.3609375 0.212109375 0.35625 0.198046875 0.36015625 0.16484375 0.396484375 0.16015625 0.412109375 0.1515625 0.482421875 0.162109375 0.47890625 0.176953125 0.48515625 0.18046875 0.492578125 0.1859375 0.494921875 0.196484375 0.49453125 0.20234375 0.485546875
3 0.216015625 0.35625 0.223828125 0.36171875 0.244921875 0.35859375 0.251171875 0.36328125 0.28984375 0.321484375 0.30546875 0.300390625 0.3109375 0.286328125 0.309375 0.271484375 0.303515625 0.2671875 0.283984375 0.2625 0.269921875 0.2640625 0.248828125 0.27109375 0.239453125 0.2828125 0.228515625 0.284375 0.219921875 0.28984375 0.203125 0.305859375 0.184375 0.330859375 0.1734375 0.368359375 0.1734375 0.372265625 0.17734375 0.373828125 0.199609375 0.3578125 0.216015625 0.35625
3 0.258984375 0.2671875 0.278515625 0.2625 0.303515625 0.26640625 0.313671875 0.2734375 0.36328125 0.219921875 0.36015625 0.216015625 0.3625 0.212109375 0.356640625 0.21484375 0.347265625 0.2078125 0.335546875 0.20703125 0.306640625 0.21328125 0.287890625 0.228125 0.267578125 0.23671875 0.259375 0.244921875 0.2453125 0.271484375 0.24765625 0.276953125 0.249609375 0.271875 0.258984375 0.2671875
1 0.11796875 0.451953125 0.1203125 0.423828125 0.117578125 0.4171875 0.10390625 0.426171875 0.09453125 0.452734375 0.09296875 0.483984375 0.1015625 0.487109375 0.1078125 0.482421875 0.11796875 0.451953125
3 0.07890625 0.477734375 0.08515625 0.465234375 0.0890625 0.430078125 0.09921875 0.410546875 0.098046875 0.40703125 0.094140625 0.4078125 0.090625 0.404296875 0.0859375 0.396484375 0.083203125 0.36171875 0.07421875 0.375390625 0.05234375 0.448828125 0.0515625 0.484765625 0.06015625 0.506640625 0.0671875 0.511328125 0.075 0.502734375 0.07890625 0.477734375
3 0.11640625 0.370703125 0.12890625 0.353515625 0.14140625 0.321484375 0.137890625 0.3125 0.133203125 0.3109375 0.125390625 0.31484375 0.121875 0.311328125 0.0921875 0.374609375 0.08515625 0.383203125 0.08203125 0.412890625 0.0921875 0.418359375 0.1 0.412109375 0.11640625 0.370703125
3 0.137890625 0.31171875 0.141796875 0.31796875 0.153125 0.306640625 0.171875 0.274609375 0.190625 0.252734375 0.204296875 0.2265625 0.187109375 0.23203125 0.15625 0.262109375 0.125 0.301953125 0.12578125 0.307421875 0.121875 0.308203125 0.11875 0.316796875 0.12265625 0.319921875 0.126171875 0.30859375 0.137890625 0.31171875