3 0.85155761015625 0.3688200453125 0.85033288984375 0.34877154296875 0.83928271640625 0.2944651640625 0.8271519375 0.28002999921875 0.82153953984375 0.27586717421875 0.8129406859375001 0.275144265625 0.7635590007812499 0.22677184062500003 0.7440512703125 0.21143257109375 0.73481681953125 0.196318153125 0.7059408539062499 0.1801203125 0.70250187578125 0.1838770890625 0.7026394171875 0.19659417421875 0.7121470710937501 0.2236562953125 0.75143761328125 0.2797690046875 0.78543355546875 0.33891464296875 0.8372618640624999 0.40715437421875 0.8411988984375001 0.40507202265625003 0.84825617265625 0.38529390625 0.85155761015625 0.3688200453125
0 0.87378234921875 0.39574462578124997 0.86042872890625 0.37474742421874996 0.85137641328125 0.3675981421875 0.848164165625 0.37456810546875 0.8488443570312499 0.38420766640625004 0.8682638367187501 0.4157940671875 0.8718394171874999 0.4180111421875 0.8739208296875001 0.41520494296875 0.87378234921875 0.39574462578124997
1 0.728868809375 0.706949175 0.7218087171875001 0.7064975921875 0.692757190625 0.72953724609375 0.6911292382812501 0.73876981875 0.69732982109375 0.74184640390625 0.7299559890625 0.7142805921875001 0.728868809375 0.706949175
1 0.756341675 0.72210630859375 0.7453900828125 0.72572836171875 0.72412155625 0.74062074453125 0.7224936046875 0.7498533171874999 0.725481 0.7531566328125 0.73308374296875 0.7505306914062501 0.75344722578125 0.7362720265625 0.7575645171875001 0.7286683453125 0.756341675 0.72210630859375
1 0.6521668257812501 0.76402842734375 0.6475505390625 0.7632144515625 0.6153304203125 0.7817288875 0.61270635703125 0.78761261015625 0.6194049953125 0.7923636203125 0.6303565875 0.7887415671875 0.6559691359375 0.7694586890624999 0.6521668257812501 0.76402842734375
1 0.6334805851562499 0.798018734375 0.62474606796875 0.7980652078125 0.6012595265625 0.8097899375000001 0.5939290484375 0.81762035 0.60062768671875 0.822371359375 0.60886414765625 0.82065046171875 0.6354728078125 0.80471643359375 0.6334805851562499 0.798018734375
1 0.5697613765625 0.8129622859375001 0.55975942265625 0.8111986718749999 0.5324259757812501 0.8222450882812501 0.532064521875 0.826544515625 0.54595891484375 0.8309777273437501 0.57111988125 0.81875494140625 0.5697613765625 0.8129622859375001
1 0.570986096875 0.8330107882812501 0.5634279484375 0.83088478125 0.53604896796875 0.8399399140625 0.54080185625 0.84672774140625 0.5469569046875 0.84781304296875 0.57094150234375 0.8377627375 0.570986096875 0.8330107882812501
1 0.5097998835937501 0.8380880492187501 0.50006925546875 0.8347856726562499 0.4819219078125 0.83872552421875 0.47345965546875 0.8439764679687499 0.48002263125000005 0.8494968585937499 0.4869470609375 0.85071782265625 0.5089859078125001 0.84270433515625 0.5097998835937501 0.8380880492187501
3 0.80436297734375 0.75119961328125 0.79676023515625 0.7538255546875 0.78856836875 0.7507945031250001 0.7657610796875 0.7654155609375 0.7585672031249999 0.779219825 0.76612628984375 0.788089065625 0.7719189453124999 0.7867305609375 0.7891603093749999 0.77668119453125 0.8036846640625 0.75504651796875 0.80436297734375 0.75119961328125
3 0.74372505 0.793658746875 0.73580450859375 0.78908893359375 0.70209116171875 0.8093233281250001 0.6834011640625001 0.81634070390625 0.681320690625 0.8258901359375 0.685802253125 0.8342167257812501 0.6984282703125 0.8300966171875 0.7305582609375 0.81434284609375 0.7448122296874999 0.8009901640624999 0.74372505 0.793658746875
3 0.6796472046875001 0.833131425 0.663761528125 0.828743746875 0.60696768828125 0.8516514953125001 0.6132138046875 0.8567193648437501 0.61371279921875 0.865137021875 0.6175597046875 0.8658153351562501 0.67222659765625 0.84372250234375 0.68127703515625 0.83738531796875 0.6796472046875001 0.833131425
3 0.60859845703125 0.8626486218749999 0.58977091875 0.8569489125 0.5440633945312501 0.86872199375 0.5349674234374999 0.87306789375 0.5335197296875 0.8767791367187501 0.53827261796875 0.8835669640624999 0.5683230734375 0.88410585859375 0.6024452874999999 0.87504978671875 0.61226510546875 0.86884826484375 0.60859845703125 0.8626486218749999
3 0.534561375 0.8821192703125 0.5183133046874999 0.8752877867187501 0.47468719375 0.88425466875 0.4605679484375 0.8900947367187501 0.46468711796875006 0.8959775210937501 0.48392164453125003 0.8993690867187499 0.5337028046875 0.8914875054687499 0.5366892609375 0.88804758828125 0.534561375 0.8821192703125
1 0.4964082421875 0.8690454273437499 0.48780938828125003 0.86832251875 0.470567084375 0.87162865234375 0.46454863828125 0.8765172031249999 0.46726470859375 0.88135928046875 0.47907674921875004 0.8818554578125 0.49143144140625 0.87927411171875 0.49790240937499997 0.8740687015624999 0.4964082421875 0.8690454273437499
1 0.43155538125000004 0.86792304453125 0.42155342734375 0.8661594304687499 0.40535183046874995 0.8680624640625 0.40358727734375 0.8713211843750001 0.41015025234375 0.876841575 0.41784406328125 0.8781982015625 0.43368326718750005 0.8738513625 0.43155538125000004 0.86792304453125
1 0.41381690078125005 0.8830412187500001 0.40625875234375003 0.8809152109375 0.39087207031250004 0.88494519140625 0.40295637578125004 0.89064583984375 0.41558239296875 0.8865257304687499 0.41381690078125005 0.8830412187500001
3 0.22796323593749998 0.34216024609375 0.22533729453125 0.334557503125 0.2160582484375 0.32419503515625003 0.22261652812500002 0.2959992609375 0.2110284 0.278486571875 0.20627645156250002 0.2784419765625 0.19709035156250002 0.28554854218750003 0.18505251953125 0.28858241093750003 0.17604855546875 0.30365411171875 0.17292831484375 0.32134987578124996 0.174786753125 0.34230342187499996 0.18198438671875 0.35547208984375 0.18293590312500002 0.36357288828125 0.19017813125 0.37198960625 0.1940733875 0.39488890234374996 0.1975588390625 0.39986664296874996 0.20692613515625 0.39398198046875 0.22706100937499998 0.36302366328125 0.22796323593749998 0.34216024609375
0 0.1808535515625 0.35963585390624997 0.17017328437499998 0.3617191453125 0.16650663671875 0.3555195015625 0.152431046875 0.3498643875 0.14939905703125 0.35131302109375 0.14243191093750002 0.368330471875 0.1409415 0.3902801296875 0.12963315 0.43191777421875 0.13253041640625002 0.43798175468749995 0.13063113984375002 0.44875308984375 0.12253221953125 0.46319107265625004 0.11859800312499999 0.48550312343749996 0.1182450015625 0.5504916468750001 0.12363348593750001 0.5716709843750001 0.12929047890625 0.57108186015625 0.13390582578125002 0.565152603125 0.14932489375 0.46870864609374996 0.15516026562500002 0.44911172656250004 0.163848309375 0.4403307359375 0.160859975 0.4302841875 0.1637999578125 0.41810975390625 0.18067611171875 0.3853868828125 0.18406861640625 0.3728955890625 0.1808535515625 0.35963585390624997
0 0.18715695625 0.7760409328125 0.1814516125 0.7544090734375 0.162033071875 0.72956590546875 0.15582779375 0.69277315625 0.15269816171875 0.643036590625 0.1495741640625 0.6337594234374999 0.12318378203125 0.5922175421875 0.12576794609375 0.6248019328125001 0.1404847671875 0.68530795390625 0.16153689453125 0.7413779468749999 0.1858458640625 0.7857260273437501 0.18715695625 0.7760409328125
1 0.1777178296875 0.59112378828125 0.1721955609375 0.5842002984375 0.1659057890625 0.5906276109374999 0.16337279296875 0.60049390234375 0.16794542421875 0.61280306015625 0.1722448515625 0.6131645140625 0.17844355546875 0.6027546328125 0.1777178296875 0.59112378828125
3 0.30315887343750003 0.8425067187499999 0.29962788828125003 0.83553769453125 0.28681879609375 0.8249494343749999 0.27414348906249997 0.8001053273437501 0.266581584375 0.77100638828125 0.25336268671875 0.74249657265625 0.23249551328125 0.71462141484375 0.22253815390625 0.7081058515625 0.21846545781249999 0.710957584375 0.21864759296875 0.7189227203125 0.2250758453125 0.731955725 0.2324574921875 0.76657599453125 0.24504079296875 0.78069430078125 0.255182165625 0.808661465625 0.2710241875 0.824544325 0.27948925703125 0.8395230796875 0.29637104609375 0.84725960703125 0.30202803828125 0.8466704835937501 0.30315887343750003 0.8425067187499999
1 0.28423463203125 0.79236504375 0.272466246875 0.780373684375 0.26784996015625 0.77955970859375 0.27074816640625 0.79236692265625 0.28396706328125 0.82087673828125 0.28822189609375004 0.825990140625 0.29795252421875 0.8292925171875 0.28423463203125 0.79236504375
3 0.2875928734375 0.85880126171875 0.2811190875 0.8437769734374999 0.25880609765624996 0.8330995234374999 0.25432923046875 0.8584890984375001 0.25690963828125 0.8641005570312499 0.2815763046875 0.8771762789062499 0.28632637578125003 0.8637344078125 0.2875928734375 0.85880126171875
3 0.4441870328125 0.9042623335937501 0.4273963125 0.90050837421875 0.3988855578125 0.90698403828125 0.40454348984375 0.9131381476562501 0.41431871249999996 0.911688575 0.44020634375 0.9178398671875 0.4514292609375 0.9126790515625001 0.4441870328125 0.9042623335937501
3 0.40332064765625003 0.9065761117187501 0.3987043609375 0.9057621351562499 0.3928652328125 0.8983861234375 0.36928574531249997 0.89264181953125 0.370463053125 0.897212571875 0.36548531328125 0.9006980234374999 0.354306990625 0.9011068890624999 0.34919358749999996 0.9053617218750001 0.393184909375 0.91906834375 0.39811711562499996 0.9135916085937501 0.4062179140625 0.9126400921875 0.40332064765625003 0.9065761117187501
0 0.57853106640625 0.09062050703124999 0.57323552734375 0.08691020390625001 0.52426646484375 0.0766890328125 0.44619846328125 0.07402976640625 0.4239328859375 0.07883006640625 0.39257227656250004 0.0947195 0.36632413124999996 0.09961086875 0.36048688125 0.10572132187500001 0.34813218984375 0.10830266875000001 0.32306229140625 0.12450802265625001 0.31274535625 0.13577835234375 0.31826762578125 0.14270184218749998 0.34990143906250004 0.1387601125 0.42720005937499994 0.14128371640624998 0.49164405390625 0.1312277765625 0.5082080437500001 0.13176854843750002 0.57776262421875 0.09722807734375 0.57853106640625 0.09062050703124999
1 0.63895822890625 0.15958314609375 0.6260144140625 0.15650750078125 0.6183215421875 0.16189410703125 0.6166025226562499 0.16714411171875002 0.63226240859375 0.17506183515625 0.6418554960937499 0.1656471265625 0.63895822890625 0.15958314609375
1 0.6576463484375 0.13907930468750002 0.651762625 0.13645524140625 0.6428023171875 0.1400317609375 0.6430745812499999 0.14523623125000001 0.65113078515625 0.1490366640625 0.6566521148437501 0.14921692109375 0.65963857109375 0.14577700390624998 0.6576463484375 0.13907930468750002
1 0.614832334375 0.12994343515625 0.6065057445312501 0.13442499765625 0.61705128828125 0.13985432109375 0.62659978046875 0.1351915609375 0.614832334375 0.12994343515625
1 0.66506695546875 0.12848822734375 0.6573731445312501 0.12713160078125002 0.65497487265625 0.129485278125 0.6553828 0.13392036796875 0.66190024140625 0.137449475 0.66896033359375 0.1379010578125 0.67194678984375 0.13446113984375002 0.66506695546875 0.12848822734375