1 0.541796875 0.70234375 0.55234375 0.691015625 0.55390625 0.673828125 0.5515625 0.664453125 0.50390625 0.576953125 0.509375 0.573046875 0.50859375 0.570703125 0.502734375 0.56875 0.4953125 0.560546875 0.4859375 0.543359375 0.471484375 0.5265625 0.455859375 0.51875 0.436328125 0.51328125 0.418359375 0.51328125 0.391796875 0.51796875 0.376171875 0.52421875 0.36796875 0.532421875 0.35859375 0.549609375 0.359375 0.576953125 0.36640625 0.600390625 0.38125 0.615234375 0.41953125 0.681640625 0.4296875 0.705859375 0.437890625 0.7109375 0.47421875 0.712890625 0.531640625 0.70546875 0.541796875 0.70234375
1 0.318359375 0.31484375 0.33046875 0.303515625 0.3375 0.269140625 0.325390625 0.2296875 0.310546875 0.2296875 0.281640625 0.2421875 0.272265625 0.24765625 0.259375 0.263671875 0.25703125 0.272265625 0.259375 0.326171875 0.264453125 0.3328125 0.27265625 0.333203125 0.310546875 0.315625 0.318359375 0.31484375
1 0.741796875 0.23359375 0.698828125 0.209375 0.663671875 0.2015625 0.639453125 0.2015625 0.634375 0.204296875 0.63515625 0.212109375 0.641796875 0.21953125 0.660546875 0.23203125 0.676171875 0.2375 0.686328125 0.24609375 0.703515625 0.24453125 0.753125 0.258984375 0.75625 0.251171875 0.741796875 0.23359375
1 0.682421875 0.1796875 0.654296875 0.16640625 0.618359375 0.1609375 0.584765625 0.1609375 0.566015625 0.1515625 0.558203125 0.15234375 0.55546875 0.157421875 0.557421875 0.16328125 0.570703125 0.1703125 0.593359375 0.175 0.601171875 0.1796875 0.625390625 0.1796875 0.68125 0.192578125 0.6890625 0.189453125 0.682421875 0.1796875
1 0.88046875 0.485546875 0.87890625 0.462109375 0.867578125 0.44765625 0.85703125 0.451171875 0.84296875 0.523828125 0.846875 0.537109375 0.86015625 0.546484375 0.86640625 0.540234375 0.88046875 0.485546875
3 0.1796875 0.742578125 0.178125 0.721484375 0.15703125 0.694140625 0.15625 0.689453125 0.153515625 0.68671875 0.13359375 0.686328125 0.1328125 0.670703125 0.148828125 0.6609375 0.153515625 0.6625 0.15390625 0.658203125 0.1375 0.626171875 0.1359375 0.603515625 0.12890625 0.581640625 0.1296875 0.573046875 0.12109375 0.557421875 0.121875 0.542578125 0.1125 0.500390625 0.115625 0.480078125 0.11171875 0.455078125 0.1125 0.439453125 0.12109375 0.400390625 0.1265625 0.387890625 0.12890625 0.351953125 0.13359375 0.341796875 0.13828125 0.305859375 0.153125 0.275390625 0.18359375 0.230859375 0.18515625 0.209765625 0.190625 0.196484375 0.188671875 0.19296875 0.16328125 0.212890625 0.1453125 0.237890625 0.11953125 0.282421875 0.1125 0.308203125 0.10234375 0.326171875 0.09921875 0.350390625 0.09296875 0.365234375 0.084375 0.405078125 0.0796875 0.438671875 0.08046875 0.460546875 0.07734375 0.471484375 0.075 0.520703125 0.0796875 0.544140625 0.08125 0.591015625 0.08828125 0.611328125 0.09921875 0.670703125 0.121875 0.711328125 0.1359375 0.725390625 0.157421875 0.7546875 0.180859375 0.76953125 0.194140625 0.76796875 0.20078125 0.771484375 0.19765625 0.761328125 0.1796875 0.742578125
3 0.557421875 0.15234375 0.569140625 0.15234375 0.580859375 0.16015625 0.617578125 0.16015625 0.648046875 0.1640625 0.659375 0.155859375 0.64609375 0.126953125 0.615234375 0.10703125 0.577734375 0.0921875 0.525390625 0.08984375 0.490234375 0.10078125 0.4796875 0.115234375 0.48125 0.124609375 0.505078125 0.140625 0.544140625 0.1515625 0.5484375 0.189453125 0.551953125 0.19296875 0.559375 0.192578125 0.55546875 0.169921875 0.557421875 0.15234375
3 0.470703125 0.11875 0.476953125 0.11875 0.491796875 0.1 0.516015625 0.09296875 0.51875 0.087109375 0.466796875 0.08671875 0.429296875 0.090625 0.416796875 0.09453125 0.40546875 0.105078125 0.405859375 0.1109375 0.413671875 0.1109375 0.423828125 0.11875 0.459765625 0.11796875 0.45703125 0.138671875 0.46328125 0.141015625 0.46640625 0.125390625 0.470703125 0.11875
2 0.4796875 0.181640625 0.475390625 0.1734375 0.471484375 0.1734375 0.46171875 0.184765625 0.4609375 0.196484375 0.471875 0.205859375 0.475 0.204296875 0.4796875 0.181640625
2 0.4625 0.180859375 0.459765625 0.17734375 0.454296875 0.17734375 0.44609375 0.185546875 0.44765625 0.204296875 0.4515625 0.206640625 0.46171875 0.193359375 0.4625 0.180859375
2 0.43984375 0.187109375 0.432421875 0.178125 0.41796875 0.188671875 0.42265625 0.208984375 0.428125 0.210546875 0.42890625 0.200390625 0.43984375 0.187109375
2 0.437109375 0.13046875 0.428125 0.134765625 0.428125 0.146484375 0.43203125 0.148046875 0.44140625 0.134765625 0.437109375 0.13046875
1 0.2765625 0.153515625 0.274609375 0.1484375 0.253125 0.163671875 0.2484375 0.171484375 0.249609375 0.175 0.25234375 0.174609375 0.2734375 0.161328125 0.2765625 0.153515625
0 0.95 0.454296875 0.93984375 0.387890625 0.92265625 0.328515625 0.8984375 0.273828125 0.86796875 0.239453125 0.834765625 0.20859375 0.773046875 0.16328125 0.694140625 0.1234375 0.649609375 0.1078125 0.610546875 0.10078125 0.612109375 0.1046875 0.625390625 0.11015625 0.658984375 0.1359375 0.678515625 0.14453125 0.705078125 0.16640625 0.741796875 0.1890625 0.7640625 0.212109375 0.76875 0.221484375 0.8015625 0.248828125 0.83984375 0.296484375 0.84765625 0.301953125 0.8578125 0.330859375 0.865625 0.343359375 0.86953125 0.361328125 0.87578125 0.361328125 0.875 0.365234375 0.88125 0.370703125 0.89765625 0.401171875 0.90703125 0.436328125 0.91953125 0.455859375 0.93984375 0.502734375 0.94375 0.519140625 0.95 0.527734375 0.95234375 0.508984375 0.95 0.454296875
1 0.676171875 0.87578125 0.68828125 0.866796875 0.690625 0.858984375 0.674609375 0.840625 0.670703125 0.840625 0.598828125 0.8625 0.5921875 0.867578125 0.592578125 0.875 0.607421875 0.88046875 0.619921875 0.8921875 0.63046875 0.892578125 0.651171875 0.8875 0.676171875 0.87578125
3 0.88359375 0.738671875 0.89609375 0.723046875 0.9171875 0.683984375 0.9375 0.622265625 0.94453125 0.587109375 0.94609375 0.559765625 0.940234375 0.5453125 0.9359375 0.547265625 0.915625 0.584765625 0.9046875 0.637890625 0.89609375 0.655078125 0.89375 0.670703125 0.8859375 0.688671875 0.882421875 0.69296875 0.876171875 0.69375 0.85859375 0.716796875 0.83515625 0.737109375 0.825 0.755078125 0.81796875 0.761328125 0.81171875 0.788671875 0.822265625 0.784375 0.827734375 0.784375 0.828125 0.788671875 0.83203125 0.788671875 0.858984375 0.759375 0.88359375 0.738671875