2 0.705859375 0.82109375 0.709765625 0.828125 0.715234375 0.8265625 0.721875 0.819921875 0.7296875 0.801953125 0.7390625 0.794921875 0.75859375 0.769921875 0.7703125 0.743359375 0.7703125 0.738671875 0.765625 0.733203125 0.771875 0.718359375 0.770703125 0.71328125 0.761328125 0.71484375 0.7546875 0.722265625 0.7484375 0.736328125 0.7375 0.744921875 0.69140625 0.800390625 0.69140625 0.812109375 0.681640625 0.815625 0.6671875 0.830859375 0.669921875 0.83515625 0.67890625 0.835546875 0.67265625 0.843359375 0.6765625 0.845703125 0.692578125 0.83671875 0.705859375 0.82109375
2 0.890625 0.674609375 0.890234375 0.66796875 0.859375 0.719140625 0.846875 0.748046875 0.84765625 0.752734375 0.86875 0.725390625 0.890625 0.674609375
2 0.7203125 0.428515625 0.7140625 0.398828125 0.71640625 0.384765625 0.7109375 0.359765625 0.7125 0.340234375 0.7046875 0.320703125 0.69453125 0.306640625 0.6953125 0.297265625 0.687890625 0.28984375 0.682421875 0.2890625 0.678125 0.294921875 0.67265625 0.349609375 0.674609375 0.353125 0.6796875 0.352734375 0.68359375 0.380859375 0.6921875 0.400390625 0.68671875 0.417578125 0.693359375 0.41953125 0.705859375 0.4109375 0.70625 0.436328125 0.7140625 0.437890625 0.71875 0.434765625 0.7203125 0.428515625
2 0.52421875 0.573046875 0.5140625 0.550390625 0.509375 0.529296875 0.509375 0.515234375 0.517578125 0.50390625 0.540625 0.533984375 0.53125 0.547265625 0.532421875 0.55078125 0.557421875 0.55703125 0.5640625 0.552734375 0.5640625 0.548046875 0.55390625 0.532421875 0.5421875 0.495703125 0.5421875 0.482421875 0.54921875 0.468359375 0.55 0.454296875 0.540625 0.428515625 0.53984375 0.397265625 0.5359375 0.379296875 0.51953125 0.347265625 0.514453125 0.34375 0.506640625 0.34375 0.498046875 0.3453125 0.4859375 0.353515625 0.47265625 0.381640625 0.47734375 0.396484375 0.49375 0.422265625 0.496875 0.443359375 0.4984375 0.471484375 0.484375 0.498828125 0.4828125 0.522265625 0.49921875 0.557421875 0.495703125 0.5625 0.4859375 0.566796875 0.484375 0.573046875 0.493359375 0.578125 0.51484375 0.579296875 0.521484375 0.57734375 0.52421875 0.573046875
2 0.56484375 0.391015625 0.573046875 0.40078125 0.576953125 0.4015625 0.57890625 0.398828125 0.57890625 0.368359375 0.56953125 0.341796875 0.553125 0.330078125 0.55 0.312109375 0.543359375 0.30625 0.535546875 0.30625 0.5296875 0.312109375 0.528125 0.330078125 0.51796875 0.341015625 0.53515625 0.376953125 0.540625 0.396484375 0.54140625 0.429296875 0.546875 0.436328125 0.55078125 0.419921875 0.56484375 0.391015625
2 0.3296875 0.537109375 0.3203125 0.526953125 0.3203125 0.522265625 0.33984375 0.494921875 0.344921875 0.48203125 0.35625 0.517578125 0.356640625 0.5328125 0.364453125 0.53359375 0.379296875 0.52890625 0.3859375 0.522265625 0.382421875 0.515625 0.3671875 0.510546875 0.36171875 0.462890625 0.34296875 0.439453125 0.34375 0.376953125 0.36953125 0.342578125 0.37421875 0.333984375 0.373046875 0.3296875 0.345703125 0.35625 0.340234375 0.35 0.332421875 0.35 0.321875 0.356640625 0.31953125 0.366796875 0.3265625 0.376953125 0.31640625 0.407421875 0.30078125 0.436328125 0.3015625 0.441796875 0.306640625 0.4421875 0.3140625 0.424609375 0.31875 0.423828125 0.3234375 0.492578125 0.3015625 0.533984375 0.309765625 0.5421875 0.3234375 0.543359375 0.328515625 0.5421875 0.3296875 0.537109375
2 0.451953125 0.42578125 0.468359375 0.4265625 0.47421875 0.421484375 0.4625 0.413671875 0.46015625 0.406640625 0.465625 0.389453125 0.4703125 0.384765625 0.47578125 0.353515625 0.48203125 0.346484375 0.4796875 0.326171875 0.4828125 0.306640625 0.4703125 0.294921875 0.471875 0.280859375 0.466796875 0.27421875 0.45390625 0.278515625 0.45234375 0.296484375 0.4390625 0.305859375 0.43125 0.345703125 0.43125 0.361328125 0.43515625 0.368359375 0.4359375 0.405859375 0.43515625 0.426953125 0.42890625 0.443359375 0.4390625 0.444921875 0.45 0.437109375 0.451953125 0.42578125
2 0.49921875 0.206640625 0.49921875 0.191796875 0.494921875 0.1859375 0.488671875 0.1875 0.47890625 0.197265625 0.47109375 0.212109375 0.48046875 0.216015625 0.47890625 0.235546875 0.4875 0.236328125 0.4921875 0.232421875 0.49921875 0.206640625
2 0.175 0.441796875 0.18203125 0.388671875 0.180078125 0.35390625 0.176953125 0.35390625 0.17265625 0.360546875 0.16484375 0.392578125 0.16328125 0.452734375 0.1640625 0.458984375 0.16953125 0.460546875 0.1765625 0.452734375 0.175 0.441796875
2 0.208203125 0.4703125 0.20625 0.495703125 0.212109375 0.4984375 0.22109375 0.495703125 0.21484375 0.483984375 0.21796875 0.455859375 0.21484375 0.392578125 0.21640625 0.377734375 0.22265625 0.366015625 0.2234375 0.355859375 0.220703125 0.3515625 0.21171875 0.358984375 0.2109375 0.373828125 0.20234375 0.392578125 0.19921875 0.433203125 0.203125 0.459765625 0.18671875 0.482421875 0.1890625 0.498046875 0.19375 0.501171875 0.1953125 0.484765625 0.208203125 0.4703125
2 0.234765625 0.4125 0.23671875 0.441015625 0.244921875 0.4453125 0.25 0.441015625 0.24375 0.426171875 0.2484375 0.380078125 0.25625 0.343359375 0.25546875 0.333984375 0.2515625 0.330078125 0.251953125 0.31875 0.246484375 0.31953125 0.24140625 0.324609375 0.23984375 0.335546875 0.23046875 0.346484375 0.225 0.359765625 0.2265625 0.380859375 0.2203125 0.416796875 0.21796875 0.455078125 0.21953125 0.462109375 0.2234375 0.462109375 0.22890625 0.423828125 0.234765625 0.4125
2 0.278125 0.431640625 0.28515625 0.404296875 0.2875 0.369921875 0.29453125 0.349609375 0.29296875 0.333203125 0.29765625 0.318359375 0.294921875 0.30625 0.290234375 0.30625 0.2828125 0.314453125 0.28125 0.325390625 0.275 0.330078125 0.26953125 0.340234375 0.26015625 0.378515625 0.2609375 0.398046875 0.24765625 0.450390625 0.249609375 0.45546875 0.26015625 0.450390625 0.259375 0.437890625 0.266796875 0.4203125 0.26796875 0.444140625 0.26484375 0.455078125 0.271875 0.458203125 0.28515625 0.451953125 0.278125 0.431640625
2 0.609375 0.309765625 0.60625 0.254296875 0.596484375 0.24140625 0.580859375 0.23203125 0.575390625 0.23203125 0.57265625 0.237890625 0.578125 0.244140625 0.58203125 0.268359375 0.59765625 0.305859375 0.596875 0.318359375 0.59140625 0.326953125 0.594140625 0.33046875 0.603125 0.330078125 0.6140625 0.323828125 0.609375 0.309765625
2 0.534375 0.275390625 0.551953125 0.27109375 0.553125 0.266015625 0.550390625 0.26328125 0.540234375 0.26171875 0.528125 0.266015625 0.53046875 0.286328125 0.533984375 0.28984375 0.53828125 0.289453125 0.54140625 0.282421875 0.534375 0.275390625
2 0.5578125 0.236328125 0.541015625 0.22109375 0.532421875 0.22109375 0.52421875 0.230078125 0.521875 0.237890625 0.5265625 0.251953125 0.55078125 0.253515625 0.559375 0.245703125 0.5578125 0.236328125