1 0.712020746031746 0.5564117142857142 0.666720038095238 0.5564218246031746 0.6463676714285714 0.5732368507936507 0.589202107936508 0.678325565079365 0.5830378595238095 0.7201237277777778 0.590838880952381 0.7229167825396825 0.6350961214285714 0.7200703960317459 0.6942425452380951 0.7060832198412699 0.7005796801587302 0.6913152761904762 0.717718573015873 0.6675765484126984 0.7286797373015873 0.6252350412698413 0.7315491238095237 0.5856484214285714 0.7205727944444444 0.5600388674603174 0.712020746031746 0.5564117142857142
1 0.6307594777777777 0.7269957817460317 0.6134476984126984 0.7237042904761904 0.5616403396825397 0.7265523611111111 0.5429544865079365 0.7343152166666667 0.5117189738095238 0.7692362706349206 0.5000398944444444 0.7722005261904762 0.50992785 0.7806661317460317 0.5029227611111111 0.79301485 0.5000915412698413 0.8167086706349206 0.5245363880952381 0.8203739904761904 0.5783043865079366 0.8180260420634922 0.6064179238095239 0.8123467507936508 0.6127152071428571 0.8059214873015873 0.6303940746031745 0.7718794396825397 0.6387766071428571 0.7635766103174604 0.6423173174603175 0.7415094515873016 0.6356826873015873 0.7316248658730159 0.6307594777777777 0.7269957817460317
1 0.7848041087301587 0.7144056801587302 0.7760859142857143 0.7139487785714286 0.7574831341269842 0.720126507936508 0.7300392349206349 0.7357751436507937 0.7029326833333334 0.7677336277777778 0.6872924738095239 0.7780403182539682 0.6877112087301587 0.785214923015873 0.6699458976190477 0.8057418611111111 0.6646090087301587 0.8165885261904762 0.663567226984127 0.8213023682539682 0.668281069047619 0.8223441499999999 0.7113685476190477 0.8114890603174604 0.7284277380952381 0.8044356944444444 0.7412316722222222 0.7951724706349207 0.7465270253968254 0.785118369047619 0.7650848992063493 0.7646329674603175 0.7825976198412699 0.7337611722222223 0.7864324563492063 0.7212463079365079 0.7848041087301587 0.7144056801587302
1 0.7613409706349207 0.6237677841269841 0.7225671349206348 0.7115413484126984 0.7168148809523809 0.7303136444444445 0.7189848880952381 0.7344010698412698 0.777461673015873 0.7104445492063491 0.8054371206349207 0.6467420039682539 0.8137680063492064 0.5939310301587302 0.8116793873015874 0.5807083611111111 0.790321719047619 0.5787943134920636 0.7781840531746032 0.5829266444444444 0.7718452333333333 0.5901444706349207 0.7613409706349207 0.6237677841269841
1 0.7919051603174604 0.5713272682539682 0.7919899182539683 0.5772922595238095 0.8109283603174603 0.5798742611111111 0.8142664436507937 0.5844202730158731 0.8065619753968254 0.6404430357142857 0.8119853079365079 0.6431114801587302 0.8209942579365079 0.6380204396825396 0.8254139746031746 0.6295099277777778 0.8367905031746031 0.5792427888888889 0.8355724650793651 0.5418261761904761 0.8290641285714285 0.537114019047619 0.811586203968254 0.5369927801587302 0.8038699396825397 0.5401647174603175 0.7919051603174604 0.5713272682539682
1 0.8075818515873016 0.5375776603174603 0.8306492547619047 0.5371970920634921 0.8348629746031746 0.5401995134920635 0.8397047960317461 0.5539638420634921 0.8423317047619049 0.549333073015873 0.8479077023809524 0.4884303214285714 0.8441839952380952 0.43816655317460323 0.8394269317460318 0.43036721666666666 0.8186092380952382 0.41814984761904755 0.8115193912698413 0.4245335746031746 0.8042022317460318 0.5338242126984127 0.8075818515873016 0.5375776603174603
1 0.7187861357142857 0.4045735714285714 0.713784907936508 0.4241799666666667 0.7186250452380952 0.4303941777777778 0.7334345253968254 0.43593874920634923 0.7374820992063492 0.442111423015873 0.7392401119047619 0.46922471507936514 0.7477124571428572 0.48953723095238094 0.7488058857142857 0.5293315333333333 0.752894996031746 0.5347116436507936 0.7588599880952381 0.5346268857142857 0.7712053357142857 0.5265317388888888 0.7787885650793651 0.48798690079365076 0.7796159238095238 0.45703540238095236 0.7760235666666667 0.4345944166666667 0.7690117380952382 0.41674266269841276 0.7610428849206349 0.4095697436507936 0.7225811206349206 0.40040138809523806 0.7187861357142857 0.4045735714285714
1 0.7014794119047619 0.4239324333333333 0.6738227753968254 0.4208935301587301 0.6709898698412698 0.43703723333333333 0.6720417619047618 0.47762409841269843 0.6544908746031746 0.5243886928571428 0.6508704611111111 0.5631412126984127 0.6559598166666667 0.5646000444444444 0.6635497857142857 0.5562556785714285 0.6731851523809524 0.554376426984127 0.7120622825396825 0.5556191507936509 0.7229504833333333 0.5601634769841269 0.7304624349206349 0.5760545912698413 0.7351347412698412 0.5778889357142857 0.7395959944444445 0.5685858611111111 0.7429256523809524 0.5353812825396825 0.7478438071428571 0.5173600134920635 0.7449991055555556 0.48065289047619053 0.7369454952380953 0.4675149793650794 0.7374405626984127 0.44290398650793655 0.7310983722222222 0.435021576984127 0.7014794119047619 0.4239324333333333
1 0.8582963714285714 0.6844807984126984 0.8717682595238095 0.6776368 0.8808170603174603 0.6642030785714286 0.894363596031746 0.6180233650793651 0.8928598579365078 0.6088050476190476 0.8791786023809522 0.6120617436507937 0.8719226095238095 0.6216157222222223 0.853624065079365 0.6826464531746032 0.8582963714285714 0.6844807984126984
1 0.7684347777777777 0.8220298039682539 0.7708124674603174 0.8221544134920635 0.7899984428571429 0.8124309182539683 0.8111018365079364 0.7964499912698413 0.836036696031746 0.7528539642857143 0.8288205555555557 0.7540652626984128 0.8131803452380952 0.7643719531746032 0.7976664301587302 0.7798510722222222 0.7702275865079365 0.8181500611111111 0.7684347777777777 0.8220298039682539
1 0.4819344571428572 0.9508628904761905 0.5149712039682539 0.9498126833333334 0.5253974492063491 0.94042485 0.5159680793650794 0.9307911682539681 0.4445958619047619 0.9278454492063493 0.44009138730158726 0.9303909690476191 0.4390080690476191 0.9358973746031747 0.4475618023809524 0.947074646031746 0.4819344571428572 0.9508628904761905
1 0.21120957063492063 0.7407714007936508 0.19890407380952382 0.7405238674603174 0.20065703095238094 0.7449868055555555 0.22289370476190476 0.7604575 0.29485754365079364 0.7976080428571428 0.34078803809523806 0.8159099571428572 0.4017772325396825 0.8350010642857143 0.4188381079365079 0.8354978174603174 0.4206309166666667 0.8316180746031746 0.41057512936507934 0.818772603968254 0.36931694047619046 0.8023050341269842 0.3245943738095238 0.7761190253968254 0.29881361904761905 0.7676152531746031 0.29042771666666667 0.7608178476190476 0.2447082738095238 0.7536533531746031 0.21120957063492063 0.7407714007936508
2 0.28324805634920636 0.7385862285714285 0.28733716666666664 0.7439663396825397 0.3099044476190476 0.7455464103174603 0.31328238253968255 0.7417497404761905 0.3086482428571429 0.7240225968253968 0.2981338698412699 0.7123452023809523 0.29471102857142856 0.7018341992063493 0.28724398333333334 0.7002507579365079 0.27510800238095234 0.7119332079365079 0.27682110873015875 0.724738826984127 0.28324805634920636 0.7385862285714285
1 0.16775045317460316 0.3947687738095238 0.15511771984126985 0.4235120984126984 0.15032754523809524 0.45425591428571427 0.15837947063492064 0.4598437079365079 0.1683072777777778 0.4599666325396825 0.1855342992063492 0.4572931325396825 0.19312258333333332 0.4413986484126984 0.21247301984126984 0.4209547833333333 0.2204716134920635 0.37448431428571427 0.21408788730158732 0.36739446746031745 0.20695481904761906 0.3670206388888889 0.1826794880952381 0.37528530238095237 0.16775045317460316 0.3947687738095238
1 0.37732050396825395 0.21739850476190478 0.37377979365079367 0.2394656626984127 0.3978872936507936 0.22682113412698413 0.4041845777777778 0.22039587142857145 0.4097706857142857 0.2047938277777778 0.40655721190476185 0.19787012698412698 0.3971710634920635 0.194994 0.3894132634920635 0.1989585007936508 0.3865371365079365 0.2083446484126984 0.37732050396825395 0.21739850476190478
1 0.3121709222222222 0.2473632380952381 0.31479951587301586 0.2502825865079365 0.32234963333333333 0.25028090158730154 0.3531748373015873 0.24593583253968251 0.3585134119047619 0.24263928571428572 0.36843616428571424 0.22011185634920635 0.3709350928571429 0.2027585404761905 0.3683480357142857 0.19904662857142857 0.35133038174603176 0.20530743095238096 0.3193421571428572 0.23184426746031747 0.3121709222222222 0.2473632380952381
1 0.4772945865079365 0.15985346825396826 0.5215518269841269 0.15700708174603176 0.5261809111111111 0.15208387222222222 0.5265962761904762 0.14415824126984128 0.5170422968253968 0.1369022484126984 0.48279593650793656 0.13828643253968254 0.4632361325396826 0.15514299603174603 0.4650306261904762 0.15881337142857144 0.4772945865079365 0.15985346825396826
1 0.7190701507936508 0.36882515793650794 0.7223302166666666 0.3976066492063492 0.7587898047619047 0.4070674444444445 0.7683437841269841 0.4143234373015873 0.7767313714285714 0.4286709611111111 0.7834473904761905 0.42942030317460317 0.7881960285714286 0.39946905 0.7815546579365079 0.35938399285714284 0.7672003936507936 0.3375711087301588 0.7440050103174604 0.32522913095238093 0.7314070738095237 0.32297942063492063 0.7171875285714285 0.3440895547619048 0.7206519071428571 0.35380799523809525 0.7190701507936508 0.36882515793650794
1 0.6694821714285715 0.22317316984126984 0.6651904341269841 0.24440622777777776 0.6711172587301587 0.2602142690476191 0.7237222357142856 0.28005808809523813 0.7269755611111111 0.278639107936508 0.7282250253968254 0.26996245 0.7243419126984126 0.25306940555555557 0.7159127888888889 0.23951444444444445 0.7021450896825396 0.22925603015873014 0.6849994563492063 0.2227942865079365 0.6731940825396826 0.22058611269841272 0.6694821714285715 0.22317316984126984
1 0.7788811579365079 0.34215697142857143 0.7948587150793651 0.34816012936507934 0.7968558357142858 0.32521733571428574 0.7824134436507937 0.2823392238095238 0.7706894571428572 0.2709958063492064 0.7466599746031746 0.25940485555555554 0.738528346031746 0.27050242380952383 0.7368635166666667 0.2871047126984127 0.7445882063492064 0.32168336507936507 0.7788811579365079 0.34215697142857143
1 0.8427650150793652 0.4349132277777778 0.8474474309523808 0.4820482801587302 0.8511610277777777 0.48701134126984125 0.8537048634920635 0.48396569841269843 0.8546602023809524 0.46573674682539684 0.8544457793650794 0.4394990904761905 0.8507288126984127 0.41943579365079364 0.8424242976190477 0.40350314285714284 0.8237766111111112 0.3953732 0.8190262873015873 0.4177743349206349 0.8427650150793652 0.4349132277777778
1 0.8198121103174604 0.3876153992063492 0.8231086571428571 0.3929539738095238 0.8529369857142857 0.40763041984126985 0.8547713309523809 0.40295811349206345 0.8499227690476191 0.3589933134920635 0.8433678412698412 0.33242336587301585 0.8400712944444445 0.3270847912698413 0.8154984674603174 0.31069692539682536 0.8123714365079365 0.3172883341269841 0.8119179055555555 0.3411067642857143 0.8198121103174604 0.3876153992063492
3 0.42682094603174603 0.5315307761904762 0.41785016269841274 0.5207290182539682 0.3939800857142857 0.4757673428571429 0.3813804634920635 0.46596751507936507 0.3656538103174603 0.46275909603174603 0.3470476603174603 0.4538365896825397 0.33586870317460316 0.45484020555555554 0.3179754134920635 0.4626445968253968 0.29765952777777777 0.45601670714285714 0.28706545158730157 0.4610246746031746 0.26379036587301585 0.4653680587301587 0.2523223388888889 0.47946973412698407 0.23739161904761907 0.4914030873015873 0.22459611031746032 0.5384169007936508 0.22389336031746032 0.5669907095238095 0.22723312857142858 0.5790868388888889 0.2313222388888889 0.58446695 0.24717350158730156 0.5852976793650794 0.2512626119047619 0.5906777904761905 0.25006479444444446 0.6438625920634921 0.26037485476190475 0.674603038095238 0.2760616563492064 0.6861541380952381 0.3241189365079365 0.7017859230158731 0.33091802777777773 0.7009501380952381 0.33909119285714284 0.6890600063492063 0.36148053253968254 0.640959503968254 0.37795147222222225 0.6148015507936507 0.41673878809523807 0.5874289301587301 0.42199260476190475 0.5781673912698413 0.42749226984126987 0.5490502380952381 0.42682094603174603 0.5315307761904762
3 0.26775149682539684 0.4580256230158731 0.2695459904761905 0.46169599841269837 0.27784713492063495 0.4625284126984127 0.29745184523809526 0.4599795222222222 0.3047078380952381 0.4504255436507937 0.31012105952380953 0.40779328095238093 0.3137482134920635 0.3992412325396825 0.31490955 0.36949934682539687 0.30031280714285713 0.3826423134920635 0.2779616341269841 0.41485001666666665 0.26775149682539684 0.4580256230158731
3 0.5037371452380952 0.33012150476190477 0.5007330380952381 0.3267851063492064 0.4864669023809524 0.32603745 0.4687363880952381 0.31557135317460316 0.4300669412698413 0.3103658134920635 0.4041234103174603 0.32013253015873017 0.38268603968253967 0.33490384444444443 0.3601619801587302 0.3400813277777778 0.3423534484126984 0.3538507119047619 0.33310202063492067 0.39389760238095234 0.3257332142857143 0.4586800968253968 0.33078103333333336 0.4609314912698413 0.3420845992063492 0.4575501865079365 0.35860381507936506 0.460800142063492 0.37483227619047615 0.4695980388888889 0.37691921031746034 0.4752705904761905 0.39648406904761907 0.48106438095238097 0.4260283825396825 0.5314892396825397 0.45292725238095244 0.5034935714285714 0.4758183992063493 0.4609825484126985 0.5022569976190476 0.42660483809523814 0.5437060182539682 0.3636084126984127 0.5484580269841269 0.34875739603174605 0.5351489142857143 0.33733090555555556 0.5149161015873016 0.3291178888888889 0.5037371452380952 0.33012150476190477
3 0.6070476253968253 0.2695723611111111 0.5522709571428571 0.2380909992063492 0.5145602190476191 0.22975674365079365 0.4946630682539683 0.23030345793650794 0.47747926825396825 0.23973451269841273 0.4626697873015873 0.23418994047619046 0.44519186269841265 0.2340687015873016 0.4177462785714286 0.24216721904761904 0.388300203968254 0.25810829444444444 0.3711596253968254 0.27429690396825396 0.37099685 0.292567392063492 0.3601153888888889 0.3182235373015873 0.3649139888888889 0.3252303111111111 0.36808424126984124 0.32539645714285714 0.3924011095238095 0.3163392309523809 0.4131323603174603 0.31504148968253964 0.42543617142857143 0.30773890555555555 0.43019155 0.3079881246031746 0.44028718888888885 0.3124909142857143 0.4703215142857143 0.3156544261904762 0.4880935650793651 0.32532795952380955 0.5204640436507937 0.32940864444444445 0.5537533793650793 0.3387032944444444 0.5639304055555556 0.3340708396825397 0.5740226738095238 0.32347339365079364 0.5966713428571429 0.31591822063492064 0.6031763087301587 0.30553014206349205 0.6097660325396825 0.30110705476190475 0.6120157420634921 0.28850911825396824 0.6088421190476191 0.2732427365079365 0.6070476253968253 0.2695723611111111
3 0.47021990555555554 0.23418825555555556 0.4736360071428572 0.21449878730158728 0.4711735595238095 0.2084091857142857 0.4634572952380952 0.21158112380952382 0.4564937436507936 0.22313727857142857 0.4559537690476191 0.23344059920634921 0.46696658015873016 0.2356072357142857 0.47021990555555554 0.23418825555555556
3 0.5353262658730158 0.19746596746031747 0.505167330952381 0.19668014444444445 0.48902699761904767 0.20894747460317462 0.488114880952381 0.23393398174603175 0.5082197142857143 0.2294244515873016 0.5483496777777778 0.23709075317460318 0.5916117277777778 0.260816 0.6087988976190476 0.26648518174603175 0.6113444182539682 0.27098965634920635 0.6256487206349207 0.25584451428571425 0.6336540547619047 0.23957451666666668 0.6278950603174603 0.22814634126984126 0.6147520944444445 0.2135495984126984 0.6009428587301587 0.20408374761904763 0.5791664563492064 0.19499509523809522 0.5578918611111111 0.19149592063492063 0.5353262658730158 0.19746596746031747