1 0.68359375 0.345703125 0.6796875 0.317578125 0.667578125 0.31015625 0.640234375 0.30703125 0.631640625 0.30234375 0.621484375 0.30390625 0.6203125 0.306640625 0.625 0.309765625 0.61953125 0.331640625 0.6234375 0.356640625 0.636328125 0.36171875 0.67265625 0.366015625 0.67890625 0.364453125 0.68359375 0.345703125
1 0.56640625 0.800390625 0.5609375 0.766796875 0.5640625 0.760546875 0.549609375 0.753125 0.505078125 0.75390625 0.474609375 0.76015625 0.47265625 0.766015625 0.48359375 0.810546875 0.494921875 0.81484375 0.525 0.814453125 0.553515625 0.8109375 0.56640625 0.800390625
1 0.688671875 0.73515625 0.755078125 0.70234375 0.77578125 0.671484375 0.77734375 0.652734375 0.765234375 0.65078125 0.741796875 0.65390625 0.722265625 0.6609375 0.662109375 0.70390625 0.637109375 0.7171875 0.6234375 0.732421875 0.621875 0.744921875 0.635546875 0.7515625 0.64765625 0.751171875 0.670703125 0.74765625 0.688671875 0.73515625
1 0.16171875 0.445703125 0.17734375 0.428515625 0.18515625 0.398828125 0.184375 0.384765625 0.180859375 0.38046875 0.17421875 0.380859375 0.173046875 0.38984375 0.169140625 0.384375 0.15703125 0.398828125 0.140625 0.431640625 0.1375 0.443359375 0.13828125 0.457421875 0.141015625 0.46015625 0.15078125 0.459765625 0.15625 0.456640625 0.16171875 0.445703125
2 0.8203125 0.438671875 0.81796875 0.425390625 0.811328125 0.4140625 0.80859375 0.437109375 0.81328125 0.459765625 0.81640625 0.462109375 0.81953125 0.456640625 0.8203125 0.438671875
1 0.84765625 0.434765625 0.839453125 0.41640625 0.827734375 0.415625 0.825 0.424609375 0.83125 0.474609375 0.835546875 0.47890625 0.846875 0.480078125 0.85078125 0.469921875 0.84765625 0.434765625
1 0.8421875 0.632421875 0.84609375 0.592578125 0.841015625 0.58515625 0.830078125 0.58828125 0.819921875 0.59609375 0.81171875 0.610546875 0.81015625 0.652734375 0.812109375 0.65625 0.81875 0.655859375 0.831640625 0.64921875 0.8421875 0.632421875
1 0.723046875 0.82265625 0.75703125 0.776953125 0.746484375 0.7765625 0.716015625 0.79140625 0.6765625 0.830859375 0.671875 0.839453125 0.6796875 0.841015625 0.709765625 0.83125 0.723046875 0.82265625
1 0.828515625 0.73203125 0.8359375 0.721484375 0.8578125 0.701953125 0.8609375 0.696484375 0.859375 0.692578125 0.855859375 0.68984375 0.839453125 0.68984375 0.800390625 0.7171875 0.78046875 0.749609375 0.780859375 0.7546875 0.7859375 0.754296875 0.796484375 0.7515625 0.828515625 0.73203125
1 0.3453125 0.238671875 0.34453125 0.227734375 0.339453125 0.22578125 0.317578125 0.23671875 0.3 0.258203125 0.29921875 0.262890625 0.30546875 0.263671875 0.333203125 0.253125 0.3453125 0.238671875
1 0.14921875 0.629296875 0.14609375 0.594140625 0.14140625 0.582421875 0.129296875 0.57734375 0.1234375 0.589453125 0.125 0.623828125 0.13203125 0.643359375 0.14609375 0.651171875 0.1484375 0.649609375 0.14921875 0.629296875
3 0.10234375 0.637109375 0.0984375 0.597265625 0.1015625 0.553515625 0.09765625 0.526953125 0.1015625 0.476953125 0.1140625 0.456640625 0.10859375 0.451171875 0.11796875 0.436328125 0.117578125 0.40390625 0.101171875 0.4109375 0.094921875 0.41953125 0.086328125 0.4203125 0.08359375 0.423828125 0.06484375 0.481640625 0.05546875 0.539453125 0.05625 0.566015625 0.06171875 0.597265625 0.078125 0.643359375 0.09140625 0.663671875 0.09765625 0.659765625 0.10234375 0.637109375
3 0.26484375 0.254296875 0.290625 0.212109375 0.302734375 0.20390625 0.309375 0.194140625 0.31484375 0.181640625 0.310546875 0.171875 0.298046875 0.17421875 0.282421875 0.18515625 0.2484375 0.216796875 0.2265625 0.246484375 0.21171875 0.274609375 0.212890625 0.2796875 0.225 0.283203125 0.237890625 0.278125 0.26484375 0.254296875
3 0.9234375 0.552734375 0.925 0.509765625 0.91328125 0.455078125 0.90234375 0.419921875 0.893359375 0.41171875 0.884375 0.416015625 0.8859375 0.438671875 0.8953125 0.480859375 0.90234375 0.551953125 0.906640625 0.55859375 0.9078125 0.551953125 0.910546875 0.54921875 0.91328125 0.551171875 0.9125 0.567578125 0.915625 0.567578125 0.91953125 0.565234375 0.9234375 0.552734375
3 0.9078125 0.376953125 0.9015625 0.376171875 0.89921875 0.367578125 0.90625 0.361328125 0.901953125 0.35625 0.8984375 0.362109375 0.89453125 0.345703125 0.88125 0.325390625 0.872265625 0.31953125 0.855078125 0.29921875 0.847265625 0.296875 0.823828125 0.28046875 0.825 0.291015625 0.8484375 0.333203125 0.86640625 0.375390625 0.87421875 0.386328125 0.875 0.393359375 0.879296875 0.3984375 0.887890625 0.39921875 0.89921875 0.408984375 0.90703125 0.394140625 0.9078125 0.376953125
3 0.415625 0.141796875 0.4171875 0.128515625 0.410546875 0.12578125 0.398828125 0.1265625 0.376171875 0.13515625 0.3609375 0.148046875 0.359375 0.152734375 0.366796875 0.159375 0.375 0.158984375 0.409765625 0.15078125 0.415625 0.141796875
1 0.5453125 0.878515625 0.54609375 0.873828125 0.539453125 0.8703125 0.479296875 0.8703125 0.468359375 0.87421875 0.46484375 0.878515625 0.465625 0.886328125 0.461328125 0.8984375 0.478515625 0.90234375 0.5015625 0.902734375 0.528515625 0.89921875 0.5453125 0.878515625
0 0.0515625 0.441015625 0.0484375 0.433203125 0.05078125 0.412109375 0.061328125 0.41484375 0.071484375 0.4078125 0.076171875 0.4078125 0.078515625 0.41484375 0.089453125 0.41484375 0.094921875 0.40625 0.09921875 0.408984375 0.096875 0.404296875 0.10234375 0.392578125 0.112890625 0.3890625 0.12578125 0.376953125 0.12421875 0.369921875 0.12890625 0.357421875 0.133984375 0.3484375 0.13984375 0.347265625 0.14140625 0.341796875 0.13984375 0.328515625 0.146875 0.320703125 0.14765625 0.313671875 0.14296875 0.310546875 0.14765625 0.298046875 0.1515625 0.298046875 0.153125 0.306640625 0.15 0.309765625 0.155078125 0.31171875 0.1546875 0.305859375 0.15859375 0.302734375 0.15546875 0.298046875 0.16171875 0.298046875 0.16640625 0.284765625 0.169921875 0.2828125 0.173046875 0.290625 0.178125 0.283984375 0.17578125 0.278515625 0.17890625 0.274609375 0.175390625 0.2734375 0.173046875 0.2765625 0.17265625 0.268359375 0.176953125 0.265625 0.184765625 0.26796875 0.19375 0.259765625 0.193359375 0.25625 0.18828125 0.259765625 0.188671875 0.25 0.200390625 0.2515625 0.20859375 0.244140625 0.210546875 0.23515625 0.22421875 0.228515625 0.227734375 0.21875 0.230859375 0.22265625 0.23359375 0.220703125 0.23125 0.212109375 0.239453125 0.20859375 0.24140625 0.204296875 0.238671875 0.203125 0.235546875 0.20703125 0.232421875 0.2015625 0.2234375 0.200390625 0.235546875 0.1875 0.235546875 0.19375 0.244921875 0.1890625 0.237890625 0.18671875 0.2375 0.183984375 0.25234375 0.173828125 0.249609375 0.17109375 0.238671875 0.171875 0.235546875 0.1765625 0.23359375 0.168359375 0.247265625 0.16171875 0.251171875 0.15625 0.262890625 0.15390625 0.271875 0.144921875 0.273046875 0.14140625 0.26640625 0.141015625 0.273828125 0.11796875 0.262890625 0.121875 0.258984375 0.12890625 0.251171875 0.12890625 0.229296875 0.1453125 0.212109375 0.15234375 0.176953125 0.17890625 0.121875 0.232421875 0.08984375 0.273046875 0.06640625 0.326171875 0.05078125 0.376953125 0.0390625 0.446484375 0.03828125 0.475390625 0.039453125 0.47890625 0.0421875 0.478515625 0.046875 0.446484375 0.0515625 0.441015625
0 0.310546875 0.141406709375 0.337109375 0.139062959375 0.3359375 0.147266084375 0.3296875 0.15039108437499998 0.330078125 0.16015670937499998 0.333203125 0.153906709375 0.33828125 0.15429733437499998 0.348828125 0.137500459375 0.357421875 0.135156709375 0.369140625 0.125781709375 0.378515625 0.12500045937499998 0.387890625 0.12890670937499998 0.392578125 0.12343795937499999 0.419921875 0.11484420937499999 0.423046875 0.110156709375 0.427734375 0.113281709375 0.430078125 0.109375459375 0.438671875 0.106250459375 0.474609375 0.10312545937499999 0.48203125 0.09023483437499999 0.48515625 0.067578584375 0.481640625 0.06484420937499999 0.449609375 0.066406709375 0.394921875 0.075000459375 0.353515625 0.085937959375 0.316569759375 0.11570908203125001 0.29156543984375 0.13290154921875 0.27109375 0.135547334375 0.2703125 0.147266084375 0.253125 0.17382858437499998 0.25546875 0.178516084375 0.289453125 0.159375459375 0.310546875 0.141406709375