1 0.404296875 0.49609375 0.41171875 0.487109375 0.41484375 0.476953125 0.41484375 0.455859375 0.42421875 0.412890625 0.42109375 0.383203125 0.428125 0.376953125 0.42265625 0.369140625 0.428125 0.362109375 0.4296875 0.353515625 0.4265625 0.339453125 0.429296875 0.334375 0.4375 0.330859375 0.43984375 0.325390625 0.436328125 0.3140625 0.423828125 0.3140625 0.404296875 0.3046875 0.342578125 0.31015625 0.305078125 0.3203125 0.2765625 0.345703125 0.278125 0.353515625 0.26484375 0.400390625 0.2609375 0.430078125 0.26015625 0.482421875 0.276953125 0.48828125 0.316796875 0.48984375 0.325390625 0.50078125 0.334375 0.501171875 0.396484375 0.49921875 0.404296875 0.49609375
1 0.3671875 0.801953125 0.33671875 0.739453125 0.33671875 0.734765625 0.344921875 0.73203125 0.344921875 0.72890625 0.330859375 0.72265625 0.318359375 0.71015625 0.298828125 0.6984375 0.265234375 0.684375 0.231640625 0.67421875 0.2109375 0.679296875 0.2109375 0.682421875 0.22578125 0.695703125 0.240625 0.749609375 0.259765625 0.78125 0.327734375 0.81015625 0.3671875 0.819140625 0.3703125 0.816015625 0.3671875 0.801953125
1 0.756640625 0.7265625 0.7640625 0.717578125 0.7734375 0.701953125 0.78203125 0.663671875 0.7859375 0.621484375 0.79140625 0.612890625 0.768359375 0.58515625 0.731640625 0.58828125 0.721484375 0.6 0.694140625 0.61171875 0.669921875 0.63046875 0.65234375 0.635546875 0.65390625 0.669921875 0.6453125 0.730078125 0.64609375 0.751171875 0.648828125 0.75703125 0.659375 0.758203125 0.726953125 0.7390625 0.756640625 0.7265625
1 0.599609375 0.92890625 0.61328125 0.918359375 0.6203125 0.905859375 0.602734375 0.9046875 0.574609375 0.909375 0.504296875 0.9140625 0.48984375 0.918359375 0.49140625 0.929296875 0.496484375 0.9375 0.53359375 0.938671875 0.576953125 0.93515625 0.599609375 0.92890625
1 0.316015625 0.8828125 0.243359375 0.84375 0.23359375 0.841015625 0.246875 0.864453125 0.266015625 0.88046875 0.316796875 0.9046875 0.33515625 0.908203125 0.33125 0.898828125 0.316015625 0.8828125
1 0.5578125 0.163671875 0.5515625 0.153515625 0.5515625 0.145703125 0.522265625 0.13515625 0.494140625 0.134375 0.476953125 0.1375 0.4609375 0.146484375 0.45625 0.161328125 0.462109375 0.1734375 0.481640625 0.1703125 0.5546875 0.173046875 0.5578125 0.169921875 0.5578125 0.163671875
1 0.33125 0.120703125 0.33125 0.116015625 0.305078125 0.12265625 0.2890625 0.137109375 0.291015625 0.14140625 0.29375 0.141015625 0.324609375 0.128125 0.33125 0.120703125
1 0.40546875 0.094140625 0.40546875 0.090234375 0.396484375 0.08515625 0.369140625 0.09453125 0.359375 0.101953125 0.361328125 0.10546875 0.36796875 0.105078125 0.400390625 0.09765625 0.40546875 0.094140625
1 0.46640625 0.076953125 0.441015625 0.0765625 0.43046875 0.083203125 0.43671875 0.085546875 0.464453125 0.0828125 0.46640625 0.076953125
3 0.8546875 0.628515625 0.859375 0.608984375 0.857421875 0.58203125 0.85234375 0.587890625 0.8515625 0.597265625 0.83359375 0.635546875 0.83359375 0.641015625 0.83984375 0.648046875 0.84765625 0.642578125 0.8546875 0.628515625
1 0.9046875 0.523046875 0.9046875 0.503515625 0.896875 0.461328125 0.89140625 0.450390625 0.883203125 0.44609375 0.868359375 0.45078125 0.86484375 0.459765625 0.86640625 0.504296875 0.87265625 0.550390625 0.876171875 0.55546875 0.88046875 0.555078125 0.9 0.548046875 0.9046875 0.523046875
1 0.87109375 0.740234375 0.88125 0.711328125 0.880859375 0.70390625 0.8484375 0.732421875 0.83125 0.761328125 0.82421875 0.788671875 0.8609375 0.758984375 0.87109375 0.740234375
1 0.703515625 0.153125 0.669140625 0.1375 0.662109375 0.13671875 0.6578125 0.139453125 0.6625 0.150390625 0.682421875 0.16484375 0.721484375 0.18203125 0.7328125 0.182421875 0.72421875 0.167578125 0.703515625 0.153125
1 0.09765625 0.394140625 0.10703125 0.348828125 0.105859375 0.33984375 0.09453125 0.354296875 0.084375 0.378515625 0.0765625 0.407421875 0.0765625 0.420703125 0.08046875 0.423046875 0.0890625 0.416015625 0.09765625 0.394140625
1 0.067578125 0.6125 0.06796875 0.630078125 0.0796875 0.673046875 0.09453125 0.697265625 0.10390625 0.703515625 0.07734375 0.622265625 0.067578125 0.6125
1 0.1890625 0.194921875 0.192578125 0.1953125 0.211328125 0.18203125 0.225 0.164453125 0.215234375 0.1671875 0.192578125 0.18671875 0.180859375 0.190625 0.17421875 0.200390625 0.17734375 0.201171875 0.188671875 0.19140625 0.1890625 0.194921875
1 0.29296875 0.116796875 0.277734375 0.11875 0.264453125 0.1265625 0.26015625 0.137109375 0.285546875 0.12578125 0.29296875 0.116796875
1 0.8890625 0.596484375 0.8984375 0.573828125 0.898046875 0.5640625 0.8765625 0.588671875 0.8703125 0.605078125 0.8625 0.637109375 0.8625 0.660546875 0.85859375 0.674609375 0.85859375 0.680078125 0.8640625 0.680078125 0.88125 0.640234375 0.8890625 0.596484375