1 0.6884092763385147 0.6257496683937823 0.7060183246977547 0.6197545759930915 0.715457414507772 0.6128989421416235 0.7225787184801382 0.592518322970639 0.7261076053540587 0.5416834291882556 0.7220632366148532 0.5198528989637305 0.7067194447322971 0.5073747348877374 0.6838872884283247 0.4975307227979275 0.6784382037996546 0.4860034905008636 0.6676377599309153 0.49408489205526773 0.6197515509499136 0.48379259585492224 0.5878436986183074 0.48212037651122625 0.5827616761658031 0.4883396105354058 0.5764575518134715 0.5096277996545768 0.5695787253886011 0.5996329352331606 0.5722617392055267 0.6226892340241796 0.5758938506044905 0.6276356709844559 0.5861067573402419 0.6307651355785837 0.6537787158894646 0.6265289861830743 0.6604083730569947 0.6402799481865284 0.6642664602763385 0.6409145129533679 0.6710713981001727 0.6265705146804836 0.6884092763385147 0.6257496683937823
1 0.7835794905008635 0.5918238946459413 0.8012789291882556 0.5841040535405873 0.8078560578583764 0.5658567720207254 0.8076642763385147 0.5200153445595855 0.7753893626943006 0.5005966580310881 0.7728907962003454 0.49052116925734024 0.7691230993091537 0.4881618549222798 0.7610001692573403 0.49465409412780653 0.7329485708117444 0.48540128583765113 0.7226000777202073 0.48485894386873923 0.7189697996545769 0.48812766148531955 0.7226019110535405 0.4930740984455959 0.7223344075993092 0.5146786528497409 0.7275123212435233 0.5313801321243524 0.7271617607944733 0.5875700526770293 0.7551211355785838 0.5903324550949913 0.7632025379965458 0.6011328989637306 0.769736304835924 0.591963146804836 0.7835794905008635 0.5918238946459413
1 0.7900698955094991 0.591731670984456 0.7889381839378239 0.6050758765112263 0.8148546105354059 0.6055693557858377 0.8308274671848014 0.589543969775475 0.8338140129533679 0.5490575690846287 0.827638139896373 0.534898018134715 0.8198297417962004 0.527138481865285 0.8098446433506046 0.5279122996545769 0.8053629922279794 0.5804267469775475 0.7900698955094991 0.591731670984456
1 0.8070962659758204 0.41535167875647666 0.8073240751295336 0.4192549611398964 0.8147819127806564 0.4832044170984456 0.8378418791018999 0.49695171157167534 0.8466464032815199 0.4939541658031088 0.850139262521589 0.48505741709844563 0.8426869257340242 0.4457534240069084 0.8286574594127807 0.42469671070811743 0.8119071174438688 0.41430668998272885 0.8070962659758204 0.41535167875647666
1 0.8486386563039724 0.4724400008635578 0.8523232970639032 0.5093846804835924 0.8583165561312608 0.5187785751295336 0.8720241554404146 0.521226445595855 0.874564250431779 0.5140092512953368 0.8725158013816926 0.48709486528497403 0.862617426597582 0.46971362521588944 0.8507249663212435 0.46563139637305695 0.8486386563039724 0.4724400008635578
1 0.19777133074265976 0.22776457944732295 0.20833846545768567 0.19113443264248706 0.21886407167530225 0.17179696804835923 0.21713748877374783 0.1634914231433506 0.18554967012089812 0.17221289119170985 0.16943939464594127 0.18261024611398963 0.13976260449050087 0.21261806908462869 0.07356989378238342 0.3371310146804836 0.06758213471502592 0.3523825829015544 0.06618291968911917 0.3873313428324698 0.06913527115716753 0.3969982409326425 0.0794837633851468 0.3975405829015544 0.10430817271157168 0.3858704309153713 0.11751312607944732 0.3731589568221071 0.12245772970639032 0.36131169084628667 0.13443691364421415 0.3472388635578584 0.16637529360967185 0.28232747495682214 0.19777133074265976 0.22776457944732295
2 0.2600338998272884 0.18649336010362697 0.23293873229706388 0.19199130656303973 0.21991456044905008 0.2012532823834197 0.2137912158894646 0.2190919732297064 0.2002680639032815 0.22962491364421414 0.18801954231433507 0.2570871416234888 0.19215063385146805 0.26076261485319513 0.2026799067357513 0.25785545941278065 0.22459716062176163 0.23565603367875645 0.2580905094991364 0.22357545854922278 0.2795106165803109 0.2108621511226252 0.282913085492228 0.2036901519861831 0.26788932642487046 0.2016056761658031 0.2600338998272884 0.18649336010362697
1 0.6165201459412781 0.8507066312607945 0.6202371468048359 0.8292828566493955 0.6009467115716753 0.826110030224525 0.5591007892918826 0.8325644084628671 0.5384074715025907 0.8479100336787565 0.5038257728842832 0.8642572858376512 0.4722379533678756 0.8729787538860104 0.4592626433506045 0.897808664075993 0.45776937046632127 0.9180518644214163 0.45958634283246974 0.9246326597582037 0.4659411632124353 0.9271275595854923 0.5073351338514681 0.9292969257340241 0.5477274775474956 0.9175779110535407 0.5769993436960277 0.9035466113989638 0.5918838506044904 0.8917879024179621 0.6049965803108809 0.8725860233160622 0.6165201459412781 0.8507066312607945
1 0.32407081433506046 0.9776302279792747 0.2908413022452504 0.9516759395509499 0.2654635500863558 0.9244036597582039 0.2181648773747841 0.9029004956822108 0.2121282573402418 0.9025841303972366 0.2092247677029361 0.9084851658031089 0.21662641018998274 0.9240060708117444 0.2677453082901554 0.9798667910189983 0.2915966355785838 0.9897642150259066 0.31606541968911916 0.9910465699481865 0.3242534283246978 0.9823958842832471 0.32407081433506046 0.9776302279792747
1 0.2697864231433506 0.9739205604490502 0.2487694050086356 0.9624421899827288 0.17222939291882555 0.8883867176165804 0.14531133937823834 0.8740048583765112 0.1401822884283247 0.8728713126079447 0.1390487435233161 0.8780003644214163 0.14799435319516407 0.8970611571675302 0.18858214507772023 0.9476138791018999 0.20719465457685665 0.9637223212435233 0.2451427944732297 0.9821412150259068 0.25630846632124354 0.9835911260794474 0.26184427288428325 0.9769633013816926 0.27164859067357516 0.979638981865285 0.2697864231433506 0.9739205604490502
1 0.6933618557858376 0.8530042487046632 0.6730807944732297 0.8852339671848014 0.6798893989637306 0.8873202772020725 0.6896014930915372 0.8835055509499137 0.7215038445595855 0.8605323082901554 0.7382016571675303 0.8389240863557859 0.7430540371329879 0.8205864153713298 0.7263525578583765 0.8257643290155441 0.709018347150259 0.8430154835924007 0.6933618557858376 0.8530042487046632
1 0.628161604490501 0.9503298031088082 0.6554827469775475 0.9405199844559585 0.6717719697754749 0.9184579784110536 0.6548878765112262 0.9188702348877374 0.6372788272884283 0.9248653272884283 0.6098691286701209 0.94461504835924 0.6099613523316062 0.9511054542314336 0.628161604490501 0.9503298031088082
1 0.639781061312608 0.9513711243523316 0.6382389257340242 0.9560463903281519 0.6511745414507772 0.956724317789292 0.680627189119171 0.9392435198618307 0.7065381157167531 0.9150915371329879 0.7099387504317789 0.8997043834196892 0.7009968074265976 0.8970738989637306 0.675038853195164 0.9138731018998273 0.6641950474956823 0.9310320328151986 0.639781061312608 0.9513711243523316
3 0.8273644930915371 0.32561588082901555 0.8526988834196891 0.3619656899827289 0.8691328592400691 0.37839233074265977 0.8847930164075992 0.3848338747841105 0.8853805535405872 0.37362300777202073 0.8742979378238341 0.33758773056994823 0.8378339032815199 0.2578498652849741 0.8219422694300519 0.23107473143350604 0.8079146364421417 0.21823317271157167 0.8057342694300519 0.21033621848013817 0.7997428436960277 0.20915747841105356 0.8016935682210707 0.20493599654576858 0.7984700466321244 0.20044334369602765 0.7764080397236615 0.18415412176165802 0.773320103626943 0.17707434542314335 0.7437697322970639 0.16341927547495683 0.739729031088083 0.1580190535405872 0.7143097504317789 0.14803945509499136 0.6538910146804836 0.11287755440414508 0.6231619032815199 0.10521390932642487 0.6048223981001727 0.09214637478411053 0.589525634715026 0.08702099050086357 0.5602049058721934 0.08548435664939552 0.5593895604490501 0.09279194127806563 0.5649742297063903 0.10173205094991365 0.5591202227979275 0.10618134196891192 0.5442790777202072 0.10886252158894645 0.54223796373057 0.11480875215889463 0.558852719343696 0.12778589637305698 0.5842268039723661 0.13862786787564765 0.6080153929188256 0.16322263557858377 0.6810081839378238 0.2059614585492228 0.7049323575129534 0.2279691018998273 0.7329387607944732 0.23808428497409326 0.7682997772020725 0.2563675941278066 0.8273644930915371 0.32561588082901555