1 0.758500559375 0.39682706562500003 0.7486602 0.37486366484375 0.73100180859375 0.3536240640625 0.71450365078125 0.34449495859375 0.6883016578125 0.344812875 0.670876759375 0.33705771875 0.61655641796875 0.32374035078125 0.59286882890625 0.312427303125 0.56621962734375 0.31044453125000004 0.5346493609375 0.31180593515625 0.506870478125 0.32038909296875 0.48326731328125005 0.32179359375 0.47634369843749996 0.3271187703125 0.46736366250000005 0.34438382421874997 0.45977735312499995 0.38724381953125003 0.46211936796874997 0.40748126015624997 0.47483337578124996 0.46470033906249997 0.48821007734375 0.48438459921875 0.51082185625 0.49630469921875 0.535937265625 0.49858561015624997 0.55521564375 0.50359286953125 0.5599445421875 0.50744889921875 0.5789463296874999 0.506938815625 0.60953598515625 0.5169102375 0.65269411875 0.5260303390625001 0.65589999921875 0.5281927328125 0.649252975 0.5390352523437499 0.6479742242187501 0.54883428515625 0.65313955703125 0.55698277890625 0.65913643125 0.5530315515625001 0.664143690625 0.5337531734375001 0.668308634375 0.5285662921875 0.7106998718749999 0.53783546328125 0.7299997984375 0.538859171875 0.7491722046875 0.53513243359375 0.75993030078125 0.529061909375 0.76641748125 0.5194442687499999 0.771424740625 0.500165890625 0.772811234375 0.4704491046875 0.76898929765625 0.440550925 0.758500559375 0.39682706562500003
1 0.41517339140625 0.33383590234375 0.40712186640625003 0.32107525703125 0.39720608671875 0.31305428359375 0.37466795703125 0.31584350781250004 0.34872100625 0.32566231874999996 0.309523103125 0.3491990671875 0.2969761734375 0.34606683671875 0.29399301171875003 0.35938066328125 0.2698348953125 0.37840222890624997 0.24194826953124998 0.40690313984375 0.23328792109375002 0.42171843593749997 0.231964303125 0.468136321875 0.2368620484375 0.4974274484375 0.243976059375 0.51355381796875 0.25376431796875 0.51682434375 0.27185013984375 0.5156964335937501 0.31113246640625 0.5048772328125 0.31837576875 0.4971022984375 0.36969494140625 0.47041354062499996 0.40899881640625 0.45561078984375003 0.42243116015625004 0.436684421875 0.427928725 0.41173963125 0.422339503125 0.36865514609375 0.41517339140625 0.33383590234375
1 0.20550549765624998 0.48760509609374997 0.20061675546875 0.48497394531250004 0.1937146890625 0.48631557109375 0.17848273671874998 0.498030959375 0.17464825546875 0.49877630703125 0.16991935703125 0.49492027734375005 0.1669469703125 0.506242328125 0.15505919296874998 0.52287878125 0.15301354609375 0.53282688359375 0.15923136953125 0.57300362734375 0.16907172890625 0.594967028125 0.1901712640625 0.603201715625 0.19372915468750002 0.596939025 0.22165710703125 0.5891227640625 0.2186990359375 0.5411495375 0.20550549765624998 0.48760509609374997
1 0.48324621562500003 0.8355333406250001 0.46525736171875 0.81873527265625 0.4262103 0.81438716640625 0.39057205859375 0.8030094726562499 0.3708680203125 0.79171797421875 0.34330285312500003 0.78911737578125 0.33500528984375 0.79351581171875 0.3422683703125 0.810409078125 0.35886172578125 0.8302639562499999 0.38511582031249997 0.8486389140625 0.4600992625 0.86589850546875 0.49137138984375 0.863003309375 0.49307580078125 0.85948851640625 0.48324621562500003 0.8355333406250001
1 0.31642916171875 0.8003101351562499 0.30270045 0.789050959375 0.251011259375 0.7708448492187501 0.2525019546875 0.77851381171875 0.2721197984375 0.80573951328125 0.28874547734375 0.819619065625 0.32698254609375 0.83208334296875 0.3360146828125 0.8335111632812501 0.3401688515625 0.83031605703125 0.31642916171875 0.8003101351562499
1 0.20578947109375 0.7183528984375 0.18579806796875 0.70353583125 0.17416710390625 0.70102142734375 0.1762648515625 0.70976619921875 0.198885634375 0.7483462750000001 0.2222427609375 0.76410085625 0.22989017500000003 0.76659371171875 0.23265962109375 0.76446364140625 0.20578947109375 0.7183528984375
1 0.14177961015625 0.6551872750000001 0.134611728125 0.64901978203125 0.12817841953125 0.64867854609375 0.12812454765625 0.6586374226562499 0.13796490703125 0.6806008234375 0.14252318749999998 0.68767350703125 0.156891275 0.6940331671875 0.14177961015625 0.6551872750000001
1 0.14617597578125 0.35229912578125 0.13648291484375 0.35975437265625 0.119045471875 0.3826427421875 0.10988404375000001 0.4051162265625 0.10681468828125 0.43436425625 0.10940274140624999 0.43744261484375 0.11615573828125 0.43533409296875 0.1388554828125 0.4026682390625 0.14860418515625 0.3566023640625 0.14617597578125 0.35229912578125
1 0.8440610062499999 0.75306202734375 0.8359232867187499 0.7562355843749999 0.796617640625 0.79969008671875 0.7816084078125 0.8268816953125 0.7809043867187501 0.8437318640625 0.7894785398437499 0.8448507703124999 0.8028354640625001 0.8398668304687501 0.8174711382812501 0.82508385703125 0.8355479562499999 0.79729597109375 0.84755425078125 0.75874998828125 0.8440610062499999 0.75306202734375
2 0.5312493929687501 0.17557676640625 0.51882998359375 0.17719498203125 0.51135318828125 0.17148547265625 0.49786874374999995 0.171718965625 0.4867065359375 0.1675217 0.4676832 0.172015334375 0.44035152578125 0.18289918046875 0.436804409375 0.18717009609375 0.44214036015625 0.19210193515625001 0.45394194296875 0.191399684375 0.48118742265625 0.19645004140625 0.5468208109375 0.1860798203125 0.5312493929687501 0.17557676640625
2 0.5097332015625 0.18771781406250002 0.4807402140625 0.19414935234375 0.44337601328125 0.19027000390624998 0.42848529765625 0.1955520828125 0.42493818046875004 0.1998229984375 0.42767530390625 0.20366825390624999 0.43502457890625 0.20462731640624998 0.476713565625 0.20209490546875003 0.486704765625 0.19617345078124998 0.51231048046875 0.19278794921875 0.5097332015625 0.18771781406250002
2 0.297385596875 0.2703793734375 0.29009019375 0.25946143359375 0.28564866015625 0.25913097109375 0.260403959375 0.28075136484374996 0.2582200171875 0.28794079609375 0.268775171875 0.29106225234375 0.280278615625 0.288826209375 0.28935384921875 0.282286928125 0.303924878125 0.27945460703124997 0.32128690078125 0.27050866484374997 0.32422696484375 0.26516193984375 0.297385596875 0.2703793734375
2 0.38709621953125 0.17096653515625 0.35840137109375003 0.17893186640625 0.32753335546875 0.19209485234375 0.3267341359375 0.1982192484375 0.33377449765625 0.19963629375 0.3680082375 0.187410821875 0.38858691484375 0.17863549765625 0.39090915234375 0.17420473828125 0.38709621953125 0.17096653515625
2 0.3352023171875 0.19060415703125 0.3259995625 0.19239299140625 0.29419403203125 0.2089217015625 0.29109412421875 0.21549330625000002 0.3366930125 0.19827311953124999 0.3352023171875 0.19060415703125
3 0.17864774218749999 0.24093209453125 0.1668246109375 0.24561789531249997 0.13307940546875 0.28082870625 0.11391600312500001 0.3112154203125 0.10130265703125 0.34868559296875 0.090925353125 0.39765920859375 0.086257559375 0.4391560296875 0.09310575390625 0.44777328046875003 0.11795888828125001 0.3852415703125 0.1346617578125 0.35652694375 0.15364553828125 0.30269690859375 0.1881055390625 0.24864415390625 0.17864774218749999 0.24093209453125
2 0.39022728125 0.866746284375 0.3695641796875 0.86280406015625 0.3517980453125 0.8614822125 0.34473613515625 0.8640487171875 0.36996829140625 0.87307185 0.39755500703125 0.8716888984375 0.39022728125 0.866746284375