1 0.56328125 0.647265625 0.5671875 0.548828125 0.565625 0.513671875 0.55859375 0.476171875 0.5609375 0.466796875 0.55625 0.451171875 0.551171875 0.44765625 0.478515625 0.44609375 0.46953125 0.454296875 0.46953125 0.482421875 0.46640625 0.486328125 0.4671875 0.546484375 0.4625 0.591796875 0.46328125 0.641015625 0.46640625 0.648828125 0.470703125 0.65078125 0.52265625 0.655078125 0.557421875 0.65234375 0.56328125 0.647265625
1 0.36640625 0.482421875 0.362109375 0.4796875 0.325390625 0.48203125 0.3203125 0.488671875 0.31796875 0.510546875 0.321875 0.542578125 0.354296875 0.54296875 0.37265625 0.546484375 0.37421875 0.533203125 0.36640625 0.482421875
1 0.52734375 0.350390625 0.530078125 0.340625 0.506640625 0.3296875 0.494140625 0.3296875 0.47734375 0.339453125 0.47890625 0.345703125 0.4734375 0.367578125 0.476171875 0.38203125 0.5265625 0.383203125 0.53046875 0.373046875 0.52734375 0.350390625
1 0.3875 0.337109375 0.390625 0.310546875 0.383203125 0.3046875 0.354296875 0.309375 0.34765625 0.317578125 0.340625 0.336328125 0.33984375 0.353515625 0.3421875 0.355078125 0.381640625 0.35 0.3875 0.337109375
1 0.4828125 0.305859375 0.4828125 0.294140625 0.47890625 0.287109375 0.464453125 0.2828125 0.440234375 0.28515625 0.42578125 0.306640625 0.425 0.319140625 0.43046875 0.321484375 0.472265625 0.3203125 0.4828125 0.305859375
1 0.51796875 0.259765625 0.510546875 0.25078125 0.483984375 0.25 0.47421875 0.257421875 0.471875 0.275390625 0.474609375 0.28046875 0.51484375 0.280859375 0.51875 0.272265625 0.51796875 0.259765625
1 0.421875 0.261328125 0.421875 0.248046875 0.416015625 0.24609375 0.393359375 0.24921875 0.38125 0.264453125 0.37890625 0.276171875 0.3828125 0.277734375 0.416015625 0.2734375 0.421875 0.261328125
1 0.360546875 0.26640625 0.347265625 0.26640625 0.33203125 0.273046875 0.3203125 0.297265625 0.321484375 0.303125 0.32734375 0.302734375 0.35546875 0.294921875 0.360546875 0.26640625
1 0.51484375 0.237109375 0.507421875 0.22578125 0.483203125 0.22578125 0.47578125 0.232421875 0.475 0.243359375 0.477734375 0.2484375 0.51171875 0.248828125 0.51484375 0.246484375 0.51484375 0.237109375
1 0.405859375 0.86640625 0.369140625 0.85703125 0.36171875 0.858984375 0.3671875 0.873828125 0.372265625 0.87890625 0.398828125 0.88671875 0.41640625 0.887109375 0.41484375 0.874609375 0.405859375 0.86640625
1 0.2125 0.526953125 0.21640625 0.482421875 0.21484375 0.473828125 0.211328125 0.47109375 0.194921875 0.47265625 0.1875 0.493359375 0.1875 0.526171875 0.20078125 0.530859375 0.208203125 0.53046875 0.2125 0.526953125
1 0.2046875 0.576953125 0.2015625 0.537109375 0.194921875 0.53046875 0.183203125 0.5296875 0.17890625 0.534765625 0.17734375 0.546484375 0.18046875 0.577734375 0.186328125 0.58515625 0.20078125 0.586328125 0.20390625 0.584765625 0.2046875 0.576953125
1 0.2109375 0.593359375 0.203515625 0.58671875 0.191796875 0.58515625 0.1890625 0.587890625 0.19140625 0.627734375 0.211328125 0.64765625 0.21640625 0.648046875 0.2203125 0.643359375 0.2109375 0.593359375
1 0.21015625 0.648046875 0.201953125 0.6359375 0.187890625 0.63125 0.1859375 0.648046875 0.19453125 0.679296875 0.212890625 0.690625 0.21796875 0.690234375 0.2171875 0.670703125 0.21015625 0.648046875
1 0.21328125 0.693359375 0.194921875 0.6828125 0.19375 0.699609375 0.2 0.719921875 0.213671875 0.734375 0.22890625 0.737890625 0.221875 0.710546875 0.21328125 0.693359375
1 0.22421875 0.747265625 0.203515625 0.7359375 0.20390625 0.750390625 0.21171875 0.768359375 0.223828125 0.778125 0.2359375 0.782421875 0.2359375 0.769140625 0.22421875 0.747265625
1 0.241015625 0.81171875 0.2234375 0.805078125 0.225 0.816015625 0.240234375 0.83515625 0.258984375 0.846875 0.2671875 0.847265625 0.2625 0.835546875 0.241015625 0.81171875
1 0.269140625 0.859375 0.252734375 0.85078125 0.2484375 0.851953125 0.2484375 0.858984375 0.255078125 0.86796875 0.277734375 0.88125 0.2875 0.883203125 0.28671875 0.876953125 0.269140625 0.859375
2 0.67421875 0.592578125 0.670703125 0.58984375 0.65625 0.611328125 0.65546875 0.642578125 0.66328125 0.654296875 0.67734375 0.611328125 0.67421875 0.592578125
2 0.68359375 0.480859375 0.673046875 0.46484375 0.66953125 0.467578125 0.66953125 0.473828125 0.66484375 0.478515625 0.66328125 0.486328125 0.6671875 0.498828125 0.66796875 0.517578125 0.670703125 0.521875 0.675 0.522265625 0.68125 0.518359375 0.68359375 0.480859375
1 0.26328125 0.293359375 0.265234375 0.27578125 0.254296875 0.278125 0.23828125 0.294921875 0.23125 0.312890625 0.234375 0.316796875 0.25546875 0.307421875 0.26328125 0.293359375
1 0.2890625 0.239453125 0.287109375 0.23515625 0.280859375 0.2359375 0.2703125 0.243359375 0.259375 0.258984375 0.259765625 0.2625 0.2640625 0.262109375 0.2828125 0.252734375 0.2890625 0.239453125
1 0.446875 0.220703125 0.4484375 0.208203125 0.435546875 0.20625 0.421484375 0.209375 0.4140625 0.221484375 0.415234375 0.22734375 0.42109375 0.227734375 0.443359375 0.225 0.446875 0.220703125
1 0.3953125 0.192578125 0.387890625 0.190625 0.376171875 0.19375 0.3671875 0.203515625 0.3703125 0.207421875 0.391015625 0.203125 0.3953125 0.192578125
1 0.446875 0.185546875 0.44609375 0.179296875 0.433984375 0.17734375 0.421484375 0.18203125 0.41875 0.192578125 0.42734375 0.193359375 0.443359375 0.19140625 0.446875 0.185546875
1 0.537890625 0.184375 0.5140625 0.185546875 0.5109375 0.197265625 0.514453125 0.203125 0.54140625 0.204296875 0.54296875 0.198828125 0.537890625 0.184375
1 0.578125 0.195703125 0.571484375 0.18828125 0.553515625 0.18515625 0.546875 0.188671875 0.54609375 0.193359375 0.550390625 0.19921875 0.5734375 0.201953125 0.578125 0.200390625 0.578125 0.195703125
3 0.871875 0.717578125 0.87734375 0.691796875 0.88359375 0.686328125 0.88828125 0.676171875 0.8921875 0.645703125 0.89375 0.587109375 0.89921875 0.571484375 0.89921875 0.565234375 0.89375 0.561328125 0.89296875 0.551171875 0.9 0.533984375 0.909765625 0.53125 0.9140625 0.520703125 0.90625 0.457421875 0.89453125 0.450390625 0.88984375 0.435546875 0.891015625 0.42734375 0.878515625 0.4234375 0.862890625 0.4234375 0.859765625 0.4328125 0.84921875 0.430078125 0.84375 0.411328125 0.8390625 0.408203125 0.83359375 0.396484375 0.83046875 0.373046875 0.82265625 0.351171875 0.815625 0.341015625 0.81484375 0.330078125 0.796875 0.294140625 0.784375 0.286328125 0.772265625 0.26796875 0.753125 0.255859375 0.7328125 0.228515625 0.7203125 0.218359375 0.71171875 0.203515625 0.70625 0.199609375 0.70078125 0.185546875 0.687109375 0.1703125 0.669140625 0.15703125 0.630078125 0.1375 0.616015625 0.125 0.592578125 0.1125 0.581640625 0.1109375 0.555859375 0.09765625 0.541015625 0.0984375 0.537890625 0.10234375 0.524609375 0.096875 0.518359375 0.09765625 0.51796875 0.105078125 0.5328125 0.116015625 0.53671875 0.130078125 0.553125 0.148828125 0.55703125 0.161328125 0.5828125 0.188671875 0.5921875 0.216015625 0.604296875 0.22421875 0.6171875 0.239453125 0.6203125 0.251171875 0.61171875 0.269921875 0.615625 0.282421875 0.63203125 0.309765625 0.64765625 0.325390625 0.65078125 0.348828125 0.669921875 0.36015625 0.675 0.369140625 0.6765625 0.387109375 0.68515625 0.407421875 0.684375 0.426953125 0.6984375 0.463671875 0.69765625 0.491015625 0.70859375 0.514453125 0.71015625 0.538671875 0.71953125 0.548828125 0.725 0.566796875 0.72421875 0.587109375 0.73203125 0.611328125 0.73046875 0.623828125 0.72109375 0.643359375 0.72265625 0.658984375 0.71875 0.701953125 0.722265625 0.70625 0.729296875 0.70234375 0.732421875 0.69609375 0.744921875 0.690625 0.752734375 0.690625 0.75390625 0.698046875 0.757421875 0.69921875 0.7796875 0.672265625 0.78515625 0.643359375 0.78984375 0.634765625 0.7921875 0.583203125 0.8 0.569140625 0.808203125 0.5640625 0.815625 0.599609375 0.8140625 0.617578125 0.8171875 0.655078125 0.835546875 0.66015625 0.84765625 0.658984375 0.8453125 0.701953125 0.83203125 0.746484375 0.833203125 0.75234375 0.84140625 0.751953125 0.8609375 0.733203125 0.871875 0.717578125