2 0.7890625 0.700390625 0.788671875 0.6765625 0.78125 0.683203125 0.7765625 0.695703125 0.76171875 0.710546875 0.74921875 0.733984375 0.740625 0.756640625 0.741796875 0.76171875 0.75 0.758984375 0.7375 0.781640625 0.737890625 0.78515625 0.74140625 0.784765625 0.78125 0.722265625 0.7890625 0.700390625
2 0.81796875 0.748828125 0.8296875 0.717578125 0.829296875 0.7109375 0.82109375 0.716796875 0.815625 0.733203125 0.803125 0.755078125 0.76484375 0.796484375 0.769921875 0.79921875 0.776953125 0.79453125 0.775 0.801171875 0.77734375 0.802734375 0.7890625 0.794921875 0.81796875 0.748828125
2 0.71640625 0.789453125 0.71796875 0.777734375 0.72734375 0.769140625 0.720703125 0.7671875 0.71875 0.760546875 0.72890625 0.746484375 0.727734375 0.740625 0.718359375 0.74375 0.69453125 0.773046875 0.684375 0.799609375 0.6859375 0.808203125 0.67421875 0.831640625 0.6796875 0.832421875 0.70234375 0.808203125 0.71640625 0.789453125
2 0.54921875 0.680078125 0.5546875 0.664453125 0.56328125 0.658984375 0.56640625 0.633984375 0.56953125 0.629296875 0.56484375 0.612109375 0.553125 0.600390625 0.5546875 0.585546875 0.548046875 0.57890625 0.541015625 0.5796875 0.53671875 0.584765625 0.5375 0.596484375 0.51875 0.608984375 0.5125 0.626171875 0.509375 0.654296875 0.513671875 0.66171875 0.518359375 0.65859375 0.52109375 0.662109375 0.521875 0.698828125 0.51875 0.708203125 0.527734375 0.71015625 0.53203125 0.705078125 0.534765625 0.6796875 0.5375 0.684765625 0.534375 0.706640625 0.53125 0.710546875 0.5390625 0.712890625 0.54453125 0.710546875 0.54921875 0.680078125
2 0.474609375 0.53125 0.478125 0.523046875 0.4765625 0.510546875 0.46796875 0.501171875 0.46484375 0.483203125 0.459765625 0.47890625 0.4515625 0.482421875 0.44921875 0.487109375 0.45078125 0.498828125 0.4421875 0.505078125 0.43828125 0.513671875 0.44375 0.551953125 0.457421875 0.53125 0.474609375 0.53125
2 0.51875 0.584765625 0.52421875 0.519140625 0.52109375 0.511328125 0.5125 0.502734375 0.51328125 0.487890625 0.504296875 0.484375 0.49765625 0.491796875 0.49921875 0.502734375 0.48828125 0.513671875 0.4875 0.530078125 0.4921875 0.553515625 0.49296875 0.605859375 0.494921875 0.60859375 0.51015625 0.610546875 0.51328125 0.608203125 0.51875 0.584765625
2 0.5734375 0.566015625 0.56796875 0.551171875 0.56015625 0.544921875 0.55859375 0.523828125 0.548828125 0.5203125 0.540625 0.528515625 0.54140625 0.543359375 0.530859375 0.54765625 0.525 0.554296875 0.52109375 0.598046875 0.523828125 0.6015625 0.530859375 0.6 0.5359375 0.594921875 0.53828125 0.581640625 0.549609375 0.57890625 0.55546875 0.588671875 0.55390625 0.600390625 0.5625 0.605859375 0.571875 0.596484375 0.5734375 0.566015625
2 0.62578125 0.560546875 0.6265625 0.536328125 0.6203125 0.523046875 0.62109375 0.515234375 0.616796875 0.51015625 0.6078125 0.513671875 0.60703125 0.526171875 0.5984375 0.538671875 0.603125 0.577734375 0.60390625 0.604296875 0.6015625 0.608203125 0.60703125 0.612109375 0.61796875 0.604296875 0.62578125 0.560546875
2 0.665625 0.662890625 0.670703125 0.64609375 0.674609375 0.6453125 0.683203125 0.65859375 0.6890625 0.651953125 0.68359375 0.617578125 0.6859375 0.605859375 0.690234375 0.60390625 0.702734375 0.61640625 0.70859375 0.612109375 0.68984375 0.584765625 0.689453125 0.565625 0.678125 0.568359375 0.67265625 0.584765625 0.66015625 0.598828125 0.65703125 0.612109375 0.6578125 0.635546875 0.65234375 0.662109375 0.65546875 0.676171875 0.65625 0.671484375 0.665625 0.662890625
2 0.4828125 0.653515625 0.4796875 0.638671875 0.484375 0.627734375 0.484375 0.616796875 0.47890625 0.591015625 0.483984375 0.5890625 0.486328125 0.59453125 0.48828125 0.592578125 0.47578125 0.551953125 0.47578125 0.535546875 0.472265625 0.53125 0.460546875 0.5296875 0.45546875 0.532421875 0.4484375 0.555859375 0.44296875 0.559765625 0.43984375 0.604296875 0.441796875 0.60859375 0.44765625 0.610546875 0.45 0.618359375 0.4546875 0.660546875 0.459765625 0.6625 0.466796875 0.66015625 0.472265625 0.66796875 0.4796875 0.668359375 0.47890625 0.658203125 0.4828125 0.653515625
2 0.640625 0.679296875 0.65234375 0.662109375 0.65703125 0.637109375 0.65546875 0.604296875 0.65859375 0.596484375 0.671875 0.583203125 0.67890625 0.565234375 0.674609375 0.5578125 0.66640625 0.560546875 0.66171875 0.573828125 0.65 0.591015625 0.63984375 0.632421875 0.64140625 0.648046875 0.6234375 0.688671875 0.6234375 0.694921875 0.6296875 0.695703125 0.640625 0.687890625 0.640625 0.679296875
2 0.710546875 0.734375 0.71484375 0.740234375 0.71875 0.725390625 0.712109375 0.7171875 0.693359375 0.7171875 0.68984375 0.726171875 0.6796875 0.737890625 0.678125 0.746484375 0.68125 0.753515625 0.69140625 0.753515625 0.703515625 0.74765625 0.710546875 0.734375
2 0.4421875 0.408984375 0.4421875 0.417578125 0.44921875 0.417578125 0.45 0.367578125 0.444140625 0.35546875 0.4375 0.357421875 0.428125 0.380078125 0.43046875 0.384765625 0.4265625 0.410546875 0.4203125 0.416015625 0.424609375 0.4203125 0.42890625 0.419921875 0.438671875 0.40625 0.4421875 0.408984375
2 0.655078125 0.38359375 0.65625 0.381640625 0.65546875 0.360546875 0.65078125 0.351171875 0.645703125 0.3484375 0.64296875 0.376953125 0.6453125 0.383984375 0.64921875 0.384765625 0.651171875 0.3796875 0.655078125 0.38359375
3 0.18671875 0.533984375 0.2171875 0.490234375 0.22578125 0.471484375 0.22421875 0.455859375 0.23203125 0.436328125 0.241796875 0.4265625 0.251171875 0.434375 0.258984375 0.4328125 0.2640625 0.427734375 0.3234375 0.365234375 0.328125 0.357421875 0.32578125 0.354296875 0.32890625 0.350390625 0.328125 0.339453125 0.335546875 0.32890625 0.355078125 0.3140625 0.367578125 0.3109375 0.401171875 0.290625 0.435546875 0.2765625 0.443359375 0.2671875 0.458984375 0.27421875 0.462109375 0.27890625 0.501171875 0.27578125 0.508203125 0.2734375 0.514453125 0.26640625 0.521484375 0.27265625 0.533203125 0.27421875 0.594921875 0.27265625 0.600390625 0.2703125 0.60390625 0.263671875 0.60078125 0.255078125 0.583984375 0.24765625 0.558203125 0.22578125 0.501171875 0.22265625 0.491796875 0.21953125 0.476953125 0.22265625 0.459765625 0.2203125 0.439453125 0.22578125 0.405859375 0.22734375 0.363671875 0.2375 0.344140625 0.2375 0.333203125 0.234375 0.289453125 0.23828125 0.220703125 0.27265625 0.215625 0.271484375 0.215625 0.258203125 0.209765625 0.25703125 0.180859375 0.27734375 0.149609375 0.31015625 0.144921875 0.3015625 0.138671875 0.3015625 0.11640625 0.329296875 0.11015625 0.344921875 0.098828125 0.35078125 0.08984375 0.361328125 0.07578125 0.423828125 0.07109375 0.481640625 0.07265625 0.536328125 0.08203125 0.608203125 0.10546875 0.684765625 0.11328125 0.701953125 0.11875 0.705078125 0.146875 0.612890625 0.18671875 0.533984375