1 0.4858167295597485 0.6852474992138364 0.47246650943396223 0.6802984544025158 0.43356314308176097 0.6705987555031446 0.42327031918238994 0.6761347743710692 0.4124007735849057 0.6742349229559748 0.4102105110062893 0.6781450990566037 0.4166013608490566 0.6833845558176102 0.41975282625786164 0.6918674976415095 0.40889763364779874 0.7126576878930818 0.4050938301886793 0.7279139103773584 0.40710005424528306 0.7344908490566038 0.4127260424528302 0.7362986808176101 0.47632362421383645 0.749319531446541 0.49090085298742137 0.7347238490566037 0.48574726415094344 0.726146837264151 0.4912689308176101 0.7137496187106918 0.49069220911949685 0.706313748427673 0.5011752224842767 0.7000149182389938 0.49173517924528304 0.6972561352201258 0.4858167295597485 0.6852474992138364
1 0.445521018081761 0.8858606690251573 0.44980952437106925 0.8832838742138365 0.45046391273584907 0.8627861454402517 0.3843856564465409 0.8467161014150945 0.3851607704402516 0.8663548993710691 0.3913614300314465 0.8723571666666667 0.43417497169811325 0.8842471281446541 0.445521018081761 0.8858606690251573
1 0.5931516485849057 0.36198937735849057 0.5595879599056603 0.35362100943396224 0.5504362775157232 0.354580162735849 0.5411925754716982 0.36078287264150943 0.5366321116352202 0.3855732083333333 0.5227338765723271 0.4185683765723271 0.512079126572327 0.454802929245283 0.5113245165094339 0.46757847720125784 0.5151406226415094 0.4717708632075472 0.5151467743710691 0.4814951666666667 0.5195334504716981 0.48339911871069186 0.5268732004716982 0.48158308569182384 0.5858018962264151 0.49870635220125786 0.5897079716981132 0.49441374528301885 0.6020805841194968 0.4610381965408805 0.6075899481132075 0.4291923702830188 0.6207192209119496 0.38628270833333334 0.6099355440251573 0.36941499528301885 0.5931516485849057 0.36198937735849057
1 0.5676515636792453 0.290407909591195 0.5596574253144654 0.31272167216981134 0.561853838836478 0.31853579952830186 0.6054322429245284 0.3338573860062893 0.6105755786163523 0.32622722405660376 0.6067553718553459 0.31555196933962265 0.6099886045597483 0.30258418081761 0.6076020007861634 0.29753286399371065 0.5969185448113208 0.2883873325471698 0.5887178128930818 0.285532429245283 0.5776580770440252 0.2843953891509434 0.5676515636792453 0.290407909591195
1 0.5935789394654089 0.2839086367924528 0.5985341360062894 0.28028272091194967 0.597761072327044 0.2638853577044025 0.5942292264150943 0.25692803852201257 0.565622784591195 0.24817518946540879 0.5556142209119497 0.2509462751572327 0.5534342106918239 0.271063623427673 0.5664040503144654 0.27753829088050314 0.5935789394654089 0.2839086367924528
1 0.21414345204402516 0.5903690102201258 0.22530545911949687 0.6024696658805031 0.24867039386792453 0.6143719300314465 0.2528648301886793 0.6137972586477988 0.2540059709119497 0.6092203922955975 0.25379117531446543 0.5710859882075472 0.24919585534591193 0.5407719355345911 0.2384162783018868 0.5303870919811321 0.2227776257861635 0.5248674764150943 0.2129695039308176 0.5430829237421383 0.21414345204402516 0.5903690102201258
1 0.2581183899371069 0.4789883372641509 0.25641693003144655 0.5020608097484277 0.2649080738993711 0.5118750825471698 0.2953264481132075 0.5214848121069182 0.3027582177672956 0.5144252209119496 0.30827578301886793 0.49554513364779873 0.31072775078616355 0.4532142437106918 0.3033797987421384 0.4420645385220126 0.2827838993710692 0.43692940408805025 0.27030286320754715 0.44961703380503143 0.26230462342767297 0.46544792688679243 0.2581183899371069 0.4789883372641509
2 0.3804626784591195 0.5228610031446541 0.3956268812893082 0.5319083639937107 0.39734064308176104 0.528284498427673 0.39180257389937106 0.5147502397798742 0.4045432649371069 0.4604004614779874 0.40291947169811315 0.4555393349056604 0.39624436163522014 0.45306481210691824 0.3892890927672956 0.4598380927672956 0.3776915935534591 0.5128524394654088 0.3804626784591195 0.5228610031446541
1 0.3489703278301887 0.3225792531446541 0.33697604481132076 0.3511877452830188 0.3371764866352201 0.3666321077044025 0.34728527201257864 0.3715832028301887 0.3712166761006289 0.3747141643081761 0.37855642610062895 0.37289813050314463 0.38349931996855346 0.3498236077044025 0.39206812971698113 0.3317042806603773 0.3880536320754717 0.3153089677672956 0.38452383647798744 0.31159308333333335 0.36316717610062893 0.3095091933962264 0.3489703278301887 0.3225792531446541
1 0.390990302672956 0.28565750550314467 0.39509066823899375 0.28708495676100626 0.4316053805031446 0.2884919040880503 0.4404666517295598 0.2805733820754717 0.4440761643081761 0.25959710141509434 0.4390207468553459 0.25550083647798744 0.4026042051886792 0.2585746360062893 0.39812550943396224 0.26191424135220126 0.3903195110062893 0.2802237578616352 0.390990302672956 0.28565750550314467
1 0.44530727437106915 0.2465352429245283 0.4526490746855346 0.24796064386792452 0.47600785849056604 0.25013860455974846 0.48353779874213837 0.24755975943396225 0.48848479323899374 0.23096810534591194 0.4876217610062893 0.22305573427672956 0.4725557295597484 0.21848911949685534 0.4514915306603774 0.22660603380503147 0.4433031014150943 0.2431997389937107 0.44530727437106915 0.2465352429245283
2 0.46069037342767294 0.3001998773584906 0.4677438128930818 0.2979073427672956 0.4686906627358491 0.28761041823899375 0.4761162814465409 0.27082652358490567 0.473159106918239 0.2680636399371069 0.4631525935534591 0.27407615959119497 0.4568681155660378 0.28628318789308177 0.4542054536163522 0.29696254323899374 0.46069037342767294 0.3001998773584906
1 0.6315462075471698 0.6223286611635219 0.6267935039308176 0.644640373427673 0.6309000212264151 0.6557921289308176 0.6422481179245283 0.6606471037735849 0.6728546312893081 0.6662525880503145 0.6828611446540881 0.6602400683962264 0.6963646470125786 0.6060804795597484 0.685771159591195 0.5884499559748427 0.6667008820754717 0.5836952020440251 0.6418246784591195 0.5941025998427673 0.6404974481132075 0.6059251470125786 0.6315462075471698 0.6223286611635219
1 0.5586726163522012 0.8658637955974844 0.5483818427672956 0.8746412492138365 0.5513410676100629 0.880645567610063 0.5609713018867925 0.882641539308176 0.5936699072327044 0.8798561006289308 0.6055844740566038 0.8759397735849057 0.6372114033018869 0.8368318639937108 0.6367308018867924 0.8306353058176101 0.5966903954402516 0.8319953427672956 0.5857288301886792 0.8353390487421383 0.5704828600628931 0.8477424182389937 0.5586726163522012 0.8658637955974844
1 0.5830090055031446 0.9063663498427673 0.599868516509434 0.8826169339622641 0.5814669803459119 0.8800544929245284 0.5618302327044025 0.8840710408805031 0.5411525660377358 0.9003866367924528 0.5408703561320755 0.9063930055031446 0.5512634009433962 0.9085791674528302 0.5830090055031446 0.9063663498427673
1 0.6621545220125786 0.480067465408805 0.6583445676100629 0.48559938364779875 0.6501786926100629 0.5378488687106918 0.6622937012578617 0.5493769033018868 0.6978615636792452 0.5610807759433962 0.7024363797169811 0.558980481918239 0.7049109025157233 0.5523053726415094 0.7085081116352201 0.5118804842767296 0.7067799968553459 0.4928143073899371 0.7030579606918239 0.48661979952830187 0.6952376092767295 0.4822392743710692 0.6715904646226415 0.4763433789308176 0.6621545220125786 0.480067465408805
1 0.6955218694968553 0.479474340408805 0.7063975660377358 0.49109849528301885 0.711465286163522 0.5146433679245282 0.7230035731132075 0.5187355322327044 0.7283412004716981 0.516825429245283 0.735008108490566 0.5063342130503145 0.738998001572327 0.4838323105345912 0.7372719371069182 0.46800756839622637 0.734312712264151 0.4620032507861635 0.7104712767295598 0.45038729716981135 0.6987530518867925 0.46326511713836477 0.6955218694968553 0.479474340408805
1 0.6357768018867924 0.22677547012578617 0.6128904182389937 0.21782833018867923 0.6066938592767296 0.2183089316037736 0.6067981816037736 0.232513981918239 0.6347379323899371 0.24231595204402515 0.6379773160377359 0.2390724669811321 0.6357768018867924 0.22677547012578617
2 0.6986894882075472 0.36278064465408805 0.7026916839622641 0.35972734984276733 0.7042070534591195 0.3439005573899371 0.7013398482704403 0.3326526816037736 0.6970472413522013 0.328746606918239 0.6921881650943397 0.33361183411949685 0.6897218443396227 0.35325268238993707 0.6938263113207547 0.3611630031446541 0.6986894882075472 0.36278064465408805
1 0.1355331493710692 0.6570588451257862 0.1402061360062893 0.6594392979559748 0.14325327987421385 0.6537171894654088 0.13656996855345913 0.6382769284591194 0.13235502830188678 0.6064372539308176 0.1293958034591195 0.6004329355345912 0.12367369496855346 0.5973857924528302 0.12034229088050313 0.6058728349056604 0.12703995518867925 0.6440031375786164 0.1355331493710692 0.6570588451257862
1 0.2576539418238994 0.34761514072327043 0.2687157279874214 0.35199361556603775 0.28539940172955974 0.351697052672956 0.29997663050314466 0.33710137028301884 0.30815890880503144 0.31078336242138366 0.3046270628930817 0.3038260424528302 0.2876570786163522 0.30364610455974844 0.27860356603773584 0.3090860039308176 0.26717165172955976 0.32244032389937105 0.2576539418238994 0.34761514072327043
3 0.6894037264150944 0.9053456847484277 0.6863565825471698 0.9110677932389937 0.6859721014150943 0.9061105455974843 0.6812991147798743 0.9037300935534592 0.702647573899371 0.8928482452830189 0.733703932389937 0.8560287688679246 0.759240676100629 0.8348479457547169 0.7641876705974843 0.8182562908805032 0.7710468199685535 0.8102436988993711 0.7685620448113207 0.8007116360062894 0.7746542814465408 0.7860259842767295 0.7925731658805031 0.7791504323899371 0.7938962955974843 0.7608450157232705 0.798755371855346 0.7559797885220126 0.8041891194968553 0.7553089968553459 0.8070419716981132 0.7438668301886793 0.8156210338050315 0.7419546761006289 0.8221774685534591 0.707534106918239 0.8188481155660378 0.7192625841194968 0.8139890393081761 0.7241278113207548 0.8096984827044026 0.7234631713836478 0.8094142232704403 0.7262281045597484 0.8143714701257861 0.725843623427673 0.816375643081761 0.7291791281446541 0.8074223522012579 0.7423412083333333 0.8019886045597484 0.743012 0.7965507562893082 0.7371999221698113 0.8068333278301887 0.715456730345912 0.8092158309748427 0.7140251776729559 0.8127456265723271 0.7177410621069182 0.8117864740566036 0.7085893797169811 0.8260814929245283 0.7000000652515723 0.8133018443396226 0.692762587264151 0.8203450314465408 0.6742628797169811 0.8350142798742138 0.654423639937107 0.8390082735849056 0.638404606918239 0.8410901132075471 0.6138065117924528 0.8361246643081761 0.6012252547169811 0.8404928867924529 0.5739562948113207 0.8371532814465409 0.5694775990566038 0.8285721690251572 0.5681483183962264 0.8243736328616352 0.5622401202830188 0.8182711438679245 0.5607185990566038 0.8048309551886792 0.5642545463836478 0.7924562916666666 0.5943886603773585 0.7905543899371069 0.6020167712264152 0.792658784591195 0.6130744567610062 0.7827504418238993 0.6235677232704402 0.7747440007861636 0.6264328781446541 0.7725537382075471 0.630343054245283 0.7712142051886792 0.6227169929245283 0.7591994174528301 0.6189111391509433 0.7532912201257861 0.623109676100629 0.7499536650943396 0.6218724150943397 0.7366136973270441 0.6331305424528302 0.7314703616352202 0.6407607044025156 0.7278628993710692 0.6649784190251572 0.7213902822327044 0.6811896926100629 0.7067271855345912 0.7107532366352202 0.6888206037735849 0.7370773962264151 0.6876856139937106 0.7513785668238994 0.6789286643081761 0.7735021391509433 0.6743538482704402 0.7756024323899371 0.6602613215408805 0.8028775432389936 0.6602736242138365 0.8223261509433961 0.6534144756289307 0.8303387429245283 0.6381664551886793 0.8395006776729559 0.6109241517295597 0.8772711045597484 0.5937742295597483 0.8940611509433962 0.5810150849056605 0.919238018081761 0.573963695754717 0.9247719874213837 0.5783544724842767 0.9331588081761006 0.5762603301886793 0.9383082955974843 0.5597729984276729 0.9475663514150944 0.5502388844339623 0.9468096910377358 0.5369909371069183 0.9528242617924528 0.5361361061320755 0.9578776289308175 0.5503432067610063 0.9610147413522012 0.6049669929245283 0.9547833254716982 0.6409990534591194 0.9467522790880503 0.6658752570754717 0.9363448812893082 0.6670143474842767 0.9285265801886793 0.6906512397798742 0.918215302672956 0.6921707106918239 0.9088713789308176 0.6957925259433962 0.9073437067610063 0.6894037264150944 0.9053456847484277
3 0.8398895094339622 0.5243817751572327 0.8454050243710692 0.5022602531446541 0.8478631438679246 0.46965366666666664 0.8446114567610062 0.4534485440251573 0.824565623427673 0.4136106297169811 0.8128186926100629 0.3811083655660377 0.8048061006289308 0.37424921698113206 0.7864842806603773 0.3469946108490566 0.7700807665094339 0.3380433702830189 0.7553971650943396 0.3351925683962264 0.7444376509433963 0.34177770911949684 0.738918034591195 0.35741636163522017 0.7244328254716982 0.3667684866352201 0.721970605345912 0.39289220440251577 0.7406933097484276 0.4510355338050315 0.739766963836478 0.4937468050314465 0.7317871784591196 0.5387506092767296 0.7425770070754717 0.5653426257861635 0.750016978773585 0.5712487727987421 0.7596451619496856 0.5700033105345912 0.7604182256289308 0.5864006729559749 0.758131841981132 0.5890715377358491 0.7619479481132075 0.5932639229559749 0.7871186643081761 0.5962987641509434 0.7941680031446541 0.5875233600628931 0.7993051878930817 0.5701688954402515 0.8059720959119497 0.559677679245283 0.8182690935534591 0.5574771650943396 0.8256067932389938 0.5524196965408805 0.8299832177672957 0.5381164756289308 0.8398895094339622 0.5243817751572327
3 0.13072278380503144 0.43750227515723267 0.14424679009433963 0.4157570322327044 0.1497541029874214 0.3806697720125786 0.1438377036163522 0.3719025699685535 0.148030088836478 0.3680864646226415 0.14973975 0.35797972955974844 0.14048784591194968 0.35121670125786164 0.13276771540880505 0.354558356918239 0.11601047641509434 0.38927138836477987 0.10057636713836478 0.40567900393081757 0.09524694103773586 0.4205548451257862 0.08667403066037736 0.4321913034591195 0.07869014465408805 0.4707122389937107 0.07279014858490565 0.4878765141509434 0.06345647720125787 0.5025642161949685 0.057750772012578624 0.5254485487421383 0.05547464072327044 0.5443265856918239 0.062180507075471694 0.5954226273584905 0.06666945518867924 0.6082901949685535 0.07659010062893082 0.6172455369496855 0.0816434677672956 0.6181003671383648 0.0866007146226415 0.6177158860062893 0.08545342216981132 0.612568448899371 0.09212238128930818 0.6053186674528301 0.09020612657232704 0.59025673663522 0.09420217059748427 0.5774791375786164 0.09722060770440252 0.5263769449685535 0.11435617688679246 0.48689685691823903 0.13072278380503144 0.43750227515723267
3 0.36394409040880504 0.18128131132075473 0.3687070463836478 0.1751767720125786 0.37280741273584905 0.17660422327044026 0.38357673663522013 0.17078189386792453 0.3868161210691824 0.16753840880503146 0.38232717295597485 0.15467084119496854 0.3726008191823899 0.1514355581761006 0.3068334787735849 0.17473922955974844 0.18628701886792454 0.26014151650943396 0.17485510455974843 0.2734958364779874 0.1729532028301887 0.2811239481132075 0.1563800023584906 0.3053498639937107 0.14896053537735848 0.33185806289308173 0.1540159536163522 0.3359543278301887 0.17041536713836478 0.3384226988993711 0.17470182232704404 0.33260447012578614 0.18528095676100628 0.3275449520440252 0.18176141352201258 0.3400362397798742 0.18557751886792453 0.34422862578616353 0.19348988993710692 0.34336559355345914 0.20292378301886793 0.336400072327044 0.23016813679245282 0.30187107940251573 0.2715214205974843 0.2659984536163522 0.2810452822327044 0.25054794025157234 0.3067681147798742 0.22212143632075473 0.3361168632075472 0.19865012971698112 0.36394409040880504 0.18128131132075473
3 0.6681337358490567 0.1359947971698113 0.6625956658805031 0.12246053852201257 0.645337320754717 0.11856266588050314 0.6419097971698113 0.1258103962264151 0.6437237798742138 0.12990871226415096 0.6532619944968553 0.13714824056603775 0.660031174528302 0.13762064072327046 0.6567917900943396 0.14086412578616353 0.6632890125786164 0.16355006682389936 0.6775145668238994 0.19586009119496856 0.6872429709119496 0.20233680896226414 0.6925888003144653 0.2133924433962264 0.7055606902515723 0.22310854559748425 0.7101416572327044 0.23073255581761004 0.7319809701257861 0.2422544394654088 0.7456154496855346 0.24443855110062893 0.750666766509434 0.24205194654088052 0.7481778907232705 0.2260370141509434 0.7433106124213836 0.2179365031446541 0.7295738616352202 0.20478877672955975 0.71010475 0.17238673349056605 0.6902614088050315 0.15123461635220126 0.6681337358490567 0.1359947971698113