1 0.7776192219589257 0.6800946943127961 0.7841356240126383 0.6826470726698262 0.8143370102685625 0.6682418578199052 0.8267006429699842 0.6447434289099526 0.830507005529226 0.6284254028436018 0.8298133996840442 0.6136959462875198 0.8130823127962086 0.6146108862559242 0.7925989036334913 0.6266946864139021 0.7777421058451817 0.6741586453396524 0.7776192219589257 0.6800946943127961
1 0.7293476903633491 0.5747758830963665 0.7766983965244866 0.5773327195892575 0.7802197543443917 0.5823982385466036 0.789204887835703 0.5748588159557662 0.7940342709320695 0.5649735450236967 0.7996994044233807 0.5274096603475514 0.7986467780410742 0.5122523412322275 0.791520416271722 0.4985459052132702 0.7846745995260663 0.5042902266982622 0.7752319960505529 0.5034641058451816 0.7616876808846762 0.49514297235387045 0.7388680552922591 0.49314651342812005 0.7348107535545023 0.49873834597156397 0.7292981090047393 0.5390907448657188 0.7293476903633491 0.5747758830963665
1 0.4084908894154818 0.5399648436018958 0.4139450347551342 0.5455959123222749 0.42933849052132694 0.5509071990521327 0.4321418080568721 0.555116990521327 0.4997745647709321 0.5705489699842021 0.550715471563981 0.5773844423380726 0.5841776453396524 0.5755545631911532 0.5912447954186414 0.5718118720379146 0.5968610608214849 0.5619954447077409 0.6062437385466035 0.48193984281200636 0.6010597946287519 0.45056294628751975 0.5969040434439179 0.44821709873617693 0.5765827551342811 0.44485340284360186 0.5661859747235387 0.4368076429699842 0.5535565995260663 0.4452175955766193 0.5264975750394945 0.4372998909952607 0.4725468206951027 0.42861527804107424 0.4249207417061611 0.4292059763033175 0.4160044510268563 0.43595851500789895 0.41076718009478674 0.4731633799368089 0.4084908894154818 0.5399648436018958
1 0.4343239312796209 0.8609734210110586 0.4428567677725118 0.8676667472353872 0.49222390758293844 0.8743645323854661 0.5472761563981043 0.8704590071090048 0.5569793309636651 0.8637753112164297 0.5618775560821485 0.8531031571879937 0.5601512993680885 0.8501769557661928 0.5475611611374408 0.8490754612954188 0.4489253309636651 0.8436175710900474 0.43999423775671404 0.8460078285939968 0.43472218878357033 0.8518898372827803 0.4343239312796209 0.8609734210110586
1 0.6434528854660347 0.8677726872037915 0.6505348380726698 0.8683922772511847 0.6782526895734597 0.8597165821484991 0.702090163507109 0.8455475039494471 0.708217939178515 0.8389474549763032 0.708631 0.8342261532385467 0.6986916895734597 0.8345459360189573 0.6610493301737757 0.8479036966824645 0.6497035450236966 0.855236589257504 0.643010218799368 0.863769425750395 0.6434528854660347 0.8677726872037915
1 0.8519586808846762 0.5644909281200632 0.8559079020537126 0.5691974265402844 0.8684980402843602 0.5702989210110584 0.8777289415481834 0.5508874004739337 0.8781220268562401 0.5192055244865719 0.8640810047393365 0.5120302938388626 0.8563106176935229 0.5192795394944708 0.8519586808846762 0.5644909281200632
1 0.14035154739336492 0.6140332109004739 0.155558448657188 0.6486657219589258 0.21337031990521327 0.6993157385466034 0.23413427409162718 0.706682695892575 0.23532904660347553 0.6794319447077409 0.2226893262243286 0.6426453127962085 0.19907764454976304 0.6179817180094787 0.1455199747235387 0.5776152290679305 0.139874102685624 0.578707093206951 0.14035154739336492 0.6140332109004739
1 0.11424741390205372 0.6767677409162717 0.12046400868878356 0.6963413830963665 0.1341215766192733 0.7169624786729858 0.17987925355450238 0.755853650078989 0.2022710157977883 0.7582091287519747 0.18657257977883096 0.7473208135860979 0.17922488467614534 0.7316127464454976 0.15667545971563981 0.7038704612954186 0.11929812954186414 0.6688841018957346 0.11457682780410741 0.6684710410742496 0.11424741390205372 0.6767677409162717
1 0.08477601658767772 0.4426605821484992 0.08879408135860979 0.4465801974723539 0.10627281516587678 0.45524554818325436 0.11727438309636651 0.4518470742496051 0.1324309889415482 0.3873618522906793 0.13247022590837282 0.37785040442338075 0.12923904502369668 0.37399963270142184 0.1054260047393365 0.37429498183254345 0.09750312796208531 0.3787557132701422 0.09006732780410742 0.40030655213270144 0.08424970379146919 0.4350819225908373 0.08477601658767772 0.4426605821484992
1 0.056990035545023694 0.5155557567140601 0.0591345252764613 0.536358948657188 0.073716663507109 0.5554751200631911 0.07758223854660348 0.5566062211690362 0.0812753475513428 0.5279882330173775 0.07845205529225908 0.4968178672985782 0.06889619826224329 0.48369178436018956 0.062089619273301734 0.4799246595576619 0.05873555450236967 0.48200993680884674 0.056990035545023694 0.5155557567140601
3 0.5624700355450237 0.1847346737756714 0.5614277535545024 0.21477393917851498 0.5648802677725119 0.2206263420221169 0.5850786721958926 0.22992608688783572 0.6003248104265403 0.25504715086887836 0.6199184273301738 0.27579113033175356 0.6367627669826225 0.2871761524486572 0.6421924786729858 0.30668095023696684 0.6528942385466036 0.3203037401263823 0.6649239992101106 0.3459363143759874 0.6675503925750395 0.3612313199052133 0.6800176469194312 0.3682688633491311 0.7056309597156398 0.3927111248025276 0.7111391453396524 0.39319302843601894 0.7252734447077409 0.3857076461295419 0.7415226279620853 0.39030089257503947 0.7491605 0.40722370616113746 0.7586327101105845 0.41677439020537127 0.7636885979462875 0.43148904344391786 0.7820378617693523 0.44379863586097945 0.7924050355450236 0.4431198325434439 0.8065393349131121 0.4356344502369668 0.832644182464455 0.43633251500789894 0.843837477093207 0.4262111082148499 0.8575194794628752 0.43295847472353877 0.8747176666666666 0.4221730679304897 0.8787994028436019 0.4027075071090047 0.8785432906793048 0.3693830205371248 0.880598962085308 0.3640125213270142 0.8910890197472354 0.3573976690363349 0.8957562812006319 0.36295989494470776 0.8961397353870458 0.3495140300157978 0.888615116113744 0.34489117772511846 0.8870117424960505 0.33602892733017375 0.8931543214849921 0.33379116034755135 0.8976002496050554 0.3373517551342812 0.8991592140600316 0.33312716034755135 0.897432956556082 0.3302009589257504 0.8932231650868879 0.33300427646129543 0.8896329636650868 0.3287256413902053 0.886210055292259 0.3315978017377567 0.880893597156398 0.3243929652448657 0.886342570300158 0.30742574249605054 0.8921261295418641 0.30476011137440756 0.887817887835703 0.2996257496050553 0.8998276729857819 0.2982977496050553 0.8951456082148499 0.28837324170616113 0.8945356484992101 0.27721918404423385 0.8886536398104264 0.27194713507109003 0.8671909060031596 0.2272524289099526 0.8555645758293839 0.21513456398104266 0.8532431619273302 0.20541658609794627 0.8390200434439178 0.18672827804107425 0.7990999660347552 0.1400223104265403 0.7653128372827803 0.10931458688783571 0.7328833151658768 0.09934121090047393 0.735189925750395 0.10469690679304898 0.7296965434439179 0.10857728436018958 0.727719345971564 0.09492488862559241 0.7048701145339652 0.08420386650868879 0.6922799755134281 0.08310237282780411 0.6818831951026857 0.075056612164297 0.6645029115323854 0.07432894075829384 0.6608734731437599 0.07956175276461296 0.6529061872037915 0.07093563902053712 0.655724308056872 0.07950771248025276 0.6442800734597157 0.07890292496050554 0.6391849478672985 0.0736997195892575 0.6327521919431279 0.0747227393364929 0.6319505055292259 0.07029161453396524 0.6507520663507109 0.06836845813586098 0.5984439225908372 0.05903464849921011 0.5948833278041075 0.06348057661927331 0.5910865963665087 0.061562592417061614 0.588091551342812 0.06407573301737757 0.5881900007898895 0.0720134131121643 0.6018571998420221 0.07439849763033175 0.611427859399684 0.09188686255924171 0.6405425545023696 0.09443406793048972 0.6482589012638231 0.09233398736176936 0.6210473870458136 0.08162776856240127 0.6178162061611374 0.07777699684044234 0.6231719020537124 0.07547038625592417 0.6334702322274881 0.07557846682464454 0.6432178159557662 0.08198161611374408 0.6579620750394946 0.08565029225908373 0.6664505023696682 0.07925677330173775 0.6719586879936809 0.07973867693522907 0.6760455963665087 0.0828714083728278 0.675853868878357 0.08959434123222748 0.6832259984202211 0.0914286785150079 0.6804522875197472 0.09594345023696683 0.6832704075829384 0.10451552369668246 0.6909327140600316 0.10756460900473934 0.6932097187993681 0.10419574091627173 0.6864719826224328 0.09964173222748815 0.6934014454976303 0.09747280805687204 0.7080080181674566 0.10271525118483413 0.7141113601895734 0.10998893127962087 0.7118343554502369 0.11335779936808847 0.6956540157977883 0.1079776690363349 0.6947442488151658 0.11384487519747236 0.7031934383886256 0.11696280331753554 0.7019542575039495 0.13112670932069512 0.7164527496050553 0.14666748262243287 0.7059330853080569 0.1445577709320695 0.7025101769352291 0.14742993206951027 0.6999822330173776 0.14007260584518166 0.6959101279620854 0.14130215639810426 0.6297526887835703 0.1180701832543444 0.6022806050552922 0.11487378120063191 0.5997185955766192 0.13962619431279621 0.6048137211690363 0.14482939968404424 0.5954547638230647 0.14757867693522908 0.5856975489731437 0.15941153791469195 0.5776910260663507 0.16029687124802527 0.5596519146919431 0.17616260031595576 0.5624700355450237 0.1847346737756714