1 0.4703125 0.829296875 0.4453125 0.785546875 0.419140625 0.7578125 0.357421875 0.7078125 0.313671875 0.66796875 0.247265625 0.59453125 0.238671875 0.58984375 0.211328125 0.58671875 0.180859375 0.59140625 0.1703125 0.597265625 0.1578125 0.616796875 0.1578125 0.622265625 0.16171875 0.627734375 0.1640625 0.647265625 0.171875 0.669921875 0.190625 0.697265625 0.19609375 0.712109375 0.21171875 0.733203125 0.222265625 0.73984375 0.269140625 0.7875 0.288671875 0.8 0.300390625 0.81640625 0.314453125 0.828125 0.326171875 0.83046875 0.337109375 0.83828125 0.360546875 0.84609375 0.416015625 0.853125 0.45703125 0.853515625 0.46875 0.848828125 0.4703125 0.829296875
1 0.608203125 0.9390625 0.621484375 0.93203125 0.644140625 0.91015625 0.651171875 0.90703125 0.65078125 0.902734375 0.638671875 0.9015625 0.532421875 0.921875 0.52421875 0.926171875 0.52109375 0.935546875 0.5125 0.945703125 0.516796875 0.95 0.53671875 0.949609375 0.579296875 0.9453125 0.608203125 0.9390625
1 0.86171875 0.502734375 0.85859375 0.465234375 0.84609375 0.412109375 0.846875 0.400390625 0.825390625 0.37734375 0.788671875 0.35859375 0.776171875 0.35703125 0.765234375 0.3625 0.7640625 0.366015625 0.76796875 0.373828125 0.77109375 0.419921875 0.77578125 0.436328125 0.7828125 0.446484375 0.79140625 0.485546875 0.79453125 0.537890625 0.805859375 0.54375 0.8359375 0.544140625 0.85625 0.537109375 0.86171875 0.502734375
1 0.370703125 0.30390625 0.391015625 0.2921875 0.451171875 0.28203125 0.482421875 0.28359375 0.494921875 0.28046875 0.509375 0.269140625 0.51171875 0.248828125 0.50859375 0.236328125 0.488671875 0.21484375 0.46640625 0.200390625 0.46328125 0.196484375 0.469140625 0.19140625 0.455078125 0.190625 0.444921875 0.18046875 0.418359375 0.17109375 0.398046875 0.16484375 0.379296875 0.16484375 0.327734375 0.18046875 0.294921875 0.20390625 0.28828125 0.212109375 0.2734375 0.236328125 0.26484375 0.262109375 0.269140625 0.26875 0.283203125 0.265625 0.30546875 0.285546875 0.3046875 0.311328125 0.309765625 0.31796875 0.31875 0.318359375 0.331640625 0.309375 0.370703125 0.30390625
1 0.778125 0.243359375 0.751171875 0.20390625 0.716015625 0.18046875 0.6703125 0.169921875 0.6796875 0.188671875 0.714453125 0.23125 0.7859375 0.266796875 0.7859375 0.258984375 0.778125 0.243359375
3 0.8984375 0.762890625 0.90625 0.745703125 0.91484375 0.737890625 0.90234375 0.738671875 0.921875 0.696484375 0.926171875 0.67734375 0.90859375 0.692578125 0.846875 0.801953125 0.821875 0.839453125 0.825 0.839453125 0.88359375 0.782421875 0.8984375 0.762890625
1 0.3703125 0.111328125 0.3703125 0.108203125 0.357421875 0.10703125 0.330078125 0.1171875 0.309765625 0.13203125 0.29375 0.149609375 0.3 0.150390625 0.349609375 0.13203125 0.3703125 0.111328125
1 0.1109375 0.341015625 0.125 0.306640625 0.122265625 0.303125 0.10546875 0.319140625 0.09140625 0.341015625 0.07421875 0.383984375 0.0703125 0.400390625 0.071875 0.412109375 0.08203125 0.400390625 0.1109375 0.341015625
1 0.10078125 0.648046875 0.089453125 0.6390625 0.09921875 0.691015625 0.1203125 0.739453125 0.1375 0.762890625 0.156640625 0.78046875 0.16171875 0.781640625 0.10703125 0.658203125 0.10078125 0.648046875
1 0.53671875 0.074609375 0.525390625 0.0703125 0.494140625 0.06953125 0.484375 0.074609375 0.487890625 0.08046875 0.53359375 0.081640625 0.5375 0.078515625 0.53671875 0.074609375
1 0.22734375 0.188671875 0.228515625 0.18125 0.205859375 0.19453125 0.18046875 0.220703125 0.1609375 0.255078125 0.165625 0.255859375 0.19921875 0.228515625 0.22734375 0.188671875