1 0.24690566556836901 0.09915078418451401 0.2265399258649094 0.11928106013179572 0.20783080065897858 0.14410405518945632 0.17268981466227348 0.2055254546952224 0.14715968533772653 0.24215473476112026 0.12090159143327842 0.30600702635914334 0.09748505436573311 0.39408714415156504 0.09202884678747941 0.45645188632619443 0.09440877759472817 0.47650497693574956 0.0926448467874794 0.5061179629324547 0.09826621416803955 0.5363770782537068 0.09974371993410214 0.576196089785832 0.11222775370675453 0.6508797067545304 0.13086583113673805 0.6930269431630972 0.16950064332784184 0.7381639719934102 0.18055813179571664 0.7440925947281714 0.2004575939044481 0.7623709670510709 0.2608839464579901 0.7899830700164745 0.27090547034596374 0.7983016672158155 0.2986927759472817 0.8114820477759472 0.3424302289950577 0.8219235370675453 0.3549544365733114 0.8205386540362438 0.3575443500823723 0.814563719110379 0.34459868863261944 0.7357053665568368 0.3607333369028007 0.7214064415156507 0.365738705107084 0.7019994810543657 0.3638613204283361 0.6762022693574958 0.35805545057660626 0.6575031878088963 0.33430933855024714 0.6264852322899506 0.33628790197693575 0.5282608377265239 0.35263643904448105 0.3792008607907743 0.38260689785831964 0.2445625626029654 0.4150190354200988 0.14817389126853378 0.44628324217462934 0.13106428171334433 0.4530324538714992 0.12007858566721583 0.45337597775947275 0.11142650741350907 0.4505961688632619 0.10539521828665568 0.4384872775947282 0.09730743492586491 0.45431392668863263 0.058175471169686986 0.45428305189456347 0.04907720263591433 0.4450975543657331 0.04537953212520593 0.36174642339373975 0.05297090774299835 0.293124971169687 0.0717734003294893 0.24690566556836901 0.09915078418451401
1 0.5018000115321252 0.030495481054365736 0.5212378459637561 0.04459911696869851 0.5341518887973641 0.048209558484349255 0.5622572380560131 0.06720585172981877 0.5942910724876442 0.07910401647446458 0.6280070016474464 0.08122690856672157 0.6432492701812191 0.06767677924217463 0.6105075568369027 0.044967377265238875 0.6002397825370676 0.030012277594728173 0.5867923196046129 0.023047689456342668 0.5543277322899506 0.01607305766062603 0.5206118031301483 0.013950165568369028 0.5030922710049424 0.01572488385502471 0.4963994143327842 0.021340857495881382 0.5018000115321252 0.030495481054365736
1 0.36635154365733114 0.9265482257001647 0.376198607907743 0.9274097322899506 0.37812695469522245 0.9242709621087314 0.3563709382207578 0.9083107718286655 0.3313734843492587 0.8821445560131795 0.3106125156507413 0.8737132487644151 0.28897460296540367 0.8705798723228995 0.29299571087314663 0.8907765469522241 0.31273615156507417 0.9061469621087315 0.3436622281713344 0.9212556886326195 0.36635154365733114 0.9265482257001647
1 0.21371051153212522 0.7999127141680396 0.25212455271828665 0.8239452504118616 0.26607456095551896 0.8251657182866556 0.26850545304777595 0.8162828270181219 0.2646433665568369 0.7989941087314663 0.25745800741350905 0.7913370782537068 0.2026321911037891 0.7658686985172982 0.1742805906095552 0.740235902800659 0.1674850675453048 0.7375741968698517 0.16787490280065898 0.7425695214168039 0.187589863261944 0.7724079275123559 0.21371051153212522 0.7999127141680396
1 0.07973694151565074 0.5922234225700165 0.08983025700164744 0.5997214308072488 0.09265098434925866 0.5958338640856672 0.08343386820428336 0.5168882825370675 0.07571508978583197 0.5058771054365734 0.060770033772652395 0.497127755354201 0.05593373064250412 0.5004255469522241 0.05389267462932455 0.5143037627677101 0.058898786655683696 0.5610464456342669 0.07030519275123559 0.5818892495881384 0.07973694151565074 0.5922234225700165
1 0.08538620675453049 0.3669822364085667 0.09544864827018121 0.3653819769357496 0.10399805930807249 0.3574478212520593 0.12405040527182867 0.28891824794069193 0.13285611037891268 0.2686034695222405 0.1273119291598023 0.26109002388797364 0.12751186820428337 0.2540791235584844 0.11834180807248765 0.2549305873146623 0.10897180807248764 0.2627929505766063 0.09250907248764416 0.2902930881383855 0.07832360131795717 0.3295686359143328 0.07773921993410214 0.35515047034596375 0.08538620675453049 0.3669822364085667
1 0.024421785008237232 0.3785993698517298 0.019375499176276772 0.407925186985173 0.02260149917627677 0.41358207825370674 0.028545559308072486 0.4070737240527183 0.033648200164744645 0.3723781836902801 0.02961704859967051 0.3711986342668863 0.024421785008237232 0.3785993698517298
1 0.12089545304777594 0.2162911252059308 0.11946965238879736 0.2136857751235585 0.11507953953871498 0.21660916886326192 0.09553438879736408 0.23681123723228995 0.07960507331136737 0.26766552141680394 0.07704603459637561 0.2827387240527183 0.0807745799011532 0.28265149505766063 0.09830415485996706 0.2618596515650742 0.12089545304777594 0.2162911252059308
1 0.129825215815486 0.7380003006589786 0.13407174382207576 0.7367180840197693 0.10611462850082373 0.6734972289950576 0.07347018863261943 0.6354992479406919 0.06965441350906096 0.6318579316309719 0.0661566820428336 0.6340325296540362 0.06438735749588138 0.6400792561779242 0.06908546952224053 0.6619889003294893 0.11374152800658978 0.7233632446457989 0.129825215815486 0.7380003006589786
1 0.053831669686985176 0.5622568698517298 0.05388802471169687 0.5568871466227348 0.04858935008237232 0.48986056013179574 0.04447096952224053 0.4849524654036244 0.03394690032948929 0.4823779892915981 0.027931047775947283 0.48970693245469527 0.030618978583196045 0.534593060955519 0.04284597364085667 0.5555076573311367 0.050851920922570015 0.5632364802306425 0.053831669686985176 0.5622568698517298
1 0.8612608336079078 0.6899517784184513 0.8368693369028006 0.7324687635914333 0.8333615617792421 0.7536604859967051 0.8401879596375618 0.7654204596375618 0.8522096219110378 0.769779697693575 0.8782168154859966 0.741874287479407 0.8946795510708402 0.7143741499176277 0.9142756630971992 0.665236100494234 0.9093366935749587 0.6602562125205931 0.9066695947281713 0.6434854777594728 0.9100337850082373 0.6239349324546952 0.9050230230642504 0.6197756342668863 0.8964581746293246 0.6231606556836903 0.8832314827018121 0.6373005601317957 0.8784414917627678 0.6542457537067545 0.8612608336079078 0.6899517784184513
3 0.6686921696869852 0.02731895387149918 0.6690102125205931 0.0331348665568369 0.6770161606260297 0.04086368945634267 0.7959713937397034 0.10832493410214168 0.8440479975288304 0.144779010708402 0.854428481878089 0.14899466474464582 0.8002997570016475 0.08720500411861613 0.7678452133443163 0.0612132471169687 0.7565723476112026 0.057746390444810544 0.7402014917627677 0.046391689456342665 0.7384321672158155 0.05243841680395387 0.7346318294892916 0.053346234761120256 0.691007086490939 0.03216529983525535 0.6686921696869852 0.02731895387149918