1 0.5125 0.860546875 0.5109375 0.847265625 0.502734375 0.8390625 0.472265625 0.8390625 0.4640625 0.843359375 0.46875 0.862890625 0.475390625 0.86953125 0.50546875 0.869921875 0.51171875 0.868359375 0.5125 0.860546875
1 0.428125 0.744921875 0.42421875 0.731640625 0.415234375 0.7234375 0.384765625 0.71796875 0.37421875 0.724609375 0.3796875 0.732421875 0.3859375 0.758203125 0.391015625 0.7640625 0.42578125 0.768359375 0.43125 0.764453125 0.428125 0.744921875
1 0.42890625 0.678515625 0.41953125 0.658984375 0.41953125 0.651171875 0.405078125 0.640625 0.380859375 0.6390625 0.373046875 0.64296875 0.37109375 0.647265625 0.3828125 0.686328125 0.392578125 0.69296875 0.42265625 0.693359375 0.428125 0.689453125 0.42890625 0.678515625
1 0.4375 0.612109375 0.43125 0.580859375 0.419921875 0.575 0.388671875 0.5765625 0.384375 0.580859375 0.3953125 0.623828125 0.402734375 0.62734375 0.43203125 0.628515625 0.4359375 0.623046875 0.4375 0.612109375
1 0.51484375 0.596484375 0.50546875 0.566015625 0.50703125 0.557421875 0.486328125 0.546875 0.466796875 0.54609375 0.452734375 0.55078125 0.44765625 0.558984375 0.44765625 0.576953125 0.45625 0.591796875 0.459375 0.615234375 0.462890625 0.61796875 0.500390625 0.61484375 0.51015625 0.617578125 0.51484375 0.608203125 0.51484375 0.596484375
1 0.609375 0.623828125 0.61171875 0.612890625 0.615625 0.612109375 0.61171875 0.611328125 0.6078125 0.588671875 0.600390625 0.5796875 0.573046875 0.5796875 0.55859375 0.588671875 0.56484375 0.609765625 0.565625 0.627734375 0.569140625 0.63125 0.58046875 0.631640625 0.603515625 0.62890625 0.609375 0.623828125
1 0.55234375 0.716015625 0.55078125 0.696484375 0.54609375 0.687109375 0.5484375 0.679296875 0.531640625 0.67265625 0.501171875 0.67421875 0.49609375 0.683203125 0.50078125 0.687109375 0.50546875 0.719140625 0.511328125 0.7234375 0.5234375 0.723046875 0.543359375 0.721875 0.55234375 0.716015625
1 0.53671875 0.773828125 0.53828125 0.764453125 0.53515625 0.743359375 0.523828125 0.7359375 0.486328125 0.73828125 0.4828125 0.746484375 0.4890625 0.758203125 0.49296875 0.776953125 0.500390625 0.78046875 0.51875 0.780078125 0.533203125 0.778125 0.53671875 0.773828125
1 0.61171875 0.788671875 0.6234375 0.757421875 0.619921875 0.7515625 0.610546875 0.75 0.591015625 0.753125 0.578125 0.762109375 0.57109375 0.788671875 0.57109375 0.792578125 0.578125 0.796484375 0.600390625 0.79375 0.61171875 0.788671875
1 0.51796875 0.510546875 0.51328125 0.476953125 0.499609375 0.46953125 0.475390625 0.4734375 0.471875 0.476953125 0.475 0.516796875 0.480859375 0.5203125 0.50703125 0.520703125 0.513671875 0.51796875 0.51796875 0.510546875
1 0.6015625 0.458984375 0.591796875 0.4328125 0.568359375 0.42890625 0.55390625 0.433984375 0.55546875 0.451953125 0.563671875 0.46875 0.59609375 0.469921875 0.60078125 0.467578125 0.6015625 0.458984375
1 0.53125 0.416015625 0.53828125 0.396484375 0.534375 0.387109375 0.528515625 0.3828125 0.491796875 0.38515625 0.48671875 0.390234375 0.4859375 0.401953125 0.49296875 0.415234375 0.498046875 0.41953125 0.51328125 0.419921875 0.526171875 0.41953125 0.53125 0.416015625
1 0.2890625 0.566015625 0.2859375 0.546484375 0.277734375 0.53984375 0.265234375 0.5359375 0.248828125 0.5359375 0.241015625 0.5421875 0.231640625 0.54453125 0.2265625 0.551953125 0.22734375 0.564453125 0.235546875 0.5734375 0.258203125 0.571875 0.2765625 0.574609375 0.286328125 0.57109375 0.2890625 0.566015625
1 0.29609375 0.761328125 0.29609375 0.750390625 0.28203125 0.729296875 0.270703125 0.721875 0.256640625 0.71953125 0.25703125 0.735546875 0.26640625 0.761328125 0.280078125 0.77265625 0.2984375 0.775390625 0.30078125 0.771484375 0.29609375 0.761328125
1 0.41484375 0.388671875 0.40859375 0.378515625 0.404296875 0.3625 0.389453125 0.36171875 0.37578125 0.369921875 0.37578125 0.383203125 0.380859375 0.39453125 0.40625 0.394921875 0.412890625 0.39296875 0.41484375 0.388671875
1 0.1671875 0.607421875 0.1609375 0.588671875 0.155078125 0.584375 0.141015625 0.58203125 0.1359375 0.588671875 0.1390625 0.605859375 0.16171875 0.614453125 0.16640625 0.612109375 0.1671875 0.607421875
2 0.2046875 0.605078125 0.20234375 0.591796875 0.196484375 0.5859375 0.19453125 0.593359375 0.20078125 0.616015625 0.204296875 0.621875 0.209375 0.622265625 0.21171875 0.619921875 0.2046875 0.605078125
1 0.774609375 0.6875 0.805859375 0.6734375 0.809375 0.668359375 0.8109375 0.651171875 0.804296875 0.646875 0.763671875 0.66640625 0.75390625 0.684765625 0.7546875 0.692578125 0.75859375 0.694921875 0.768359375 0.69375 0.774609375 0.6875
1 0.804296875 0.64453125 0.808203125 0.6453125 0.80859375 0.631640625 0.791015625 0.63046875 0.773828125 0.63828125 0.759375 0.654296875 0.759375 0.663671875 0.76328125 0.666015625 0.780078125 0.65546875 0.804296875 0.64453125
1 0.804296875 0.62890625 0.80625 0.612109375 0.799609375 0.60859375 0.783203125 0.60703125 0.757421875 0.62265625 0.75234375 0.631640625 0.7515625 0.642578125 0.755078125 0.64765625 0.7609375 0.648046875 0.784765625 0.6328125 0.804296875 0.62890625
1 0.815625 0.576171875 0.815625 0.566796875 0.801171875 0.54765625 0.788671875 0.54453125 0.78125 0.549609375 0.77734375 0.558203125 0.7765625 0.578515625 0.794140625 0.584375 0.8015625 0.590234375 0.81171875 0.584765625 0.815625 0.576171875
1 0.7703125 0.516015625 0.757421875 0.509375 0.75390625 0.540234375 0.759375 0.542578125 0.76953125 0.533203125 0.7703125 0.516015625
1 0.7484375 0.539453125 0.75234375 0.512109375 0.749609375 0.50625 0.733984375 0.50703125 0.721484375 0.515625 0.710546875 0.5171875 0.70625 0.520703125 0.70234375 0.539453125 0.710546875 0.54609375 0.71953125 0.547265625 0.724609375 0.54375 0.7484375 0.539453125
1 0.7515625 0.497265625 0.74921875 0.487109375 0.75234375 0.483203125 0.7515625 0.469140625 0.741796875 0.4578125 0.723828125 0.45703125 0.71953125 0.461328125 0.7203125 0.477734375 0.7296875 0.498828125 0.735546875 0.50390625 0.74375 0.503515625 0.748828125 0.503125 0.7515625 0.497265625
1 0.78515625 0.466796875 0.780859375 0.4640625 0.765234375 0.46484375 0.76328125 0.472265625 0.765625 0.483203125 0.77265625 0.491015625 0.77578125 0.501953125 0.79296875 0.505078125 0.79375 0.489453125 0.78515625 0.466796875
1 0.5265625 0.313671875 0.516796875 0.29765625 0.500390625 0.296875 0.4921875 0.302734375 0.497265625 0.31796875 0.52421875 0.319921875 0.52734375 0.318359375 0.5265625 0.313671875
3 0.545703125 0.22109375 0.530859375 0.21953125 0.516015625 0.2203125 0.503515625 0.22734375 0.4984375 0.241796875 0.5015625 0.255078125 0.50859375 0.267578125 0.526171875 0.278125 0.544140625 0.28203125 0.548046875 0.28828125 0.5578125 0.291796875 0.5546875 0.227734375 0.545703125 0.22109375
3 0.6828125 0.389453125 0.6890625 0.382421875 0.69296875 0.369140625 0.69375 0.341796875 0.680859375 0.32890625 0.658984375 0.32109375 0.6546875 0.311328125 0.638671875 0.29453125 0.624609375 0.2875 0.62265625 0.294140625 0.634375 0.345703125 0.640625 0.405078125 0.644140625 0.41015625 0.66796875 0.414453125 0.6796875 0.401953125 0.6828125 0.389453125
3 0.62890625 0.355078125 0.621875 0.300390625 0.6171875 0.283984375 0.610546875 0.271875 0.59453125 0.266796875 0.59296875 0.250390625 0.576953125 0.23671875 0.564453125 0.23359375 0.560546875 0.22734375 0.5578125 0.230859375 0.55859375 0.256640625 0.5625 0.266796875 0.56484375 0.316796875 0.5734375 0.329296875 0.5734375 0.352734375 0.578125 0.361328125 0.598046875 0.38046875 0.616796875 0.3859375 0.62890625 0.394921875 0.63203125 0.393359375 0.62890625 0.355078125
3 0.489453125 0.19765625 0.498046875 0.19140625 0.580078125 0.19375 0.5859375 0.188671875 0.5828125 0.172265625 0.577734375 0.165625 0.569921875 0.1640625 0.469140625 0.16328125 0.452734375 0.1546875 0.426953125 0.15625 0.41640625 0.161328125 0.41484375 0.169921875 0.425390625 0.1890625 0.433203125 0.19296875 0.447265625 0.19296875 0.453125 0.196484375 0.455078125 0.2015625 0.46875 0.202734375 0.480859375 0.19609375 0.489453125 0.19765625
3 0.15859375 0.504296875 0.165625 0.494921875 0.16875 0.472265625 0.1734375 0.466796875 0.17109375 0.458984375 0.175 0.439453125 0.16953125 0.426953125 0.162109375 0.4234375 0.15234375 0.428515625 0.1453125 0.443359375 0.13828125 0.489453125 0.140625 0.530859375 0.14375 0.538671875 0.15 0.541015625 0.15546875 0.532421875 0.15859375 0.504296875
0 0.90859375 0.641015625 0.9140625 0.633203125 0.921875 0.598046875 0.9265625 0.566015625 0.925 0.549609375 0.93046875 0.544921875 0.93125 0.484765625 0.9296875 0.447265625 0.921875 0.412109375 0.92109375 0.392578125 0.90390625 0.330078125 0.88359375 0.283203125 0.832421875 0.24140625 0.828515625 0.23515625 0.816796875 0.23203125 0.811328125 0.2234375 0.807421875 0.221875 0.802734375 0.22578125 0.796484375 0.21875 0.792578125 0.2203125 0.780859375 0.21328125 0.769140625 0.21171875 0.765234375 0.203125 0.761328125 0.2046875 0.75234375 0.200390625 0.75234375 0.191796875 0.742578125 0.18046875 0.737890625 0.1828125 0.733203125 0.17421875 0.705078125 0.16484375 0.694140625 0.15703125 0.673046875 0.15234375 0.670703125 0.14921875 0.649609375 0.14453125 0.647265625 0.14140625 0.637890625 0.14140625 0.635546875 0.15 0.612890625 0.1484375 0.608203125 0.16171875 0.603515625 0.16015625 0.600390625 0.1546875 0.576953125 0.14921875 0.565234375 0.1484375 0.557421875 0.1546875 0.554296875 0.1484375 0.549609375 0.1515625 0.5484375 0.147265625 0.543359375 0.14453125 0.509765625 0.1453125 0.5015625 0.153515625 0.513671875 0.159375 0.526171875 0.1578125 0.538671875 0.16171875 0.541796875 0.15703125 0.544921875 0.1609375 0.552734375 0.16171875 0.557421875 0.15859375 0.566796875 0.16328125 0.58359375 0.164453125 0.58828125 0.187109375 0.594921875 0.1953125 0.604296875 0.19609375 0.6125 0.204296875 0.61171875 0.208203125 0.61796875 0.219921875 0.61796875 0.232421875 0.62421875 0.245703125 0.62578125 0.262890625 0.634375 0.278515625 0.63984375 0.280859375 0.647265625 0.2953125 0.652734375 0.296875 0.657421875 0.30390625 0.66640625 0.306640625 0.674609375 0.3203125 0.691796875 0.3296875 0.70234375 0.348828125 0.7109375 0.354296875 0.7140625 0.366796875 0.725 0.375390625 0.7296875 0.391015625 0.7484375 0.410546875 0.749609375 0.41640625 0.752734375 0.41328125 0.75546875 0.416015625 0.76171875 0.444140625 0.76015625 0.451171875 0.7640625 0.458203125 0.766015625 0.459375 0.769921875 0.45234375 0.774609375 0.46015625 0.783984375 0.4625 0.788671875 0.4671875 0.812890625 0.465625 0.83046875 0.471484375 0.840625 0.496484375 0.8453125 0.498828125 0.8421875 0.501171875 0.84453125 0.506640625 0.84140625 0.512109375 0.835546875 0.51640625 0.83125 0.513671875 0.83125 0.523046875 0.84375 0.514453125 0.84375 0.523046875 0.83828125 0.530078125 0.843359375 0.5296875 0.84609375 0.537109375 0.846875 0.562109375 0.84140625 0.565234375 0.8453125 0.568359375 0.84453125 0.577734375 0.8390625 0.577734375 0.8359375 0.588671875 0.83671875 0.596484375 0.84140625 0.600390625 0.83828125 0.610546875 0.83359375 0.609765625 0.831640625 0.60078125 0.8296875 0.604296875 0.8296875 0.636328125 0.831640625 0.63984375 0.83671875 0.637109375 0.835546875 0.64609375 0.844140625 0.64609375 0.843359375 0.63828125 0.851171875 0.64453125 0.855078125 0.64140625 0.860546875 0.64453125 0.862890625 0.64140625 0.86875 0.647265625 0.865625 0.652734375 0.8734375 0.683203125 0.876171875 0.684375 0.880859375 0.6796875 0.88359375 0.684765625 0.88125 0.690234375 0.88828125 0.694921875 0.89921875 0.675390625 0.90859375 0.641015625
0 0.109375 0.470703125 0.1234375 0.466796875 0.12578125 0.444921875 0.134375 0.423828125 0.153515625 0.41015625 0.16171875 0.409765625 0.19609375 0.337890625 0.19609375 0.330078125 0.201953125 0.325 0.208203125 0.325 0.2171875 0.316796875 0.23125 0.288671875 0.23984375 0.276953125 0.25390625 0.266015625 0.28125 0.207421875 0.283984375 0.19609375 0.251171875 0.20859375 0.25859375 0.193359375 0.257421875 0.18984375 0.254296875 0.18984375 0.24765625 0.196484375 0.248046875 0.20078125 0.237109375 0.2 0.212109375 0.20703125 0.167578125 0.2390625 0.1171875 0.286328125 0.09140625 0.351953125 0.08203125 0.402734375 0.083203125 0.40703125 0.08828125 0.408203125 0.08515625 0.419921875 0.08828125 0.423828125 0.0859375 0.448046875 0.0875 0.492578125 0.090234375 0.5 0.1 0.501953125 0.1078125 0.496484375 0.109375 0.470703125
1 0.19453125 0.681640625 0.1890625 0.673046875 0.179296875 0.66640625 0.1765625 0.675390625 0.18046875 0.701171875 0.188671875 0.71015625 0.20078125 0.712109375 0.2015625 0.699609375 0.19453125 0.681640625
1 0.75 0.774609375 0.7515625 0.760546875 0.745703125 0.74765625 0.730078125 0.753125 0.7203125 0.762109375 0.71796875 0.769140625 0.71875 0.791796875 0.72578125 0.792578125 0.737109375 0.78984375 0.75 0.774609375
1 0.70546875 0.837890625 0.7046875 0.823828125 0.700390625 0.8203125 0.694140625 0.8203125 0.668359375 0.83203125 0.6640625 0.840234375 0.66640625 0.851953125 0.671875 0.853515625 0.701171875 0.84296875 0.70546875 0.837890625