1 0.5515625 0.464453125 0.55703125 0.448046875 0.5578125 0.422265625 0.551953125 0.41328125 0.537109375 0.4078125 0.520703125 0.40625 0.498828125 0.409375 0.48203125 0.426953125 0.48828125 0.430859375 0.48828125 0.433984375 0.47890625 0.472265625 0.47578125 0.494921875 0.47734375 0.511328125 0.481640625 0.5140625 0.533984375 0.51484375 0.53828125 0.517578125 0.54765625 0.507421875 0.5515625 0.464453125
1 0.69375 0.392578125 0.6875 0.351953125 0.674609375 0.34375 0.657421875 0.33984375 0.647265625 0.34140625 0.64375 0.371484375 0.646875 0.402734375 0.658984375 0.4078125 0.68828125 0.411328125 0.69296875 0.405859375 0.69375 0.392578125
1 0.3484375 0.783984375 0.332421875 0.7640625 0.271484375 0.7296875 0.261328125 0.7265625 0.2515625 0.729296875 0.2453125 0.741796875 0.256640625 0.7578125 0.318359375 0.79140625 0.322265625 0.79609375 0.33828125 0.799609375 0.34765625 0.791015625 0.3484375 0.783984375
1 0.50625 0.796484375 0.521875 0.749609375 0.528125 0.739453125 0.52890625 0.727734375 0.524609375 0.7203125 0.515234375 0.715625 0.494140625 0.71171875 0.472265625 0.7125 0.458203125 0.7171875 0.44765625 0.733984375 0.43984375 0.764453125 0.4390625 0.788671875 0.449609375 0.79921875 0.48984375 0.802734375 0.498828125 0.8015625 0.50625 0.796484375
1 0.15390625 0.654296875 0.143359375 0.64765625 0.1390625 0.655078125 0.14140625 0.693359375 0.14765625 0.704296875 0.16171875 0.715234375 0.16171875 0.669140625 0.15390625 0.654296875
1 0.846484375 0.53515625 0.85 0.530078125 0.8515625 0.516015625 0.84765625 0.504296875 0.843359375 0.4984375 0.839453125 0.5 0.835546875 0.49296875 0.826953125 0.49296875 0.816796875 0.4984375 0.80625 0.517578125 0.8046875 0.531640625 0.8078125 0.543359375 0.812109375 0.5484375 0.8203125 0.551171875 0.835546875 0.5390625 0.846484375 0.53515625
3 0.292578125 0.25078125 0.332421875 0.22421875 0.3390625 0.206640625 0.3671875 0.183984375 0.3703125 0.178515625 0.36953125 0.172265625 0.352734375 0.16953125 0.354296875 0.15703125 0.326171875 0.159375 0.313671875 0.15703125 0.298046875 0.165625 0.2828125 0.180859375 0.280859375 0.1890625 0.274609375 0.1890625 0.273046875 0.19296875 0.251953125 0.203125 0.2421875 0.215234375 0.22265625 0.269140625 0.223828125 0.2734375 0.23359375 0.273046875 0.259765625 0.25859375 0.292578125 0.25078125
3 0.21484375 0.271484375 0.210546875 0.2625 0.2 0.268359375 0.1765625 0.301953125 0.1796875 0.309765625 0.17734375 0.330078125 0.18203125 0.331640625 0.20078125 0.320703125 0.21484375 0.271484375
3 0.08359375 0.478515625 0.0984375 0.462890625 0.10234375 0.417578125 0.1109375 0.409765625 0.11484375 0.400390625 0.11484375 0.383203125 0.10546875 0.370703125 0.1109375 0.344921875 0.101953125 0.346875 0.099609375 0.334375 0.09375 0.343359375 0.0859375 0.369140625 0.075 0.419921875 0.0703125 0.485546875 0.071875 0.494140625 0.07578125 0.495703125 0.0828125 0.491796875 0.08359375 0.478515625
1 0.106640625 0.4453125 0.10234375 0.449609375 0.09921875 0.463671875 0.084375 0.479296875 0.08359375 0.498046875 0.08671875 0.505078125 0.10703125 0.476171875 0.106640625 0.4453125
1 0.512890625 0.14609375 0.500390625 0.14609375 0.49296875 0.152734375 0.498046875 0.15703125 0.5109375 0.156640625 0.5171875 0.151953125 0.512890625 0.14609375
1 0.547265625 0.14921875 0.531640625 0.1484375 0.52578125 0.153515625 0.528515625 0.15859375 0.54609375 0.159765625 0.5515625 0.153515625 0.547265625 0.14921875
1 0.592578125 0.15078125 0.580859375 0.14921875 0.57734375 0.152734375 0.580078125 0.15859375 0.59765625 0.160546875 0.59765625 0.154296875 0.592578125 0.15078125
1 0.663671875 0.18046875 0.652734375 0.17578125 0.64453125 0.176953125 0.64453125 0.180859375 0.650390625 0.18671875 0.66875 0.191796875 0.6703125 0.188671875 0.663671875 0.18046875
3 0.88515625 0.715234375 0.90859375 0.655859375 0.918359375 0.6140625 0.9046875 0.624609375 0.89765625 0.651171875 0.8828125 0.669140625 0.8765625 0.683984375 0.86796875 0.692578125 0.84140625 0.738671875 0.8359375 0.752734375 0.840625 0.756640625 0.858984375 0.74296875 0.88515625 0.715234375
3 0.343359375 0.84375 0.287890625 0.8125 0.259765625 0.803125 0.248046875 0.8046875 0.24140625 0.812109375 0.247265625 0.81796875 0.290234375 0.8390625 0.328515625 0.85390625 0.36171875 0.862890625 0.36171875 0.859765625 0.343359375 0.84375
3 0.8828125 0.283984375 0.836328125 0.24296875 0.821484375 0.23515625 0.816015625 0.22890625 0.808203125 0.228125 0.804296875 0.2203125 0.800390625 0.22109375 0.796484375 0.2171875 0.79609375 0.227734375 0.788671875 0.23125 0.7875 0.235546875 0.79296875 0.238671875 0.7921875 0.243359375 0.8 0.255078125 0.8125 0.266796875 0.81171875 0.280078125 0.816015625 0.278125 0.81953125 0.286328125 0.828125 0.291015625 0.82890625 0.301953125 0.835546875 0.31015625 0.847265625 0.3140625 0.85234375 0.318359375 0.851171875 0.321875 0.85625 0.322265625 0.855078125 0.32578125 0.862890625 0.32578125 0.891015625 0.35625 0.898046875 0.3578125 0.902734375 0.36328125 0.906640625 0.3609375 0.9109375 0.366796875 0.903125 0.330078125 0.8828125 0.283984375