1 0.469921875 0.57734375 0.47890625 0.569921875 0.48203125 0.550390625 0.48203125 0.501953125 0.4875 0.456640625 0.48671875 0.446484375 0.48203125 0.447265625 0.484765625 0.44296875 0.498046875 0.43671875 0.5015625 0.430859375 0.5015625 0.424609375 0.4953125 0.418359375 0.4921875 0.322265625 0.476953125 0.3078125 0.458984375 0.303125 0.417578125 0.303125 0.396484375 0.30625 0.370703125 0.31328125 0.353515625 0.32421875 0.3359375 0.357421875 0.3265625 0.394921875 0.31640625 0.420703125 0.306640625 0.4234375 0.30078125 0.431640625 0.30625 0.441796875 0.31484375 0.448046875 0.303125 0.501953125 0.303125 0.540234375 0.3078125 0.561328125 0.322265625 0.57578125 0.344921875 0.58515625 0.381640625 0.59140625 0.41640625 0.591796875 0.444140625 0.5890625 0.469921875 0.57734375
1 0.543359375 0.8796875 0.54921875 0.874609375 0.55234375 0.866015625 0.54921875 0.845703125 0.561328125 0.84140625 0.56484375 0.837109375 0.562890625 0.83359375 0.549609375 0.83515625 0.54609375 0.830859375 0.5296875 0.784765625 0.5203125 0.767578125 0.513671875 0.7609375 0.491796875 0.753125 0.419921875 0.74765625 0.373828125 0.75 0.36953125 0.756640625 0.371875 0.784765625 0.375 0.796484375 0.3890625 0.819921875 0.3859375 0.834765625 0.4046875 0.848046875 0.425390625 0.878125 0.452734375 0.88515625 0.48359375 0.887109375 0.523046875 0.88515625 0.543359375 0.8796875
1 0.8140625 0.784765625 0.82421875 0.769140625 0.8359375 0.742578125 0.8453125 0.703515625 0.85234375 0.694921875 0.84921875 0.691015625 0.847265625 0.67578125 0.834765625 0.67734375 0.812109375 0.6921875 0.7890625 0.719140625 0.771875 0.752734375 0.7625 0.790234375 0.7484375 0.818359375 0.752734375 0.82421875 0.75859375 0.823828125 0.798046875 0.80078125 0.8140625 0.784765625
1 0.7734375 0.337109375 0.76171875 0.306640625 0.7484375 0.283203125 0.75 0.275390625 0.729296875 0.2578125 0.698046875 0.24296875 0.669140625 0.23515625 0.656640625 0.2390625 0.6546875 0.243359375 0.66484375 0.271484375 0.6796875 0.290234375 0.68671875 0.324609375 0.69375 0.339453125 0.734765625 0.35625 0.77421875 0.365234375 0.7765625 0.359765625 0.7734375 0.337109375
1 0.494921875 0.21640625 0.49921875 0.196484375 0.50703125 0.180859375 0.50234375 0.162890625 0.496484375 0.1578125 0.488671875 0.15625 0.453515625 0.15703125 0.431640625 0.16171875 0.408984375 0.18359375 0.403125 0.184765625 0.4046875 0.192578125 0.39375 0.215234375 0.39375 0.223046875 0.396484375 0.22578125 0.415625 0.226171875 0.463671875 0.22265625 0.494921875 0.21640625
1 0.640234375 0.12734375 0.612109375 0.11953125 0.599609375 0.11875 0.596875 0.121484375 0.5984375 0.127734375 0.612890625 0.13984375 0.658984375 0.15390625 0.66640625 0.153515625 0.6640625 0.145703125 0.640234375 0.12734375
1 0.2609375 0.247265625 0.26953125 0.229296875 0.28671875 0.211328125 0.30234375 0.187890625 0.306640625 0.171875 0.298046875 0.17265625 0.273828125 0.18359375 0.22890625 0.228515625 0.20859375 0.266796875 0.20625 0.274609375 0.20859375 0.278515625 0.239453125 0.26328125 0.2609375 0.247265625
3 0.12734375 0.349609375 0.125 0.344921875 0.129296875 0.3484375 0.13515625 0.341796875 0.14609375 0.314453125 0.160546875 0.3078125 0.178125 0.294140625 0.19921875 0.272265625 0.21171875 0.251171875 0.2359375 0.220703125 0.301171875 0.15703125 0.325390625 0.1484375 0.3421875 0.133984375 0.346484375 0.1265625 0.373046875 0.11875 0.386328125 0.11953125 0.407421875 0.1140625 0.41171875 0.102734375 0.42265625 0.094921875 0.400390625 0.096875 0.350390625 0.109375 0.287890625 0.13203125 0.242578125 0.15546875 0.189453125 0.1921875 0.17265625 0.210546875 0.16171875 0.233203125 0.1375 0.267578125 0.11484375 0.314453125 0.109375 0.328515625 0.10703125 0.355078125 0.1015625 0.362109375 0.1015625 0.374609375 0.10703125 0.384765625 0.121875 0.367578125 0.12734375 0.349609375
1 0.098046875 0.4875 0.1015625 0.480859375 0.10859375 0.441015625 0.10703125 0.410546875 0.103515625 0.40390625 0.08203125 0.430078125 0.0765625 0.444140625 0.075 0.463671875 0.071484375 0.4609375 0.0703125 0.463671875 0.06953125 0.499609375 0.075 0.501171875 0.087890625 0.4875 0.098046875 0.4875
2 0.89453125 0.456640625 0.891015625 0.45390625 0.8859375 0.486328125 0.8890625 0.495703125 0.88984375 0.530859375 0.8921875 0.530859375 0.89765625 0.468359375 0.89453125 0.456640625
1 0.53125 0.103515625 0.519140625 0.0953125 0.494140625 0.0953125 0.48203125 0.102734375 0.4828125 0.108203125 0.486328125 0.11015625 0.52421875 0.110546875 0.528515625 0.11015625 0.53125 0.103515625