1 0.444921875 0.440625 0.45703125 0.426953125 0.46328125 0.354296875 0.46015625 0.333203125 0.473828125 0.3265625 0.478125 0.317578125 0.471875 0.311328125 0.47421875 0.278515625 0.4703125 0.251171875 0.455859375 0.24140625 0.401953125 0.24375 0.366015625 0.25703125 0.3484375 0.281640625 0.32890625 0.325390625 0.317578125 0.3296875 0.31171875 0.335546875 0.31171875 0.341015625 0.319140625 0.34375 0.32265625 0.349609375 0.31328125 0.369140625 0.30625 0.394921875 0.30390625 0.420703125 0.30625 0.443359375 0.331640625 0.45390625 0.38125 0.453515625 0.405078125 0.45234375 0.444921875 0.440625
1 0.82109375 0.515234375 0.82265625 0.501953125 0.8203125 0.443359375 0.7984375 0.373828125 0.79765625 0.363671875 0.784375 0.343359375 0.776171875 0.3375 0.742578125 0.3234375 0.705078125 0.31640625 0.6984375 0.333984375 0.703125 0.337890625 0.7125 0.396484375 0.72109375 0.405859375 0.73515625 0.459765625 0.7375 0.516796875 0.747265625 0.5234375 0.78515625 0.524609375 0.815234375 0.52109375 0.82109375 0.515234375
1 0.68515625 0.212890625 0.680859375 0.2 0.662890625 0.18984375 0.631640625 0.18046875 0.601171875 0.17578125 0.58828125 0.176953125 0.59453125 0.184765625 0.6078125 0.229296875 0.615234375 0.24453125 0.632421875 0.24609375 0.680078125 0.25859375 0.709375 0.270703125 0.70703125 0.249609375 0.68515625 0.212890625
1 0.51015625 0.184765625 0.5109375 0.160546875 0.51328125 0.157421875 0.50703125 0.145703125 0.499609375 0.140625 0.461328125 0.140625 0.439453125 0.1453125 0.424609375 0.16015625 0.41953125 0.161328125 0.4125 0.180859375 0.412109375 0.19375 0.4265625 0.194140625 0.506640625 0.18828125 0.51015625 0.184765625
1 0.121875 0.459765625 0.147265625 0.43203125 0.159765625 0.4328125 0.16875 0.418359375 0.18203125 0.366796875 0.178125 0.341796875 0.173828125 0.33671875 0.163671875 0.33984375 0.1375 0.366015625 0.1234375 0.384765625 0.103125 0.427734375 0.09921875 0.438671875 0.09609375 0.468359375 0.1015625 0.481640625 0.1109375 0.487890625 0.11640625 0.482421875 0.121875 0.459765625
1 0.240625 0.262109375 0.253125 0.238671875 0.2671875 0.223828125 0.28671875 0.194921875 0.290625 0.186328125 0.289453125 0.1796875 0.282421875 0.18046875 0.256640625 0.19375 0.2109375 0.243359375 0.19296875 0.280078125 0.18984375 0.291015625 0.19375 0.292578125 0.219921875 0.27890625 0.240625 0.262109375
1 0.408203125 0.87890625 0.318359375 0.85234375 0.31015625 0.856640625 0.31484375 0.878515625 0.322265625 0.88359375 0.384765625 0.903125 0.428125 0.909765625 0.4234375 0.891015625 0.408203125 0.87890625
1 0.803125 0.816015625 0.81953125 0.776953125 0.82421875 0.773828125 0.820703125 0.76171875 0.799609375 0.77109375 0.7515625 0.805859375 0.725 0.839453125 0.715625 0.862890625 0.71796875 0.866796875 0.764453125 0.84375 0.803125 0.816015625
1 0.655078125 0.14765625 0.646484375 0.14296875 0.610546875 0.13359375 0.5984375 0.133984375 0.618359375 0.15703125 0.6703125 0.170703125 0.66796875 0.162109375 0.655078125 0.14765625
1 0.52578125 0.122265625 0.512890625 0.1140625 0.478515625 0.11484375 0.4609375 0.125390625 0.4625 0.137109375 0.47109375 0.138671875 0.521484375 0.1375 0.52578125 0.122265625
1 0.514453125 0.09296875 0.486328125 0.09296875 0.475 0.101953125 0.478515625 0.10625 0.51796875 0.105859375 0.5203125 0.099609375 0.514453125 0.09296875
1 0.599609375 0.10625 0.570703125 0.10078125 0.559375 0.102734375 0.568359375 0.1125 0.6046875 0.119140625 0.6078125 0.116015625 0.599609375 0.10625
3 0.13515625 0.330078125 0.1625 0.310546875 0.18359375 0.285546875 0.18828125 0.274609375 0.19453125 0.272265625 0.21171875 0.241015625 0.26484375 0.187109375 0.275390625 0.17265625 0.314453125 0.153125 0.337890625 0.13203125 0.356640625 0.12421875 0.385546875 0.12109375 0.395703125 0.11640625 0.4 0.105078125 0.40859375 0.097265625 0.364453125 0.1046875 0.289453125 0.13125 0.231640625 0.16171875 0.180859375 0.1984375 0.16328125 0.218359375 0.1484375 0.247265625 0.13515625 0.264453125 0.0953125 0.348828125 0.090625 0.391015625 0.09453125 0.403515625 0.09921875 0.405078125 0.12109375 0.364453125 0.13515625 0.330078125