1 0.765234375 0.83984375 0.773828125 0.8375 0.808984375 0.81328125 0.847265625 0.78125 0.87890625 0.744921875 0.8953125 0.711328125 0.8984375 0.696484375 0.879296875 0.70390625 0.832421875 0.74609375 0.766015625 0.79296875 0.752734375 0.8078125 0.737109375 0.8171875 0.69296875 0.862109375 0.68984375 0.872265625 0.696875 0.874609375 0.734765625 0.86015625 0.765234375 0.83984375
1 0.04765625 0.566015625 0.04375 0.539453125 0.04453125 0.522265625 0.04140625 0.516015625 0.04296875 0.500390625 0.039453125 0.49453125 0.03046875 0.506640625 0.028125 0.535546875 0.0328125 0.569140625 0.04453125 0.580859375 0.04765625 0.577734375 0.04765625 0.566015625
1 0.96953125 0.529296875 0.96875 0.486328125 0.965234375 0.478125 0.96171875 0.479296875 0.95625 0.503515625 0.95390625 0.545703125 0.9546875 0.552734375 0.9578125 0.555078125 0.96640625 0.541015625 0.96953125 0.529296875
1 0.97421875 0.568359375 0.973046875 0.52890625 0.9671875 0.533984375 0.9640625 0.548828125 0.95859375 0.590234375 0.95859375 0.601171875 0.9609375 0.601953125 0.96953125 0.585546875 0.97421875 0.568359375
2 0.624609375 0.0890625 0.61640625 0.091015625 0.628515625 0.10546875 0.653125 0.116015625 0.637109375 0.09296875 0.624609375 0.0890625
2 0.680859375 0.11171875 0.666015625 0.10546875 0.659375 0.106640625 0.66796875 0.115234375 0.670703125 0.12265625 0.682421875 0.1234375 0.694140625 0.13515625 0.69921875 0.136328125 0.6953125 0.126171875 0.680859375 0.11171875
2 0.22734375 0.223828125 0.224609375 0.2203125 0.20546875 0.237109375 0.19375 0.259765625 0.184375 0.283984375 0.1859375 0.299609375 0.1890625 0.300390625 0.22265625 0.239453125 0.22734375 0.223828125
2 0.1828125 0.298046875 0.1890625 0.299609375 0.185546875 0.28671875 0.17890625 0.302734375 0.178125 0.310546875 0.18125 0.311328125 0.1859375 0.301953125 0.1828125 0.298046875
2 0.20859375 0.232421875 0.20625 0.223828125 0.208203125 0.21953125 0.202734375 0.21953125 0.20390625 0.223828125 0.19609375 0.227734375 0.19453125 0.235546875 0.18046875 0.255078125 0.1703125 0.285546875 0.16953125 0.302734375 0.20234375 0.247265625 0.20859375 0.232421875
2 0.16484375 0.291015625 0.171875 0.271484375 0.170703125 0.2609375 0.16328125 0.265234375 0.15625 0.276171875 0.12890625 0.346484375 0.128125 0.353515625 0.130078125 0.35546875 0.133984375 0.35078125 0.134375 0.361328125 0.1375 0.362109375 0.16015625 0.317578125 0.16484375 0.291015625
3 0.152734375 0.215625 0.157421875 0.215625 0.194921875 0.1796875 0.224609375 0.1625 0.273046875 0.12109375 0.291796875 0.11171875 0.301953125 0.096875 0.328515625 0.075 0.348828125 0.06328125 0.3546875 0.055859375 0.337109375 0.0578125 0.273046875 0.08515625 0.215234375 0.1203125 0.183984375 0.14375 0.125 0.200390625 0.13046875 0.213671875 0.125 0.219140625 0.125 0.230078125 0.134375 0.233203125 0.145703125 0.2265625 0.152734375 0.215625
3 0.159375 0.812109375 0.15546875 0.799609375 0.1078125 0.741796875 0.06171875 0.648828125 0.051171875 0.6359375 0.048828125 0.63671875 0.04921875 0.647265625 0.04296875 0.653515625 0.04296875 0.658203125 0.05546875 0.693359375 0.078125 0.739453125 0.134375 0.807421875 0.169140625 0.84453125 0.175390625 0.84375 0.17734375 0.847265625 0.1765625 0.839453125 0.159375 0.812109375