2 0.29609375 0.679296875 0.297265625 0.675 0.303515625 0.67734375 0.3046875 0.673828125 0.28671875 0.653515625 0.28359375 0.643359375 0.279296875 0.6390625 0.274609375 0.63984375 0.271875 0.660546875 0.27578125 0.674609375 0.2890625 0.703515625 0.301953125 0.71796875 0.30546875 0.717578125 0.296875 0.691015625 0.29609375 0.679296875
2 0.34296875 0.701953125 0.346875 0.694921875 0.3453125 0.669140625 0.33671875 0.651953125 0.316796875 0.63125 0.303125 0.647265625 0.3046875 0.671484375 0.3296875 0.723828125 0.344140625 0.7328125 0.3484375 0.732421875 0.34296875 0.718359375 0.34296875 0.701953125
2 0.41171875 0.674609375 0.4109375 0.658984375 0.4203125 0.648828125 0.41953125 0.610546875 0.4125 0.593359375 0.400390625 0.5875 0.3828125 0.604296875 0.38203125 0.618359375 0.384375 0.629296875 0.3921875 0.642578125 0.4015625 0.678515625 0.408203125 0.6875 0.4140625 0.687890625 0.415625 0.683203125 0.41171875 0.674609375
2 0.43828125 0.665234375 0.4375 0.658203125 0.4453125 0.651953125 0.44453125 0.637890625 0.45 0.597265625 0.44375 0.586328125 0.434375 0.580859375 0.4328125 0.573828125 0.423046875 0.56953125 0.4125 0.593359375 0.41875 0.614453125 0.41953125 0.636328125 0.43125 0.675390625 0.438671875 0.68203125 0.4453125 0.681640625 0.446875 0.677734375 0.43828125 0.665234375
2 0.42421875 0.546484375 0.42421875 0.518359375 0.41796875 0.492578125 0.407421875 0.4859375 0.4 0.492578125 0.39921875 0.503515625 0.38828125 0.512890625 0.3859375 0.523828125 0.3890625 0.546484375 0.3953125 0.561328125 0.396875 0.585546875 0.401953125 0.58984375 0.4109375 0.590234375 0.415625 0.583203125 0.42421875 0.546484375
2 0.29140625 0.601953125 0.2875 0.582421875 0.2890625 0.558984375 0.284375 0.522265625 0.286328125 0.5171875 0.294921875 0.51796875 0.29765625 0.513671875 0.279296875 0.50390625 0.275 0.494140625 0.269140625 0.49296875 0.259375 0.524609375 0.259375 0.541796875 0.2625 0.551953125 0.26796875 0.555078125 0.2765625 0.593359375 0.284375 0.608203125 0.287109375 0.6 0.29140625 0.601953125
2 0.32578125 0.578515625 0.3265625 0.541015625 0.3171875 0.510546875 0.305859375 0.5046875 0.3 0.509765625 0.29609375 0.533984375 0.3015625 0.548046875 0.303125 0.569140625 0.31484375 0.614453125 0.317578125 0.61953125 0.32265625 0.619140625 0.31875 0.587890625 0.32578125 0.578515625
2 0.3234375 0.455859375 0.321875 0.444140625 0.316796875 0.4421875 0.310546875 0.44375 0.30703125 0.448828125 0.309375 0.459765625 0.30234375 0.467578125 0.30078125 0.478515625 0.3046875 0.502734375 0.3171875 0.512109375 0.3265625 0.548046875 0.33125 0.470703125 0.3234375 0.455859375
2 0.3625 0.547265625 0.36640625 0.505078125 0.35859375 0.491796875 0.35546875 0.477734375 0.347265625 0.4734375 0.340625 0.480859375 0.34140625 0.494921875 0.3375 0.499609375 0.334375 0.547265625 0.34375 0.574609375 0.3484375 0.575390625 0.349609375 0.5640625 0.35546875 0.584765625 0.36171875 0.591015625 0.3640625 0.586328125 0.3625 0.547265625
2 0.60625 0.766015625 0.60546875 0.750390625 0.597265625 0.73828125 0.5859375 0.742578125 0.57421875 0.768359375 0.57265625 0.779296875 0.57734375 0.790234375 0.5765625 0.796484375 0.58203125 0.800390625 0.60234375 0.775390625 0.60625 0.766015625
2 0.55703125 0.839453125 0.544921875 0.8296875 0.537890625 0.828125 0.51875 0.842578125 0.5171875 0.850390625 0.54140625 0.854296875 0.555078125 0.84453125 0.55703125 0.839453125
2 0.6703125 0.791796875 0.69296875 0.761328125 0.69296875 0.752734375 0.696875 0.745703125 0.694921875 0.7421875 0.684765625 0.746875 0.6640625 0.769921875 0.6578125 0.799609375 0.658203125 0.8046875 0.6640625 0.804296875 0.66875 0.801171875 0.6703125 0.791796875
2 0.65859375 0.816796875 0.671875 0.804296875 0.666796875 0.79765625 0.663671875 0.80078125 0.659765625 0.796875 0.655078125 0.79765625 0.63984375 0.808984375 0.62890625 0.839453125 0.634375 0.841015625 0.644140625 0.8390625 0.65859375 0.816796875
1 0.790234375 0.81640625 0.816796875 0.8015625 0.825 0.794921875 0.8421875 0.769140625 0.8421875 0.758984375 0.821484375 0.75859375 0.780078125 0.7796875 0.7375 0.818359375 0.73515625 0.825390625 0.74453125 0.829296875 0.757421875 0.82265625 0.790234375 0.81640625
2 0.79453125 0.536328125 0.7953125 0.529296875 0.79296875 0.505078125 0.78828125 0.501953125 0.78828125 0.497265625 0.778125 0.490234375 0.7765625 0.448046875 0.761328125 0.425 0.75625 0.430078125 0.7546875 0.444921875 0.75859375 0.463671875 0.75625 0.480078125 0.75234375 0.487109375 0.75625 0.518359375 0.75546875 0.540234375 0.76328125 0.561328125 0.7671875 0.562109375 0.78671875 0.548828125 0.79453125 0.536328125
2 0.65078125 0.538671875 0.6484375 0.506640625 0.65625 0.462890625 0.65625 0.444140625 0.653125 0.435546875 0.635546875 0.41953125 0.628125 0.426953125 0.62890625 0.451953125 0.625 0.475390625 0.6296875 0.516796875 0.63828125 0.542578125 0.6453125 0.544921875 0.65 0.542578125 0.65078125 0.538671875
2 0.4578125 0.573046875 0.45859375 0.549609375 0.4671875 0.538671875 0.46640625 0.519140625 0.471875 0.491015625 0.4640625 0.476953125 0.46328125 0.466015625 0.450390625 0.459375 0.44296875 0.468359375 0.44375 0.486328125 0.42890625 0.502734375 0.42890625 0.517578125 0.434375 0.562109375 0.44296875 0.573046875 0.4453125 0.587109375 0.459375 0.589453125 0.46171875 0.580859375 0.4578125 0.573046875
2 0.5390625 0.596484375 0.54921875 0.591796875 0.553125 0.581640625 0.553125 0.523828125 0.5484375 0.509765625 0.55078125 0.497265625 0.5484375 0.490234375 0.543359375 0.48671875 0.53359375 0.488671875 0.52734375 0.503515625 0.51640625 0.512109375 0.51328125 0.519921875 0.5125 0.545703125 0.52109375 0.617578125 0.526171875 0.62421875 0.534375 0.623828125 0.5375 0.619140625 0.5390625 0.596484375
2 0.53359375 0.492578125 0.53515625 0.478515625 0.54140625 0.466796875 0.540625 0.461328125 0.536328125 0.4578125 0.527734375 0.4578125 0.52109375 0.462890625 0.5109375 0.483984375 0.50859375 0.510546875 0.509375 0.516015625 0.5140625 0.517578125 0.52890625 0.505078125 0.53359375 0.492578125
2 0.4265625 0.439453125 0.42578125 0.430078125 0.4328125 0.419921875 0.4296875 0.407421875 0.4203125 0.400390625 0.42109375 0.388671875 0.416015625 0.38515625 0.4078125 0.389453125 0.40703125 0.400390625 0.39609375 0.414453125 0.40390625 0.480859375 0.41015625 0.482421875 0.4203125 0.465234375 0.4265625 0.439453125
2 0.44375 0.463671875 0.453125 0.455859375 0.44296875 0.439453125 0.44140625 0.426171875 0.436328125 0.42109375 0.430859375 0.421875 0.42578125 0.427734375 0.4265625 0.441015625 0.41875 0.466796875 0.41953125 0.482421875 0.428125 0.496484375 0.43984375 0.488671875 0.44375 0.463671875
2 0.66640625 0.286328125 0.66328125 0.269140625 0.658203125 0.2625 0.648046875 0.2609375 0.64765625 0.274609375 0.65390625 0.290234375 0.65546875 0.310546875 0.658203125 0.31484375 0.6625 0.313671875 0.663671875 0.30078125 0.66796875 0.313671875 0.67578125 0.318359375 0.6734375 0.298828125 0.66640625 0.286328125
2 0.701171875 0.23203125 0.6984375 0.244921875 0.71015625 0.272265625 0.71875 0.278515625 0.71796875 0.250390625 0.701171875 0.23203125
2 0.725390625 0.23671875 0.7203125 0.244140625 0.72109375 0.251953125 0.73125 0.273046875 0.7421875 0.283984375 0.740625 0.257421875 0.725390625 0.23671875
3 0.2578125 0.283984375 0.2796875 0.259765625 0.30234375 0.226171875 0.305078125 0.1921875 0.298046875 0.1921875 0.274609375 0.20625 0.23359375 0.242578125 0.2265625 0.261328125 0.228515625 0.26328125 0.239453125 0.25703125 0.23984375 0.260546875 0.234375 0.271484375 0.22734375 0.301953125 0.23671875 0.303515625 0.2515625 0.298828125 0.2578125 0.283984375
3 0.373046875 0.165625 0.401171875 0.140625 0.423046875 0.128125 0.43046875 0.118359375 0.412890625 0.109375 0.404296875 0.11328125 0.376953125 0.11640625 0.328515625 0.14375 0.31171875 0.158984375 0.31015625 0.169140625 0.321484375 0.17890625 0.3296875 0.180078125 0.355078125 0.17734375 0.373046875 0.165625
2 0.46484375 0.325390625 0.4640625 0.315234375 0.459375 0.304296875 0.455078125 0.3015625 0.435546875 0.31484375 0.428125 0.326171875 0.4265625 0.376171875 0.43203125 0.391015625 0.43671875 0.360546875 0.46484375 0.325390625
2 0.48515625 0.347265625 0.48359375 0.341796875 0.47734375 0.337109375 0.475 0.327734375 0.466015625 0.325 0.4484375 0.345703125 0.4484375 0.349609375 0.454296875 0.36640625 0.464453125 0.36328125 0.47421875 0.366796875 0.48125 0.364453125 0.48515625 0.347265625
2 0.478125 0.380078125 0.4703125 0.374609375 0.466796875 0.36328125 0.451953125 0.36484375 0.44609375 0.383984375 0.44765625 0.401953125 0.451953125 0.40390625 0.455078125 0.39921875 0.462890625 0.3984375 0.47109375 0.405859375 0.4796875 0.392578125 0.478125 0.380078125
2 0.53359375 0.301953125 0.528125 0.280859375 0.520703125 0.2765625 0.50703125 0.294140625 0.50390625 0.307421875 0.5078125 0.315234375 0.5109375 0.346484375 0.51484375 0.356640625 0.517578125 0.359375 0.53203125 0.358984375 0.5359375 0.335546875 0.53359375 0.301953125
2 0.431640625 0.1984375 0.423828125 0.19765625 0.40859375 0.208203125 0.4078125 0.227734375 0.41171875 0.230078125 0.4125 0.237109375 0.41796875 0.238671875 0.43515625 0.208984375 0.431640625 0.1984375
1 0.33515625 0.265234375 0.3421875 0.251953125 0.375 0.209765625 0.38046875 0.192578125 0.376171875 0.184375 0.359765625 0.18515625 0.341015625 0.190625 0.30546875 0.225390625 0.28203125 0.262890625 0.298828125 0.26796875 0.303125 0.277734375 0.320703125 0.2734375 0.33515625 0.265234375
1 0.42890625 0.151171875 0.43203125 0.143359375 0.419921875 0.14296875 0.414453125 0.1375 0.401171875 0.14140625 0.366015625 0.17421875 0.34453125 0.184765625 0.344921875 0.18828125 0.35 0.187890625 0.401171875 0.178125 0.42890625 0.151171875
1 0.6921875 0.255078125 0.67109375 0.208203125 0.647265625 0.1984375 0.626953125 0.1953125 0.6234375 0.221484375 0.63515625 0.273828125 0.649609375 0.2796875 0.65078125 0.266796875 0.659765625 0.265625 0.668359375 0.2859375 0.7 0.294140625 0.7015625 0.288671875 0.6921875 0.255078125