1 0.575390625 0.578125 0.58671875 0.560546875 0.59140625 0.545703125 0.58828125 0.537109375 0.5875 0.510546875 0.5796875 0.489453125 0.578125 0.466796875 0.56953125 0.430859375 0.5546875 0.398046875 0.55546875 0.389453125 0.56640625 0.383984375 0.54921875 0.372265625 0.53984375 0.348828125 0.529296875 0.340625 0.512890625 0.3359375 0.449609375 0.3359375 0.428515625 0.34140625 0.412109375 0.35 0.40625 0.357421875 0.40234375 0.373046875 0.40546875 0.430859375 0.434375 0.536328125 0.43515625 0.558984375 0.440625 0.576953125 0.452734375 0.5875 0.490625 0.593359375 0.537890625 0.58984375 0.575390625 0.578125
1 0.30546875 0.626953125 0.2828125 0.517578125 0.27734375 0.474609375 0.27890625 0.462109375 0.275 0.453515625 0.271875 0.430078125 0.262890625 0.41328125 0.244921875 0.41171875 0.218359375 0.42265625 0.2046875 0.439453125 0.20078125 0.483203125 0.21015625 0.552734375 0.2234375 0.615234375 0.23515625 0.639453125 0.244140625 0.64921875 0.254296875 0.6546875 0.28046875 0.656640625 0.30078125 0.650390625 0.30546875 0.626953125
1 0.281640625 0.325 0.296875 0.310546875 0.3046875 0.291796875 0.3140625 0.235546875 0.31875 0.228515625 0.312109375 0.21640625 0.299609375 0.2171875 0.275390625 0.22734375 0.25078125 0.248046875 0.2421875 0.265234375 0.22734375 0.326171875 0.22734375 0.341796875 0.234375 0.344921875 0.249609375 0.340625 0.281640625 0.325
1 0.623828125 0.853125 0.6375 0.843359375 0.63984375 0.830078125 0.6375 0.780078125 0.65 0.773046875 0.63828125 0.770703125 0.63671875 0.753515625 0.628515625 0.7453125 0.602734375 0.74296875 0.559765625 0.75 0.519140625 0.759375 0.5046875 0.769140625 0.50390625 0.797265625 0.515625 0.809765625 0.52890625 0.838671875 0.53125 0.858984375 0.543359375 0.8671875 0.5546875 0.867578125 0.600390625 0.8609375 0.623828125 0.853125
1 0.44609375 0.863671875 0.440625 0.848046875 0.41484375 0.805859375 0.41640625 0.800390625 0.40703125 0.793359375 0.39765625 0.776171875 0.386328125 0.76484375 0.362890625 0.753125 0.334765625 0.74375 0.308203125 0.74140625 0.296875 0.745703125 0.296875 0.757421875 0.30625 0.779296875 0.3125 0.783984375 0.3375 0.823046875 0.361328125 0.85234375 0.379296875 0.86171875 0.408203125 0.8671875 0.43671875 0.868359375 0.444140625 0.86796875 0.44609375 0.863671875
1 0.476171875 0.2203125 0.47734375 0.200390625 0.46640625 0.178515625 0.4703125 0.169140625 0.455078125 0.16171875 0.437890625 0.16171875 0.414453125 0.16484375 0.391796875 0.171875 0.384375 0.180859375 0.384375 0.187109375 0.3890625 0.204296875 0.38828125 0.231640625 0.396875 0.233203125 0.444140625 0.228125 0.476171875 0.2203125
1 0.30390625 0.207421875 0.31015625 0.197265625 0.3171875 0.173046875 0.313671875 0.16953125 0.291796875 0.175 0.27109375 0.189453125 0.2546875 0.220703125 0.253125 0.231640625 0.25703125 0.233203125 0.279296875 0.22421875 0.30390625 0.207421875
1 0.4421875 0.125390625 0.43828125 0.109765625 0.432421875 0.10703125 0.406640625 0.109375 0.385546875 0.1171875 0.38203125 0.133203125 0.383984375 0.13828125 0.3890625 0.138671875 0.437109375 0.1296875 0.4421875 0.125390625
1 0.3390625 0.136328125 0.340625 0.126171875 0.333203125 0.125 0.308984375 0.1359375 0.2953125 0.152734375 0.2953125 0.157421875 0.3 0.158203125 0.333203125 0.14375 0.3390625 0.136328125
1 0.503125 0.930859375 0.477734375 0.9109375 0.422265625 0.903125 0.407421875 0.90390625 0.40546875 0.906640625 0.440234375 0.93515625 0.458984375 0.93828125 0.5 0.938671875 0.50546875 0.933984375 0.503125 0.930859375
1 0.63984375 0.911328125 0.6375 0.902734375 0.633984375 0.89921875 0.626953125 0.89921875 0.592578125 0.90625 0.565625 0.916015625 0.56484375 0.919140625 0.577734375 0.93203125 0.5859375 0.933203125 0.636328125 0.92109375 0.63984375 0.911328125
1 0.12734375 0.314453125 0.141015625 0.2703125 0.12890625 0.280078125 0.115625 0.305078125 0.11015625 0.323046875 0.1109375 0.335546875 0.11953125 0.327734375 0.12734375 0.314453125
1 0.190234375 0.19609375 0.180859375 0.19921875 0.15625 0.219140625 0.14921875 0.231640625 0.15390625 0.241015625 0.1703125 0.226953125 0.190234375 0.19609375
2 0.7421875 0.757421875 0.75078125 0.733203125 0.75703125 0.724609375 0.756640625 0.71015625 0.737109375 0.71484375 0.725 0.728515625 0.715625 0.756640625 0.715625 0.768359375 0.719140625 0.7734375 0.72421875 0.773828125 0.731640625 0.7703125 0.7421875 0.757421875