1 0.419921875 0.21171875 0.43203125 0.190234375 0.4328125 0.169140625 0.43828125 0.165234375 0.415234375 0.159375 0.364453125 0.16953125 0.349609375 0.1796875 0.32890625 0.205078125 0.321875 0.222265625 0.323828125 0.2265625 0.32734375 0.226953125 0.364453125 0.2171875 0.419921875 0.21171875
1 0.796875 0.321484375 0.7703125 0.276171875 0.762109375 0.26875 0.718359375 0.246875 0.694140625 0.246875 0.70390625 0.279296875 0.7234375 0.312890625 0.73125 0.332421875 0.753515625 0.3375 0.8046875 0.358984375 0.80546875 0.347265625 0.796875 0.321484375
1 0.146875 0.612109375 0.13828125 0.505078125 0.1359375 0.498828125 0.130078125 0.49453125 0.115234375 0.49375 0.11015625 0.496484375 0.10859375 0.501171875 0.10390625 0.543359375 0.10546875 0.581640625 0.11015625 0.608984375 0.11640625 0.624609375 0.126171875 0.63515625 0.141796875 0.64609375 0.15 0.646484375 0.15234375 0.638671875 0.146875 0.612109375
1 0.11796875 0.738671875 0.106640625 0.72578125 0.101953125 0.73046875 0.097265625 0.7296875 0.103125 0.746484375 0.12421875 0.778515625 0.150390625 0.80625 0.1671875 0.817578125 0.15390625 0.792578125 0.11796875 0.738671875
1 0.712890625 0.87109375 0.72734375 0.850390625 0.72421875 0.839453125 0.710546875 0.84375 0.664453125 0.878125 0.6546875 0.894140625 0.659375 0.894921875 0.694921875 0.8828125 0.712890625 0.87109375
1 0.605078125 0.11953125 0.576953125 0.1140625 0.561328125 0.1140625 0.5546875 0.117578125 0.55546875 0.123828125 0.566015625 0.13125 0.628125 0.141796875 0.624609375 0.12890625 0.605078125 0.11953125
1 0.5890625 0.106640625 0.576171875 0.09921875 0.541015625 0.096875 0.53515625 0.100390625 0.539453125 0.11015625 0.5890625 0.115234375 0.59296875 0.114453125 0.5890625 0.106640625
3 0.836328125 0.83125 0.86171875 0.803515625 0.87578125 0.780078125 0.860546875 0.7796875 0.83828125 0.806640625 0.78828125 0.851953125 0.7765625 0.866015625 0.77421875 0.875390625 0.804296875 0.85703125 0.836328125 0.83125
3 0.8640625 0.772265625 0.86796875 0.764453125 0.90546875 0.698828125 0.90859375 0.683984375 0.906640625 0.67734375 0.89140625 0.691015625 0.8609375 0.730078125 0.853125 0.746484375 0.841015625 0.75546875 0.837109375 0.75078125 0.83515625 0.751953125 0.8234375 0.782421875 0.83046875 0.786328125 0.831640625 0.79140625 0.841015625 0.7921875 0.84375 0.797265625 0.865625 0.776953125 0.8640625 0.772265625
3 0.858203125 0.73359375 0.87890625 0.709765625 0.88203125 0.692578125 0.90234375 0.663671875 0.909375 0.632421875 0.90703125 0.610546875 0.903515625 0.60625 0.8921875 0.612109375 0.8890625 0.623828125 0.880078125 0.63515625 0.86015625 0.648828125 0.85625 0.674609375 0.84296875 0.722265625 0.84140625 0.736328125 0.84375 0.739453125 0.851171875 0.7328125 0.858203125 0.73359375
3 0.89453125 0.616015625 0.89375 0.612109375 0.898046875 0.6078125 0.90390625 0.607421875 0.91171875 0.569921875 0.90859375 0.547265625 0.898828125 0.5421875 0.894921875 0.5359375 0.884765625 0.534375 0.881640625 0.525 0.87890625 0.525390625 0.878125 0.537890625 0.870703125 0.54765625 0.86640625 0.544921875 0.86875 0.541796875 0.866796875 0.5390625 0.86015625 0.541796875 0.86015625 0.631640625 0.86171875 0.640234375 0.8671875 0.642578125 0.880859375 0.6359375 0.89453125 0.616015625
3 0.878125 0.537890625 0.879296875 0.525 0.882421875 0.528125 0.887109375 0.52578125 0.891015625 0.534375 0.8953125 0.532421875 0.896875 0.472265625 0.89453125 0.444921875 0.891015625 0.45078125 0.8859375 0.430859375 0.877734375 0.4296875 0.868359375 0.42109375 0.857421875 0.4234375 0.855078125 0.434375 0.85 0.427734375 0.853125 0.423828125 0.846484375 0.42265625 0.84453125 0.416015625 0.839453125 0.4140625 0.84765625 0.452734375 0.853125 0.508203125 0.8625 0.546484375 0.87109375 0.546484375 0.86875 0.541015625 0.878125 0.537890625
3 0.84140625 0.408203125 0.846484375 0.40625 0.858984375 0.4078125 0.85546875 0.412109375 0.858984375 0.41328125 0.87109375 0.412109375 0.86640625 0.409765625 0.8703125 0.404296875 0.866796875 0.3890625 0.8765625 0.394921875 0.87734375 0.402734375 0.880859375 0.4046875 0.8796875 0.380859375 0.86796875 0.334765625 0.859375 0.316015625 0.8546875 0.314453125 0.85703125 0.310546875 0.84296875 0.300390625 0.819140625 0.26640625 0.81953125 0.270703125 0.812109375 0.278125 0.808203125 0.27578125 0.804296875 0.28046875 0.780859375 0.28046875 0.778125 0.283203125 0.7828125 0.286328125 0.8 0.324609375 0.81171875 0.363671875 0.8203125 0.373046875 0.83828125 0.412890625 0.84453125 0.414453125 0.846875 0.411328125 0.84140625 0.408203125
3 0.79140625 0.293359375 0.79375 0.289453125 0.8046875 0.282421875 0.798828125 0.28125 0.796875 0.275390625 0.8 0.251953125 0.804296875 0.2578125 0.8109375 0.255078125 0.760546875 0.2015625 0.755078125 0.20703125 0.7484375 0.208203125 0.745703125 0.2171875 0.734765625 0.21953125 0.73515625 0.225390625 0.75703125 0.251171875 0.7625 0.260546875 0.76171875 0.266796875 0.78984375 0.300390625 0.79296875 0.299609375 0.79140625 0.293359375