1 0.5046875 0.782421875 0.50859375 0.777734375 0.50625 0.764453125 0.498046875 0.7578125 0.483984375 0.7546875 0.442578125 0.75625 0.43359375 0.772265625 0.43671875 0.818359375 0.451171875 0.82578125 0.4859375 0.827734375 0.4984375 0.818359375 0.5046875 0.782421875
1 0.534375 0.380859375 0.531640625 0.3796875 0.52265625 0.380859375 0.5140625 0.403515625 0.514453125 0.40625 0.518359375 0.40625 0.522265625 0.4015625 0.52265625 0.410546875 0.52578125 0.414453125 0.534375 0.387890625 0.534375 0.380859375
1 0.53125 0.514453125 0.53671875 0.436328125 0.531640625 0.4296875 0.518359375 0.42421875 0.484765625 0.4265625 0.478515625 0.42265625 0.478125 0.427734375 0.46640625 0.440234375 0.47109375 0.453515625 0.46328125 0.506640625 0.465625 0.517578125 0.469921875 0.52109375 0.498046875 0.51953125 0.51875 0.522265625 0.528515625 0.51875 0.53125 0.514453125
1 0.796875 0.462890625 0.7953125 0.455078125 0.7796875 0.430078125 0.773046875 0.42265625 0.752734375 0.41171875 0.733203125 0.4109375 0.7265625 0.420703125 0.72890625 0.436328125 0.7328125 0.442578125 0.76015625 0.468359375 0.769140625 0.48125 0.784765625 0.48515625 0.7875 0.498046875 0.79296875 0.498828125 0.79140625 0.484765625 0.796875 0.462890625
1 0.68046875 0.391015625 0.6765625 0.359765625 0.67265625 0.352734375 0.657421875 0.3453125 0.637109375 0.3453125 0.634375 0.348828125 0.63359375 0.368359375 0.63515625 0.389453125 0.63828125 0.395703125 0.644921875 0.4 0.6765625 0.404296875 0.68046875 0.400390625 0.68046875 0.391015625
1 0.29921875 0.451171875 0.321875 0.401171875 0.32109375 0.380859375 0.318359375 0.37578125 0.291796875 0.3796875 0.27109375 0.411328125 0.2609375 0.445703125 0.26171875 0.451171875 0.27109375 0.460546875 0.273828125 0.45703125 0.29921875 0.451171875
1 0.4453125 0.327734375 0.4484375 0.311328125 0.4578125 0.302734375 0.458984375 0.28359375 0.444140625 0.2796875 0.425390625 0.28203125 0.40078125 0.305078125 0.4015625 0.310546875 0.39453125 0.323828125 0.3953125 0.333203125 0.400390625 0.3375 0.41484375 0.337890625 0.427734375 0.3359375 0.4453125 0.327734375
1 0.51328125 0.216015625 0.51484375 0.207421875 0.512109375 0.20390625 0.490234375 0.20234375 0.480859375 0.2078125 0.475 0.216015625 0.476953125 0.22421875 0.5 0.224609375 0.506640625 0.2234375 0.51328125 0.216015625
1 0.594921875 0.16640625 0.586328125 0.1640625 0.578125 0.166015625 0.579296875 0.1734375 0.59375 0.176171875 0.5984375 0.173828125 0.594921875 0.16640625
1 0.630078125 0.1953125 0.623046875 0.1921875 0.6109375 0.192578125 0.609375 0.196484375 0.613671875 0.203125 0.634375 0.208203125 0.63671875 0.204296875 0.630078125 0.1953125
1 0.684765625 0.215625 0.676171875 0.2109375 0.66328125 0.211328125 0.667578125 0.22578125 0.68671875 0.230078125 0.6890625 0.222265625 0.684765625 0.215625
3 0.123046875 0.5015625 0.126171875 0.5 0.130859375 0.503125 0.145703125 0.49453125 0.153515625 0.496875 0.18359375 0.455078125 0.18125 0.431640625 0.184375 0.416015625 0.2203125 0.348046875 0.215625 0.319140625 0.212890625 0.31640625 0.2 0.318359375 0.21015625 0.298046875 0.2109375 0.287890625 0.208203125 0.28515625 0.173046875 0.28515625 0.166796875 0.2890625 0.13984375 0.320703125 0.13203125 0.339453125 0.13046875 0.358203125 0.11328125 0.376953125 0.1078125 0.412109375 0.10625 0.466796875 0.11015625 0.518359375 0.11796875 0.519921875 0.1171875 0.509765625 0.123046875 0.5015625
3 0.925390625 0.45703125 0.928125 0.452734375 0.9265625 0.425390625 0.91953125 0.390234375 0.9015625 0.368359375 0.870703125 0.3390625 0.86796875 0.347265625 0.8734375 0.392578125 0.8828125 0.428515625 0.89296875 0.451953125 0.898046875 0.453125 0.9 0.447265625 0.903515625 0.446875 0.9078125 0.452734375 0.91015625 0.466796875 0.915625 0.469140625 0.92109375 0.452734375 0.925390625 0.45703125
3 0.925390625 0.57890625 0.9140625 0.585546875 0.9046875 0.607421875 0.90390625 0.634765625 0.90625 0.641796875 0.9109375 0.644921875 0.92265625 0.605859375 0.925390625 0.57890625
3 0.427734375 0.16015625 0.440234375 0.1515625 0.44296875 0.144921875 0.430859375 0.13828125 0.397265625 0.14296875 0.3890625 0.158203125 0.39296875 0.169921875 0.398828125 0.1640625 0.427734375 0.16015625
3 0.50390625 0.120703125 0.473828125 0.1203125 0.46875 0.130859375 0.46953125 0.137109375 0.47265625 0.137890625 0.502734375 0.12890625 0.50390625 0.120703125
3 0.4671875 0.126171875 0.464453125 0.1203125 0.444140625 0.12421875 0.4328125 0.137109375 0.445703125 0.1453125 0.4578125 0.145703125 0.4640625 0.139453125 0.4671875 0.126171875