1 0.4356206927512356 0.5884834225700164 0.43896149423393743 0.5842791219110378 0.4471929431630972 0.5611247273476112 0.44749306507413505 0.5503888846787479 0.44035633113673806 0.5434268294892917 0.4132362726523888 0.5414046573311367 0.40834315238879737 0.5446175420098847 0.400886626029654 0.560399039538715 0.398087057660626 0.5791547850082372 0.40211915238879736 0.5841340082372323 0.42615671746293243 0.5879028492586491 0.4356206927512356 0.5884834225700164
1 0.5637201705107083 0.6069167833607908 0.5756835930807248 0.5994774546952224 0.5843873690280066 0.5639487948929159 0.5804413756177924 0.5581503607907743 0.555951154859967 0.5547480741350906 0.541874510708402 0.5586522528830313 0.5399359670510708 0.5692158904448106 0.5267892537067546 0.5918536705107084 0.5273944448105436 0.6018564052718287 0.533689823723229 0.6050028574958815 0.5637201705107083 0.6069167833607908
1 0.5544210980230643 0.6953915485996705 0.5683033937397034 0.6893962915980231 0.5757820634266886 0.6773442932454695 0.5826801598023064 0.6747562710049424 0.5868598426688633 0.6586303624382208 0.5836248138385502 0.6500077421746294 0.5764019777594728 0.6438648978583196 0.5542832866556837 0.6415401301482702 0.5380294621087315 0.6464578682042833 0.5190425000000001 0.6813198517298188 0.5188284802306424 0.6912364835255355 0.5235715403624382 0.6933915197693574 0.5544210980230643 0.6953915485996705
1 0.39971334761120264 0.7764517207578254 0.4001438607907743 0.7723556663920922 0.39289640691927513 0.7467461128500824 0.38256893245469525 0.7386204373970345 0.3621747652388797 0.7356486630971993 0.35879214909390444 0.7481311738056012 0.3626323698517298 0.7667565288303131 0.37058831383855023 0.7738046861614498 0.39281525123558486 0.7790397438220757 0.39971334761120264 0.7764517207578254
1 0.4566300642504118 0.8023121614497529 0.47361452388797365 0.7825625263591433 0.47091825453047775 0.7727541408566722 0.44276249176276766 0.7648252874794069 0.42532290197693573 0.7692042668863263 0.41441732784184515 0.7862797767710049 0.4147199233937397 0.7912811433278418 0.42349507825370675 0.7984154036243822 0.4424451729818781 0.8033060510708402 0.4566300642504118 0.8023121614497529
1 0.5961320617792422 0.8107624579901154 0.6064792059308073 0.8068804233937397 0.6205951911037891 0.7789608245469523 0.6133723550247118 0.7728179802306424 0.5833641515650742 0.7746335543657331 0.5697647817133443 0.7976378887973641 0.5688176540362438 0.8066492075782538 0.5718361894563426 0.8094512495881384 0.5961320617792422 0.8107624579901154
1 0.6480966457990115 0.875858913509061 0.6600600675453048 0.8684195848434926 0.6722153649093904 0.8473341235584844 0.6702522042833609 0.8384310518945634 0.6502467347611203 0.8396414341021416 0.6328514332784185 0.8514794126853378 0.6188855090609555 0.8740310906095552 0.6250086828665569 0.8788159645799012 0.6480966457990115 0.875858913509061
1 0.5093080864909391 0.8803216408566722 0.5195691285008237 0.8772588171334431 0.5324796779242175 0.860808168863262 0.5339877092257002 0.8543405856672157 0.5297834085667216 0.8509997833607907 0.49757588056013174 0.850099417627677 0.47893085502471167 0.8659473476112026 0.4782420345963756 0.8725010337726524 0.4835459975288303 0.8771998056013179 0.5093080864909391 0.8803216408566722
1 0.445148863261944 0.8603260658978584 0.45521555683690273 0.8551721639209225 0.4643966062602965 0.8387436606260297 0.46243344563426686 0.8298405881383855 0.44647974217462927 0.8240224835255354 0.42436105107084016 0.821697715815486 0.4150274662273476 0.8277569308072488 0.4098120799011532 0.8379761589785831 0.4101589629324547 0.85043652553542 0.4333133583196046 0.85866797446458 0.445148863261944 0.8603260658978584
1 0.34373893080724877 0.848010931630972 0.3486320518945634 0.8447980469522239 0.3531143303130148 0.8336735057660627 0.3525091392092257 0.8236707718286655 0.331876334431631 0.8111489200988468 0.3148451128500824 0.8077023451400329 0.3071081359143328 0.8222119761120263 0.30771332701812193 0.8322147100494234 0.3132977413509061 0.8381853492586491 0.3376379011532125 0.846955557660626 0.34373893080724877 0.848010931630972
2 0.35581790197693575 0.7527881309719934 0.35835916309719934 0.7364900181219111 0.3558793871499176 0.7325022108731467 0.3493257001647446 0.7318133904448105 0.3441742726523888 0.7374839077429983 0.3505582273476112 0.7555483591433279 0.35581790197693575 0.7527881309719934
2 0.33419615568369027 0.7575558088962109 0.33589853542009884 0.7531793031301484 0.3304641820428336 0.7418407429983526 0.326087676276771 0.7401383624382207 0.32076404283360793 0.7474473014827018 0.3261983970345964 0.7587858616144975 0.33419615568369027 0.7575558088962109
3 0.2570280313014827 0.8140494332784185 0.2641622907742998 0.8052742775947281 0.2603220708401977 0.7866489225700165 0.23076157660626032 0.7566235230642504 0.22657942009884677 0.7570122207578254 0.2056661647446458 0.7432185016474464 0.19591926359143327 0.7256288509060955 0.1767748204283361 0.7186471252059308 0.1731781845140033 0.7410462685337726 0.18434701317957167 0.7529875461285008 0.17684619934102142 0.7613100444810544 0.20683720593080726 0.7872393912685338 0.2498494827018122 0.8153655881383856 0.2570280313014827 0.8140494332784185
3 0.27375170922570013 0.7810202199341021 0.2836019093904448 0.7700457405271828 0.27890066392092255 0.7596124934102142 0.28148621334431634 0.7507733797364086 0.2663049596375618 0.7218451680395387 0.260806647446458 0.7150553187808897 0.23825497034596377 0.7010893945634267 0.23016863509060953 0.6874014481054366 0.20974985008237232 0.6649629645799011 0.19724519522240527 0.6578508484349259 0.18814777429983526 0.657722931630972 0.1818327248764415 0.6665841894563427 0.18205416556836904 0.7038791869851729 0.18828558566721582 0.7115743500823724 0.21687433443163096 0.7311443591433279 0.24046418945634265 0.7667541738056013 0.26027778253706757 0.7791899233937397 0.27375170922570013 0.7810202199341021
3 0.30929509225700164 0.7462418657331137 0.30364424546952223 0.7290827273476113 0.31310822075782535 0.7296633006589786 0.32218349835255355 0.7260617182866557 0.3115730988467875 0.7009269654036244 0.29324539209225703 0.6782941326194398 0.28871635172981874 0.666222463756178 0.29087138879736407 0.6614794036243822 0.2805217701812191 0.6496242281713345 0.2691143039538715 0.6281328723228995 0.2350272438220758 0.6017730131795717 0.2322005831960461 0.5853248393739703 0.2151693616144975 0.5818782644151566 0.20145927182866555 0.5862350996705107 0.1937641087314662 0.5924665197693575 0.18738510049423393 0.6058764884678748 0.1861821392092257 0.6330826490939044 0.19105806342668863 0.6576146845140033 0.19642598434925865 0.6577647462932454 0.21496771087314662 0.6704809464579902 0.23146264662273477 0.6908504958813838 0.2357973377265239 0.7008310864909391 0.2479575823723229 0.7112200453047777 0.259901334431631 0.7157884266886326 0.279092539538715 0.7459663616144975 0.3005863690280066 0.7502961054365733 0.30929509225700164 0.7462418657331137
3 0.30714983113673805 0.6760283756177924 0.31447844069192754 0.6693442981878089 0.3253003855024712 0.6688252100494234 0.328252489291598 0.6604387528830313 0.346186550247117 0.6474150090609555 0.34941415815485993 0.6088259991762768 0.3487646787479407 0.5913642652388797 0.33901530477759473 0.5580374044481055 0.33771881960461286 0.5388511457990115 0.3147538261943987 0.501236355848435 0.30574250741350906 0.5002892281713345 0.2815130675453048 0.5101665189456344 0.25370418863261945 0.5146980329489291 0.22747472075782538 0.5554248822075782 0.22902951317957168 0.5721535082372323 0.24399427429983525 0.5952611416803953 0.2466265848434926 0.6096182380560132 0.27323250247116965 0.632292884678748 0.27996086738056014 0.6470804934102141 0.29479523723228995 0.6635483377265239 0.29768585584843493 0.6754478014827019 0.30714983113673805 0.6760283756177924
3 0.3789351927512356 0.5249614299835256 0.3848762668863262 0.4684358855024711 0.3938801647446458 0.42217138303130153 0.39967859884678747 0.41822539044481055 0.41041444151565076 0.41852551235584845 0.4196422528830313 0.42529321828665567 0.4376648904448106 0.4271874736408567 0.4537883245469523 0.4156299464579901 0.4686202215815486 0.4163605815485997 0.4754961738056013 0.4100430584843493 0.47678771169686984 0.3977548970345964 0.48463293574958816 0.3861555551894563 0.4819563369028007 0.3643394596375618 0.4674442322899506 0.3408652718286656 0.4565779991762768 0.3339253607907743 0.4381666639209226 0.3278489489291598 0.42600889291598026 0.33319720016474463 0.40846105601317956 0.33466589044481054 0.39104360955518946 0.34277436902800656 0.3866252899505766 0.3493501993410214 0.3742092108731466 0.35715608319604614 0.37684399588138384 0.3872503887973641 0.37012057825370676 0.4039372001647446 0.3838109975288303 0.41158807495881383 0.3843940453047776 0.4178613097199341 0.373240057660626 0.500343291598023 0.3723815065897858 0.5242726095551895 0.37522783690280065 0.5287130741350906 0.3789351927512356 0.5249614299835256
1 0.6423569851729819 0.5679709958813839 0.6506991540362438 0.5634640996705107 0.657033873970346 0.5425951317957167 0.6575701598023064 0.5256721565074135 0.6324329324546952 0.5205453459637561 0.6257291853377265 0.5252244472817134 0.619008241350906 0.5576484686985173 0.6239677940691928 0.5656240840197694 0.6423569851729819 0.5679709958813839
1 0.6301351375617793 0.4399625675453048 0.6376580955518946 0.43536956836902796 0.6402829851729819 0.4025150345963756 0.6377171062602965 0.3993464382207578 0.6152097174629324 0.39283951317957166 0.6068675485996705 0.3973464093904448 0.6034652619439868 0.4218366309719935 0.6054505667215815 0.4344692026359143 0.6092022108731466 0.4381765584843492 0.6301351375617793 0.4399625675453048
1 0.6320441161449752 0.37845779983525535 0.6339383714991763 0.3604351622734761 0.6260685296540363 0.35256779406919275 0.6154187891268534 0.35144846128500823 0.6096203550247117 0.3553944546952224 0.6036300461285008 0.37298657907743 0.6075760387149918 0.3787850131795717 0.6185923327841845 0.38035700247116966 0.6320441161449752 0.37845779983525535
1 0.762864481878089 0.4261662561779242 0.765319640032949 0.41068735337726525 0.7611350098846787 0.39533884184514 0.751368439044481 0.3897569003294893 0.7472945296540362 0.3930558879736409 0.744150550247117 0.41508847693574963 0.7478382355848435 0.42334454283360795 0.7545862710049424 0.4261244415156507 0.762864481878089 0.4261662561779242
1 0.7760630222405271 0.5961044958813838 0.7841025955518945 0.5865962322899506 0.7866438566721582 0.570298118616145 0.7817039744645798 0.5503147940691928 0.7710542347611202 0.5491954612850083 0.7652558006589786 0.5531414538714992 0.7543084118616145 0.5784951738056013 0.753922186985173 0.5900502273476111 0.7583208369028006 0.5954821070840197 0.7760630222405271 0.5961044958813838
1 0.8719450782537067 0.5506886507413509 0.8759328855024712 0.548208873970346 0.8742058879736408 0.5331186696869852 0.8671552570016475 0.5253374044481054 0.8574108294892916 0.5234849629324547 0.8465249258649095 0.5285527619439868 0.8439836647446457 0.5448508756177924 0.8501068385502472 0.5496357495881383 0.8719450782537067 0.5506886507413509
1 0.8806858393739704 0.6133127504118616 0.8849959135090609 0.6038266309719934 0.8860709579901154 0.5857178912685338 0.8825554777594729 0.5758234036243822 0.8753769291598023 0.5771395593080725 0.8730496878088962 0.5835210403624382 0.8686559851729818 0.6095635807248764 0.8714162133443163 0.614823255354201 0.8806858393739704 0.6133127504118616
0 0.15252323640856671 0.7247949168039539 0.1551505996705107 0.7076775930807249 0.15903016062602965 0.7022875271828666 0.15652824052718287 0.6945702199341022 0.16178296787479407 0.6603355724876442 0.16721484761120264 0.6559369225700165 0.17152244728171334 0.6307135930807248 0.18122011285008238 0.6093698245469522 0.1693476219110379 0.5095589728171335 0.1737339036243822 0.43630480230642504 0.1776552784184514 0.42263652718286654 0.18442298434925863 0.41340871499176274 0.18079925700164745 0.40060393822075785 0.18467387067545304 0.36373945304777594 0.1901475650741351 0.3510625930807249 0.18689039291598022 0.33871047281713346 0.17878438714991762 0.3370302364085667 0.17419386243822077 0.34524448846787475 0.16630435008237232 0.3493848303130148 0.1650767701812191 0.3571242817133443 0.1539104151565074 0.3609202133443163 0.14425209060955518 0.35824856177924214 0.14246360790774298 0.3634442775947282 0.1322247100494234 0.37023660131795716 0.1122192413509061 0.37144698434925866 0.10842578253706754 0.3760178385502471 0.10396317462932454 0.3751346696869852 0.10435187314662273 0.3793168261943987 0.09452381713344317 0.39402080560131797 0.07986659884678747 0.4073889596375618 0.07379513426688633 0.45727471499176275 0.07173609472817134 0.5241474036243822 0.07488502059308072 0.5335892347611203 0.07778306013179571 0.5927003286655683 0.08891502224052718 0.64439423723229 0.0995697100494234 0.6769879901153213 0.10875570675453047 0.6920339060955518 0.1453668319604613 0.7298405716639209 0.15252323640856671 0.7247949168039539
0 0.21676349505766065 0.5745914703459637 0.22398385749588137 0.56499710461285 0.2265251194398682 0.5486989909390445 0.23656966803953872 0.5398155889621088 0.2433349003294893 0.5148505675453048 0.24779750823723226 0.51573373723229 0.25249628006589786 0.5104297742998353 0.26965541845140034 0.5047789275123559 0.28957478500823725 0.504387755354201 0.3006328937397034 0.4976815345963756 0.31243883360790775 0.44839849670510706 0.3119394151565074 0.42556884102141684 0.297454402800659 0.43729857331136734 0.239937442339374 0.4329098187808896 0.21165376276771006 0.43407838632619444 0.19744920181219108 0.44707998599670506 0.19555494645799013 0.46510262355848436 0.1768434884678748 0.46976205436573315 0.17081383855024712 0.5113695996705107 0.17901336738056012 0.5594422545304778 0.1841672693574959 0.5695089472817133 0.19313429983525535 0.562997075782537 0.197921647446458 0.5726111120263592 0.2078604233937397 0.5765546317957166 0.21676349505766065 0.5745914703459637
0 0.3387372075782537 0.43459735667215815 0.34563283031301484 0.41627212355848436 0.3533058500823723 0.40631120345963756 0.36597528912685334 0.36457326771004944 0.368860960461285 0.3449983113673806 0.3665533887973641 0.3393720823723229 0.32115238550247116 0.3379132874794069 0.305803873970346 0.34209791680395385 0.28493985337726524 0.3672376177924217 0.2620683830313015 0.37601524629324545 0.24874946457990116 0.4002914481054366 0.24601632784184513 0.43023569275123563 0.2770602355848435 0.43432679983525535 0.29788491515650745 0.43320251976935753 0.3121977232289951 0.42311120922570017 0.3147636021416804 0.42627980560131795 0.3150686713344316 0.4470183830313014 0.31968381383855027 0.45827084102141685 0.3387372075782537 0.43459735667215815
0 0.4670726128500824 0.17103280477759472 0.4709103591433278 0.17392094975288303 0.4753508228995058 0.1710746194398682 0.4774640453047776 0.1746097701812191 0.49966883855024713 0.17611532784184514 0.4939983220757826 0.17096389950576607 0.5005938228995058 0.16337450906095552 0.4965395831960461 0.15466578583196047 0.4982198196046128 0.1465597808896211 0.47491536326194395 0.1436962537067545 0.4693112784184514 0.1497333245469522 0.467456363261944 0.14374054118616145 0.4613774777594728 0.1464146672158155 0.4567205205930807 0.14344041927512358 0.44827010543657336 0.14503702635914334 0.45435146457990117 0.15810011120263592 0.4604524942339374 0.15915548517298186 0.44553449505766063 0.1592440617792422 0.4448899629324547 0.17325674794069193 0.4670726128500824 0.17103280477759472
0 0.12441635337726523 0.34208331301482703 0.16468312520593079 0.321467705107084 0.17731569686985174 0.31948239950576607 0.1819283657331137 0.31499764744645803 0.18593831713344317 0.31624737149917626 0.22741299835255355 0.29990002224052714 0.32338363014827015 0.269402176276771 0.331120607907743 0.2548925461285008 0.34422550658978585 0.24053297611202634 0.366292489291598 0.18818711449752884 0.36361836326194397 0.18210822899505766 0.3799804349258649 0.18010078006589786 0.39149120098846785 0.17302800494233936 0.406150892092257 0.17539706095551894 0.4116049159802307 0.1747279110378913 0.41248808566721584 0.17026530313014826 0.4212410963756178 0.17367006342668861 0.4257676630971993 0.17000452224052717 0.4379697224052718 0.17211527100494234 0.44044702471169683 0.16036586820428336 0.4385281515650741 0.15892179571663922 0.4347346935749588 0.16349264991762769 0.4321688146622735 0.16032405354200988 0.4358761705107084 0.1565724093904448 0.43195232125205935 0.15450347528830313 0.43246893657331137 0.1495882108731466 0.43874217133443166 0.14900516392092256 0.4399500807248764 0.15327342257001647 0.44111370098846786 0.15008268204283362 0.4465677248764416 0.14941353212520592 0.43227458731466223 0.14749713261943986 0.43121921334431634 0.1535981622734761 0.42076382207578256 0.15456990774299834 0.4183504777594728 0.16177059967051072 0.4126578171334432 0.15288967133443163 0.39881733607907743 0.15060671828665567 0.37075014991762767 0.15759586408566723 0.369242118616145 0.16406344810543658 0.35820368039538714 0.15876195881383856 0.3310418072487644 0.16501799670510708 0.27857297611202636 0.18352285584843495 0.22261328253706753 0.21159993657331136 0.15999412932454696 0.25181511779242177 0.15495094810543658 0.26039592421746294 0.13865530807248763 0.2735918723228995 0.13410907084019769 0.2892651243822076 0.11873841515650742 0.2897202545304778 0.11951581136738057 0.29808456754530477 0.11322290691927513 0.31067532454695224 0.11688844810543658 0.31520189126853376 0.11486380148270182 0.32658473970345964 0.11158695881383855 0.3262403294892916 0.1117370197693575 0.3208724085667216 0.10792141762767711 0.3217137635914333 0.10912932619439868 0.32598202224052714 0.10020658401976935 0.33995289373970344 0.10559664909390445 0.3438324546952224 0.12441635337726523 0.34208331301482703
0 0.2388893698517298 0.3483170881383855 0.2798917240527183 0.3443440032948929 0.32076368698517294 0.3337311309719934 0.33082790691927516 0.31284001894563424 0.3438048887973641 0.30757787067545306 0.3486315774299835 0.2931764859967051 0.35445215485996706 0.29295999341021417 0.35621849341021417 0.2840347767710049 0.3529195065897858 0.27996086738056014 0.3363630856672158 0.27987723805601317 0.2525059373970346 0.29756783360790773 0.24571608731466227 0.30306614579901153 0.2377429464579901 0.3237629085667216 0.22377702224052717 0.3463145856672158 0.2388893698517298 0.3483170881383855
0 0.37582301482701813 0.3378615782537067 0.39142983443163093 0.3312193154859967 0.39703391927512355 0.32518224464579903 0.41397903789126855 0.32944802965403625 0.4299745560131796 0.3269879242174629 0.44568714827018124 0.30751874052718287 0.45357666062602964 0.30337839868204286 0.45443768533772655 0.2951862907742998 0.46590416309719934 0.28065451565074134 0.4684897125205931 0.27181540197693577 0.46510462273476116 0.26856070345963756 0.44902300247116966 0.2718400197693575 0.40142267462932457 0.267665284184514 0.39370536738056017 0.27016720510708403 0.3302251886326194 0.3185744942339374 0.323932284184514 0.3311652520593081 0.3267786144975289 0.335605715815486 0.37582301482701813 0.3378615782537067
3 0.5569201894563426 0.2736554752883031 0.5616607751235585 0.26007330230642506 0.5686228303130149 0.252936568369028 0.5974674126853377 0.25431173476112023 0.6151431663920923 0.24374562355848436 0.6203806968698518 0.23725589621087315 0.6212417224052719 0.22906378830313015 0.6149020551894563 0.21845833607907741 0.6158491836902801 0.2094470172981878 0.5869799827018122 0.18860514085667215 0.5694321466227348 0.19007383113673806 0.5664997133443163 0.18645257742998353 0.5591268163097199 0.18567765485996707 0.5569717792421746 0.19042071499176277 0.5446836177924217 0.18912917710049423 0.5316426771004943 0.19894003542009886 0.5269463797364086 0.21998120840197694 0.5362824373970346 0.22965920345963753 0.5471265271828665 0.23286961449752883 0.5468485494233938 0.2473349571663921 0.5513062100494234 0.2167437067545305 0.5543887042833607 0.2149970378912685 0.5560492693574959 0.21889874299835255 0.5520442652388797 0.2491234398682043 0.5543739810543657 0.2584791680395387 0.5484254859967052 0.2677930823723229 0.5544625568369027 0.2733971672158155 0.5569201894563426 0.2736554752883031
3 0.3960276614497529 0.23231130395387148 0.41068735337726525 0.23468035996705106 0.4253888591433278 0.22877120593080727 0.4319425461285008 0.2294600255354201 0.4352415329489292 0.23353393574958814 0.43431654942339376 0.24627475453047776 0.44875727429983525 0.22708602224052718 0.4568632792421746 0.22876625864909392 0.45589400741350905 0.23404807742998351 0.458718194398682 0.23475904118616145 0.4748859168039538 0.23066051400329488 0.4829919217462933 0.23234074958813838 0.5027808978583196 0.2253097891268534 0.5075239579901153 0.22746482619439867 0.5249610741350906 0.207348636738056 0.5250889909390445 0.198251215815486 0.5199350889621087 0.18818452224052717 0.5081635428336079 0.18197771993410214 0.4866057545304777 0.182196686985173 0.4615546301482702 0.17625066556836905 0.3771783929159802 0.1831193154859967 0.3669394950576606 0.18991163920922569 0.35099321252059307 0.23130516474464577 0.35951006013179576 0.2408970568369028 0.37214263179571666 0.23891175123558483 0.3741918953871499 0.24699561285008237 0.3960276614497529 0.23231130395387148
3 0.6193203756177924 0.21188250576606263 0.6261963278418452 0.2055649827018122 0.6455941317957166 0.17861465568369028 0.6474883871499176 0.16059201812191104 0.6449225082372323 0.15742342174629323 0.6227177149917628 0.15591786490939044 0.6169414250411862 0.1635933574958814 0.5773609991762768 0.161918068369028 0.5541894077429983 0.18143154036243822 0.5608956285008236 0.19248964909390445 0.5693460436573311 0.1908930420098847 0.5737446935749588 0.19632492174629326 0.5825813336079078 0.1831732611202636 0.5844805362438221 0.19662504365733113 0.5903872166392092 0.19558933937397036 0.6139524538714992 0.21173244481054365 0.6193203756177924 0.21188250576606263
0 0.9126548492586491 0.7425684291598023 0.9403702051070841 0.6916444958813839 0.9584272355848434 0.6380489110378912 0.9758766013179571 0.5587133822075783 0.9809074151565074 0.4714465255354201 0.9746021416803953 0.4053512331136738 0.9644615955518946 0.3521050057660626 0.9510466803953872 0.31425157825370675 0.9469727701812192 0.3175505650741351 0.9388224769357496 0.3084113294892916 0.9224136433278419 0.28722256919275124 0.9151243756177925 0.2698912257001647 0.88181223723229 0.23615846952224054 0.8686605766062603 0.22732183031301484 0.8635312924217462 0.2367218467874794 0.828302755354201 0.2172822281713344 0.8325956317957167 0.235541028830313 0.8471741680395388 0.27020371581548597 0.8462713286655684 0.2866740345963756 0.8607244217462934 0.34617135255354203 0.8637528517298189 0.4119222347611203 0.8730274250411861 0.4418861507413509 0.8789783937397035 0.4483094456342669 0.873546514003295 0.45270809555189456 0.8850597528830313 0.4613725304777595 0.8833795172981878 0.4694785362438221 0.8899356771004943 0.48590456589785835 0.8899824382207578 0.5091007759472818 0.896969111202636 0.5214307520593081 0.9016285420098847 0.5401422092257002 0.9100470370675454 0.6097726523887974 0.9203523673805603 0.6141688286655683 0.9189747273476112 0.6272762009884679 0.9120348163097198 0.638142434925865 0.9068711383855025 0.7030322915980232 0.9001083797364086 0.7437345238879737 0.9032130181219111 0.7457173550247117 0.9126548492586491 0.7425684291598023
0 0.8432921334431631 0.2598565716639209 0.8436365436573312 0.25657972817133445 0.8292105420098848 0.23228633031301485 0.7809164464579901 0.2031908607907743 0.7681091960461285 0.19107737726523888 0.7538800164744646 0.18461226771004943 0.7478872339373971 0.1864671820428336 0.7347355733113674 0.17763054200988468 0.7250747751235584 0.15922168039538714 0.6949779950576607 0.146119255354201 0.6846087067545304 0.1462717899505766 0.6894846309719934 0.17080382537067546 0.7037580980230643 0.18472793492586492 0.7118444324546952 0.19841588138385502 0.7776863649093905 0.22604266062602968 0.8390238747940691 0.2610644802306425 0.8432921334431631 0.2598565716639209
0 0.2838326507413509 0.1807626276771005 0.34311347611202636 0.16048895634266888 0.3656798764415156 0.13097275041186163 0.3693429448105437 0.11976210708401977 0.3527225650741351 0.12422718863261943 0.33948727594728173 0.13194696952224053 0.3304759571663921 0.13099984184514002 0.3146969324546952 0.13928052553542009 0.3072379332784185 0.13932481383855025 0.2628751070840198 0.15950990856672156 0.24694602141680394 0.1731585140032949 0.23009195222405274 0.1995479382207578 0.23022234266886324 0.20618772652388798 0.2838326507413509 0.1807626276771005
0 0.4076982644151565 0.1449140568369028 0.4155213443163097 0.129585215815486 0.3909671647446458 0.13073164003294893 0.3611754538714992 0.13836779159802307 0.3494285255354201 0.1516276985172982 0.348006597199341 0.15727607166392094 0.4076982644151565 0.1449140568369028
0 0.5489075889621088 0.18046226853377267 0.5601600469522241 0.1758471252059308 0.5691049332784184 0.16560575370675454 0.5560615189456343 0.15967940280065898 0.5245870988467874 0.1596843500823723 0.5077945148270181 0.16578785337726526 0.5050367602965404 0.1762653887973641 0.5073221878088963 0.17816211779242175 0.5489075889621088 0.18046226853377267
0 0.537133568369028 0.15851825535420097 0.5689105840197693 0.16351467545304776 0.5832676803953871 0.16088236490939045 0.6136645815485996 0.16324894728171335 0.6228899200988468 0.1542794431630972 0.6387132322899506 0.15345775864909392 0.6436924555189456 0.14942566309719935 0.6344425 0.13892845716639207 0.6196967059308072 0.13737861202635915 0.6151701392092257 0.1410441532125206 0.5998634415156507 0.13695057331136737 0.5889972084019769 0.1300106622734761 0.5668785172981878 0.12768589373970346 0.5581697940691928 0.1317401334431631 0.5529519332784184 0.12622215156507413 0.5390253500823723 0.12475840856672157 0.5334852240527183 0.12624676853377265 0.5298000123558485 0.13372791268533774 0.517597953047776 0.13161716392092257 0.4915997009884679 0.13468246128500821 0.48819246705107083 0.1276982619439868 0.48597347199341023 0.13699003212520594 0.5023798319604612 0.14244158319604613 0.5099495510708402 0.16104479406919275 0.537133568369028 0.15851825535420097
3 0.24254513591433277 0.42780020428336085 0.24775804859967052 0.40184376688632617 0.26051606425041185 0.37502383031301484 0.25876939621087314 0.3719413369028007 0.23057181878088964 0.3722906935749588 0.22031077677100497 0.37535351729818783 0.2134348245469522 0.3816710403624382 0.20274821746293245 0.42030433772652387 0.2041726194398682 0.4303931746293245 0.2097348896210873 0.4326343138385503 0.24254513591433277 0.42780020428336085
0 0.2806715939044481 0.36844552635914335 0.29427096375617795 0.3454411927512356 0.22099712355848433 0.3530626210873147 0.21231054448105438 0.3608463607907743 0.20963889291598023 0.3705046845140033 0.21175211532125207 0.3740398352553542 0.2806715939044481 0.36844552635914335
3 0.8563700601317957 0.3481984719934102 0.8581363986820427 0.3392732561779242 0.8445689481054366 0.29105053953871496 0.8370238459637561 0.2919140387149918 0.8293483533772652 0.2861377487644151 0.8216285724876442 0.27290245963756177 0.7980411911037891 0.2530298542009885 0.793145597199341 0.240505528830313 0.7867419719934102 0.23444878747940692 0.7466842718286656 0.21367334349258646 0.7267427619439868 0.21033501482701814 0.7298055848434926 0.22059605683690278 0.7448982627677101 0.23460626935749587 0.7618040411861614 0.26288747528830314 0.7927028352553541 0.3038209233937397 0.8039577660626029 0.3149429909390445 0.8244823245469522 0.3245545535420099 0.8323743097199341 0.33615142092257 0.8512825906095552 0.34932027841845137 0.8563700601317957 0.3481984719934102
3 0.694781291598023 0.26619635667215813 0.6973028822075783 0.2619059538714992 0.6789702281713345 0.20779870098846787 0.6588933797364086 0.1663461647446458 0.6555968665568369 0.17800946457990116 0.6600496985172982 0.2538491836902801 0.6649010049423394 0.2589145098846788 0.6821265757825371 0.2644521622734761 0.694781291598023 0.26619635667215813