1 0.4673302182539683 0.797255630952381 0.4742257896825397 0.7924273007936508 0.48056723412698416 0.7701745380952382 0.4693483396825397 0.7629580325396825 0.44263634603174606 0.7590538817460317 0.43114277380952387 0.760250830952381 0.42305406904761905 0.7809866634920635 0.4236072412698413 0.7915608261904762 0.4673302182539683 0.797255630952381
1 0.35983369682539684 0.7464682761904762 0.3587745634920635 0.7341931103174603 0.3631865833333333 0.7228826563492063 0.36028863095238095 0.7118950452380952 0.36401157142857143 0.7044925587301587 0.3524698341269841 0.6899660801587302 0.3203319896825397 0.6802698396825396 0.31582840952380953 0.6943847785714286 0.3152337507936508 0.7160390658730158 0.3188679944444444 0.7319918698412698 0.324109773015873 0.7365426603174603 0.35155805714285715 0.7454120047619047 0.3536734626984127 0.7494115309523809 0.35983369682539684 0.7464682761904762
1 0.3447597698412698 0.7885374603174603 0.3474717420634921 0.7845832365079365 0.34811170317460316 0.7581015722222222 0.33730625634920636 0.7485402865079365 0.31519131031746034 0.7414172484126984 0.312207523015873 0.7743357325396825 0.338966726984127 0.7871130436507936 0.3447597698412698 0.7885374603174603
1 0.16029512857142855 0.6943604658730158 0.16521311031746033 0.6847510150793651 0.16456742460317458 0.6701310682539683 0.1600147261904762 0.6616723103174603 0.14874957460317462 0.6524329134920634 0.14447441587301588 0.6561115055555556 0.14309625634920636 0.6639274396825398 0.14489168015873016 0.6811677984126985 0.14880060158730157 0.6887071468253968 0.1570309380952381 0.6945907952380952 0.16029512857142855 0.6943604658730158
1 0.17558984365079364 0.5870527873015873 0.17802618333333334 0.58466175 0.18068999047619047 0.5649840976190476 0.1782054857142857 0.5516517063492063 0.1706189261904762 0.5466874674603174 0.1656999904761905 0.54944665 0.161658023015873 0.5769402373015873 0.17057839444444445 0.5857661865079364 0.17558984365079364 0.5870527873015873
1 0.22915069285714285 0.5872292269841269 0.23411397698412698 0.5727924 0.2352145968253968 0.552839115079365 0.22385788650793653 0.5464042031746031 0.21696231587301587 0.5512325341269841 0.2123671761904762 0.568151957936508 0.2131506777777778 0.5819903103174603 0.219358123015873 0.587920215079365 0.22915069285714285 0.5872292269841269
1 0.258421576984127 0.47835645317460324 0.2706485777777778 0.46157389126984133 0.2842566007936508 0.45752620000000005 0.2772213055555555 0.44943558730158734 0.26614118174603174 0.4482877571428572 0.2542341611111111 0.45182948650793653 0.24706295793650795 0.4582210047619048 0.24403100555555554 0.4754160603174603 0.24688174761904763 0.4775305119047619 0.258421576984127 0.47835645317460324
1 0.40031107222222223 0.555758519047619 0.40679319523809526 0.5532749682539683 0.41198680952380956 0.5421023309523809 0.41400683888888884 0.5215052690476191 0.4064655825396825 0.5117136531746032 0.39110934523809526 0.507394146031746 0.3789729492063492 0.5145219547619048 0.37051705396825396 0.5396254587301588 0.36913889365079366 0.5474413928571429 0.3717140031746032 0.551119030952381 0.40031107222222223 0.555758519047619
1 0.49609132460317457 0.659280780952381 0.503629719047619 0.6485215912698412 0.5041790753968254 0.6316946809523809 0.5070279087301588 0.6201085952380953 0.5109811785714286 0.6159702984126983 0.5095095507936508 0.6128901809523809 0.49953195476190476 0.6054896031746032 0.4760841515873016 0.6013551222222222 0.46031541984126984 0.6062306642857143 0.4588466547619048 0.6237013523809524 0.4527789341269841 0.6306903904761905 0.4494713492063492 0.6494486333333334 0.4511733063492064 0.6557929404761905 0.45761012698412695 0.6581367666666667 0.49609132460317457 0.659280780952381
1 0.6409550674603175 0.6352616777777778 0.6499197873015873 0.6324099825396826 0.6598463563492064 0.603536326984127 0.6569021468253968 0.5905258246031746 0.6382817198412698 0.5864366468253968 0.6317995968253969 0.5889201968253969 0.6229283452380953 0.6026679444444445 0.6190222857142857 0.6156794015873016 0.615760003968254 0.6296102674603175 0.6200361166666667 0.6327819436507937 0.6409550674603175 0.6352616777777778
1 0.7221144198412698 0.732579357936508 0.7302050317460318 0.7255440626984127 0.7396275484126984 0.7086699412698413 0.7423385658730158 0.6978654492063492 0.7406366087301588 0.691521142063492 0.7277639222222222 0.6936837579365079 0.7181582873015874 0.7161668492063492 0.709470153968254 0.7243056261904762 0.708643257936508 0.7289951873015873 0.7119999611111111 0.7328106412698413 0.7221144198412698 0.732579357936508
1 0.6327161444444445 0.5677256142857143 0.6359340777777778 0.5654723936507937 0.6414939285714285 0.5430818150793651 0.636250242063492 0.5248304880952381 0.6201124111111112 0.5203731650793652 0.6116536531746032 0.5249258634920635 0.6018649 0.5530179253968254 0.6058200785714286 0.562580165079365 0.6327161444444445 0.5677256142857143
2 0.561312646031746 0.5361967388888889 0.5652187047619047 0.5231852825396826 0.5648023944444445 0.5049792571428572 0.5601590904761904 0.5061752531746031 0.5567155984126984 0.5394156261904762 0.561312646031746 0.5361967388888889
1 0.5010798769841269 0.49616094047619047 0.5097217531746032 0.4859992714285714 0.5154609071428571 0.43059865 0.5102644309523809 0.42122048253968253 0.4805638793650794 0.41598347380952383 0.47026630238095235 0.42182372777777777 0.4629186595238095 0.4817760944444444 0.4677932468253968 0.4906945571428571 0.5010798769841269 0.49616094047619047
1 0.4111985373015873 0.4940126357142857 0.42499063333333337 0.4912062428571428 0.4316530134920635 0.4625629166666667 0.4296754238095238 0.4577817968253968 0.4105490357142857 0.4519916158730159 0.40080272301587305 0.4547054960317461 0.38683037063492065 0.4836716642857143 0.3888542158730159 0.4904756761904762 0.4111985373015873 0.4940126357142857
1 0.3938618492063492 0.46436120317460317 0.40172213253968253 0.45406171825396824 0.4105027793650794 0.4499687246031746 0.41201875555555556 0.4413711968253968 0.40902924365079363 0.4331880706349206 0.3919720031746032 0.4293745246031746 0.3864092896825397 0.4312142976190476 0.3781365126984127 0.45070883174603177 0.3807588333333333 0.46325962936507936 0.3938618492063492 0.46436120317460317
1 0.6200141738095238 0.4752257714285715 0.6251162285714286 0.4668576182539682 0.6281934833333334 0.44483518571428576 0.6244223777777778 0.4365142436507936 0.6087905087301587 0.4337579238095238 0.5985854452380952 0.44364396031746034 0.5941753325396826 0.46865495079365077 0.6062673801587302 0.47320478730158727 0.6200141738095238 0.4752257714285715
1 0.6848854761904761 0.4798142317460317 0.6863995444444444 0.4575161674603175 0.6791339198412699 0.4461613650793651 0.6633642349206349 0.4441866380952381 0.6586756277777778 0.4502100103174604 0.6565177825396825 0.4715886658730159 0.6608401515873016 0.4767832333333334 0.6766560936507937 0.48078085238095236 0.6848854761904761 0.4798142317460317
1 0.6173851746031745 0.41472309444444444 0.6197733492063492 0.3966086293650794 0.6116808285714286 0.3899433873015873 0.596324592063492 0.38562388015873017 0.5904409436507937 0.39385421666666665 0.5880980714285714 0.4071413055555556 0.5909950698412698 0.4112786484126984 0.6099373857142857 0.41582753095238095 0.6173851746031745 0.41472309444444444
1 0.514904873015873 0.39947368174603176 0.5193178476190476 0.395013496031746 0.5197293873015872 0.37896817936507937 0.5111309055555555 0.3706019349206349 0.49715473650793657 0.37216702936507934 0.48819192539682543 0.38871926269841267 0.4899401388888889 0.3970864611111111 0.514904873015873 0.39947368174603176
1 0.5312220055555555 0.3709209611111111 0.5348514785714286 0.35262242301587304 0.530253476984127 0.3489910420634921 0.5118633801587301 0.34816605396825395 0.5050150198412698 0.3618675444444444 0.507038865079365 0.36867155634920634 0.5312220055555555 0.3709209611111111
1 0.6005072373015874 0.37789950476190476 0.6026197801587302 0.3613482261904762 0.5949407071428571 0.35233820476190475 0.5847799920634921 0.35054659603174604 0.5778844214285714 0.355374926984127 0.5751281007936508 0.371006796031746 0.5900708896825397 0.3776710833333333 0.6005072373015874 0.37789950476190476
2 0.19807007301587304 0.5761076166666667 0.19875915317460316 0.5721996492063491 0.19802095396825398 0.5535339198412698 0.1936985849206349 0.5483393515873016 0.18974626904761904 0.5593279166666667 0.18947254523809526 0.5745916404761905 0.19218547063492064 0.577487684920635 0.19807007301587304 0.5761076166666667
2 0.5761910507936507 0.41068303571428577 0.5789473714285714 0.3950511666666667 0.5758200436507936 0.3876496341269841 0.5719583325396825 0.38898344523809525 0.5704442650793651 0.4112815103174603 0.5761910507936507 0.41068303571428577
2 0.43840027380952384 0.38316322698412697 0.441386923015873 0.3707955476190476 0.438535226984127 0.36183082857142856 0.43242125 0.36679697539682543 0.429619626984127 0.3872562214285714 0.43840027380952384 0.38316322698412697
1 0.3332742920634921 0.5177465658730159 0.33667438968253965 0.5030341063492064 0.33382269365079364 0.4940693873015873 0.3076619642857143 0.4870388626984127 0.29906539047619046 0.49237315476190474 0.2986066396825397 0.4995453119047619 0.31332100714285716 0.516645946031746 0.3332742920634921 0.5177465658730159
3 0.31842927857142855 0.8830196634920634 0.32376166269841267 0.8779157000000001 0.3156681880952381 0.8644001904761905 0.31686132142857143 0.8484926888888888 0.3061011777777778 0.8341040261904762 0.2927215761904762 0.8277153706349206 0.2915246261904762 0.8162217984126985 0.27625899444444446 0.8022475380952381 0.2553390896825397 0.7929175349206349 0.21046351190476192 0.7640515126984128 0.1901883388888889 0.7624911880952381 0.1897295880952381 0.7696633452380952 0.1972717984126984 0.7863052285714286 0.20968668888888886 0.7981650388888889 0.20977920238095238 0.8022108214285714 0.20164233333333334 0.8072232253968255 0.21208154206349206 0.8280024515873016 0.2560377103174603 0.8575122515873016 0.3021998888888889 0.8813668253968255 0.31842927857142855 0.8830196634920634
1 0.20715974365079365 0.8102108293650794 0.21382498571428574 0.8021183087301588 0.20577776746031745 0.7906256896825397 0.18605290396825397 0.7790887230158731 0.18343344603174602 0.7870887301587302 0.18646921428571428 0.7972947476190476 0.2004472912698413 0.8094301896825397 0.20715974365079365 0.8102108293650794
3 0.2950172373015873 0.8055551222222223 0.3002118055555556 0.8012327531746032 0.2992904880952381 0.7881759936507937 0.3069666984126984 0.7766352103174603 0.3115618373015873 0.7597157865079365 0.3104101904761905 0.7433948373015873 0.3066853420634921 0.7370967865079365 0.3099023206349206 0.7279932976190476 0.3110010325396826 0.6943394761904762 0.29881360952380953 0.6651930515873016 0.28474492777777777 0.6627123626984127 0.2746748182539682 0.6512660015873015 0.27076685079365076 0.6505769214285714 0.26773108253968253 0.640370903968254 0.2643290761904762 0.6413828261904763 0.2519141865079365 0.6295230166666667 0.2343509849206349 0.6240084682539683 0.2306261365079365 0.6177104182539682 0.22648879365079364 0.6206074166666666 0.22672103095238094 0.6375721428571429 0.223273723015873 0.6434114428571428 0.21017070634920634 0.6423098682539683 0.20603336428571428 0.6452068666666666 0.2029088984126984 0.6583561396825397 0.19615209761904762 0.6692531452380952 0.19633712460317462 0.6773447119047619 0.2061788126984127 0.6992274206349207 0.20489698253968255 0.7384902119047619 0.20738053253968253 0.7449723349206349 0.21997949523809526 0.7580734428571428 0.21979733095238096 0.7705326817460317 0.2567644603174603 0.7939747611111111 0.28632815 0.806843630952381 0.2950172373015873 0.8055551222222223
3 0.2974335412698413 0.6593084492063492 0.3018474706349206 0.6616985317460318 0.31766150396825393 0.6519956134920635 0.33181315873015876 0.5900194015873016 0.33644978492063493 0.540871526984127 0.342377780952381 0.5209635452380953 0.3381479253968254 0.5198147603174603 0.328766896031746 0.5044604317460317 0.32283699047619047 0.510667876984127 0.3073429380952381 0.5071299626984127 0.2990200880952381 0.49720053174603174 0.29984698412698413 0.4925109706349206 0.30642066587301586 0.4872229349206349 0.3097282507936508 0.468464692063492 0.30807159603174605 0.45729300873015877 0.27575063253968257 0.4532057388888889 0.2641201984126984 0.46203455000000004 0.25745591031746035 0.4769773396825397 0.2517091246031746 0.47757581428571433 0.24063090793650796 0.4901285198412698 0.23727611269841267 0.5000136031746032 0.24008536825396826 0.534356503968254 0.23273581666666665 0.5806083341269841 0.225014303968254 0.5969764944444444 0.22446494761904762 0.6138034047619048 0.22616690476190476 0.6201477119047619 0.24644303253968253 0.6285583047619048 0.2675479634920635 0.6459798738095238 0.27081215317460317 0.6457495444444444 0.27798621904761905 0.6599088317460318 0.287273780952381 0.6643671095238095 0.2974335412698413 0.6593084492063492
3 0.3310172547619048 0.4871275595238095 0.3453596603174603 0.4743445238095238 0.35680793015873014 0.4779749515873016 0.3661860976190476 0.4727784753968254 0.3851670373015873 0.42454810238095236 0.40851851190476196 0.3972357253968254 0.41338928253968255 0.3787531150793651 0.4047898468253968 0.3635366015873016 0.4038685293650794 0.35047984285714284 0.3993158301587302 0.34202108492063493 0.3860740444444445 0.3348508357142857 0.3704421753968254 0.3320945150793651 0.3524674341269841 0.3426252841269841 0.3425370484126984 0.3440978650793651 0.32626426428571426 0.36097294126984125 0.31362190714285715 0.36639974682539683 0.2960615674603175 0.3814360031746032 0.2862747222222222 0.42322860158730163 0.2911040071428571 0.4369744412698413 0.2903696246031746 0.44570978492063495 0.2981865134920635 0.4539382134920635 0.3104163761904762 0.45770645634920637 0.31078738412698415 0.4807398579365079 0.32090279603174604 0.48735884285714287 0.3310172547619048 0.4871275595238095
3 0.7881516801587302 0.8562427936507936 0.801391557936508 0.8497125055555556 0.8355012682539683 0.8230882555555556 0.8527831126984128 0.7890643801587301 0.8504373785714286 0.7818006642857143 0.8354049380952381 0.7916413984126984 0.8127425444444444 0.815045807936508 0.7839218246031746 0.8550940087301587 0.7881516801587302 0.8562427936507936
3 0.8101674349206349 0.8113681698412698 0.8120515563492063 0.8052532380952382 0.8228088380952381 0.799091096031746 0.8258880007936509 0.7907692 0.8358636888888888 0.7844692412698413 0.8470797214285715 0.7711349420634921 0.8467540158730158 0.7432741634920634 0.8407769007936509 0.7406084484126985 0.8320887674603175 0.7487472261904762 0.8166881817460319 0.7561053634920635 0.795819303968254 0.7830495944444444 0.7931082865079365 0.7938540873015874 0.7838688888888888 0.8051192380952381 0.7840539158730159 0.8132108047619048 0.7869046579365079 0.8153252555555555 0.8101674349206349 0.8113681698412698
3 0.8151240404761906 0.7489794634920635 0.8192613833333333 0.746082465079365 0.8292823738095237 0.7349551301587302 0.8486333674603175 0.7029078896825397 0.8522165841269841 0.6825864603174603 0.851340569047619 0.6647023238095239 0.841958584920635 0.642497726984127 0.8381884341269841 0.6410270531746032 0.8294077873015874 0.6451200476190476 0.8267401642857143 0.6373966261904761 0.8224187492063493 0.6390523261904761 0.8202570873015873 0.6330299079365079 0.8091779166666666 0.6387323460317461 0.7873915380952381 0.6800208912698412 0.7903839119047619 0.7087548222222222 0.7869838142857143 0.7234672817460317 0.790618057936508 0.7394200857142857 0.7988946507936507 0.7473266253968254 0.8151240404761906 0.7489794634920635
3 0.8039843031746031 0.6499049833333334 0.8106485904761905 0.6349621944444445 0.8191998619047619 0.6344552793650793 0.8345079341269841 0.6230513579365079 0.8379080317460318 0.6083388984126984 0.834224669047619 0.5698123976190476 0.8260858920634921 0.5611242642857143 0.8203371976190477 0.5480222023809523 0.8156438206349206 0.5197942325396826 0.8121030444444444 0.5147374809523809 0.7988159563492063 0.5123946087301587 0.7923338333333334 0.5148781587301587 0.7901740793650793 0.5225562777777778 0.7809799849206349 0.5289940515873016 0.7727544182539683 0.557361746031746 0.7792866142857142 0.5843021603174603 0.7813142761904762 0.618507246031746 0.7992494396825397 0.6539054642857143 0.8039843031746031 0.6499049833333334
3 0.7879208587301588 0.5193383444444445 0.7984478103174604 0.509912011904762 0.8044249261904762 0.512577726984127 0.8106767198412699 0.5068299865079365 0.8112713785714286 0.4851756992063492 0.8147639896825397 0.474509023015873 0.8124153928571429 0.44669450158730156 0.8064363690476191 0.43032825 0.7947568158730159 0.4165833642857143 0.7782961428571429 0.40481606825396826 0.7629833 0.38196864761904764 0.7576046595238095 0.3850497182539683 0.7542479563492064 0.3812342650793651 0.7508016015873016 0.3939238325396825 0.7436757007936508 0.3954879738095238 0.7395846150793651 0.40040786349206353 0.736090096031746 0.39737400317460314 0.7175178341269841 0.409008253968254 0.7208745373015873 0.4128237079365079 0.7169212674603175 0.41696200476190476 0.7169684777777777 0.42583516428571433 0.742539319047619 0.48877131904761906 0.7543104317460317 0.499711719047619 0.7604253634920635 0.5015958404761904 0.7652064833333333 0.4996182515873016 0.7674124936507937 0.4939630246031746 0.7705388674603174 0.4945142888888889 0.7703567031746031 0.506973526984127 0.7727477396825396 0.5094098666666667 0.7769766420634922 0.5037083833333333 0.784472596031746 0.5183273753968254 0.7879208587301588 0.5193383444444445
0 0.8861498531746033 0.7095230587301588 0.899066888095238 0.6956827976190476 0.9075699952380952 0.6794524539682539 0.9143701904761905 0.6500275349206349 0.9299076380952381 0.6350375349206349 0.9276987658730159 0.6201419563492063 0.934638684920635 0.6036359809523809 0.9354183706349206 0.5900732595238095 0.9311856523809524 0.5683736698412698 0.9366529904761904 0.5419373087301588 0.930719269047619 0.5207436801587302 0.929843253968254 0.5028595436507937 0.9184846357142857 0.4827240944444444 0.9096114753968254 0.48277130555555553 0.9101183912698412 0.491322576984127 0.9048313095238095 0.4915991626984127 0.8911741674603175 0.47307315793650795 0.8759557460317461 0.46797205714285717 0.8722318515873015 0.4685242753968254 0.8714049555555556 0.47321383571428566 0.8705818753968253 0.5053044698412699 0.8564812476190475 0.6035549158730159 0.8620921261904763 0.6174385714285715 0.863934761111111 0.6435520896825396 0.8729514619047619 0.683824896031746 0.8678503611111111 0.6990433174603174 0.8772313904761904 0.714397646031746 0.8861498531746033 0.7095230587301588
0 0.857487446031746 0.5658553119047619 0.863094507936508 0.5523378936507937 0.8701684277777778 0.5076492507936508 0.871450257936508 0.4683864587301587 0.8875418317460317 0.47082089047619047 0.9020258706349207 0.4846573349206349 0.9075866753968254 0.46911702539682537 0.905698738095238 0.4478308833333334 0.8923625301587302 0.42291431428571424 0.8768203126984127 0.40365297222222224 0.8306099690476191 0.3640749706349206 0.8273920357142858 0.3663281920634921 0.8263820214285713 0.376626723015873 0.8351722079365079 0.4410364126984127 0.8316362023809524 0.47023100238095245 0.8358689206349207 0.49193059206349204 0.8304015833333332 0.518366953968254 0.8382194253968255 0.5334456507936508 0.8411645888888888 0.5533064214285714 0.8493958793650794 0.5660403380952381 0.857487446031746 0.5658553119047619
0 0.9115842944444444 0.4533010833333333 0.9132390404761904 0.450772230952381 0.9054192896825397 0.42199299682539687 0.9210039476190476 0.41587615714285714 0.924267184126984 0.4087955595238095 0.9226625103174604 0.44074837777777776 0.9287745801587302 0.4220816944444445 0.9264751023809524 0.4168408690476191 0.9324503095238096 0.40580604761904765 0.9220592650793651 0.4007502492063492 0.9305642801587303 0.3982204420634921 0.9247702833333334 0.3899457571428572 0.9239877357142857 0.38295767301587297 0.9200797682539683 0.3822685928571429 0.9117569182539682 0.3723391611111111 0.9116181484126983 0.3662704865079365 0.9066992119047618 0.369029669047619 0.9082170960317459 0.37413267777777776 0.9039881944444443 0.3798341611111111 0.9059176182539682 0.3688918531746032 0.8986047833333334 0.3486638904761905 0.878421169047619 0.34429908095238093 0.8792480658730158 0.33960951984126986 0.8699605031746032 0.3351512428571429 0.871247103968254 0.33013979285714284 0.8630630246031746 0.3262790365079365 0.8586943984126985 0.31906157698412696 0.8502346865079365 0.3167640071428572 0.8482108404761904 0.30995999523809525 0.8420959087301587 0.3080758738095238 0.8335889857142857 0.29690514444444444 0.8031502357142857 0.2730024063492063 0.7516537650793651 0.2405512595238095 0.7147791484126984 0.2211549634920635 0.6854920452380953 0.2135731746031746 0.676296042063492 0.2063104119047619 0.6552383214285714 0.1977620023809524 0.5992845277777779 0.1814486857142857 0.5874690666666667 0.18218593095238095 0.5873784611111111 0.19184068412698413 0.5843446007936508 0.19533520396825396 0.5906898619047619 0.20048351507936507 0.5914724095238095 0.20747159920634922 0.5999321214285714 0.20976916904761903 0.605357973015873 0.21556125793650796 0.6337256666666666 0.22378682460317462 0.6333584753968254 0.22815449603174603 0.6408997317460318 0.2379461119047619 0.6576813396825397 0.24332284444444446 0.6694543603174603 0.26796378174603175 0.6817767373015873 0.2757778079365079 0.6871572865079365 0.2863972738095238 0.7583824365079365 0.3577864611111111 0.7647296055555556 0.3766353095238095 0.7762703888888889 0.3843115198412698 0.7868445515873016 0.38375834761904765 0.7939714063492063 0.3890444746031746 0.8135112428571428 0.3924898753968254 0.8220634682539683 0.3988332277777778 0.8269824039682538 0.396074046031746 0.8292308547619048 0.3650406365079365 0.8352995293650795 0.36490186666666663 0.8517148999999999 0.38149653968253966 0.8627497222222222 0.3874717476190476 0.8650492 0.3927125722222222 0.8760840214285714 0.3986877793650794 0.8795332380952382 0.40654901666666665 0.8909362055555556 0.4150068206349206 0.8933281968253969 0.4242934285714286 0.9054211976190477 0.4356935333333333 0.9073544380952381 0.45215229920634925 0.9115842944444444 0.4533010833333333
0 0.10659837142857144 0.7086661555555556 0.11735756111111112 0.71620455 0.12480535 0.7151001134920635 0.12687354444444446 0.7102264801587301 0.12209147063492064 0.7053538007936507 0.12498369841269841 0.6752398015873016 0.11753495555555556 0.6694939698412699 0.11132846428571429 0.6704143333333333 0.11578769603174603 0.6679770396825396 0.11192503095238096 0.6624605825396825 0.11665989444444444 0.6584601015873016 0.11233752539682539 0.6532655341269841 0.10884396031746033 0.657081942063492 0.10958025079365079 0.6620471341269841 0.1047528738095238 0.6620018317460318 0.10865893333333333 0.6489903753968255 0.10309526587301587 0.6439798801587302 0.10658883095238096 0.6401634722222221 0.1204753484126984 0.6551033984126985 0.12874430952380952 0.6082077912698413 0.12221592936507937 0.60866845 0.12552542222222224 0.6036107436507936 0.12281154206349207 0.593864430952381 0.11771139523809525 0.6159331206349207 0.1136656126984127 0.6160256341269842 0.11825884365079366 0.585405673015873 0.11117824603174603 0.5821424373015873 0.1105335142857143 0.5743727595238096 0.10616584206349206 0.5740055682539683 0.10547580793650793 0.5710632674603174 0.11375049285714287 0.5652692706349206 0.11448487619047619 0.5565339261904763 0.11770280873015875 0.5542807055555555 0.11752064444444443 0.5667399436507936 0.12064797222222222 0.5741414761904762 0.1242340507936508 0.5743708515873016 0.12616442936507938 0.5702788119047619 0.13044054206349207 0.573450488095238 0.13411817936507936 0.5708753785714286 0.1400037357142857 0.5763455785714285 0.1329703492063492 0.5819555023809524 0.1247400126984127 0.5760718547619048 0.12800801825396824 0.6032425984126984 0.1366508492063492 0.5999311984126985 0.13306381666666667 0.592851553968254 0.13375289682539682 0.5889435873015874 0.14055690793650794 0.5869197412698413 0.1440023087301587 0.5673799047619048 0.14170283095238095 0.5621390801587302 0.14685114206349206 0.555793819047619 0.1526866253968254 0.531840053968254 0.17314205476190475 0.5072406031746032 0.17810343174603174 0.4791032388888889 0.1857343396825397 0.47238983253968253 0.20182114285714284 0.4405729222222222 0.21993179206349206 0.41556002380952384 0.2402928 0.37321425317460316 0.2554621023809524 0.35574165634920635 0.2707673126984127 0.32378693015873017 0.27255892063492065 0.3136262150793651 0.27899478730158733 0.309119773015873 0.27839631190476194 0.3033729873015873 0.28354462380952383 0.2970277261904762 0.29811354285714287 0.26010780714285714 0.3151688746031746 0.25022081587301587 0.32689086825396824 0.23858751904761905 0.3239938698412699 0.23445017698412698 0.3423377103174603 0.23325227301587304 0.33994571984126987 0.22396566507936508 0.3491398142857143 0.21752789047619048 0.34500151746031743 0.21357462063492064 0.3577354341269841 0.20534333015873016 0.35571158809523806 0.19853931825396826 0.35773352619047616 0.19164279285714286 0.35414649365079365 0.1845631492063492 0.35984606904761907 0.1750915142857143 0.3553858833333333 0.17067853968253968 0.349869426984127 0.17454120476190477 0.3460992753968254 0.17307053095238095 0.34187037301587303 0.17877201507936508 0.3320778039682539 0.17946300317460318 0.3287211007936508 0.1756475492063492 0.31869915555555556 0.17992461587301586 0.3217339706349206 0.18328036507936507 0.32490564682539685 0.17900425238095238 0.32518223253968254 0.18429133333333333 0.3291364571428571 0.18700330555555555 0.3399862515873016 0.18488694603174602 0.34398673253968254 0.18962180952380953 0.34803251587301587 0.18952929603174604 0.34555182777777776 0.20359797857142858 0.34155134682539684 0.19886311507936508 0.3386553023809524 0.20157604126984127 0.3247244365079365 0.19831375952380953 0.32063335 0.20323364920634918 0.3162194214285714 0.20084356666666667 0.31810258888888887 0.18787836666666666 0.31290611269841273 0.17850019920634919 0.3085856515873016 0.18700616746031745 0.3029766817460317 0.1868230492063492 0.2977368111111111 0.19597279523809524 0.29438010793650793 0.19215734126984127 0.2885417619047619 0.1955603007936508 0.29254224285714286 0.20029516428571428 0.28739393095238097 0.2066404253968254 0.2866595484126984 0.21537576984126983 0.2814640261904762 0.2128478706349206 0.2793967865079365 0.22457177222222224 0.28578830396825394 0.2317429753968254 0.2752141412698413 0.23229614761904763 0.2689151365079365 0.22917072777777778 0.26900574206349204 0.2195159746031746 0.2786132849206349 0.21073341984126984 0.28183026349206347 0.20162993015873015 0.27185362142857145 0.20107961984126985 0.269140696031746 0.1981835753968254 0.2637167523809524 0.20609202380952382 0.2598087849206349 0.20540294365079365 0.25507392142857144 0.20940342460317463 0.24725798730158732 0.20802526428571427 0.2159055515873016 0.22586791349206348 0.21043439761904761 0.2249032015873016 0.2022522253968254 0.23474298174603175 0.19728703333333333 0.23547927301587304 0.19457410714285714 0.23258322857142857 0.1901148761904762 0.23502052222222222 0.18538096666666667 0.24587127142857143 0.17968043730158728 0.24849263730158733 0.17512869206349205 0.2468841484126984 0.16156787936507935 0.25980499920634925 0.154395723015873 0.2593462492063492 0.14966181349206348 0.27019699761904764 0.13577815793650794 0.2758078761904762 0.12975669365079365 0.28481980634920634 0.11909097142857142 0.2881774634920635 0.10516296746031746 0.3054659873015873 0.09633606428571428 0.3075360896825397 0.07445717142857143 0.3447788515873016 0.05575377222222222 0.40514657380952385 0.056031312698412696 0.4172839238095238 0.048496734126984124 0.4554441873015873 0.04556301984126984 0.5177866365079365 0.050852963492063495 0.5380608563492063 0.046899693650793654 0.5421991523809524 0.0509512007936508 0.5832082492063492 0.056193934126984126 0.5946093087301587 0.05486298492063491 0.6112984031746032 0.06052011984126984 0.62720495 0.06438183015873016 0.6258711388888889 0.06732317698412699 0.6183308365079365 0.06488588333333334 0.6138716047619047 0.06796504682539682 0.6055497087301587 0.07545909206349206 0.6064681642857143 0.07835704523809524 0.6174557753968254 0.0848825626984127 0.5964443111111111 0.08800893650793651 0.5969955753968254 0.08612672301587301 0.6168110436507936 0.08295504603174603 0.6210871563492063 0.08493358968253968 0.6327185452380952 0.08107283253968255 0.6409026246031746 0.08829315476190476 0.657084803968254 0.09518968015873015 0.6591067412698413 0.10033989920634921 0.6664620174603174 0.10677671984126984 0.6688058436507937 0.09891548253968255 0.6722550603174603 0.10526074365079365 0.6774033714285714 0.09845673174603174 0.6794272174603175 0.09841142936507936 0.6842545936507937 0.10480199285714285 0.6845755285714286 0.09969898412698414 0.6860934126984127 0.0993780492063492 0.692483976984127 0.09556259523809524 0.6958406801587302 0.10020685396825398 0.7014949523809524 0.09418443571428571 0.7036566142857144 0.09997747857142857 0.705081030952381 0.10140380317460318 0.7129885253968254 0.10659837142857144 0.7086661555555556
0 0.36638685158730155 0.26368434523809525 0.4000368563492064 0.23738198333333332 0.4162190349206349 0.2301616611111111 0.4373644992063492 0.2085045119047619 0.4473401873015873 0.20220455317460317 0.463568623015873 0.197007123015873 0.46720095793650795 0.1992593896825397 0.4762572365079365 0.19360320873015874 0.4901380301587302 0.1674415253968254 0.4830574325396826 0.16417828968253967 0.4599777738095238 0.16252640555555556 0.4037049531746032 0.16630418968253968 0.36370777936507936 0.17375770317460318 0.35888135634920637 0.18056266904761906 0.3567688134920635 0.19711394761904763 0.36164340158730157 0.20603241031746033 0.3480391944444444 0.23748117539682537 0.34583604603174606 0.26368720714285715 0.36638685158730155 0.26368434523809525
0 0.471839492063492 0.1638120523809524 0.4806644873015873 0.1480414134920635 0.4718828865079365 0.1452841388888889 0.4508723761904762 0.14560888968253968 0.398507523015873 0.15007575396825396 0.38848557857142857 0.15435282063492065 0.3789705492063492 0.16718115873015874 0.38103969761904766 0.16915779365079367 0.471839492063492 0.1638120523809524
0 0.7179970817460317 0.21890174206349206 0.7112817666666666 0.1975702976190476 0.6968439857142857 0.18575674444444443 0.677441965079365 0.1815297507936508 0.6740871698412698 0.19141483333333334 0.6535354103174603 0.18456742777777776 0.6496255349206349 0.17017781031746032 0.6176255063492063 0.15969997698412697 0.6059016047619048 0.15763273730158728 0.6009826682539683 0.16039191984126983 0.6019049396825397 0.1802989476190476 0.6539507666666667 0.19592318412698412 0.7136756666666667 0.22055744206349207 0.7179970817460317 0.21890174206349206
0 0.5825963873015874 0.18696800476190478 0.5837423095238096 0.16218734365079365 0.5613979880952381 0.15865038412698412 0.5582291738095237 0.1834773023809524 0.5774480753968254 0.19331326587301587 0.5825963873015874 0.18696800476190478
1 0.7599084452380952 0.7513318761904763 0.7746652539682539 0.7430543285714286 0.777097776984127 0.7132622182539682 0.7560882214285715 0.7204372373015873 0.746390073015873 0.7388745460317461 0.7479551682539682 0.7528507142857143 0.7599084452380952 0.7513318761904763
1 0.7769137047619047 0.7120209198412698 0.7852317841269841 0.6876990095238096 0.7834373134920636 0.677308919047619 0.7701502253968254 0.6749660468253968 0.7557162595238095 0.6905535674603175 0.7507076722222222 0.7098177722222222 0.7548006666666667 0.7185984182539682 0.7769137047619047 0.7120209198412698
1 0.7601187396825396 0.6107404301587303 0.7743242841269842 0.6055892563492064 0.7770362555555556 0.6016350325396825 0.7783672047619047 0.5849459380952381 0.7728469317460318 0.5614075285714285 0.7683867468253968 0.5569945539682539 0.7534449111111111 0.5571805349206349 0.7457706095238096 0.5824218547619048 0.7437505793650794 0.6030189166666667 0.7482589301587301 0.6231553198412698 0.7516156333333334 0.6269707738095238 0.7601187396825396 0.6107404301587303
1 0.7619680531746031 0.684805826984127 0.7715755960317461 0.6760232722222222 0.7802646833333333 0.6747347634920635 0.7800796563492063 0.6666431968253969 0.7854110865079366 0.6546889658730158 0.7792479904761905 0.6370814158730158 0.7674787857142857 0.6398415523809524 0.7650887023809524 0.6442554809523809 0.7603991420634921 0.6434285849206349 0.7542851642857143 0.6483947317460317 0.7512079095238096 0.6704171642857143 0.7533242682539683 0.6812669595238096 0.757462565079365 0.6852202293650793 0.7619680531746031 0.684805826984127
1 0.7643996230158729 0.6481634484126984 0.7761235246031747 0.6502306888888889 0.7800305380952381 0.6440695 0.7823734103174603 0.6307824119047619 0.775611838888889 0.6074280753968254 0.7676580880952381 0.6068315087301588 0.7591993301587301 0.6113842071428571 0.7526275563492063 0.6303727793650794 0.7518478706349206 0.6439355007936508 0.7552970873015874 0.6517967373015873 0.7643996230158729 0.6481634484126984
1 0.7487563047619048 0.5632039071428572 0.7566165880952381 0.5529044222222222 0.7538092404761905 0.5322620579365079 0.7501306484126984 0.5279868992063492 0.7416709365079365 0.5256893293650794 0.7337181404761906 0.5319430317460317 0.7304105555555556 0.5507012746031746 0.7367105142857143 0.5606769626984127 0.7487563047619048 0.5632039071428572
1 0.7693395484126985 0.7961101706349206 0.7804630666666666 0.7787300873015873 0.7840462833333334 0.7584086579365079 0.7813324031746032 0.7486623452380953 0.7689656785714286 0.7525259634920635 0.7615651 0.7625035603174604 0.7528807833333333 0.7980434111111111 0.7563753023809524 0.8010772714285714 0.7693395484126985 0.7961101706349206
1 0.7416709365079365 0.5256893293650794 0.7510500579365079 0.5273431222222222 0.7536242134920635 0.5241704912698413 0.750035273015873 0.5033903111111111 0.7336208563492063 0.49364590634920635 0.7283356833333333 0.5076230293650793 0.7316489920634921 0.5299663968253968 0.7416709365079365 0.5256893293650794
1 0.7283809857142857 0.5027956523809524 0.734722430952381 0.48054289047619053 0.7283762158730159 0.4685443103174603 0.7164219841269841 0.4632128801587302 0.7060791047619047 0.47388051111111107 0.7037362325396825 0.4871675992063492 0.7093008539682539 0.49902836349206353 0.7200137873015873 0.5045438658730159 0.7283809857142857 0.5027956523809524
1 0.7057572158730159 0.47342080634920636 0.7146756785714286 0.46854621825396825 0.7306294365079364 0.47176224365079367 0.7242360103174603 0.450890503968254 0.708235996031746 0.44565158730158727 0.6931110428571429 0.4514465380952381 0.6931129507936508 0.4651470746031746 0.7015273603174603 0.4722720214285714 0.7057572158730159 0.47342080634920636
1 0.6876766047619047 0.38400203412698414 0.691032353968254 0.38096721904761904 0.6896050746031746 0.36620945714285713 0.6824319634920635 0.35890043809523814 0.6744782126984127 0.3583038714285714 0.6707090158730158 0.36368346587301587 0.6702049626984127 0.37568300000000004 0.6834467484126985 0.38285324920634917 0.6876766047619047 0.38400203412698414
3 0.7215154523809524 0.3931923119047619 0.7328259063492063 0.3976043325396825 0.7475836682539683 0.396177053968254 0.7668922214285714 0.389507996031746 0.7505202452380952 0.35438540952380954 0.7378287690476191 0.3372385182539682 0.7101029444444444 0.31623182460317456 0.6916184253968254 0.29766051666666665 0.6810895650793651 0.29338631190476194 0.669459130952381 0.302215123015873 0.6678978523809523 0.3156400277777778 0.7144820650793651 0.3988022365079365 0.7215154523809524 0.3931923119047619
3 0.44785568888888894 0.27240824047619044 0.4657388714285714 0.26468195714285714 0.46670358333333334 0.2592108023809524 0.4778743126984127 0.25070388015873013 0.4714355841269841 0.23465951666666668 0.4560793476190476 0.2303400095238095 0.42394436428571425 0.24119457460317462 0.4163153650793651 0.26160851825396825 0.43341981587301587 0.2742952238095238 0.44785568888888894 0.27240824047619044
3 0.4842167119047619 0.2353013865079365 0.495203369047619 0.22555316507936507 0.5034761460317461 0.20605863174603173 0.5015891619047619 0.19162275793650793 0.4897274444444445 0.1903371111111111 0.48016520396825396 0.1942922888888889 0.45446799603174604 0.2143409492063492 0.4518947944444444 0.2243638484126984 0.4538723833333333 0.22914496825396827 0.47502166269841267 0.2348888920634921 0.4842167119047619 0.2353013865079365
3 0.6319378746031746 0.2613486126984127 0.6456374571428571 0.2544964365079365 0.6422798000000001 0.2438307142857143 0.6061395666666667 0.2156990738095238 0.5854962476190476 0.21165615317460318 0.5837046396825397 0.22181686746031748 0.5866941515873016 0.22999999365079363 0.6074309373015873 0.2449389666666667 0.6186507857142858 0.2590057404761905 0.6250876063492063 0.26134956666666664 0.6319378746031746 0.2613486126984127