1 0.62578125 0.216796875 0.6171875 0.193359375 0.6046875 0.166796875 0.584765625 0.14609375 0.566015625 0.140625 0.530078125 0.13671875 0.494140625 0.13671875 0.46953125 0.142578125 0.46875 0.163671875 0.46015625 0.190234375 0.462109375 0.209375 0.483984375 0.21640625 0.518359375 0.21640625 0.61796875 0.226171875 0.625 0.223046875 0.62578125 0.216796875
1 0.644140625 0.803125 0.666015625 0.79140625 0.68046875 0.773046875 0.6953125 0.742578125 0.70625 0.702734375 0.715625 0.655078125 0.71796875 0.587890625 0.7265625 0.585546875 0.7265625 0.575390625 0.722265625 0.56875 0.7171875 0.566796875 0.70703125 0.538671875 0.701953125 0.53359375 0.665234375 0.52421875 0.630078125 0.51953125 0.580078125 0.5203125 0.541015625 0.52578125 0.495703125 0.5375 0.4859375 0.548828125 0.475 0.571484375 0.4515625 0.584765625 0.446875 0.596484375 0.456640625 0.60859375 0.4640625 0.607421875 0.46796875 0.619140625 0.4703125 0.707421875 0.478125 0.788671875 0.484375 0.805859375 0.491796875 0.8140625 0.512109375 0.81953125 0.5328125 0.819140625 0.583984375 0.81640625 0.644140625 0.803125
1 0.240625 0.292578125 0.27265625 0.232421875 0.28046875 0.209765625 0.29375 0.188671875 0.293359375 0.184375 0.283984375 0.184375 0.257421875 0.19609375 0.225 0.220703125 0.19453125 0.263671875 0.18125 0.291796875 0.16796875 0.328515625 0.16796875 0.333984375 0.1734375 0.333984375 0.219921875 0.309375 0.240625 0.292578125
1 0.7484375 0.184765625 0.7546875 0.180859375 0.744140625 0.171875 0.692578125 0.1453125 0.675 0.141796875 0.719921875 0.196875 0.776171875 0.23046875 0.79140625 0.234765625 0.7796875 0.210546875 0.7484375 0.184765625
1 0.528125 0.088671875 0.506640625 0.07890625 0.452734375 0.0796875 0.439453125 0.08203125 0.43515625 0.086328125 0.445703125 0.0953125 0.459375 0.095703125 0.522265625 0.09375 0.528125 0.088671875
1 0.261328125 0.8328125 0.216796875 0.8 0.197265625 0.78828125 0.1875 0.786328125 0.2109375 0.830078125 0.243359375 0.86875 0.279296875 0.890625 0.306640625 0.90234375 0.31875 0.904296875 0.31796875 0.899609375 0.261328125 0.8328125
1 0.1046875 0.656640625 0.10078125 0.648828125 0.087109375 0.63828125 0.09140625 0.664453125 0.10078125 0.691015625 0.11875 0.726171875 0.1265625 0.735546875 0.12265625 0.711328125 0.1046875 0.656640625
1 0.1625 0.240234375 0.164453125 0.23125 0.156640625 0.23359375 0.12578125 0.268359375 0.1015625 0.322265625 0.09921875 0.333203125 0.103125 0.333203125 0.11875 0.316015625 0.1625 0.240234375
2 0.109765625 0.37109375 0.103125 0.382421875 0.09609375 0.408203125 0.09375 0.436328125 0.0953125 0.471484375 0.109375 0.400390625 0.109765625 0.37109375
2 0.180078125 0.22109375 0.16796875 0.232421875 0.1609375 0.245703125 0.1453125 0.287890625 0.14296875 0.298828125 0.1453125 0.301953125 0.17578125 0.244921875 0.180078125 0.22109375
3 0.9375 0.634765625 0.946875 0.589453125 0.9484375 0.558203125 0.945703125 0.553125 0.9375 0.571484375 0.92890625 0.604296875 0.90859375 0.646484375 0.89921875 0.705078125 0.91328125 0.690234375 0.9375 0.634765625
3 0.94375 0.463671875 0.9375 0.418359375 0.9265625 0.388671875 0.915625 0.377734375 0.90390625 0.350390625 0.896484375 0.34453125 0.89921875 0.378515625 0.90390625 0.391015625 0.9109375 0.398828125 0.90625 0.412109375 0.898828125 0.40625 0.896875 0.412890625 0.90390625 0.466796875 0.91484375 0.478515625 0.922265625 0.4921875 0.93359375 0.492578125 0.93515625 0.503515625 0.93828125 0.504296875 0.94296875 0.487890625 0.94375 0.463671875
3 0.88046875 0.263671875 0.85625 0.230859375 0.850390625 0.225 0.840234375 0.221875 0.8359375 0.235546875 0.853125 0.275390625 0.89453125 0.332421875 0.9109375 0.337890625 0.90625 0.318359375 0.88046875 0.263671875