1 0.17909670572916667 0.5371494053819444 0.14270096006944444 0.5120499678819445 0.12190861979166666 0.5102573776041667 0.11274914756944446 0.5130917317708333 0.1032081623263889 0.5266565607638889 0.09610782118055555 0.5308281302083333 0.09078561458333333 0.5412776085069444 0.08909963975694445 0.5709217717013888 0.09590453038194444 0.5987611458333333 0.1093688420138889 0.6140919105902778 0.11518527604166666 0.6164053836805556 0.1262234001736111 0.6140591579861111 0.17038809461805554 0.6339574600694444 0.18964218663194446 0.6493887421875 0.1988283125 0.64876734375 0.20572152083333334 0.6415337317708334 0.21954069184027777 0.6439210677083334 0.2302178576388889 0.6398766692708333 0.24307522656250002 0.6189510581597222 0.24589738194444444 0.5988273246527778 0.2340718359375 0.564068087673611 0.21993891666666665 0.5497668880208333 0.17909670572916667 0.5371494053819444
1 0.8790104878472222 0.4105643498263889 0.8707800642361111 0.4198570920138889 0.8680645243055555 0.4488326475694444 0.8705706744791667 0.47314850520833335 0.8869965112847222 0.4940619175347222 0.9044130607638888 0.4841477769097222 0.9239953576388888 0.4844226727430556 0.9363234878472222 0.4902330078125 0.9479974661458334 0.4700026588541667 0.947911404513889 0.44872218923611107 0.9426775164930555 0.4240986822916667 0.9251954600694445 0.40030370659722225 0.9147459817708332 0.3949815 0.9040155078125 0.39459998697916665 0.8907172196180555 0.4071885581597222 0.8790104878472222 0.4105643498263889
2 0.6402190885416666 0.2328030564236111 0.6298373741319445 0.20483651128472224 0.6155711840277778 0.17947053385416667 0.6059174843749999 0.1695419375 0.5999738793402778 0.17080528993055555 0.6017642126736111 0.20636640451388888 0.6147137413194445 0.2213628654513889 0.6171871380208334 0.22882416493055555 0.6402190885416666 0.2328030564236111
1 0.3292180729166667 0.1662348229166667 0.32572121006944443 0.17274651822916665 0.32636926302083336 0.18414560069444444 0.34978882552083335 0.1920356206597222 0.35725622395833334 0.20420382725694444 0.3654394383680556 0.20512677604166668 0.45724129253472223 0.17984527517361112 0.46328541493055553 0.1727921423611111 0.4589333663194444 0.16484271440972223 0.46057823177083335 0.1600558454861111 0.4252920138888889 0.1422638828125 0.40923323350694446 0.1376902456597222 0.36883804166666667 0.14805140538194445 0.3292180729166667 0.1662348229166667
1 0.19818160416666666 0.26996432465277775 0.20439174999999998 0.2908305286458333 0.2098472265625 0.291445828125 0.27120303993055556 0.25444313975694444 0.27402519618055554 0.23431940624999997 0.26209913281249997 0.20534994965277778 0.25494548350694446 0.20509560850694444 0.2377094123263889 0.2158588359375 0.2083317890625 0.23630241666666668 0.19943275868055554 0.24662472482638892 0.19818160416666666 0.26996432465277775
1 0.02188695486111111 0.44676631336805556 0.03392799045138889 0.44287573958333337 0.042539926215277774 0.4228525234375 0.04736790538194444 0.39964009375 0.04183246614583333 0.3923859279513889 0.0333416015625 0.39419071614583334 0.027531266493055553 0.4065188472222222 0.016993469618055555 0.43626962586805557 0.02188695486111111 0.44676631336805556
3 0.03473438194444444 0.3402040416666667 0.028060505208333333 0.3797829010416667 0.029557644097222224 0.39100150347222223 0.035862207465277775 0.3914363246527778 0.03974668142361111 0.38883575694444444 0.047843835069444444 0.36847823697916665 0.0560148515625 0.3401179809027778 0.06218004513888889 0.3148464201388889 0.06078342274305556 0.2978380373263889 0.05435168923611111 0.3009800416666667 0.04648222309027778 0.3119709565972222 0.03473438194444444 0.3402040416666667
3 0.08960515364583334 0.30191744618055555 0.08354657638888889 0.33604082899305554 0.08769149131944445 0.3409282144097222 0.0934812717013889 0.3410287317708333 0.10896586197916666 0.32620055034722223 0.11250993315972223 0.30947316319444446 0.12405674045138888 0.29281963888888884 0.13356497222222222 0.26240025173611115 0.1317335295138889 0.25169643142361114 0.12627805295138889 0.2510811319444445 0.11802097482638889 0.2581609184027778 0.08960515364583334 0.30191744618055555
3 0 0.5502670772569445 0.0003320885416666667 0.5541144704861112 0.018777032118055554 0.6408911067708334 0.03813773958333334 0.6651742109375001 0.04081217013888889 0.6610559496527778 0.03962268055555555 0.6471096085069444 0.028793947048611115 0.5961644210069444 0.02209567274305556 0.5771768689236111 0.011385753472222223 0.5643667092013889 0.005081190104166667 0.5639318880208334 0.0021607743055555555 0.5334919470486111 0 0.5282731796875 0 0.5502670772569445
3 0.634585390625 0.17498521527777777 0.6477092986111112 0.17618916059027778 0.6401619383680556 0.15738208767361112 0.6000705538194445 0.09402045138888888 0.5812512829861112 0.07228460677083333 0.5645505494791666 0.07095349045138889 0.6032453116319444 0.11730674392361112 0.6244641163194444 0.15450662326388886 0.6297718671875 0.17112739496527776 0.634585390625 0.17498521527777777
3 0.587623609375 0.05007508854166667 0.590357447048611 0.06502434114583333 0.6453592309027778 0.09415597829861111 0.649042671875 0.10313497222222222 0.6441019782986112 0.1028539765625 0.6446700685763889 0.10761419097222222 0.6658355659722222 0.1403881597222222 0.6673738151041666 0.12674946875 0.6587230260416667 0.11527652430555554 0.6556015763888889 0.09641614322916667 0.6764944348958334 0.092418953125 0.6721157317708334 0.08225656944444444 0.6629768151041666 0.07266227690972221 0.6473795095486111 0.0639970329861111 0.587623609375 0.05007508854166667
3 0.5968363897569444 0.05166664496527778 0.639196295138889 0.06307408333333334 0.6588852074652778 0.07220080208333333 0.6748967786458333 0.0869901310763889 0.6734323923611112 0.0926260859375 0.6780920902777778 0.09784777604166667 0.6866629175347222 0.10268185329861111 0.7070943003472222 0.10277627083333334 0.7169018255208334 0.11134099826388888 0.7185466901041667 0.10655412934027778 0.7342178585069444 0.10721663802083332 0.7613086631944443 0.09480244618055556 0.7626930868055556 0.08252762413194444 0.6997152204861111 0.055535078993055556 0.6421456215277778 0.03937352517361111 0.6031081987847222 0.03524690798611111 0.5988627664930556 0.036149302083333335 0.5923305164930555 0.04508108680555555 0.5968363897569444 0.05166664496527778
0 0.09758959201388889 0.2580665008680556 0.10589997743055556 0.2554126258680556 0.1245471267361111 0.23458753125 0.13728342361111112 0.2318803480902778 0.14021829427083332 0.23525003993055554 0.14166212586805557 0.24204273177083335 0.13728952256944446 0.24652195052083334 0.14424213802083333 0.2583558532986111 0.13817136197916666 0.26319603038194445 0.13922758159722223 0.26607759288194444 0.14432210069444446 0.26499471961805554 0.16672655295138888 0.2451458828125 0.168859546875 0.23848036197916667 0.1795367126736111 0.23443596354166665 0.18367552864583334 0.22468174652777778 0.19131730729166666 0.22305743663194447 0.19970155555555558 0.21240082552083334 0.2122573732638889 0.20884455555555556 0.2162157109375 0.1982412517361111 0.2419426467013889 0.18567323524305557 0.24492472656249997 0.1788272361111111 0.25905154687500004 0.17848683333333332 0.2608235824652778 0.1701231388888889 0.29285508072916666 0.15798994357638887 0.301553078125 0.15924719618055555 0.30701465364583336 0.17450409895833333 0.3112600859375 0.17360170399305555 0.31388120833333333 0.16505753125 0.31864142361111114 0.16448944097222223 0.31769791927083335 0.1851013029513889 0.32281909201388886 0.18623138541666667 0.32302012586805556 0.1746518246527778 0.33372394618055556 0.1728203810763889 0.3330020303819444 0.16942403559027777 0.32445785763888885 0.16680291319444446 0.32769427951388885 0.15280326388888887 0.33330358072916666 0.15205469444444444 0.34387413107638887 0.13915847395833333 0.35267264583333335 0.13462594618055557 0.35642994878472223 0.13560220399305556 0.36419889843750003 0.1304010685763889 0.3753436380208333 0.1369066657986111 0.3768080243055556 0.13127071006944446 0.39816235677083334 0.12318191319444444 0.4062389548611111 0.11525303993055555 0.4298328975694445 0.10935054427083334 0.4421549279513889 0.10051927690972223 0.4559207907986111 0.09848070052083333 0.46332878125000004 0.09158139322916667 0.48049098958333336 0.08882090190972222 0.48939611979166664 0.09314019618055555 0.49207055034722225 0.08902193489583334 0.5157178003472223 0.08754535069444444 0.5176969687499999 0.08224369878472222 0.5136525703125 0.07156653298611111 0.5066260920138889 0.06773536631944445 0.5043331744791666 0.06112315364583333 0.5233473802083333 0.05663783506944445 0.5256875069444444 0.05303435677083333 0.5228531519097221 0.04387488454861111 0.5041138428819445 0.02877790625 0.4418434366319445 0.03225195659722222 0.3864723376736111 0.04313399913194445 0.34304175694444444 0.05591524739583334 0.2767924592013889 0.0824212482638889 0.21083025520833332 0.11862815885416667 0.17975445920138888 0.13943269791666665 0.12414121701388889 0.18675159461805554 0.11203241840277776 0.21328650694444443 0.10120142708333334 0.21869477517361113 0.10465108072916668 0.22239877083333337 0.10048561111111111 0.22994003211805555 0.09557157118055555 0.23187199131944444 0.09127283072916666 0.22834847482638887 0.08399201041666667 0.2316709574652778 0.07473812065972223 0.2549366953125 0.06959029340277778 0.25159365711805554 0.062007922743055555 0.27228548177083334 0.056398621527777776 0.2730340512152778 0.050534978298611116 0.28093626996527776 0.0475528984375 0.2877822699652778 0.05100255208333333 0.29148626562499996 0.049331032986111106 0.2940601788194444 0.042357862847222226 0.2946549236111111 0.03649421961805556 0.3025571423611111 0.03459501302083333 0.31449766145833336 0.02947384027777778 0.31336757899305556 0.023302546875 0.32399753645833335 0.0210423828125 0.3342398819444445 0.023128167534722223 0.33779005208333335 0.026009730902777778 0.33673383333333334 0.03390585069444444 0.32795587326388886 0.034133538194444445 0.31858926822916667 0.03922805729166667 0.31750639496527777 0.04745848090277778 0.30821365277777774 0.04871573350694444 0.29951565538194447 0.06764997743055555 0.2883914704861111 0.07888913541666667 0.27446568402777777 0.09758959201388889 0.2580665008680556
2 0.7879068246527778 0.19697381770833333 0.7777649956597222 0.18892387239583333 0.7780254366319445 0.19641182552083333 0.7847975737847223 0.20739664149305556 0.7867089782986111 0.22473932899305554 0.794196931423611 0.22447888802083332 0.8101551953124999 0.2348423046875 0.7879068246527778 0.19697381770833333
1 0.9657521614583333 0.5305687934027777 0.9789765868055557 0.5259829574652778 0.9851273255208333 0.5277816475694445 0.9914729982638888 0.5033591736111112 0.9908660546875 0.4671027977430556 0.988647 0.45248784895833327 0.9811057387152778 0.4483223793402778 0.9750083090277778 0.4509496006944444 0.9652662899305555 0.4760939895833334 0.9641545052083332 0.525139970486111 0.9657521614583333 0.5305687934027777
1 0.9210284053819444 0.28049645399305556 0.9044487439236111 0.26094691059027775 0.8943602230902779 0.25732287760416667 0.8946739722222223 0.2692367421875 0.9045675581597222 0.2990819392361111 0.9192152595486112 0.31371744270833335 0.9244902578124999 0.31348365538194445 0.9210284053819444 0.28049645399305556