2 0.22890625 0.686328125 0.2203125 0.647265625 0.20546875 0.621484375 0.2 0.604296875 0.192578125 0.60078125 0.19296875 0.621484375 0.18984375 0.631640625 0.19296875 0.651171875 0.2078125 0.683203125 0.216015625 0.690625 0.221875 0.690234375 0.227734375 0.68984375 0.22890625 0.686328125
2 0.2203125 0.730078125 0.2078125 0.690234375 0.19609375 0.678515625 0.19375 0.672265625 0.184765625 0.66640625 0.1828125 0.678515625 0.19375 0.716796875 0.225 0.765234375 0.231640625 0.7734375 0.2375 0.775390625 0.23984375 0.772265625 0.2203125 0.730078125
2 0.32734375 0.804296875 0.32734375 0.786328125 0.31875 0.757421875 0.296875 0.731640625 0.2875 0.715234375 0.280078125 0.709375 0.273828125 0.709375 0.27109375 0.716015625 0.27578125 0.726171875 0.27421875 0.734765625 0.27890625 0.748046875 0.29375 0.778515625 0.3171875 0.811328125 0.32265625 0.814453125 0.321875 0.804296875 0.32734375 0.804296875
2 0.31875 0.666015625 0.32109375 0.635546875 0.31484375 0.605078125 0.315625 0.560546875 0.3078125 0.540234375 0.30703125 0.518359375 0.294140625 0.5015625 0.273828125 0.4953125 0.26796875 0.498828125 0.2625 0.512890625 0.26640625 0.530078125 0.259375 0.573828125 0.26875 0.592578125 0.278125 0.652734375 0.2890625 0.684765625 0.29921875 0.702734375 0.306640625 0.70546875 0.30859375 0.699609375 0.3 0.679296875 0.298046875 0.66015625 0.3046875 0.673046875 0.31171875 0.704296875 0.317578125 0.7125 0.32265625 0.712890625 0.325 0.696484375 0.31875 0.666015625
2 0.3609375 0.634765625 0.36015625 0.548046875 0.373046875 0.57578125 0.37734375 0.572265625 0.378125 0.559765625 0.371875 0.532421875 0.36171875 0.508984375 0.34296875 0.488671875 0.34375 0.458203125 0.332421875 0.4484375 0.325390625 0.45078125 0.3171875 0.458984375 0.3140625 0.469921875 0.3140625 0.481640625 0.31796875 0.491796875 0.31171875 0.512109375 0.31171875 0.543359375 0.31640625 0.561328125 0.315625 0.602734375 0.3265625 0.658203125 0.337890625 0.66796875 0.35 0.669140625 0.35859375 0.656640625 0.3609375 0.634765625
2 0.3171875 0.452734375 0.31796875 0.424609375 0.312109375 0.415625 0.30078125 0.412109375 0.31015625 0.392578125 0.309375 0.383984375 0.302734375 0.38046875 0.294921875 0.384375 0.290625 0.391796875 0.28984375 0.411328125 0.277734375 0.41875 0.2703125 0.430078125 0.26875 0.491796875 0.270703125 0.49609375 0.293359375 0.5015625 0.30703125 0.513671875 0.3109375 0.476953125 0.3171875 0.452734375
2 0.3890625 0.764453125 0.4 0.741015625 0.40078125 0.726171875 0.38828125 0.708984375 0.36953125 0.667578125 0.362109375 0.6625 0.3484375 0.681640625 0.3453125 0.701953125 0.333203125 0.7046875 0.328125 0.719140625 0.3359375 0.741015625 0.3484375 0.756640625 0.3578125 0.780859375 0.37578125 0.808203125 0.38125 0.809765625 0.3875 0.798046875 0.3890625 0.764453125
2 0.50703125 0.305078125 0.51796875 0.277734375 0.5234375 0.274609375 0.52265625 0.247265625 0.51640625 0.234765625 0.515625 0.216015625 0.506640625 0.21015625 0.488671875 0.21875 0.4765625 0.230859375 0.4765625 0.251953125 0.48125 0.262890625 0.48515625 0.290234375 0.47890625 0.319921875 0.48984375 0.337890625 0.490625 0.345703125 0.5 0.352734375 0.50546875 0.346484375 0.50703125 0.305078125
2 0.80234375 0.259765625 0.784765625 0.23828125 0.7828125 0.244140625 0.79765625 0.276953125 0.79609375 0.295703125 0.800390625 0.3 0.80234375 0.293359375 0.808203125 0.28984375 0.81953125 0.316015625 0.82421875 0.319140625 0.81640625 0.291015625 0.80234375 0.259765625
2 0.88515625 0.496484375 0.878515625 0.4765625 0.87421875 0.477734375 0.875 0.501171875 0.8703125 0.505078125 0.875 0.518359375 0.87265625 0.566796875 0.875 0.578515625 0.88671875 0.516015625 0.88515625 0.496484375
2 0.5671875 0.851171875 0.5625 0.837109375 0.565625 0.819921875 0.558984375 0.81640625 0.545703125 0.81796875 0.541015625 0.82421875 0.530078125 0.828125 0.5140625 0.849609375 0.515625 0.867578125 0.518359375 0.87109375 0.5453125 0.871484375 0.555078125 0.865625 0.5671875 0.851171875
2 0.596875 0.831640625 0.60859375 0.819921875 0.6109375 0.803515625 0.607421875 0.79921875 0.585546875 0.80234375 0.56171875 0.831640625 0.5609375 0.838671875 0.565625 0.851171875 0.5609375 0.859765625 0.574609375 0.86640625 0.58671875 0.866015625 0.60390625 0.843359375 0.596875 0.831640625
2 0.27734375 0.848046875 0.2734375 0.840234375 0.246484375 0.8171875 0.238671875 0.8140625 0.2359375 0.818359375 0.2375 0.823828125 0.271875 0.856640625 0.26953125 0.850390625 0.27734375 0.848046875
2 0.315625 0.867578125 0.31640625 0.861328125 0.30703125 0.845703125 0.287890625 0.83046875 0.276171875 0.8265625 0.267578125 0.81953125 0.264453125 0.8203125 0.2625 0.825390625 0.26796875 0.838671875 0.295703125 0.859375 0.305859375 0.8734375 0.31484375 0.876171875 0.31875 0.871484375 0.315625 0.867578125
2 0.26953125 0.762109375 0.23984375 0.702734375 0.227734375 0.68671875 0.223828125 0.6890625 0.213671875 0.68671875 0.21171875 0.691015625 0.221875 0.717578125 0.2515625 0.769921875 0.261328125 0.78203125 0.27265625 0.787890625 0.275 0.783984375 0.26953125 0.762109375
2 0.380859375 0.45234375 0.383984375 0.44765625 0.397265625 0.4546875 0.404296875 0.4546875 0.41328125 0.447265625 0.41875 0.437109375 0.415625 0.410546875 0.4015625 0.399609375 0.40546875 0.373046875 0.400390625 0.36875 0.391796875 0.36875 0.3859375 0.373046875 0.38046875 0.395703125 0.369921875 0.4015625 0.36328125 0.412109375 0.3640625 0.452734375 0.36484375 0.456640625 0.3703125 0.459765625 0.376953125 0.45 0.380859375 0.45234375
2 0.4296875 0.380859375 0.4234375 0.369140625 0.44140625 0.333203125 0.436328125 0.32421875 0.415625 0.316796875 0.4171875 0.299609375 0.412109375 0.2953125 0.405078125 0.2953125 0.398828125 0.296875 0.39140625 0.312109375 0.365625 0.333984375 0.3609375 0.349609375 0.366015625 0.3515625 0.37109375 0.359765625 0.3671875 0.379296875 0.36875 0.398046875 0.373828125 0.39921875 0.38203125 0.391796875 0.38515625 0.376953125 0.389453125 0.371875 0.400390625 0.36953125 0.40546875 0.373046875 0.4015625 0.398828125 0.41640625 0.406640625 0.42890625 0.394921875 0.4296875 0.380859375
2 0.34140625 0.371484375 0.34609375 0.361328125 0.359375 0.350390625 0.36171875 0.338671875 0.38984375 0.310546875 0.396875 0.294140625 0.39765625 0.280859375 0.39296875 0.273828125 0.39296875 0.262890625 0.388671875 0.25859375 0.376953125 0.26171875 0.351171875 0.284375 0.33671875 0.305859375 0.33125 0.333984375 0.33203125 0.353515625 0.3265625 0.404296875 0.330078125 0.41171875 0.334375 0.411328125 0.3390625 0.397265625 0.34140625 0.371484375
2 0.6921875 0.667578125 0.69921875 0.634765625 0.7203125 0.592578125 0.72421875 0.558984375 0.70703125 0.514453125 0.70546875 0.496484375 0.697265625 0.4875 0.683203125 0.4828125 0.678125 0.471484375 0.670703125 0.4640625 0.666015625 0.4640625 0.660546875 0.46640625 0.65625 0.473046875 0.66015625 0.490234375 0.665625 0.494921875 0.66328125 0.526171875 0.65703125 0.531640625 0.640625 0.574609375 0.640625 0.583984375 0.643359375 0.5890625 0.650390625 0.59140625 0.663671875 0.5734375 0.666796875 0.57265625 0.66875 0.576953125 0.67109375 0.604296875 0.6625 0.642578125 0.6625 0.676953125 0.6640625 0.687109375 0.66953125 0.693359375 0.675 0.708984375 0.67890625 0.709765625 0.6796875 0.698046875 0.6921875 0.667578125
2 0.33984375 0.180859375 0.35546875 0.167578125 0.36015625 0.161328125 0.358984375 0.15625 0.348046875 0.153125 0.321875 0.172265625 0.3078125 0.212109375 0.31171875 0.213671875 0.33515625 0.195703125 0.33984375 0.180859375
2 0.41640625 0.139453125 0.42734375 0.118359375 0.424609375 0.11171875 0.414453125 0.11328125 0.39921875 0.122265625 0.38359375 0.149609375 0.38359375 0.153515625 0.3875 0.153515625 0.407421875 0.146875 0.41640625 0.139453125
2 0.4625 0.119921875 0.460546875 0.11484375 0.451953125 0.1109375 0.433984375 0.11640625 0.4265625 0.126171875 0.435546875 0.1375 0.44609375 0.139453125 0.4515625 0.137109375 0.4625 0.119921875
1 0.240625 0.231640625 0.3109375 0.144140625 0.3140625 0.137890625 0.312109375 0.134375 0.301171875 0.13359375 0.283203125 0.1421875 0.261328125 0.1578125 0.228125 0.188671875 0.18984375 0.243359375 0.192578125 0.24921875 0.1984375 0.250390625 0.2 0.259765625 0.20546875 0.259765625 0.223046875 0.2484375 0.240625 0.231640625
1 0.75703125 0.219140625 0.7125 0.156640625 0.70703125 0.143359375 0.651171875 0.11640625 0.635546875 0.1140625 0.6390625 0.122265625 0.64921875 0.132421875 0.65859375 0.171484375 0.67265625 0.190234375 0.675 0.201953125 0.6828125 0.213671875 0.695703125 0.22421875 0.746484375 0.2484375 0.77109375 0.256640625 0.76953125 0.244140625 0.75703125 0.219140625