2 0.43125 0.567578125 0.4359375 0.565234375 0.43671875 0.553515625 0.44765625 0.524609375 0.4484375 0.505859375 0.4546875 0.494140625 0.4546875 0.480859375 0.446875 0.469140625 0.44375 0.451953125 0.435546875 0.44765625 0.42734375 0.451953125 0.425 0.465234375 0.41484375 0.476171875 0.4109375 0.489453125 0.4109375 0.496484375 0.41484375 0.502734375 0.4140625 0.532421875 0.41953125 0.540234375 0.41875 0.580078125 0.419921875 0.5828125 0.425 0.582421875 0.43046875 0.576953125 0.43125 0.567578125
2 0.33359375 0.510546875 0.3390625 0.483984375 0.33203125 0.470703125 0.3328125 0.460546875 0.325390625 0.45546875 0.31796875 0.462109375 0.31015625 0.514453125 0.31328125 0.540234375 0.32421875 0.551171875 0.32578125 0.558203125 0.33046875 0.559765625 0.3328125 0.555078125 0.33359375 0.510546875
2 0.31171875 0.470703125 0.31171875 0.448046875 0.303125 0.423828125 0.298828125 0.41953125 0.2921875 0.423828125 0.2859375 0.437109375 0.28046875 0.461328125 0.28046875 0.473828125 0.28671875 0.488671875 0.28828125 0.515234375 0.294140625 0.5234375 0.296875 0.523046875 0.30234375 0.491015625 0.31171875 0.470703125
2 0.36484375 0.511328125 0.371484375 0.5140625 0.37578125 0.508984375 0.37734375 0.477734375 0.384375 0.448828125 0.38359375 0.435546875 0.375 0.426953125 0.37265625 0.412890625 0.366015625 0.41015625 0.36015625 0.415234375 0.3578125 0.430078125 0.35 0.437890625 0.3453125 0.454296875 0.34609375 0.471484375 0.35078125 0.478515625 0.35234375 0.491015625 0.353125 0.532421875 0.3578125 0.537109375 0.3640625 0.530859375 0.36484375 0.511328125
2 0.346875 0.431640625 0.34609375 0.402734375 0.339453125 0.39609375 0.331640625 0.4 0.3265625 0.408203125 0.31484375 0.451171875 0.317578125 0.4578125 0.330859375 0.4578125 0.33359375 0.470703125 0.33828125 0.473828125 0.34140625 0.468359375 0.346875 0.431640625
2 0.64296875 0.619921875 0.659375 0.566015625 0.659375 0.557421875 0.64609375 0.542578125 0.64453125 0.526953125 0.639453125 0.5234375 0.63203125 0.531640625 0.63125 0.545703125 0.61875 0.560546875 0.61328125 0.592578125 0.6140625 0.604296875 0.6 0.631640625 0.60703125 0.643359375 0.612109375 0.64375 0.61640625 0.632421875 0.61796875 0.612109375 0.619921875 0.609375 0.628515625 0.61171875 0.6359375 0.619921875 0.63125 0.631640625 0.634375 0.639453125 0.63125 0.651171875 0.6359375 0.651171875 0.6453125 0.635546875 0.64296875 0.619921875
2 0.487109375 0.84296875 0.490234375 0.83515625 0.49609375 0.834765625 0.49609375 0.830859375 0.486328125 0.8203125 0.479296875 0.81875 0.471484375 0.81171875 0.463671875 0.81171875 0.45078125 0.825390625 0.45 0.834765625 0.464453125 0.83984375 0.4671875 0.843359375 0.46640625 0.850390625 0.47109375 0.850390625 0.479296875 0.84375 0.487109375 0.84296875
2 0.565625 0.841796875 0.554296875 0.8296875 0.544140625 0.83125 0.5265625 0.844921875 0.52734375 0.851171875 0.5234375 0.855859375 0.528125 0.858984375 0.528125 0.862890625 0.5421875 0.866796875 0.55390625 0.857421875 0.565625 0.841796875
2 0.5921875 0.843359375 0.585546875 0.834375 0.578515625 0.83671875 0.56796875 0.850390625 0.57109375 0.860546875 0.578125 0.862109375 0.5921875 0.851171875 0.5921875 0.843359375
2 0.62734375 0.848046875 0.626171875 0.84296875 0.614453125 0.840625 0.59921875 0.850390625 0.59453125 0.859765625 0.596875 0.869921875 0.60078125 0.871484375 0.61796875 0.863671875 0.62734375 0.848046875
2 0.627734375 0.78984375 0.63359375 0.791796875 0.6375 0.778515625 0.634765625 0.771875 0.623046875 0.76953125 0.60390625 0.786328125 0.5953125 0.818359375 0.59453125 0.824609375 0.596875 0.826171875 0.60859375 0.819140625 0.627734375 0.78984375
2 0.67578125 0.794921875 0.674609375 0.790625 0.662109375 0.7875 0.6390625 0.805078125 0.6390625 0.820703125 0.634375 0.831640625 0.640625 0.833203125 0.671875 0.802734375 0.67578125 0.794921875
2 0.434375 0.234765625 0.44453125 0.219921875 0.435546875 0.20625 0.429296875 0.2078125 0.41796875 0.219921875 0.4234375 0.224609375 0.42421875 0.247265625 0.42890625 0.249609375 0.43671875 0.247265625 0.434375 0.234765625
2 0.48046875 0.207421875 0.4765625 0.200390625 0.465234375 0.1921875 0.45 0.207421875 0.45390625 0.243359375 0.4609375 0.246484375 0.464453125 0.22734375 0.47421875 0.245703125 0.48046875 0.247265625 0.475 0.232421875 0.48046875 0.207421875
2 0.73359375 0.471484375 0.7375 0.462890625 0.73984375 0.440234375 0.72734375 0.416796875 0.725 0.402734375 0.717578125 0.4 0.7125 0.406640625 0.71171875 0.428515625 0.71796875 0.498828125 0.726171875 0.50703125 0.73125 0.508203125 0.734375 0.506640625 0.73359375 0.471484375
2 0.74609375 0.382421875 0.73828125 0.358984375 0.730078125 0.353125 0.725 0.384765625 0.73515625 0.431640625 0.74296875 0.433984375 0.7484375 0.413671875 0.74609375 0.382421875
1 0.8890625 0.580859375 0.8921875 0.558203125 0.88984375 0.544921875 0.873046875 0.50859375 0.840234375 0.496875 0.828125 0.507421875 0.82109375 0.518359375 0.8140625 0.554296875 0.823046875 0.57734375 0.835546875 0.578125 0.855078125 0.59765625 0.861328125 0.6 0.862890625 0.596875 0.865625 0.605078125 0.871875 0.607421875 0.8796875 0.600390625 0.8890625 0.580859375
1 0.31015625 0.194140625 0.3125 0.184765625 0.298046875 0.1859375 0.278515625 0.196875 0.2578125 0.223046875 0.2578125 0.227734375 0.2609375 0.227734375 0.287109375 0.2171875 0.31015625 0.194140625
1 0.503125 0.133203125 0.503125 0.125390625 0.497265625 0.11875 0.470703125 0.11953125 0.447265625 0.13125 0.43359375 0.144140625 0.454296875 0.1515625 0.46953125 0.151953125 0.487890625 0.1453125 0.503125 0.133203125
2 0.76953125 0.412890625 0.76328125 0.392578125 0.755078125 0.3875 0.75234375 0.392578125 0.75234375 0.419921875 0.759375 0.433984375 0.76953125 0.441796875 0.771875 0.436328125 0.76953125 0.412890625
2 0.714453125 0.184375 0.710546875 0.18515625 0.7078125 0.188671875 0.71171875 0.197265625 0.722265625 0.21015625 0.72578125 0.209765625 0.721875 0.192578125 0.714453125 0.184375
3 0.420703125 0.14609375 0.43828125 0.137109375 0.43984375 0.125390625 0.433984375 0.11953125 0.421484375 0.11875 0.379296875 0.1328125 0.3734375 0.137890625 0.371875 0.145703125 0.380078125 0.140625 0.38671875 0.141796875 0.3765625 0.161328125 0.3859375 0.161328125 0.409765625 0.15703125 0.420703125 0.14609375
3 0.493359375 0.11484375 0.511328125 0.1046875 0.522265625 0.10625 0.5390625 0.093359375 0.527734375 0.08828125 0.487109375 0.0875 0.440234375 0.09765625 0.43359375 0.105859375 0.43671875 0.113671875 0.4265625 0.118359375 0.434375 0.123046875 0.43671875 0.133984375 0.43984375 0.134765625 0.469921875 0.11875 0.493359375 0.11484375