1 0.307421875 0.48671875 0.415234375 0.465625 0.435546875 0.47421875 0.447265625 0.471875 0.462109375 0.45546875 0.48359375 0.441015625 0.4859375 0.411328125 0.4828125 0.401171875 0.47578125 0.390234375 0.463671875 0.3796875 0.437890625 0.3703125 0.383984375 0.37421875 0.362109375 0.36875 0.349609375 0.36875 0.297265625 0.384375 0.23828125 0.427734375 0.23203125 0.458984375 0.23515625 0.476171875 0.248828125 0.4953125 0.270703125 0.496875 0.279296875 0.50703125 0.28828125 0.508203125 0.29921875 0.501171875 0.307421875 0.48671875
1 0.162890625 0.4328125 0.247265625 0.40625 0.255859375 0.409375 0.278515625 0.3953125 0.294921875 0.38046875 0.342578125 0.3671875 0.364453125 0.365625 0.3703125 0.346484375 0.38046875 0.239453125 0.377734375 0.23671875 0.361328125 0.2390625 0.271484375 0.26796875 0.217578125 0.29375 0.159765625 0.3296875 0.14765625 0.347265625 0.13671875 0.382421875 0.12890625 0.430078125 0.12890625 0.440234375 0.134375 0.442578125 0.154296875 0.43984375 0.162890625 0.4328125
1 0.814453125 0.66953125 0.854296875 0.6515625 0.86328125 0.639453125 0.86796875 0.628515625 0.8703125 0.598828125 0.862890625 0.57421875 0.855859375 0.57265625 0.824609375 0.57890625 0.8140625 0.587890625 0.79609375 0.639453125 0.79140625 0.665234375 0.79140625 0.680859375 0.8015625 0.680859375 0.810546875 0.67578125 0.814453125 0.66953125
1 0.696875 0.179296875 0.680859375 0.16328125 0.64453125 0.153515625 0.662109375 0.17578125 0.7 0.188671875 0.70078125 0.184765625 0.696875 0.179296875
1 0.49375 0.141796875 0.483984375 0.1328125 0.457421875 0.134375 0.447265625 0.13984375 0.44296875 0.145703125 0.44140625 0.153515625 0.444921875 0.15859375 0.4875 0.158984375 0.490625 0.157421875 0.49375 0.141796875
1 0.9015625 0.439453125 0.891796875 0.43359375 0.876171875 0.43828125 0.871875 0.443359375 0.8703125 0.452734375 0.87109375 0.470703125 0.875 0.482421875 0.882421875 0.49296875 0.893359375 0.49140625 0.91015625 0.495703125 0.9109375 0.459765625 0.9015625 0.439453125
1 0.93359375 0.436328125 0.927734375 0.42734375 0.919921875 0.42734375 0.9171875 0.430859375 0.9171875 0.442578125 0.921875 0.462109375 0.9375 0.469140625 0.940625 0.462890625 0.93359375 0.436328125
2 0.74375 0.516015625 0.7390625 0.487890625 0.734765625 0.484375 0.71796875 0.489453125 0.70234375 0.532421875 0.709765625 0.53515625 0.713671875 0.53359375 0.721484375 0.5390625 0.73359375 0.539453125 0.73984375 0.530859375 0.74375 0.516015625
1 0.706640625 0.5921875 0.713671875 0.59296875 0.721875 0.600390625 0.725 0.569921875 0.73125 0.552734375 0.728515625 0.5453125 0.716796875 0.5453125 0.702734375 0.5359375 0.6984375 0.540234375 0.69375 0.552734375 0.6921875 0.584765625 0.6875 0.598828125 0.69140625 0.605859375 0.701953125 0.60078125 0.706640625 0.5921875
1 0.925390625 0.575 0.92890625 0.566796875 0.928125 0.533984375 0.925 0.524609375 0.920703125 0.521875 0.910546875 0.525 0.9046875 0.533984375 0.9015625 0.575390625 0.9078125 0.581640625 0.913671875 0.575 0.925390625 0.575
2 0.64453125 0.827734375 0.6546875 0.812890625 0.651171875 0.8046875 0.646484375 0.80390625 0.6390625 0.808203125 0.63828125 0.813671875 0.6296875 0.821484375 0.6234375 0.835546875 0.6140625 0.843359375 0.615234375 0.84609375 0.62421875 0.846484375 0.6484375 0.835546875 0.64453125 0.827734375
2 0.575390625 0.83359375 0.584765625 0.8421875 0.5921875 0.817578125 0.6 0.812109375 0.591015625 0.8078125 0.580859375 0.809375 0.57578125 0.819921875 0.5671875 0.824609375 0.565625 0.843359375 0.569921875 0.8421875 0.575390625 0.83359375
2 0.506640625 0.8390625 0.510546875 0.846875 0.51640625 0.844140625 0.5140625 0.834765625 0.5171875 0.830859375 0.5171875 0.822265625 0.515625 0.816015625 0.509765625 0.81171875 0.499609375 0.81171875 0.4984375 0.819921875 0.48515625 0.826953125 0.491015625 0.8265625 0.49375 0.830078125 0.48828125 0.847265625 0.4953125 0.848828125 0.501171875 0.8390625 0.506640625 0.8390625