2 0.60234375 0.588671875 0.6078125 0.551171875 0.6171875 0.544140625 0.6171875 0.533984375 0.60859375 0.523828125 0.61328125 0.512890625 0.6125 0.505859375 0.605859375 0.50078125 0.59765625 0.503515625 0.59453125 0.517578125 0.584375 0.523828125 0.578125 0.539453125 0.578125 0.545703125 0.588671875 0.5484375 0.59140625 0.552734375 0.58984375 0.562109375 0.578125 0.572265625 0.57578125 0.579296875 0.58046875 0.604296875 0.5859375 0.606640625 0.5984375 0.598046875 0.60234375 0.588671875
2 0.559765625 0.16484375 0.551953125 0.165625 0.5484375 0.173046875 0.553125 0.183984375 0.565625 0.188671875 0.56640625 0.173828125 0.559765625 0.16484375
2 0.577734375 0.165625 0.573828125 0.165625 0.5703125 0.171484375 0.57109375 0.179296875 0.577734375 0.1890625 0.5859375 0.192578125 0.5875 0.175390625 0.577734375 0.165625
3 0.41015625 0.506640625 0.41796875 0.481640625 0.415625 0.455078125 0.406640625 0.43046875 0.398046875 0.42578125 0.376953125 0.425 0.350390625 0.4328125 0.34140625 0.443359375 0.3421875 0.498828125 0.34921875 0.514453125 0.354296875 0.51875 0.39140625 0.526953125 0.40234375 0.520703125 0.41015625 0.506640625
3 0.42578125 0.258984375 0.4359375 0.236328125 0.431640625 0.2265625 0.404296875 0.22890625 0.38828125 0.239453125 0.384375 0.258203125 0.390234375 0.2671875 0.396875 0.268359375 0.412109375 0.26640625 0.42578125 0.258984375
3 0.71640625 0.375390625 0.7046875 0.352734375 0.687890625 0.334375 0.673046875 0.33046875 0.664453125 0.33203125 0.66015625 0.341015625 0.66015625 0.349609375 0.67421875 0.379296875 0.683984375 0.3875 0.701953125 0.396875 0.70625 0.396484375 0.715625 0.383984375 0.71640625 0.375390625
3 0.4125 0.754296875 0.402734375 0.74375 0.387109375 0.734375 0.373828125 0.73046875 0.341015625 0.734375 0.3328125 0.741015625 0.33359375 0.749609375 0.351171875 0.7671875 0.370703125 0.78046875 0.39453125 0.788671875 0.41484375 0.779296875 0.4125 0.754296875
3 0.6953125 0.279296875 0.6890625 0.258984375 0.676953125 0.24609375 0.655078125 0.2328125 0.638671875 0.23671875 0.6359375 0.245703125 0.64140625 0.260546875 0.667578125 0.2859375 0.6734375 0.287890625 0.691015625 0.28515625 0.6953125 0.279296875
3 0.722265625 0.35078125 0.726171875 0.34375 0.730078125 0.3453125 0.733984375 0.3375 0.737890625 0.340625 0.746875 0.326171875 0.737890625 0.315625 0.733203125 0.315625 0.705859375 0.28515625 0.695703125 0.28125 0.684765625 0.28515625 0.667578125 0.2828125 0.658984375 0.2796875 0.648046875 0.26640625 0.643359375 0.265625 0.66328125 0.329296875 0.690234375 0.334375 0.7109375 0.358203125 0.714453125 0.3515625 0.722265625 0.35078125
3 0.65390625 0.218359375 0.648046875 0.2 0.625390625 0.19140625 0.60703125 0.192578125 0.609375 0.205078125 0.627734375 0.2265625 0.64765625 0.226171875 0.6515625 0.224609375 0.65390625 0.218359375
3 0.37734375 0.856640625 0.371875 0.848046875 0.3671875 0.825390625 0.3578125 0.808203125 0.36171875 0.796484375 0.3578125 0.780859375 0.359375 0.773046875 0.35 0.764453125 0.34296875 0.749609375 0.34453125 0.737890625 0.3546875 0.730078125 0.34921875 0.726171875 0.35390625 0.717578125 0.3546875 0.694921875 0.35234375 0.678515625 0.346875 0.666015625 0.346875 0.645703125 0.34921875 0.633984375 0.35234375 0.631640625 0.35703125 0.603515625 0.353125 0.586328125 0.34921875 0.584765625 0.35078125 0.580859375 0.34765625 0.576953125 0.3484375 0.558984375 0.353125 0.554296875 0.35703125 0.527734375 0.36875 0.522265625 0.361328125 0.5078125 0.35625 0.514453125 0.3484375 0.498046875 0.34921875 0.466015625 0.3453125 0.442578125 0.349609375 0.434375 0.35625 0.432421875 0.35078125 0.428515625 0.35 0.416015625 0.35625 0.400390625 0.3609375 0.396484375 0.36875 0.366796875 0.365625 0.322265625 0.36953125 0.310546875 0.36953125 0.298046875 0.371875 0.290234375 0.378125 0.286328125 0.38125 0.275390625 0.38671875 0.269140625 0.38203125 0.261328125 0.38125 0.251171875 0.376953125 0.24609375 0.372265625 0.24765625 0.36484375 0.241796875 0.366015625 0.23515625 0.35859375 0.235546875 0.35703125 0.247265625 0.3515625 0.230859375 0.3546875 0.212890625 0.34921875 0.208203125 0.353125 0.196484375 0.345703125 0.1921875 0.34296875 0.200390625 0.333984375 0.20390625 0.334375 0.208203125 0.328125 0.210546875 0.3265625 0.217578125 0.305859375 0.23359375 0.303125 0.239453125 0.298046875 0.24140625 0.265625 0.275390625 0.24296875 0.306640625 0.24296875 0.321484375 0.2328125 0.348828125 0.23359375 0.373046875 0.228125 0.386328125 0.228125 0.396484375 0.235546875 0.396875 0.2375 0.400390625 0.22890625 0.419921875 0.22578125 0.442578125 0.2265625 0.473046875 0.23046875 0.478515625 0.228125 0.494140625 0.2328125 0.508984375 0.2265625 0.528515625 0.23203125 0.541796875 0.22265625 0.555078125 0.21875 0.572265625 0.21953125 0.582421875 0.2140625 0.601953125 0.21484375 0.623828125 0.21015625 0.627734375 0.20859375 0.635546875 0.2109375 0.664453125 0.21640625 0.670703125 0.209375 0.675390625 0.20546875 0.691015625 0.209375 0.698828125 0.20703125 0.702734375 0.221875 0.716796875 0.2265625 0.742578125 0.23203125 0.756640625 0.23984375 0.764453125 0.24375 0.787890625 0.25390625 0.816015625 0.298828125 0.83984375 0.326171875 0.8484375 0.333984375 0.846875 0.337109375 0.85234375 0.344921875 0.85625 0.36953125 0.861328125 0.376171875 0.86015625 0.37734375 0.856640625
3 0.78515625 0.795703125 0.803125 0.757421875 0.81015625 0.726953125 0.80859375 0.705078125 0.8125 0.691015625 0.808203125 0.69296875 0.80703125 0.689453125 0.81875 0.679296875 0.82265625 0.651953125 0.8296875 0.640234375 0.815625 0.580859375 0.81796875 0.548046875 0.80625 0.516796875 0.8046875 0.501171875 0.7984375 0.494921875 0.79453125 0.483203125 0.796875 0.467578125 0.79296875 0.439453125 0.797265625 0.43828125 0.800390625 0.44140625 0.80859375 0.435546875 0.80546875 0.419921875 0.79609375 0.410546875 0.7890625 0.391015625 0.78203125 0.384765625 0.78046875 0.379296875 0.769140625 0.36953125 0.765234375 0.37109375 0.759765625 0.3609375 0.7484375 0.357421875 0.74921875 0.345703125 0.7453125 0.337890625 0.730859375 0.328125 0.726171875 0.3359375 0.7203125 0.337890625 0.721484375 0.34296875 0.72734375 0.343359375 0.72890625 0.350390625 0.72109375 0.351171875 0.71875 0.373828125 0.7125 0.376953125 0.709375 0.388671875 0.703515625 0.39453125 0.686328125 0.39140625 0.68515625 0.394921875 0.6859375 0.423828125 0.69375 0.457421875 0.69375 0.491015625 0.69765625 0.502734375 0.6984375 0.527734375 0.70234375 0.533984375 0.7015625 0.539453125 0.7140625 0.545703125 0.70625 0.557421875 0.7109375 0.565234375 0.7109375 0.573046875 0.706640625 0.58046875 0.703125 0.573046875 0.7046875 0.563671875 0.70234375 0.558203125 0.7015625 0.604296875 0.6953125 0.655078125 0.6984375 0.659765625 0.69453125 0.662109375 0.69296875 0.686328125 0.6796875 0.714453125 0.68203125 0.733203125 0.690625 0.737890625 0.68515625 0.741015625 0.68203125 0.749609375 0.686328125 0.75234375 0.691015625 0.75 0.69296875 0.753515625 0.68203125 0.756640625 0.6859375 0.761328125 0.678125 0.764453125 0.67421875 0.784765625 0.6703125 0.787890625 0.66171875 0.816015625 0.662890625 0.82421875 0.667578125 0.82265625 0.67578125 0.828515625 0.675 0.843359375 0.679296875 0.846875 0.68671875 0.846484375 0.730078125 0.82890625 0.78515625 0.795703125