1 0.248828125 0.40625 0.290234375 0.39140625 0.320703125 0.38359375 0.333203125 0.38828125 0.341796875 0.3875 0.355078125 0.38125 0.362109375 0.3703125 0.387109375 0.35859375 0.39296875 0.349609375 0.39453125 0.336328125 0.38984375 0.307421875 0.375390625 0.3015625 0.326171875 0.3015625 0.275390625 0.3203125 0.249609375 0.34296875 0.228515625 0.35546875 0.20859375 0.376953125 0.20390625 0.389453125 0.20390625 0.413671875 0.208203125 0.41796875 0.22421875 0.421484375 0.233203125 0.4203125 0.248828125 0.40625
1 0.86640625 0.408203125 0.865625 0.399609375 0.85625 0.347265625 0.84375 0.322265625 0.833203125 0.30859375 0.804296875 0.2890625 0.774609375 0.27421875 0.762109375 0.2703125 0.741796875 0.2703125 0.722265625 0.2609375 0.646484375 0.2359375 0.639453125 0.23046875 0.629296875 0.22734375 0.621875 0.230078125 0.61640625 0.244140625 0.6140625 0.281640625 0.62578125 0.326171875 0.642578125 0.3578125 0.700390625 0.36796875 0.719921875 0.38125 0.746484375 0.3796875 0.804296875 0.39453125 0.827734375 0.40234375 0.835546875 0.41015625 0.8453125 0.412109375 0.862890625 0.41171875 0.86640625 0.408203125
1 0.593359375 0.72109375 0.6109375 0.712890625 0.621875 0.690234375 0.6234375 0.670703125 0.61484375 0.643359375 0.607421875 0.6359375 0.570703125 0.615625 0.558203125 0.603125 0.549609375 0.603125 0.537109375 0.596875 0.516015625 0.5921875 0.370703125 0.58359375 0.353515625 0.58359375 0.33671875 0.591796875 0.34375 0.596484375 0.34296875 0.649609375 0.346875 0.683984375 0.35234375 0.704296875 0.358203125 0.7109375 0.373046875 0.715625 0.384765625 0.72734375 0.404296875 0.73125 0.418359375 0.721875 0.499609375 0.7265625 0.545703125 0.725 0.557421875 0.73515625 0.57109375 0.734765625 0.583984375 0.73125 0.593359375 0.72109375
1 0.255078125 0.56875 0.26171875 0.562109375 0.2671875 0.545703125 0.26484375 0.514453125 0.25546875 0.490234375 0.248828125 0.48359375 0.219921875 0.4765625 0.196484375 0.4640625 0.166796875 0.46875 0.13828125 0.490234375 0.13359375 0.517578125 0.1359375 0.541796875 0.151953125 0.565625 0.158203125 0.56640625 0.164453125 0.55859375 0.213671875 0.565625 0.225390625 0.578125 0.234375 0.579296875 0.244140625 0.571875 0.255078125 0.56875
1 0.694921875 0.8234375 0.766796875 0.765625 0.796875 0.726953125 0.80390625 0.710546875 0.793359375 0.7046875 0.776953125 0.70546875 0.712109375 0.7671875 0.683203125 0.7921875 0.643359375 0.81953125 0.63359375 0.830859375 0.635546875 0.83515625 0.641015625 0.83671875 0.6640625 0.836328125 0.678515625 0.8328125 0.694921875 0.8234375
1 0.781640625 0.5734375 0.814453125 0.5671875 0.835546875 0.571875 0.8421875 0.566796875 0.84921875 0.551171875 0.84921875 0.523046875 0.84375 0.507421875 0.826953125 0.49765625 0.816015625 0.4859375 0.794140625 0.4765625 0.776171875 0.4796875 0.73203125 0.498046875 0.728125 0.542578125 0.73125 0.573828125 0.745703125 0.5890625 0.754296875 0.58671875 0.76484375 0.589453125 0.770703125 0.5875 0.781640625 0.5734375
2 0.328125 0.623828125 0.330078125 0.621875 0.33515625 0.625390625 0.341796875 0.63828125 0.3421875 0.619140625 0.3375 0.609765625 0.33125 0.566015625 0.323046875 0.55625 0.317578125 0.55546875 0.31171875 0.565234375 0.3140625 0.577734375 0.31015625 0.584765625 0.3125 0.599609375 0.31953125 0.610546875 0.31796875 0.621484375 0.32265625 0.638671875 0.32109375 0.644140625 0.32734375 0.644921875 0.3296875 0.644140625 0.328125 0.623828125
2 0.36328125 0.561328125 0.359765625 0.55625 0.352734375 0.55546875 0.3484375 0.561328125 0.3515625 0.581640625 0.36015625 0.583203125 0.36328125 0.580859375 0.36328125 0.561328125
1 0.934375 0.520703125 0.928125 0.501171875 0.918359375 0.496875 0.91328125 0.506640625 0.9125 0.543359375 0.917578125 0.5515625 0.9265625 0.553515625 0.934375 0.539453125 0.934375 0.520703125
1 0.49375 0.145703125 0.490625 0.133203125 0.483984375 0.12890625 0.464453125 0.1296875 0.4484375 0.137890625 0.44375 0.148046875 0.444921875 0.15390625 0.465625 0.154296875 0.490234375 0.15234375 0.49375 0.145703125
2 0.60625 0.187109375 0.60078125 0.180859375 0.59921875 0.169140625 0.590234375 0.1625 0.58984375 0.180078125 0.596875 0.197265625 0.6015625 0.195703125 0.60625 0.187109375
2 0.3453125 0.202734375 0.341796875 0.1984375 0.337890625 0.1984375 0.32890625 0.208203125 0.32421875 0.216015625 0.32734375 0.216796875 0.3421875 0.213671875 0.3453125 0.202734375
2 0.247265625 0.22734375 0.24296875 0.228515625 0.23203125 0.247265625 0.228125 0.258984375 0.23203125 0.262109375 0.24296875 0.243359375 0.247265625 0.22734375
2 0.265234375 0.21171875 0.2609375 0.212890625 0.25 0.227734375 0.24765625 0.244140625 0.259375 0.230859375 0.265234375 0.21171875
2 0.286328125 0.2203125 0.28125 0.222265625 0.2734375 0.235546875 0.275 0.242578125 0.27890625 0.244921875 0.2859375 0.233203125 0.286328125 0.2203125
1 0.200390625 0.33359375 0.212890625 0.3328125 0.22109375 0.325390625 0.23828125 0.298046875 0.23828125 0.286328125 0.235546875 0.2828125 0.227734375 0.28359375 0.195703125 0.29765625 0.178125 0.315234375 0.1484375 0.355859375 0.14609375 0.369140625 0.149609375 0.375 0.15859375 0.376171875 0.185546875 0.34375 0.200390625 0.33359375
1 0.126171875 0.428125 0.13046875 0.424609375 0.14140625 0.403515625 0.14375 0.393359375 0.141796875 0.38125 0.133984375 0.3859375 0.125390625 0.38515625 0.1265625 0.380859375 0.122265625 0.38046875 0.11015625 0.397265625 0.09921875 0.423046875 0.0984375 0.439453125 0.103125 0.439453125 0.116796875 0.42890625 0.126171875 0.428125
1 0.128515625 0.4265625 0.1375 0.412890625 0.14609375 0.383203125 0.144921875 0.36953125 0.133984375 0.3703125 0.125390625 0.37578125 0.11015625 0.396484375 0.09921875 0.422265625 0.096875 0.435546875 0.098828125 0.43984375 0.10234375 0.440234375 0.116796875 0.42890625 0.128515625 0.4265625