1 0.45859375 0.807421875 0.45859375 0.800390625 0.453125 0.788671875 0.45859375 0.780859375 0.45078125 0.775390625 0.43984375 0.749609375 0.424609375 0.7390625 0.396484375 0.734375 0.373046875 0.734375 0.36796875 0.741796875 0.371875 0.769140625 0.378125 0.775390625 0.38828125 0.801171875 0.395703125 0.80703125 0.412109375 0.8125 0.44765625 0.814453125 0.455859375 0.8125 0.45859375 0.807421875
1 0.275 0.705859375 0.263671875 0.69375 0.237890625 0.684375 0.234375 0.689453125 0.2359375 0.720703125 0.2375 0.733203125 0.2453125 0.749609375 0.264453125 0.765625 0.280859375 0.771875 0.290625 0.771484375 0.28671875 0.731640625 0.275 0.705859375
1 0.22421875 0.647265625 0.21796875 0.581640625 0.208984375 0.56875 0.195703125 0.56640625 0.19140625 0.569140625 0.18828125 0.600390625 0.19375 0.638671875 0.207421875 0.653125 0.22109375 0.655859375 0.22421875 0.654296875 0.22421875 0.647265625
1 0.25703125 0.538671875 0.25234375 0.498828125 0.244921875 0.49296875 0.226171875 0.49296875 0.21953125 0.497265625 0.2171875 0.504296875 0.21328125 0.533203125 0.2140625 0.569140625 0.221484375 0.58671875 0.241015625 0.59296875 0.2515625 0.592578125 0.25703125 0.588671875 0.25703125 0.538671875
1 0.38671875 0.229296875 0.381640625 0.221875 0.362109375 0.2234375 0.353125 0.230078125 0.34296875 0.251171875 0.344140625 0.25703125 0.3515625 0.256640625 0.38125 0.247265625 0.38671875 0.229296875
1 0.31640625 0.248046875 0.314453125 0.2359375 0.299609375 0.2390625 0.29296875 0.244921875 0.2765625 0.272265625 0.27578125 0.278515625 0.28046875 0.279296875 0.3078125 0.268359375 0.31640625 0.248046875
1 0.40859375 0.195703125 0.4109375 0.184765625 0.407421875 0.1765625 0.391796875 0.17734375 0.384375 0.182421875 0.37734375 0.196484375 0.37734375 0.201171875 0.3828125 0.202734375 0.404296875 0.19921875 0.40859375 0.195703125
1 0.716796875 0.78515625 0.74296875 0.758203125 0.75234375 0.737109375 0.733203125 0.7375 0.719921875 0.74453125 0.707421875 0.7453125 0.691015625 0.75625 0.6859375 0.761328125 0.68984375 0.769140625 0.68046875 0.787890625 0.6875 0.793359375 0.701953125 0.7921875 0.716796875 0.78515625
2 0.67890625 0.788671875 0.68203125 0.781640625 0.679296875 0.7734375 0.6640625 0.780859375 0.66171875 0.794140625 0.65625 0.803515625 0.657421875 0.8078125 0.6609375 0.807421875 0.66953125 0.804296875 0.67890625 0.788671875
1 0.534375 0.899609375 0.534375 0.890234375 0.530859375 0.8859375 0.481640625 0.88359375 0.47109375 0.890234375 0.46875 0.897265625 0.470703125 0.91328125 0.5125 0.915234375 0.5296875 0.912109375 0.534375 0.899609375
3 0.8234375 0.673046875 0.85625 0.609765625 0.86796875 0.582421875 0.87421875 0.546484375 0.86875 0.503515625 0.8546875 0.477734375 0.84921875 0.445703125 0.839453125 0.4390625 0.835546875 0.44296875 0.831640625 0.43671875 0.808984375 0.42578125 0.801171875 0.41484375 0.786328125 0.40625 0.765234375 0.40859375 0.76015625 0.415234375 0.7640625 0.447265625 0.759375 0.480859375 0.76015625 0.507421875 0.76484375 0.522265625 0.775390625 0.525 0.7796875 0.531640625 0.780859375 0.57578125 0.787109375 0.540625 0.7921875 0.541796875 0.79375 0.559765625 0.79296875 0.573828125 0.78125 0.594140625 0.7734375 0.621484375 0.7625 0.642578125 0.7625 0.666015625 0.75625 0.682421875 0.7578125 0.697265625 0.766015625 0.70625 0.784375 0.717578125 0.78359375 0.728515625 0.78046875 0.729296875 0.7703125 0.749609375 0.7734375 0.751171875 0.79375 0.710546875 0.8234375 0.673046875
3 0.896875 0.372265625 0.87421875 0.329296875 0.8609375 0.316796875 0.83828125 0.281640625 0.788671875 0.228125 0.753515625 0.21640625 0.707421875 0.1890625 0.697265625 0.18828125 0.690625 0.194140625 0.690625 0.208203125 0.69921875 0.223828125 0.6984375 0.228515625 0.717578125 0.23671875 0.72421875 0.242578125 0.74140625 0.271484375 0.75078125 0.296484375 0.77578125 0.321484375 0.792578125 0.3453125 0.799609375 0.35 0.835546875 0.359375 0.846484375 0.365625 0.871484375 0.3703125 0.894140625 0.384375 0.8984375 0.383984375 0.9 0.380859375 0.896875 0.372265625
3 0.695703125 0.25546875 0.70703125 0.247265625 0.70703125 0.243359375 0.70234375 0.241796875 0.69765625 0.232421875 0.7 0.226953125 0.68828125 0.197265625 0.666796875 0.171875 0.647265625 0.159375 0.628515625 0.15390625 0.602734375 0.140625 0.587890625 0.14140625 0.584375 0.145703125 0.584375 0.155859375 0.5875 0.160546875 0.6078125 0.170703125 0.61953125 0.196484375 0.63515625 0.210546875 0.640234375 0.221875 0.643359375 0.22421875 0.64765625 0.221484375 0.66015625 0.248046875 0.67890625 0.259765625 0.684375 0.280078125 0.690625 0.287109375 0.6859375 0.258203125 0.695703125 0.25546875
3 0.58515625 0.161328125 0.58203125 0.150390625 0.584375 0.137109375 0.576953125 0.12890625 0.536328125 0.11015625 0.498828125 0.10078125 0.408203125 0.096875 0.345703125 0.11015625 0.33125 0.118359375 0.349609375 0.121875 0.362890625 0.11796875 0.416015625 0.11640625 0.422265625 0.11953125 0.434765625 0.11796875 0.455859375 0.12109375 0.496484375 0.13671875 0.512890625 0.1390625 0.525390625 0.15 0.548046875 0.16171875 0.561328125 0.16640625 0.57734375 0.166796875 0.583984375 0.16484375 0.58515625 0.161328125
1 0.4734375 0.157421875 0.441796875 0.15703125 0.43671875 0.162109375 0.4359375 0.169140625 0.44453125 0.172265625 0.471484375 0.16796875 0.4734375 0.157421875
1 0.3953125 0.170703125 0.3953125 0.164453125 0.388671875 0.1609375 0.373046875 0.165625 0.3671875 0.173828125 0.36953125 0.178515625 0.391796875 0.17421875 0.3953125 0.170703125
1 0.3390625 0.189453125 0.337890625 0.18515625 0.330078125 0.1859375 0.3171875 0.195703125 0.31484375 0.205078125 0.31875 0.205859375 0.33359375 0.199609375 0.3390625 0.189453125
3 0.23203125 0.733203125 0.21953125 0.718359375 0.21875 0.694140625 0.20390625 0.679296875 0.20234375 0.652734375 0.19296875 0.639453125 0.19140625 0.626953125 0.18828125 0.623828125 0.18828125 0.579296875 0.19296875 0.558984375 0.18671875 0.545703125 0.18671875 0.522265625 0.20390625 0.487109375 0.21328125 0.444921875 0.21171875 0.426953125 0.2140625 0.417578125 0.2328125 0.389453125 0.23203125 0.385546875 0.225 0.381640625 0.22421875 0.376953125 0.23671875 0.361328125 0.25234375 0.331640625 0.25625 0.307421875 0.26875 0.287109375 0.28515625 0.247265625 0.31328125 0.205859375 0.315625 0.196484375 0.3421875 0.170703125 0.34140625 0.164453125 0.33671875 0.161328125 0.33828125 0.157421875 0.331640625 0.15390625 0.306640625 0.16328125 0.24921875 0.212890625 0.20703125 0.269140625 0.20078125 0.283203125 0.1765625 0.316015625 0.15859375 0.357421875 0.14453125 0.408203125 0.1421875 0.432421875 0.12421875 0.499609375 0.121875 0.521484375 0.109375 0.557421875 0.109375 0.599609375 0.13125 0.654296875 0.13828125 0.658984375 0.13984375 0.679296875 0.1515625 0.701953125 0.17578125 0.733203125 0.186328125 0.7421875 0.200390625 0.74921875 0.21796875 0.750390625 0.22421875 0.748046875 0.23203125 0.733203125
1 0.2046875 0.274609375 0.204296875 0.26796875 0.190234375 0.27421875 0.18046875 0.283984375 0.171875 0.294921875 0.16875 0.301953125 0.1703125 0.305859375 0.1921875 0.292578125 0.2046875 0.274609375
1 0.12890625 0.658984375 0.118359375 0.64921875 0.109765625 0.64765625 0.109375 0.657421875 0.11640625 0.673046875 0.141796875 0.7 0.146875 0.700390625 0.1484375 0.698828125 0.12890625 0.658984375
1 0.43984375 0.144921875 0.437109375 0.1421875 0.424609375 0.1421875 0.41328125 0.148828125 0.416015625 0.153125 0.425 0.152734375 0.439453125 0.15 0.43984375 0.144921875
1 0.38125 0.147265625 0.376171875 0.1453125 0.366796875 0.14765625 0.359375 0.157421875 0.36640625 0.158984375 0.377734375 0.15625 0.38125 0.147265625