1 0.573828125 0.71953125 0.57890625 0.713671875 0.58671875 0.693359375 0.59140625 0.605078125 0.596875 0.578515625 0.59296875 0.426953125 0.5875 0.406640625 0.58984375 0.399609375 0.57578125 0.376171875 0.561328125 0.36796875 0.505078125 0.36328125 0.419921875 0.365625 0.41328125 0.370703125 0.4078125 0.388671875 0.403125 0.475390625 0.40390625 0.550390625 0.409375 0.601953125 0.40625 0.635546875 0.4078125 0.680859375 0.41328125 0.710546875 0.423046875 0.7171875 0.451171875 0.72265625 0.5125 0.726171875 0.556640625 0.7234375 0.573828125 0.71953125
1 0.31875 0.450390625 0.32734375 0.443359375 0.314453125 0.428125 0.305078125 0.42421875 0.298046875 0.41640625 0.275390625 0.41796875 0.259765625 0.43046875 0.24609375 0.447265625 0.2484375 0.450390625 0.2484375 0.468359375 0.2421875 0.505859375 0.2453125 0.527734375 0.251171875 0.534375 0.262109375 0.53046875 0.285546875 0.53125 0.298828125 0.5328125 0.3140625 0.539453125 0.31875 0.531640625 0.31875 0.450390625
1 0.396875 0.833203125 0.3890625 0.817578125 0.38046875 0.808203125 0.38515625 0.804296875 0.380078125 0.8 0.325390625 0.778125 0.29375 0.774609375 0.29296875 0.776953125 0.30390625 0.785546875 0.3140625 0.809765625 0.326171875 0.825 0.361328125 0.83671875 0.39375 0.843359375 0.396875 0.840234375 0.396875 0.833203125
1 0.20078125 0.497265625 0.203125 0.482421875 0.196484375 0.47109375 0.173046875 0.4734375 0.165625 0.486328125 0.1640625 0.534765625 0.16640625 0.550390625 0.168359375 0.553125 0.184765625 0.55390625 0.2046875 0.560546875 0.20703125 0.552734375 0.20078125 0.497265625
1 0.1875 0.619140625 0.173828125 0.6 0.157421875 0.5953125 0.15390625 0.600390625 0.15546875 0.622265625 0.1625 0.655078125 0.176171875 0.6703125 0.19765625 0.678515625 0.19921875 0.674609375 0.1875 0.619140625
1 0.23671875 0.318359375 0.240625 0.296484375 0.24765625 0.286328125 0.244921875 0.28125 0.219140625 0.29140625 0.209375 0.299609375 0.18984375 0.344921875 0.18671875 0.356640625 0.18671875 0.362109375 0.18984375 0.363671875 0.225 0.348828125 0.23671875 0.318359375
1 0.41015625 0.237109375 0.4125 0.217578125 0.404296875 0.2109375 0.397265625 0.21171875 0.393359375 0.2171875 0.38984375 0.216015625 0.389453125 0.21171875 0.384765625 0.21171875 0.353515625 0.21953125 0.33671875 0.235546875 0.32421875 0.254296875 0.31953125 0.269921875 0.3265625 0.273046875 0.388671875 0.26015625 0.41015625 0.237109375
1 0.509765625 0.2796875 0.517578125 0.28203125 0.521875 0.266796875 0.51484375 0.235546875 0.52421875 0.231640625 0.493359375 0.21875 0.466015625 0.21953125 0.453515625 0.2234375 0.44375 0.234765625 0.43515625 0.255078125 0.428125 0.263671875 0.42890625 0.278515625 0.432421875 0.2828125 0.43671875 0.282421875 0.451171875 0.2796875 0.509765625 0.2796875
1 0.5046875 0.168359375 0.503125 0.156640625 0.487890625 0.14921875 0.455859375 0.1515625 0.444140625 0.1578125 0.440625 0.164453125 0.43984375 0.174609375 0.44609375 0.176953125 0.501171875 0.1734375 0.5046875 0.168359375
1 0.50234375 0.141796875 0.496484375 0.13359375 0.490234375 0.13046875 0.461328125 0.13125 0.451171875 0.1359375 0.44765625 0.141796875 0.449609375 0.15 0.4578125 0.151171875 0.498828125 0.14921875 0.50234375 0.141796875
1 0.403125 0.133203125 0.397265625 0.128125 0.374609375 0.1328125 0.359375 0.143359375 0.35703125 0.149609375 0.3625 0.150390625 0.395703125 0.14296875 0.403125 0.133203125
1 0.394140625 0.91015625 0.346484375 0.8953125 0.33671875 0.894921875 0.3453125 0.907421875 0.353515625 0.9125 0.384765625 0.92109375 0.4 0.922265625 0.40078125 0.919140625 0.394140625 0.91015625
1 0.262890625 0.8453125 0.2390625 0.835546875 0.246875 0.848828125 0.260546875 0.8625 0.2984375 0.879296875 0.283984375 0.859375 0.262890625 0.8453125
1 0.12578125 0.467578125 0.1328125 0.416015625 0.130859375 0.4015625 0.11875 0.408984375 0.11015625 0.431640625 0.10703125 0.473046875 0.110546875 0.47734375 0.115625 0.476953125 0.121484375 0.475 0.12578125 0.467578125
1 0.11484375 0.520703125 0.1109375 0.500390625 0.103515625 0.4984375 0.09921875 0.503515625 0.09765625 0.539453125 0.1015625 0.563671875 0.1078125 0.564453125 0.11640625 0.561328125 0.11484375 0.520703125
1 0.11953125 0.571484375 0.114453125 0.5640625 0.108203125 0.56328125 0.10546875 0.565234375 0.10625 0.589453125 0.1109375 0.613671875 0.11640625 0.626171875 0.126171875 0.6375 0.13046875 0.638671875 0.1328125 0.630859375 0.11953125 0.571484375
1 0.121875 0.632421875 0.112109375 0.62578125 0.11171875 0.643359375 0.12265625 0.678515625 0.1421875 0.694140625 0.12734375 0.643359375 0.121875 0.632421875
1 0.1390625 0.694140625 0.125390625 0.68203125 0.12578125 0.695703125 0.13515625 0.721484375 0.153515625 0.73984375 0.15703125 0.739453125 0.15703125 0.733984375 0.1390625 0.694140625
1 0.08359375 0.517578125 0.0828125 0.486328125 0.08125 0.478515625 0.074609375 0.47578125 0.06953125 0.486328125 0.06796875 0.513671875 0.07109375 0.530078125 0.07890625 0.532421875 0.08203125 0.529296875 0.08359375 0.517578125
1 0.12421875 0.354296875 0.123046875 0.3453125 0.116015625 0.346875 0.1078125 0.360546875 0.10078125 0.395703125 0.1015625 0.400390625 0.1046875 0.400390625 0.11484375 0.388671875 0.12421875 0.354296875
1 0.11640625 0.347265625 0.12578125 0.323046875 0.125390625 0.31484375 0.11953125 0.319140625 0.109375 0.335546875 0.10234375 0.355859375 0.103125 0.361328125 0.11328125 0.353515625 0.11640625 0.347265625
2 0.6875 0.812890625 0.69140625 0.801171875 0.689453125 0.79765625 0.681640625 0.796875 0.670703125 0.80625 0.660546875 0.8078125 0.65546875 0.812109375 0.6546875 0.823828125 0.65859375 0.835546875 0.6640625 0.836328125 0.675390625 0.82890625 0.6875 0.812890625
2 0.72890625 0.657421875 0.73515625 0.655859375 0.73671875 0.633984375 0.740625 0.628515625 0.75 0.592578125 0.737890625 0.5765625 0.73203125 0.577734375 0.71875 0.611328125 0.7171875 0.620703125 0.7203125 0.627734375 0.70703125 0.657421875 0.708203125 0.6609375 0.71171875 0.660546875 0.726171875 0.6375 0.72890625 0.657421875
2 0.70546875 0.541015625 0.698828125 0.51171875 0.6921875 0.514453125 0.67890625 0.540234375 0.68125 0.581640625 0.6875 0.608203125 0.6921875 0.610546875 0.70703125 0.591796875 0.70546875 0.541015625
2 0.7703125 0.501171875 0.7703125 0.470703125 0.7671875 0.441796875 0.761328125 0.43671875 0.755078125 0.43671875 0.74921875 0.440234375 0.74609375 0.466015625 0.74765625 0.527734375 0.754296875 0.5328125 0.7625 0.533203125 0.765625 0.530859375 0.7703125 0.501171875
2 0.76015625 0.566796875 0.7625 0.544921875 0.76015625 0.538671875 0.748828125 0.52890625 0.73671875 0.544140625 0.7328125 0.576171875 0.75 0.590234375 0.75390625 0.587890625 0.76015625 0.566796875
2 0.803125 0.547265625 0.80234375 0.536328125 0.794140625 0.53046875 0.7859375 0.537109375 0.78203125 0.545703125 0.784375 0.566796875 0.78203125 0.605859375 0.7859375 0.608984375 0.7953125 0.583984375 0.803125 0.547265625
3 0.780859375 0.78046875 0.7953125 0.773046875 0.79453125 0.764453125 0.8046875 0.759765625 0.80859375 0.744921875 0.80390625 0.737890625 0.812109375 0.728125 0.8609375 0.706640625 0.847265625 0.70625 0.8453125 0.698046875 0.85703125 0.671484375 0.859375 0.651171875 0.86796875 0.630859375 0.8671875 0.618359375 0.87109375 0.598046875 0.87578125 0.593359375 0.87578125 0.572265625 0.879296875 0.5625 0.8875 0.562890625 0.88671875 0.584765625 0.890625 0.601953125 0.890625 0.608984375 0.8859375 0.616015625 0.88515625 0.655078125 0.890625 0.657421875 0.89375 0.671484375 0.902734375 0.671875 0.9125 0.682421875 0.909765625 0.68828125 0.901953125 0.68671875 0.898046875 0.69296875 0.89453125 0.693359375 0.8984375 0.701171875 0.89375 0.705859375 0.894921875 0.71875 0.903125 0.709765625 0.9078125 0.697265625 0.91484375 0.693359375 0.93046875 0.647265625 0.94296875 0.558203125 0.953125 0.516796875 0.95078125 0.455859375 0.94609375 0.433203125 0.93515625 0.407421875 0.925390625 0.4 0.916796875 0.39765625 0.9078125 0.388671875 0.90078125 0.361328125 0.87890625 0.322265625 0.875 0.310546875 0.8765625 0.305859375 0.87109375 0.303515625 0.86953125 0.293359375 0.86328125 0.286328125 0.8609375 0.275390625 0.84375 0.243359375 0.792578125 0.196875 0.78125 0.182421875 0.7609375 0.164453125 0.75859375 0.156640625 0.753125 0.156640625 0.7515625 0.151171875 0.757421875 0.146875 0.773046875 0.14765625 0.77578125 0.152734375 0.7734375 0.157421875 0.784765625 0.165625 0.788671875 0.1640625 0.79140625 0.172265625 0.798046875 0.17734375 0.812109375 0.184375 0.820703125 0.18125 0.804296875 0.15703125 0.796484375 0.15546875 0.787109375 0.14609375 0.780859375 0.14609375 0.78125 0.141796875 0.773046875 0.13203125 0.764453125 0.13046875 0.752734375 0.12109375 0.730078125 0.115625 0.722265625 0.121875 0.717578125 0.1140625 0.709765625 0.11484375 0.689453125 0.10703125 0.679296875 0.1 0.608203125 0.06953125 0.578515625 0.06171875 0.560546875 0.0625 0.5546875 0.070703125 0.5546875 0.082421875 0.562890625 0.090625 0.574609375 0.09453125 0.580859375 0.10390625 0.589453125 0.10859375 0.596484375 0.1234375 0.625390625 0.140625 0.6375 0.151171875 0.63984375 0.157421875 0.63359375 0.169921875 0.64140625 0.184765625 0.6875 0.226953125 0.69296875 0.235546875 0.69296875 0.247265625 0.69765625 0.255078125 0.706640625 0.26328125 0.717578125 0.2671875 0.7265625 0.276171875 0.7546875 0.330859375 0.75390625 0.340234375 0.7609375 0.353515625 0.7671875 0.381640625 0.7828125 0.417578125 0.78046875 0.512890625 0.787109375 0.51171875 0.7890625 0.514453125 0.780859375 0.51484375 0.7796875 0.521484375 0.784375 0.571484375 0.78203125 0.604296875 0.7828125 0.608203125 0.787890625 0.61015625 0.792578125 0.603125 0.79921875 0.600390625 0.800390625 0.584375 0.8015625 0.593359375 0.804296875 0.5984375 0.80859375 0.599609375 0.81015625 0.605078125 0.8125 0.634765625 0.8046875 0.655078125 0.796875 0.662890625 0.7984375 0.701953125 0.796484375 0.70546875 0.7828125 0.706640625 0.783203125 0.71015625 0.788671875 0.709375 0.79296875 0.713671875 0.78359375 0.722265625 0.7828125 0.749609375 0.76484375 0.780859375 0.7671875 0.789453125 0.7734375 0.791796875 0.78046875 0.784765625 0.780859375 0.78046875