1 0.497265625 0.73515625 0.537109375 0.7046875 0.576953125 0.6671875 0.592578125 0.665625 0.60078125 0.661328125 0.60859375 0.651171875 0.61484375 0.635546875 0.6296875 0.619140625 0.6359375 0.593359375 0.6375 0.527734375 0.634375 0.500390625 0.62734375 0.478515625 0.616796875 0.46875 0.598046875 0.46015625 0.533203125 0.440625 0.516015625 0.440625 0.491796875 0.45703125 0.37578125 0.576953125 0.3609375 0.607421875 0.3515625 0.643359375 0.34296875 0.658984375 0.3421875 0.683984375 0.3453125 0.706640625 0.354296875 0.71953125 0.375390625 0.7296875 0.385546875 0.73828125 0.410546875 0.74765625 0.457421875 0.7453125 0.463671875 0.75859375 0.47734375 0.761328125 0.48828125 0.755078125 0.497265625 0.73515625
1 0.79375 0.384765625 0.796875 0.376171875 0.80625 0.358203125 0.81328125 0.351171875 0.809375 0.318359375 0.8015625 0.301171875 0.792578125 0.2921875 0.771484375 0.27734375 0.744921875 0.26796875 0.7328125 0.278515625 0.7078125 0.317578125 0.70546875 0.348828125 0.71484375 0.366796875 0.732421875 0.38125 0.768359375 0.40078125 0.7859375 0.401953125 0.79453125 0.396484375 0.79375 0.384765625
1 0.677734375 0.8125 0.765625 0.715234375 0.7734375 0.701953125 0.80078125 0.631640625 0.776171875 0.6234375 0.757421875 0.6234375 0.737890625 0.62890625 0.6609375 0.719140625 0.614453125 0.76015625 0.607421875 0.771875 0.5625 0.808984375 0.55234375 0.830859375 0.564453125 0.8359375 0.58984375 0.838671875 0.641015625 0.83203125 0.677734375 0.8125
1 0.8796875 0.363671875 0.86875 0.337890625 0.851171875 0.3203125 0.84140625 0.349609375 0.8421875 0.401953125 0.846875 0.417578125 0.853125 0.426953125 0.869140625 0.44296875 0.87890625 0.444921875 0.88359375 0.402734375 0.8796875 0.363671875
1 0.382421875 0.3421875 0.392578125 0.33828125 0.416796875 0.3078125 0.477734375 0.2734375 0.498046875 0.2703125 0.506640625 0.27421875 0.519140625 0.27109375 0.5375 0.242578125 0.53828125 0.222265625 0.527734375 0.215625 0.497265625 0.2078125 0.465234375 0.20703125 0.423828125 0.21328125 0.384765625 0.22734375 0.349609375 0.25546875 0.341796875 0.25546875 0.33828125 0.266015625 0.30625 0.294921875 0.29296875 0.318359375 0.2921875 0.333984375 0.298828125 0.34140625 0.34609375 0.345703125 0.358984375 0.3421875 0.382421875 0.3421875
1 0.165625 0.572265625 0.1875 0.532421875 0.196484375 0.5234375 0.200390625 0.521875 0.204296875 0.5265625 0.20859375 0.521484375 0.2125 0.495703125 0.221875 0.473828125 0.221875 0.383984375 0.206640625 0.3765625 0.196484375 0.37734375 0.18828125 0.385546875 0.15546875 0.432421875 0.14921875 0.435546875 0.13203125 0.484765625 0.12578125 0.519140625 0.1265625 0.556640625 0.13515625 0.575390625 0.1484375 0.590234375 0.16171875 0.592578125 0.165625 0.585546875 0.165625 0.572265625
2 0.296875 0.466796875 0.2953125 0.458984375 0.2828125 0.450390625 0.2828125 0.443359375 0.2890625 0.430859375 0.27578125 0.417578125 0.2796875 0.401171875 0.273828125 0.3984375 0.26875 0.404296875 0.26640625 0.416796875 0.262109375 0.41796875 0.2578125 0.425390625 0.25546875 0.458984375 0.262890625 0.475 0.274609375 0.46953125 0.284375 0.469921875 0.28125 0.498046875 0.28828125 0.498828125 0.2953125 0.491796875 0.296875 0.466796875
1 0.2765625 0.498046875 0.278125 0.481640625 0.2828125 0.476953125 0.282421875 0.4734375 0.278125 0.475390625 0.278515625 0.47109375 0.259765625 0.4734375 0.252734375 0.4828125 0.247265625 0.48203125 0.24453125 0.484765625 0.24765625 0.490234375 0.246875 0.521484375 0.25625 0.529296875 0.2609375 0.526171875 0.2765625 0.498046875
2 0.11875 0.471484375 0.113671875 0.459375 0.109375 0.464453125 0.10703125 0.489453125 0.11015625 0.526171875 0.1125 0.533984375 0.11484375 0.533984375 0.11796875 0.526171875 0.11875 0.471484375
2 0.142578125 0.42265625 0.1375 0.427734375 0.134375 0.448828125 0.13359375 0.466796875 0.1375 0.467578125 0.14453125 0.447265625 0.142578125 0.42265625
1 0.196875 0.355078125 0.183984375 0.35234375 0.178515625 0.35703125 0.176953125 0.3453125 0.17265625 0.351171875 0.1703125 0.366796875 0.1640625 0.380859375 0.169140625 0.38125 0.173046875 0.37578125 0.18515625 0.387109375 0.19140625 0.380078125 0.196875 0.355078125
1 0.23125 0.321484375 0.23828125 0.309765625 0.241796875 0.2921875 0.220703125 0.29765625 0.210546875 0.2953125 0.20234375 0.301953125 0.1890625 0.319921875 0.18828125 0.326171875 0.20703125 0.328515625 0.223828125 0.328125 0.23125 0.321484375
1 0.4734375 0.133984375 0.466015625 0.13203125 0.426171875 0.1375 0.405859375 0.14375 0.3953125 0.152734375 0.396484375 0.15625 0.43828125 0.155859375 0.466015625 0.15546875 0.4734375 0.133984375
1 0.56953125 0.151953125 0.562890625 0.14375 0.531640625 0.134375 0.500390625 0.13046875 0.485546875 0.1328125 0.47890625 0.144140625 0.4796875 0.155078125 0.501171875 0.16171875 0.5125 0.161328125 0.560546875 0.1578125 0.56953125 0.151953125
3 0.48125 0.168359375 0.4796875 0.143359375 0.484375 0.133984375 0.491796875 0.1296875 0.510546875 0.1296875 0.523046875 0.12578125 0.53203125 0.117578125 0.53359375 0.111328125 0.523828125 0.10078125 0.476171875 0.09453125 0.465234375 0.09765625 0.44921875 0.110546875 0.44765625 0.117578125 0.450390625 0.1203125 0.463671875 0.121875 0.47421875 0.130859375 0.4671875 0.149609375 0.46484375 0.176953125 0.475 0.178515625 0.47890625 0.176171875 0.48125 0.168359375
2 0.45703125 0.187109375 0.46015625 0.172265625 0.456640625 0.1671875 0.450390625 0.165625 0.43828125 0.173046875 0.43984375 0.185546875 0.43515625 0.189453125 0.43125 0.201171875 0.435546875 0.20390625 0.443359375 0.19453125 0.447265625 0.19453125 0.45703125 0.206640625 0.459375 0.205859375 0.45703125 0.187109375
1 0.422265625 0.19296875 0.431640625 0.19140625 0.434375 0.188671875 0.43203125 0.180859375 0.4265625 0.176953125 0.434375 0.172265625 0.4328125 0.160546875 0.427734375 0.15625 0.405078125 0.15703125 0.394921875 0.17265625 0.380078125 0.1765625 0.3734375 0.181640625 0.3703125 0.193359375 0.378125 0.194921875 0.416015625 0.1875 0.422265625 0.19296875
1 0.82421875 0.259765625 0.809765625 0.24296875 0.794921875 0.23203125 0.786328125 0.23046875 0.78046875 0.241796875 0.78046875 0.255859375 0.792578125 0.27109375 0.812109375 0.2875 0.825 0.294140625 0.8265625 0.268359375 0.82421875 0.259765625
1 0.87890625 0.310546875 0.87265625 0.300390625 0.858984375 0.2890625 0.85625 0.298046875 0.86171875 0.323828125 0.87578125 0.346484375 0.884375 0.352734375 0.88515625 0.332421875 0.87890625 0.310546875