1 0.475390625 0.75 0.4796875 0.741796875 0.47890625 0.717578125 0.47109375 0.691015625 0.4578125 0.666015625 0.440234375 0.6453125 0.352734375 0.5625 0.342578125 0.55625 0.319921875 0.55546875 0.285546875 0.56171875 0.269921875 0.56875 0.253125 0.583984375 0.25625 0.616796875 0.2625 0.631640625 0.271875 0.643359375 0.27734375 0.662109375 0.284765625 0.671875 0.302734375 0.6796875 0.3390625 0.716015625 0.353515625 0.740625 0.368359375 0.74375 0.388671875 0.7546875 0.43046875 0.755078125 0.467578125 0.753125 0.475390625 0.75
1 0.599609375 0.890625 0.61328125 0.875390625 0.62265625 0.854296875 0.63203125 0.847265625 0.62734375 0.839453125 0.620703125 0.8359375 0.606640625 0.8359375 0.553515625 0.8421875 0.531640625 0.84765625 0.515234375 0.85859375 0.51953125 0.866796875 0.51171875 0.896484375 0.517578125 0.90078125 0.54609375 0.900390625 0.576953125 0.896875 0.599609375 0.890625
1 0.759375 0.514453125 0.76015625 0.487109375 0.74765625 0.441015625 0.7515625 0.427734375 0.733984375 0.415625 0.719140625 0.4109375 0.694140625 0.40546875 0.670703125 0.409375 0.6671875 0.413671875 0.66796875 0.448046875 0.67890625 0.474609375 0.68515625 0.523046875 0.689453125 0.52734375 0.7359375 0.530859375 0.752734375 0.52890625 0.759375 0.514453125
1 0.423828125 0.3875 0.462109375 0.378125 0.483203125 0.3765625 0.493359375 0.37890625 0.501171875 0.37421875 0.5078125 0.365234375 0.50625 0.342578125 0.49765625 0.328515625 0.4796875 0.309765625 0.478125 0.305859375 0.4828125 0.301953125 0.48203125 0.298828125 0.471484375 0.29765625 0.456640625 0.28125 0.426953125 0.2640625 0.404296875 0.26171875 0.369921875 0.2703125 0.35234375 0.286328125 0.34453125 0.304296875 0.3390625 0.332421875 0.34140625 0.343359375 0.357421875 0.3453125 0.373828125 0.3609375 0.37890625 0.367578125 0.3828125 0.388671875 0.39140625 0.391796875 0.401171875 0.38671875 0.423828125 0.3875
1 0.1625 0.386328125 0.1765625 0.373046875 0.1875 0.338671875 0.184765625 0.334375 0.162890625 0.34375 0.14765625 0.359765625 0.128125 0.401171875 0.1265625 0.419921875 0.128515625 0.42265625 0.134375 0.422265625 0.14609375 0.414453125 0.1625 0.386328125
1 0.2015625 0.726953125 0.18515625 0.661328125 0.1703125 0.630859375 0.149609375 0.61796875 0.14609375 0.623046875 0.1484375 0.670703125 0.1609375 0.708984375 0.180859375 0.734375 0.198828125 0.74609375 0.20546875 0.747265625 0.20859375 0.743359375 0.2015625 0.726953125
1 0.694140625 0.2734375 0.664453125 0.25625 0.625 0.256640625 0.62890625 0.277734375 0.6375 0.289453125 0.648046875 0.31328125 0.7109375 0.330078125 0.7109375 0.314453125 0.694140625 0.2734375
1 0.27734375 0.250390625 0.2796875 0.239453125 0.277734375 0.2359375 0.254296875 0.24296875 0.234375 0.263671875 0.22109375 0.294140625 0.22109375 0.299609375 0.225 0.300390625 0.26015625 0.281640625 0.27734375 0.250390625
1 0.39609375 0.187109375 0.39296875 0.177734375 0.377734375 0.17734375 0.359765625 0.18359375 0.34453125 0.198828125 0.3375 0.211328125 0.3359375 0.219921875 0.340625 0.220703125 0.383984375 0.20859375 0.39609375 0.187109375
1 0.33046875 0.190234375 0.33359375 0.180078125 0.330078125 0.17734375 0.323828125 0.178125 0.306640625 0.18671875 0.29453125 0.196484375 0.2859375 0.211328125 0.2875 0.215234375 0.322265625 0.20078125 0.33046875 0.190234375
3 0.84765625 0.746484375 0.8671875 0.724609375 0.875 0.710546875 0.8859375 0.674609375 0.883203125 0.665625 0.878515625 0.66875 0.874609375 0.66328125 0.86328125 0.674609375 0.8359375 0.721484375 0.815625 0.768359375 0.828125 0.773828125 0.84375 0.756640625 0.84765625 0.746484375
3 0.875 0.753515625 0.88125 0.730859375 0.880078125 0.725 0.862890625 0.73359375 0.823828125 0.778125 0.8234375 0.772265625 0.81875 0.769921875 0.8078125 0.787890625 0.79609375 0.816796875 0.796875 0.820703125 0.831640625 0.7953125 0.875 0.753515625
3 0.2125 0.263671875 0.204296875 0.26171875 0.200390625 0.25546875 0.192578125 0.26953125 0.184375 0.269921875 0.15703125 0.312109375 0.1546875 0.326171875 0.157421875 0.32890625 0.166015625 0.32890625 0.16875 0.332421875 0.20078125 0.286328125 0.2125 0.263671875
3 0.253515625 0.20859375 0.236328125 0.2125 0.223828125 0.22109375 0.20546875 0.240234375 0.196875 0.259765625 0.192578125 0.25703125 0.184375 0.266796875 0.183203125 0.27578125 0.197265625 0.26953125 0.1984375 0.276171875 0.203125 0.276953125 0.2515625 0.216015625 0.253515625 0.20859375
3 0.255078125 0.21171875 0.31171875 0.156640625 0.301953125 0.153125 0.272265625 0.17109375 0.252734375 0.18984375 0.248046875 0.1890625 0.23359375 0.201171875 0.225 0.213671875 0.22421875 0.218359375 0.2296875 0.218359375 0.239453125 0.2125 0.255078125 0.21171875
3 0.125 0.317578125 0.13515625 0.280078125 0.133203125 0.2703125 0.121875 0.281640625 0.09140625 0.337109375 0.0859375 0.361328125 0.0984375 0.362109375 0.11640625 0.337109375 0.125 0.317578125
3 0.09921875 0.621484375 0.086328125 0.61015625 0.0875 0.626953125 0.1 0.667578125 0.11328125 0.690234375 0.12265625 0.696484375 0.1234375 0.682421875 0.09921875 0.621484375
3 0.134375 0.734765625 0.13125 0.718359375 0.1234375 0.704296875 0.11796875 0.701953125 0.1046875 0.677734375 0.094140625 0.66875 0.08984375 0.675390625 0.09765625 0.701953125 0.12265625 0.737890625 0.126171875 0.734375 0.134375 0.734765625
3 0.133203125 0.7328125 0.122265625 0.7328125 0.1203125 0.737890625 0.125 0.753515625 0.15 0.776953125 0.1375 0.737109375 0.133203125 0.7328125
1 0.526171875 0.1375 0.497265625 0.13515625 0.4859375 0.137890625 0.4859375 0.147265625 0.490234375 0.1515625 0.52890625 0.151953125 0.53125 0.141796875 0.526171875 0.1375
1 0.60078125 0.166015625 0.586328125 0.15390625 0.560546875 0.14921875 0.54921875 0.152734375 0.54921875 0.161328125 0.555078125 0.16953125 0.60234375 0.176171875 0.60390625 0.172265625 0.60078125 0.166015625
1 0.42109375 0.149609375 0.41953125 0.144140625 0.412109375 0.1421875 0.393359375 0.14609375 0.3796875 0.158203125 0.3765625 0.166015625 0.38203125 0.166796875 0.416015625 0.159375 0.42109375 0.149609375
1 0.3640625 0.158203125 0.36484375 0.151171875 0.359765625 0.14921875 0.342578125 0.1546875 0.33046875 0.163671875 0.325 0.173046875 0.3265625 0.174609375 0.356640625 0.165625 0.3640625 0.158203125
1 0.3515625 0.140234375 0.344921875 0.1390625 0.327734375 0.14609375 0.31875 0.155859375 0.325 0.157421875 0.343359375 0.15078125 0.3515625 0.140234375
1 0.428125 0.133203125 0.422265625 0.128125 0.405078125 0.13125 0.39453125 0.140234375 0.396875 0.145703125 0.419921875 0.14296875 0.428125 0.133203125
1 0.3984375 0.132421875 0.3984375 0.127734375 0.393359375 0.1234375 0.373046875 0.1265625 0.36171875 0.136328125 0.362890625 0.140625 0.37265625 0.140234375 0.394921875 0.13515625 0.3984375 0.132421875
3 0.15390625 0.273828125 0.17109375 0.257421875 0.19375 0.226953125 0.19609375 0.219921875 0.194140625 0.2171875 0.184375 0.219140625 0.1375 0.275390625 0.13984375 0.294140625 0.1421875 0.294921875 0.15 0.286328125 0.15390625 0.273828125
3 0.274609375 0.15546875 0.3125 0.125390625 0.304296875 0.125 0.274609375 0.1375 0.236328125 0.1625 0.234375 0.169140625 0.224609375 0.17265625 0.219921875 0.18203125 0.21015625 0.185546875 0.20703125 0.193359375 0.212109375 0.19140625 0.2125 0.194921875 0.20625 0.198828125 0.20859375 0.206640625 0.248828125 0.165625 0.274609375 0.15546875
3 0.648828125 0.14296875 0.631640625 0.12578125 0.623828125 0.1234375 0.62109375 0.125390625 0.62734375 0.133203125 0.623828125 0.1375 0.61875 0.126171875 0.608203125 0.1140625 0.573828125 0.09765625 0.568359375 0.1 0.563671875 0.09140625 0.547265625 0.08828125 0.5296875 0.090234375 0.550390625 0.09921875 0.578515625 0.11875 0.609765625 0.134375 0.623828125 0.15234375 0.68828125 0.169921875 0.686328125 0.1640625 0.648828125 0.14296875
3 0.7609375 0.268359375 0.7421875 0.232421875 0.7328125 0.224609375 0.72421875 0.200390625 0.687109375 0.18125 0.658984375 0.1734375 0.6578125 0.178515625 0.66953125 0.187890625 0.7125 0.235546875 0.7203125 0.254296875 0.73515625 0.267578125 0.765625 0.310546875 0.7671875 0.301953125 0.7609375 0.268359375
3 0.921875 0.325390625 0.90625 0.289453125 0.893359375 0.27421875 0.888671875 0.27265625 0.9046875 0.317578125 0.91328125 0.358984375 0.92890625 0.404296875 0.92890625 0.416015625 0.93203125 0.423046875 0.9453125 0.432421875 0.940625 0.391015625 0.921875 0.325390625