1 0.43706688389830506 0.4566755788135593 0.43783585593220337 0.4346551033898305 0.43331614830508475 0.4183857618644068 0.4287077135593221 0.40465724491525423 0.4200958 0.39630075508474577 0.3958006822033898 0.38782058305084743 0.33551996525423733 0.38995540508474574 0.3235444822033898 0.3929291093220339 0.3166506483050847 0.39608026779661015 0.30034635169491525 0.41374235423728817 0.29107839067796615 0.43631401271186443 0.2869512288135593 0.4573692440677966 0.2765809008474576 0.46294292372881357 0.27713208389830507 0.4714419135593221 0.2853648915254237 0.4785132025423729 0.2772288711864407 0.5172358991525423 0.27863505508474573 0.5740992754237288 0.28969906610169494 0.5850853161016949 0.31151251101694916 0.5917828779661017 0.35873419745762714 0.5993677152542373 0.39386747627118646 0.6010185830508474 0.4249139279661017 0.5982868652542374 0.43148780677966103 0.5921566237288136 0.43697545762711865 0.5321420889830509 0.43106838389830504 0.48275330677966105 0.4351310152542373 0.4756873966101695 0.4521289940677966 0.4745850305084746 0.4529813144067797 0.4623191686440678 0.43706688389830506 0.4566755788135593
1 0.6718014237288136 0.23040782627118644 0.6563494474576271 0.23580405084745765 0.6548572169491526 0.24211174745762712 0.6679646415254237 0.2552890813559322 0.6655313627118644 0.27640346440677965 0.6691745525423729 0.29349017118644066 0.6869791389830509 0.31785519830508474 0.6947683084745763 0.33763060847457627 0.7189209254237288 0.3380500491525424 0.743216043220339 0.34653022118644067 0.7635076813559323 0.36038242033898304 0.7669545983050847 0.3588068415254237 0.7673095084745762 0.34864354491525423 0.7600527042372882 0.31362318983050846 0.7492011042372881 0.2844131211864407 0.7314852449152542 0.25750726949152547 0.7212386000000001 0.2473977457627119 0.6878045822033899 0.23351059152542375 0.6718014237288136 0.23040782627118644
1 0.8180479864406779 0.5954799127118644 0.8098339966101695 0.6121525576271186 0.7996680016949153 0.6847233330508474 0.7911286779661016 0.7107123330508475 0.7952746576271186 0.713401036440678 0.8309107262711865 0.7006539016949153 0.8540497050847458 0.6815345389830508 0.8636134254237289 0.6504934661016949 0.8670711 0.6243270110169491 0.8690123483050848 0.5930197559322035 0.865777840677966 0.5763713076271186 0.8351992237288135 0.5778474016949152 0.8180479864406779 0.5954799127118644
1 0.34217983728813556 0.7213218940677967 0.3260637542372881 0.709311456779661 0.3043390372881356 0.7000730711864407 0.259835629661017 0.687495313559322 0.2403855542372881 0.6859681271186441 0.2318516093220339 0.6996616898305085 0.23490328305084746 0.7336872237288136 0.22964417966101697 0.7385914169491525 0.2401812033898305 0.7525269652542372 0.2508849254237288 0.785971740677966 0.2612149186440678 0.8058358788135593 0.28813420847457627 0.8241593915254237 0.3174222466101695 0.835357843220339 0.3543919093220339 0.8451285940677966 0.3776975847457627 0.8455184593220338 0.3820505949152542 0.842278572881356 0.38228720169491526 0.8355030415254238 0.37354354576271187 0.7944949449152543 0.3817225805084746 0.7909646796610169 0.3831852355932203 0.7855039245762712 0.3666013177966102 0.7747491110169491 0.3613529728813559 0.7550624279661017 0.34217983728813556 0.7213218940677967
1 0.2423913686440678 0.37355968305084747 0.2485243084745763 0.30720787627118645 0.21087440169491525 0.3169167771186441 0.2026362161016949 0.3221409254237288 0.199011843220339 0.3287981525423729 0.16857840677966102 0.39896522627118647 0.16991737966101694 0.40918767372881354 0.16169263220338984 0.45045119491525426 0.16074620508474577 0.4775533186440678 0.16313915 0.4818767533898305 0.17137733644067796 0.4766526050847457 0.18072326694915256 0.4761309983050847 0.20951927372881357 0.47713657627118644 0.21445304322033898 0.4815487389830509 0.21845652203389831 0.47617671101694914 0.23329010338983053 0.41564056949152545 0.23493559322033897 0.3928027279661017 0.2423913686440678 0.37355968305084747
1 0.1283204652542373 0.3619444711864407 0.11437415847457628 0.3970723720338983 0.10802074915254237 0.43331339576271183 0.11251625932203389 0.43813424067796614 0.1205769906779661 0.4379917406779661 0.14330190762711864 0.4307295576271186 0.15014196949152542 0.41697684322033896 0.17479469576271187 0.34236803305084745 0.17442096779661018 0.32878739491525427 0.16411517118644067 0.32037175338983054 0.15564575677966103 0.32007599491525424 0.14550665762711865 0.3311695813559322 0.1283204652542373 0.3619444711864407
1 0.15897975 0.309592743220339 0.16654307033898305 0.3115528084745763 0.18590979830508475 0.3033253805084746 0.1907602186440678 0.29798292881355937 0.20748395593220337 0.2561682254237288 0.21228598305084745 0.22792878050847457 0.20200438305084745 0.23096163559322036 0.18333671779661015 0.24345334661016949 0.15764077711864408 0.29937029491525424 0.15897975 0.309592743220339
1 0.28533535169491525 0.21224827542372882 0.29205173050847455 0.2141787652542373 0.35324391949152545 0.19808419830508475 0.3737533474576271 0.18141693220338984 0.3872264398305085 0.15984009406779662 0.3874630466101695 0.15306456271186442 0.355599229661017 0.15491976355932202 0.3272952533898305 0.16410705762711866 0.3007389330508475 0.18395505762711864 0.28533535169491525 0.21224827542372882
1 0.6055222245762711 0.12506444152542373 0.5927643313559322 0.11401924830508474 0.5514120830508474 0.10833532542372881 0.5414800144067796 0.11350032203389832 0.5421199245762711 0.1194584872881356 0.5490379559322034 0.1277558254237288 0.6093724457627119 0.13622255847457626 0.6055222245762711 0.12506444152542373
1 0.6282820966101695 0.10465987881355931 0.6146476864406779 0.09443205169491525 0.5986741033898305 0.09048234491525424 0.5863490898305085 0.09132390762711864 0.5861420584745763 0.09725249661016949 0.593178393220339 0.10216206949152543 0.6281342177966102 0.10889458559322034 0.6282820966101695 0.10465987881355931
1 0.5452926 0.07717057033898304 0.5374389 0.07138448050847458 0.517112306779661 0.07067466016949153 0.507209813559322 0.07499271610169492 0.5070915101694915 0.0783804813559322 0.5133400550847458 0.08156659491525424 0.5433916864406779 0.08304000847457628 0.5452926 0.07717057033898304
1 0.7112042745762712 0.886843866101695 0.7106181372881356 0.8914872559322035 0.7169849855932203 0.8912856033898305 0.7786208118644068 0.8624869161016949 0.7966781432203389 0.8431900983050848 0.8184835279661017 0.80155285 0.8104819491525423 0.8000014677966101 0.7890126559322034 0.8077314847457627 0.7422130906779661 0.8366242788135593 0.7275731016949152 0.8551924584745763 0.7112042745762712 0.886843866101695
1 0.8175854949152542 0.8515519669491526 0.8182549813559322 0.8566631915254237 0.8377400118644068 0.8450479974576272 0.8522025457627119 0.8315614661016949 0.8744999627118644 0.8001170898305084 0.8859000652542373 0.7771959 0.867759386440678 0.7867381042372881 0.8623577830508474 0.7835815661016949 0.8362289635593221 0.8276117601694915 0.8175854949152542 0.8515519669491526
1 0.6041804457627118 0.9891032847457626 0.6619552940677966 0.9737373567796609 0.6767377830508474 0.9632299076271186 0.6930420796610169 0.9455678211864407 0.681564006779661 0.9464389593220339 0.6155213974576271 0.9678759779661017 0.5983701601694915 0.9855084889830508 0.5995074805084746 0.9893640889830508 0.6041804457627118 0.9891032847457626
1 0.45377441186440676 0.9859709262711863 0.3947546974576271 0.9762781449152543 0.3854383423728814 0.9759528101694914 0.377200156779661 0.9811769584745762 0.37912526694915255 0.9867560169491526 0.3935508288135593 0.9965874855932203 0.47749351355932207 0.9995188279661017 0.47835990847457627 0.9982771220338984 0.45377441186440676 0.9859709262711863
1 0.307025113559322 0.23462904067796608 0.2932374449152543 0.24093135762711862 0.28400443813559323 0.25036063728813557 0.2668773974576271 0.27944164491525425 0.25351185 0.322221593220339 0.2548212466101695 0.3332909830508475 0.26019327457627117 0.3372944618644068 0.26656012288135594 0.33709281016949155 0.3310217745762712 0.3245043127118644 0.34816763305084747 0.3191672398305085 0.3564353949152543 0.31309615 0.3610545872881356 0.30223379067796613 0.36490750677966105 0.24046622203389828 0.3573495652542373 0.2262107186440678 0.33953422033898306 0.22643656779661017 0.307025113559322 0.23462904067796608
2 0.5222987118644068 0.8327605838983051 0.5241942466101696 0.8391865838983051 0.5415713330508475 0.8393694177966102 0.5674474084745763 0.8390010686440678 0.5800090288135593 0.8313839754237288 0.5802752118644068 0.8237615033898306 0.5720477838983051 0.8043947754237288 0.5584671457627118 0.8047685033898305 0.5487958805084746 0.814606466101695 0.528931743220339 0.8249364593220339 0.5222987118644068 0.8327605838983051
2 0.6174626627118645 0.8030127889830508 0.6140641389830509 0.8274853610169491 0.6095336737288135 0.8358068957627118 0.6162500533898305 0.8377373847457628 0.638447983898305 0.8334247084745763 0.6387437423728813 0.8249552949152542 0.6574759389830508 0.7984742635593219 0.6668622033898305 0.7725148389830508 0.6678919788135593 0.7551673288135593 0.6576991067796609 0.7556593601694915 0.6292714483050847 0.7805298576271186 0.6174626627118645 0.8030127889830508
2 0.6797330211864406 0.7924677042372882 0.6881137076271185 0.7953042872881356 0.711779672881356 0.7732354177966101 0.7112580652542373 0.763889486440678 0.7221311822033898 0.7439178033898305 0.7268202847457627 0.706770686440678 0.7223247745762712 0.7019498415254237 0.7106100957627118 0.7095965110169492 0.686204733898305 0.7528389144067796 0.6797330211864406 0.7924677042372882
3 0.8766859483050847 0.27614537711864406 0.8655332101694916 0.26770016016949155 0.8435826440677966 0.24064642966101693 0.8360784754237288 0.23699248135593223 0.8207448025423729 0.23900094067796612 0.8174699618644068 0.24779030932203389 0.8592039974576271 0.3153896805084746 0.8907155847457627 0.3843280245762712 0.9069338338983051 0.42983701101694916 0.9225793838983051 0.5160287584745763 0.9302852050847459 0.5260495550847457 0.9391041499999999 0.5284774550847458 0.9380797533898305 0.5335295271186441 0.943392629661017 0.5392268889830508 0.9485925813559322 0.5360165788135592 0.9531176677966102 0.5399904822033899 0.9621785983050848 0.5233474127118644 0.9652222118644067 0.5090381372881355 0.9660422754237288 0.4369889677966102 0.9579089542372882 0.4027859788135593 0.9394160635593221 0.349565793220339 0.9094988728813559 0.30781830084745765 0.8964747974576271 0.30439557966101694 0.8766859483050847 0.27614537711864406
3 0.6066918203389831 0.05514741355932203 0.5951599754237288 0.04541699661016949 0.5606719855932203 0.03742885593220339 0.5483469711864407 0.0382704186440678 0.5511485991525424 0.04303211186440678 0.5945980338983051 0.06150888305084746 0.6545130830508474 0.09412823389830507 0.7116211245762712 0.1342813288135593 0.7633517601694916 0.18272638305084746 0.7816295610169492 0.19354034830508474 0.7929893296610169 0.1960569754237288 0.7892574118644068 0.18151109237288135 0.7730284050847457 0.16059298305084746 0.7716007042372881 0.15291135847457626 0.7209778144067797 0.10916884576271188 0.6933836584745763 0.0980295466101695 0.6653566237288135 0.07500349237288136 0.6185194237288136 0.056408416949152544 0.6066918203389831 0.05514741355932203
3 0.8793154279661016 0.8079170177966102 0.8565447983050847 0.8529124559322033 0.8568297983050848 0.8690339177966102 0.8602175644067797 0.8691522211864408 0.9005373559322034 0.831553406779661 0.9271877830508475 0.7968691440677966 0.9487377440677967 0.7382634923728814 0.9446213406779661 0.7347278474576272 0.9425833059322034 0.7202411161016948 0.9468825432203389 0.7063996754237288 0.9370392016949152 0.7090238474576271 0.8793154279661016 0.8079170177966102
3 0.25922536694915255 0.14646646949152542 0.2508446813559322 0.14362988644067795 0.24766394661016947 0.13758299322033898 0.2390466533898305 0.14152194237288135 0.23493024999999998 0.13798629745762714 0.22643126016949155 0.1385374805084746 0.21059479830508473 0.15494394237288137 0.18634807457627117 0.16936076355932203 0.1718855406779661 0.18284729491525423 0.17851319237288135 0.18731860847457626 0.17792705423728813 0.19196199830508476 0.18668684745762712 0.1960837813559322 0.19102909999999998 0.21743477033898306 0.19356992372881357 0.21752349830508474 0.19728302372881357 0.2083254466101695 0.19147273728813557 0.20473065 0.19786916186440678 0.20368205677966103 0.19810038898305082 0.20920196355932202 0.2018968372881356 0.20975852542372883 0.21673847881355932 0.19755719406779662 0.23032449576271188 0.18488802796610168 0.25922536694915255 0.14646646949152542
3 0.2379093322033898 0.13766634237288136 0.2406813847457627 0.14327497627118643 0.2471961118644068 0.13883861779661016 0.2475106881355932 0.15411313813559321 0.2517453949152543 0.15426101779661017 0.2949851186440678 0.11803613050847457 0.33135520423728815 0.09641089915254238 0.3458473144067797 0.08207742627118644 0.33043029322033896 0.07433127118644067 0.31743041440677966 0.08235704745762712 0.28830907288135593 0.09066782372881356 0.2700500906779661 0.10359779322033898 0.2379093322033898 0.13766634237288136
3 0.33086855169491525 0.07392258813559323 0.33667883813559324 0.07751738474576271 0.3385152211864407 0.08563726779661017 0.34234124491525425 0.08534688813559321 0.392878106779661 0.05870453898305084 0.41685864745762713 0.05191018983050848 0.42778553728813556 0.042540062711864404 0.4279629923728814 0.03745841440677966 0.4251022127118644 0.03439060423728814 0.39425741355932203 0.04348917033898305 0.33484245508474575 0.06939750254237288 0.33086855169491525 0.07392258813559323
3 0.16005255762711865 0.19388172966101694 0.1330230245762712 0.22728079237288135 0.12831510338983051 0.24068397542372882 0.11241949067796611 0.2587843203389831 0.09438635677966102 0.2895296347457627 0.06693738220338982 0.34708131440677964 0.05891966525423729 0.3824162457627119 0.052031192372881355 0.5068279008474577 0.054620410169491526 0.5298136211864407 0.06355765762711864 0.5288537550847457 0.06708792372881356 0.5370327898305085 0.07126347881355932 0.5388745516949153 0.08438436016949152 0.45453532372881356 0.1093328440677966 0.3714570991525423 0.12859740593220337 0.3297311237288135 0.17074014237288135 0.2642128194915254 0.18652821016949153 0.22490936355932206 0.19092155423728813 0.19623166016949153 0.1781045093220339 0.18688035 0.16005255762711865 0.19388172966101694
3 0.022955545762711867 0.6109613559322034 0.02490485338983051 0.6279889110169492 0.022589877966101693 0.6457155288135593 0.027631192372881357 0.6713308008474577 0.06225360423728814 0.7726007966101696 0.07421832881355933 0.7942179686440678 0.11557863728813558 0.8482367025423729 0.1446542652542373 0.8776591813559323 0.15753046186440678 0.8853166084745764 0.14116433305084747 0.844042329661017 0.14140093983050847 0.8372667983050848 0.12716157372881357 0.8079384262711864 0.08113367966101695 0.7418850584745762 0.06531873389830509 0.7091097686440677 0.041045133050847456 0.6514478457627119 0.026141659322033897 0.6047128110169491 0.022955545762711867 0.6109613559322034