1 0.5198200613598674 0.6797537844112769 0.5282753540630183 0.6743787893864014 0.5319259975124377 0.6675857023217246 0.5312735348258706 0.645069320066335 0.5382818756218906 0.6055668922056384 0.5394003631840796 0.5777776011608624 0.5330000762852405 0.556069023217247 0.5181245257048093 0.5485302777777777 0.48821808291873964 0.5502213457711443 0.462403916252073 0.5571986351575455 0.4542615406301824 0.5796950472636816 0.4468581666666666 0.5865968772802653 0.4534137951907131 0.5915368980099502 0.4542215995024876 0.5972847230514097 0.4475727744610282 0.6333872786069652 0.4515851674958541 0.673852851575456 0.45989177529021563 0.6823148018242123 0.4931914328358209 0.6839148623548922 0.5198200613598674 0.6797537844112769
1 0.5392693706467662 0.37725396849087894 0.5471410033167495 0.3707049966832504 0.5482594908789387 0.3429157056384743 0.544926188225539 0.3132400646766169 0.5411867711442786 0.3074855829187396 0.5288833175787728 0.30335336650082917 0.51199935986733 0.30237690713101156 0.4940501683250415 0.3057368374792703 0.48699965339966833 0.3121704087893864 0.48191760447761195 0.3296313698175788 0.47976051160862354 0.350030600331675 0.482516811774461 0.3756006533996683 0.4902464170812603 0.37995701409618576 0.5240209908789387 0.378978320066335 0.5392693706467662 0.37725396849087894
1 0.44706890796019905 0.28721953399668326 0.45379984825870645 0.2665961592039801 0.44901516998341623 0.2563832296849088 0.45055531840796026 0.24946808623548924 0.44200459535655057 0.24522712603648425 0.41443279187396354 0.25161409867330015 0.4046348673300166 0.2802045373134328 0.4060196741293532 0.29005795024875625 0.40965034742951906 0.2920597014925373 0.44706890796019905 0.28721953399668326
1 0.26348923383084577 0.5717568897180763 0.2713741807628524 0.5593446932006634 0.2711833208955224 0.5401127819237148 0.27699771475953566 0.509988851575456 0.2844277155887231 0.491360571310116 0.2809523847429519 0.47259026202321724 0.2745188134328358 0.46553974709784407 0.261150127694859 0.46574392039801 0.2407242694859038 0.47531327777777777 0.23023394112769485 0.4989770091210613 0.2241754328358209 0.5333219286898839 0.22409555058043118 0.56850128026534 0.2294772023217247 0.574024960199005 0.2465986185737977 0.5737120431177446 0.26348923383084577 0.5717568897180763
1 0.5299596301824212 0.24249521890547263 0.5261380978441128 0.22126155721393034 0.5009342172470979 0.21768637230514096 0.4889636525704809 0.22188073466003316 0.486480328358209 0.23102177446102817 0.49008437396351573 0.2447499759535655 0.5001619320066335 0.2479390174129353 0.5188101832504146 0.24657418076285242 0.5299596301824212 0.24249521890547263
1 0.7903028499170812 0.3909576873963516 0.7878661243781094 0.37957743864013266 0.7665081708126037 0.3348509344941957 0.7580861625207297 0.3255678665008292 0.7417925207296848 0.32283377114427864 0.7447862786069652 0.3471144461028192 0.7604097213930349 0.3867855290215589 0.7703585646766169 0.3950166782752902 0.7847725132669984 0.39927095190713097 0.7903028499170812 0.3909576873963516
1 0.5102219311774461 0.9302102611940299 0.5162404983416252 0.9134550174129353 0.5152018930348259 0.9060649577114429 0.51098756053068 0.9028892296849088 0.46642971144278605 0.9016154004975125 0.45516486401326695 0.9048732437810945 0.45116801824212266 0.9092029776119402 0.4458418548922057 0.9308849286898839 0.45017158789386397 0.9348817736318409 0.5015358374792703 0.9339430215588723 0.5102219311774461 0.9302102611940299
1 0.3181978217247098 0.38906481343283583 0.33404983167495855 0.37971960033167496 0.3514885887230514 0.3429379552238806 0.35517251658374793 0.32148680514096184 0.3625758905472637 0.3145849751243781 0.36165268573797676 0.30801603233830843 0.3764993747927031 0.2766226956882255 0.3835831741293532 0.2555310613598673 0.3831348855721393 0.24638336567164176 0.3875999900497512 0.24240649087893862 0.38268659701492536 0.23723566915422886 0.3786142927031509 0.22315460862354894 0.3733413839137645 0.22138365920398012 0.3538653582089552 0.22579550829187398 0.33917401077943615 0.24042028689883913 0.31968467081260366 0.2506953615257048 0.275910232172471 0.3175543391376451 0.26953215008291875 0.3377094552238806 0.2686045223880597 0.38473065754560526 0.27151616417910446 0.3935321517412935 0.27948322719734664 0.396599135986733 0.3181978217247098 0.38906481343283583
1 0.8749069344941957 0.7278179253731344 0.8880914170812603 0.705450228026534 0.8924810621890548 0.6830625597014925 0.8940611525704809 0.658557740464345 0.8918485704809286 0.6517513399668325 0.8844518540630183 0.6557215580431177 0.8719531177446103 0.6859475746268657 0.8648293764510779 0.7246288839137645 0.8682159344941957 0.7308516252072969 0.8749069344941957 0.7278179253731344
1 0.8895671865671642 0.6236025331674959 0.8964002147595357 0.6096635016583748 0.8932488805970148 0.551492851575456 0.8868153092868988 0.5444423366500829 0.8827030638474295 0.5479509519071311 0.880328483416252 0.5608447222222223 0.8802086600331674 0.6136137487562189 0.8833511028192371 0.6240574784411277 0.8895671865671642 0.6236025331674959
1 0.5642623747927031 0.21548487064676616 0.5798769270315092 0.20742903482587063 0.5820007354892205 0.2016878673300166 0.573450012437811 0.1974469071310116 0.5478932736318408 0.19433998175787728 0.5279356749585407 0.20426219817578772 0.5303790580431178 0.21271083416252073 0.5564040555555555 0.2161706177446103 0.5642623747927031 0.21548487064676616
1 0.6286823930348259 0.19722052819237149 0.6292793665008293 0.19253127943615256 0.6188556069651742 0.1868788855721393 0.5931834676616916 0.1829508424543947 0.5802697271973466 0.18937109950248754 0.5876398167495854 0.19712733250414594 0.6069804709784412 0.20068920315091213 0.6286823930348259 0.19722052819237149
1 0.7079402537313433 0.25474313930348264 0.7094737454394693 0.25075960696517413 0.6967353175787728 0.23161646932006633 0.6886595107794361 0.2247967553897181 0.6722504684908789 0.2212415414593698 0.6761940588723052 0.24036470895522388 0.6862583026533997 0.2494169751243781 0.7025452877280266 0.255082684079602 0.7079402537313433 0.25474313930348264
1 0.6770950588723051 0.20506995688225538 0.6696162255389718 0.19356099419568823 0.6579097454394693 0.18473952902155888 0.6467736119402985 0.18295526533996684 0.6454709212271974 0.18858103233830845 0.6528343540630183 0.19926887810945274 0.6705261160862355 0.20599316169154228 0.6770950588723051 0.20506995688225538
3 0.22449496268656716 0.39260452404643453 0.232541907960199 0.3604921567164179 0.26344478026533996 0.33312229353233835 0.2937972777777778 0.2899203905472637 0.293810592039801 0.28405716500829187 0.2871395621890547 0.27829602653399665 0.28880842537313434 0.2663387752902156 0.29950292786069654 0.2560437296849088 0.3389432097844113 0.2387780514096186 0.35375661442786066 0.22204277777777778 0.36389408374792703 0.19884730597014927 0.35605573548922054 0.19073821475953565 0.3513931135986733 0.17841479104477612 0.3280556135986733 0.17918265339966832 0.2827521061359867 0.19643501824212273 0.2695875945273632 0.21000787810945273 0.24164296102819235 0.22565794776119402 0.22364051575456054 0.2524707794361526 0.19168572388059701 0.2783138084577115 0.1909400655058043 0.29684000248756215 0.18470401077943616 0.3060897852404643 0.18280434660033168 0.3164048009950249 0.1738807943615257 0.3214269378109453 0.16647076368159205 0.33126038142620234 0.15404748673300167 0.3798971915422885 0.15766484577114426 0.38776216749585407 0.1658693673300166 0.38953977446102817 0.18229172305140962 0.3872317628524046 0.20189646351575455 0.37777780597014926 0.20822129104477613 0.3810755912106136 0.21209607877280265 0.37885635240464344 0.2170915887230514 0.39950635489220565 0.22106846268656716 0.40397145936981754 0.21601304228855722 0.4097059701492537 0.21667881757877283 0.42635912769485906 0.2219517263681592 0.42813007711442785 0.22449496268656716 0.39260452404643453
3 0.619321855721393 0.9111092537313432 0.6585180223880597 0.8980645655058043 0.669321267827529 0.8915222504145937 0.6760056111111111 0.8914201633499171 0.71193062106136 0.8729738515754559 0.7450837827529022 0.7841621807628524 0.7596641525704809 0.7151261401326701 0.763849623548922 0.6793697860696518 0.7677554618573798 0.6118339527363185 0.7617457412935323 0.521408907960199 0.7463442089552239 0.43565314096185737 0.7302857910447761 0.380971135986733 0.7151372645107794 0.3387212993366501 0.6891100331674959 0.28460298341625206 0.6625346600331675 0.2653111608623549 0.6197610746268657 0.2529011973466003 0.5790646998341625 0.25527135489220565 0.5712951533996683 0.2685046691542288 0.5900921343283582 0.408210096185738 0.5953339925373135 0.47529764096185734 0.5957201807628524 0.6150785273631841 0.591685627694859 0.687656468490879 0.5781926948590381 0.7942198134328359 0.5634836111111111 0.8682979618573797 0.5484815804311775 0.9164598557213931 0.5488144684908789 0.9247864344941956 0.5513932222222222 0.9252613507462687 0.619321855721393 0.9111092537313432