1 0.36015625 0.487890625 0.36796875 0.468359375 0.3671875 0.442578125 0.36953125 0.435546875 0.354296875 0.42578125 0.325390625 0.428125 0.31171875 0.437890625 0.3140625 0.449609375 0.30703125 0.485546875 0.30703125 0.497265625 0.318359375 0.51171875 0.34609375 0.513671875 0.35859375 0.501171875 0.36015625 0.487890625
1 0.40859375 0.387890625 0.4078125 0.374609375 0.39921875 0.362890625 0.39921875 0.345703125 0.386328125 0.33984375 0.369921875 0.3421875 0.35546875 0.352734375 0.3578125 0.369140625 0.3546875 0.388671875 0.365234375 0.39453125 0.38125 0.394140625 0.401953125 0.3921875 0.40859375 0.387890625
1 0.1890625 0.472265625 0.1875 0.436328125 0.183203125 0.4328125 0.174609375 0.43515625 0.16875 0.446484375 0.1671875 0.480078125 0.17421875 0.483984375 0.181640625 0.4828125 0.1890625 0.472265625
1 0.3578125 0.705078125 0.35 0.667578125 0.324609375 0.65546875 0.298828125 0.6546875 0.296875 0.658984375 0.30078125 0.665234375 0.3046875 0.687109375 0.3140625 0.706640625 0.330859375 0.71796875 0.35 0.720703125 0.3546875 0.717578125 0.3578125 0.705078125
1 0.4796875 0.753515625 0.4734375 0.746484375 0.475390625 0.7375 0.447265625 0.73046875 0.4109375 0.730859375 0.4109375 0.735546875 0.41640625 0.741015625 0.4203125 0.765234375 0.424609375 0.77421875 0.434765625 0.778125 0.475 0.778515625 0.48203125 0.771484375 0.4796875 0.753515625
1 0.663671875 0.6421875 0.6703125 0.636328125 0.6734375 0.626953125 0.6734375 0.602734375 0.66875 0.588671875 0.663671875 0.584375 0.623828125 0.58515625 0.61015625 0.591015625 0.6078125 0.620703125 0.6125 0.645703125 0.616796875 0.65078125 0.62734375 0.650390625 0.637109375 0.64609375 0.663671875 0.6421875
1 0.25859375 0.766015625 0.235546875 0.75546875 0.23515625 0.768359375 0.2515625 0.795703125 0.270703125 0.81015625 0.2875 0.812890625 0.2796875 0.793359375 0.25859375 0.766015625
1 0.48828125 0.843359375 0.48828125 0.838671875 0.478515625 0.8234375 0.469921875 0.81953125 0.440234375 0.81640625 0.426171875 0.81640625 0.421875 0.819921875 0.43203125 0.843359375 0.436328125 0.846875 0.448828125 0.8515625 0.475 0.851953125 0.481640625 0.85 0.48828125 0.843359375
1 0.60625 0.870703125 0.598046875 0.85859375 0.590234375 0.85703125 0.552734375 0.86015625 0.53984375 0.865234375 0.5390625 0.870703125 0.552734375 0.88359375 0.56953125 0.883984375 0.596484375 0.87890625 0.60625 0.870703125
1 0.407421875 0.8859375 0.378515625 0.87890625 0.36796875 0.879296875 0.3734375 0.889453125 0.387890625 0.90078125 0.404296875 0.90546875 0.42109375 0.905859375 0.4203125 0.897265625 0.407421875 0.8859375
2 0.14609375 0.612109375 0.1421875 0.604296875 0.137890625 0.60390625 0.13671875 0.613671875 0.14296875 0.635546875 0.148828125 0.6421875 0.1546875 0.641796875 0.15390625 0.630859375 0.14609375 0.612109375
3 0.77109375 0.827734375 0.7671875 0.823828125 0.77421875 0.820703125 0.77109375 0.812109375 0.785546875 0.8046875 0.788671875 0.79609375 0.794140625 0.796875 0.798046875 0.79140625 0.806640625 0.7890625 0.80546875 0.783984375 0.8125 0.780859375 0.805859375 0.77734375 0.804296875 0.78359375 0.79921875 0.776171875 0.80546875 0.770703125 0.8046875 0.767578125 0.799609375 0.76640625 0.792578125 0.77109375 0.7890625 0.769140625 0.7921875 0.762109375 0.80703125 0.748046875 0.8078125 0.741015625 0.812109375 0.73671875 0.831640625 0.72734375 0.85078125 0.709765625 0.85625 0.695703125 0.86015625 0.667578125 0.86875 0.644140625 0.86640625 0.623828125 0.86015625 0.608203125 0.8546875 0.605078125 0.85 0.596484375 0.84375 0.559765625 0.8359375 0.534765625 0.826953125 0.525 0.788671875 0.51484375 0.775 0.520703125 0.74765625 0.569921875 0.73671875 0.602734375 0.73203125 0.633203125 0.7140625 0.671484375 0.709375 0.703515625 0.71328125 0.725390625 0.722265625 0.73359375 0.729296875 0.73515625 0.73203125 0.742578125 0.72734375 0.756640625 0.70546875 0.777734375 0.70703125 0.804296875 0.711328125 0.8078125 0.727734375 0.80703125 0.742578125 0.828125 0.748828125 0.83203125 0.75546875 0.831640625 0.75234375 0.833203125 0.753515625 0.83828125 0.757421875 0.83515625 0.758203125 0.83828125 0.76484375 0.839453125 0.76640625 0.830859375 0.77109375 0.827734375
0 0.85234375 0.764453125 0.858984375 0.7578125 0.86484375 0.768359375 0.86015625 0.776953125 0.863671875 0.778125 0.9078125 0.733984375 0.9375 0.664453125 0.95 0.619921875 0.9453125 0.611328125 0.949609375 0.60703125 0.953125 0.608203125 0.95390625 0.604296875 0.95 0.600390625 0.9578125 0.587890625 0.96171875 0.562890625 0.96484375 0.485546875 0.959375 0.427734375 0.95703125 0.416015625 0.94140625 0.392578125 0.94609375 0.388671875 0.940234375 0.3859375 0.933984375 0.3921875 0.93046875 0.381640625 0.926171875 0.38203125 0.91484375 0.369140625 0.915625 0.359765625 0.922265625 0.35859375 0.925390625 0.35 0.929296875 0.35078125 0.93203125 0.353515625 0.9296875 0.358984375 0.9359375 0.361328125 0.928125 0.365234375 0.94140625 0.369140625 0.9390625 0.373046875 0.941796875 0.38359375 0.9484375 0.380859375 0.94609375 0.372265625 0.9421875 0.369140625 0.94609375 0.366015625 0.9421875 0.352734375 0.93515625 0.345703125 0.93828125 0.341796875 0.929296875 0.33203125 0.921484375 0.33125 0.92109375 0.326171875 0.905078125 0.309375 0.89765625 0.309765625 0.90546875 0.314453125 0.90625 0.323046875 0.90078125 0.326171875 0.90546875 0.329296875 0.90390625 0.340234375 0.886328125 0.34296875 0.882421875 0.33828125 0.87734375 0.337890625 0.876171875 0.3296875 0.871484375 0.33125 0.866796875 0.3265625 0.86171875 0.326171875 0.859765625 0.31328125 0.85546875 0.314453125 0.85859375 0.322265625 0.855078125 0.3265625 0.851171875 0.3265625 0.85234375 0.320703125 0.84375 0.309765625 0.819140625 0.2921875 0.807421875 0.28828125 0.788671875 0.27265625 0.773828125 0.271875 0.771875 0.275390625 0.77734375 0.287109375 0.78359375 0.291796875 0.78515625 0.301953125 0.79296875 0.309765625 0.78984375 0.311328125 0.79140625 0.332421875 0.787109375 0.33359375 0.780859375 0.328125 0.760546875 0.325 0.741796875 0.31796875 0.734375 0.319921875 0.73359375 0.327734375 0.7484375 0.355859375 0.761328125 0.35625 0.7734375 0.369140625 0.77578125 0.380859375 0.78671875 0.402734375 0.78671875 0.410546875 0.79453125 0.422265625 0.79453125 0.451171875 0.803125 0.505078125 0.812890625 0.51484375 0.823828125 0.51640625 0.83671875 0.526953125 0.85390625 0.599609375 0.86796875 0.608203125 0.8703125 0.650390625 0.86796875 0.671484375 0.8625 0.675390625 0.86171875 0.702734375 0.85390625 0.716015625 0.85546875 0.730078125 0.85234375 0.737109375 0.8515625 0.757421875 0.8453125 0.769140625 0.84921875 0.776953125 0.846875 0.780859375 0.84921875 0.780859375 0.85390625 0.776953125 0.85234375 0.764453125
0 0.93671875 0.356640625 0.93515625 0.341796875 0.92734375 0.330078125 0.92734375 0.318359375 0.917578125 0.31171875 0.909375 0.310546875 0.909375 0.305078125 0.91328125 0.301953125 0.896875 0.291796875 0.9 0.286328125 0.88515625 0.274609375 0.88671875 0.270703125 0.88046875 0.266796875 0.88359375 0.262890625 0.873828125 0.26015625 0.86484375 0.247265625 0.856640625 0.24375 0.847265625 0.23359375 0.843359375 0.23515625 0.819921875 0.21953125 0.808203125 0.2171875 0.792578125 0.20390625 0.783984375 0.20234375 0.741015625 0.17890625 0.7453125 0.192578125 0.76875 0.232421875 0.80078125 0.274609375 0.866796875 0.3234375 0.933203125 0.38125 0.94375 0.383203125 0.94765625 0.380859375 0.93671875 0.356640625
3 0.73671875 0.199609375 0.7421875 0.200390625 0.73515625 0.180078125 0.718359375 0.16640625 0.683203125 0.153125 0.620703125 0.13671875 0.598828125 0.13671875 0.580859375 0.13125 0.520703125 0.125 0.501171875 0.11171875 0.488671875 0.10859375 0.445703125 0.10859375 0.423828125 0.115625 0.4171875 0.121484375 0.415625 0.130078125 0.43046875 0.148828125 0.4203125 0.161328125 0.423828125 0.17265625 0.451171875 0.18203125 0.487109375 0.18046875 0.49765625 0.189453125 0.502734375 0.20390625 0.51328125 0.195703125 0.51015625 0.184765625 0.510546875 0.16171875 0.51484375 0.163671875 0.51640625 0.169140625 0.51484375 0.196484375 0.525390625 0.20234375 0.546484375 0.20390625 0.556640625 0.1984375 0.569140625 0.196875 0.576171875 0.18515625 0.580859375 0.1921875 0.584765625 0.18984375 0.596484375 0.1984375 0.609765625 0.19296875 0.614453125 0.1875 0.621484375 0.1875 0.642578125 0.19375 0.646484375 0.19140625 0.678515625 0.1921875 0.710546875 0.203125 0.721484375 0.2109375 0.734375 0.215234375 0.73671875 0.213671875 0.73671875 0.199609375