2 0.369140625 0.84375 0.356640625 0.840625 0.34140625 0.844921875 0.34140625 0.854296875 0.353125 0.862890625 0.366015625 0.88125 0.380078125 0.88671875 0.384765625 0.88125 0.400390625 0.88984375 0.41640625 0.891015625 0.386328125 0.87265625 0.369140625 0.84375
2 0.57265625 0.798046875 0.57265625 0.791796875 0.59140625 0.783203125 0.59765625 0.739453125 0.609375 0.730078125 0.61171875 0.724609375 0.6078125 0.707421875 0.5890625 0.698046875 0.5921875 0.691015625 0.61015625 0.676953125 0.6078125 0.668359375 0.600390625 0.6640625 0.591796875 0.6640625 0.5828125 0.669921875 0.57890625 0.677734375 0.578125 0.689453125 0.573046875 0.6953125 0.544140625 0.70546875 0.534375 0.726171875 0.54140625 0.739453125 0.540625 0.774609375 0.5375 0.787109375 0.54453125 0.803515625 0.54453125 0.812109375 0.553125 0.812890625 0.58046875 0.804296875 0.57265625 0.798046875
2 0.46796875 0.667578125 0.475 0.651171875 0.4828125 0.645703125 0.491796875 0.61796875 0.4984375 0.620703125 0.5015625 0.628515625 0.50078125 0.641015625 0.504296875 0.65703125 0.516796875 0.65625 0.52265625 0.648046875 0.525 0.576953125 0.52890625 0.573046875 0.52890625 0.537109375 0.534375 0.513671875 0.5265625 0.470703125 0.5203125 0.456640625 0.512109375 0.45 0.498828125 0.45078125 0.49296875 0.455859375 0.48984375 0.467578125 0.49375 0.487109375 0.47421875 0.504296875 0.465625 0.517578125 0.46640625 0.561328125 0.46171875 0.591015625 0.4609375 0.647265625 0.45859375 0.657421875 0.446875 0.667578125 0.44375 0.676171875 0.4453125 0.691796875 0.452734375 0.69609375 0.46171875 0.695703125 0.46875 0.690234375 0.46796875 0.667578125
2 0.58125 0.635546875 0.590625 0.618359375 0.590625 0.596484375 0.5953125 0.583984375 0.59921875 0.541796875 0.60625 0.514453125 0.60625 0.504296875 0.60078125 0.491796875 0.60078125 0.473828125 0.596484375 0.46796875 0.585546875 0.4703125 0.57265625 0.480078125 0.56875 0.491015625 0.55234375 0.507421875 0.54765625 0.523828125 0.546875 0.569921875 0.55078125 0.594921875 0.5484375 0.609765625 0.55390625 0.633984375 0.5515625 0.668359375 0.5578125 0.674609375 0.55703125 0.688671875 0.5703125 0.691796875 0.578125 0.683984375 0.58125 0.635546875
2 0.68359375 0.700390625 0.6890625 0.658984375 0.70234375 0.624609375 0.70546875 0.591796875 0.70546875 0.561328125 0.6953125 0.544921875 0.6953125 0.529296875 0.684765625 0.52421875 0.674609375 0.525 0.66875 0.533203125 0.66875 0.548828125 0.67890625 0.566015625 0.6703125 0.591015625 0.66953125 0.633984375 0.6640625 0.654296875 0.67265625 0.691015625 0.66015625 0.710546875 0.6703125 0.710546875 0.678515625 0.70703125 0.68359375 0.700390625
2 0.71796875 0.580859375 0.725 0.561328125 0.73046875 0.491796875 0.7296875 0.481640625 0.72265625 0.464453125 0.721875 0.451171875 0.717578125 0.4453125 0.710546875 0.44296875 0.7046875 0.447265625 0.70234375 0.456640625 0.703125 0.505859375 0.6953125 0.522265625 0.69765625 0.545703125 0.70625 0.566015625 0.703125 0.604296875 0.703125 0.625390625 0.70625 0.630859375 0.7125 0.616015625 0.71796875 0.580859375
2 0.7828125 0.627734375 0.80078125 0.541015625 0.79921875 0.482421875 0.7921875 0.469140625 0.790625 0.451171875 0.780859375 0.44453125 0.77578125 0.451953125 0.7828125 0.517578125 0.78125 0.566796875 0.778125 0.598828125 0.76875 0.619921875 0.7703125 0.635546875 0.77421875 0.636328125 0.779296875 0.634375 0.7828125 0.627734375
2 0.78125 0.626171875 0.776171875 0.62421875 0.775 0.619921875 0.784375 0.613671875 0.776953125 0.60625 0.771875 0.619140625 0.77109375 0.634765625 0.7734375 0.636328125 0.78125 0.632421875 0.78125 0.626171875
2 0.784375 0.718359375 0.8140625 0.660546875 0.82734375 0.621484375 0.828125 0.593359375 0.824609375 0.58828125 0.81875 0.591796875 0.8140625 0.608984375 0.80546875 0.616796875 0.8 0.627734375 0.79921875 0.640234375 0.79140625 0.664453125 0.759375 0.730078125 0.75859375 0.733984375 0.7625 0.733984375 0.773046875 0.7296875 0.784375 0.718359375
2 0.828125 0.686328125 0.834375 0.655859375 0.831640625 0.65078125 0.82578125 0.656640625 0.821875 0.669921875 0.81171875 0.683984375 0.78984375 0.740234375 0.77421875 0.768359375 0.77734375 0.772265625 0.8125 0.718359375 0.828125 0.686328125
2 0.81640625 0.514453125 0.81953125 0.492578125 0.81875 0.420703125 0.80859375 0.391796875 0.801953125 0.38828125 0.7890625 0.393359375 0.7953125 0.405078125 0.8 0.441796875 0.8015625 0.505859375 0.804296875 0.509375 0.80859375 0.499609375 0.80703125 0.531640625 0.809765625 0.53515625 0.8140625 0.534765625 0.81796875 0.530078125 0.81640625 0.514453125
2 0.71328125 0.439453125 0.70859375 0.422265625 0.70625 0.391796875 0.69296875 0.365234375 0.68359375 0.320703125 0.665234375 0.30546875 0.655078125 0.30078125 0.6484375 0.306640625 0.653125 0.326171875 0.646875 0.335546875 0.646875 0.343359375 0.65546875 0.364453125 0.6625 0.372265625 0.69296875 0.430078125 0.690625 0.454296875 0.69765625 0.471484375 0.70234375 0.471484375 0.703125 0.453515625 0.71328125 0.439453125
2 0.596875 0.462109375 0.596875 0.430859375 0.59140625 0.377734375 0.59921875 0.357421875 0.59609375 0.347265625 0.584375 0.337890625 0.584375 0.318359375 0.573046875 0.3109375 0.565234375 0.3109375 0.561328125 0.31171875 0.55859375 0.316796875 0.55703125 0.336328125 0.54375 0.345703125 0.5375 0.360546875 0.540625 0.371484375 0.54609375 0.376953125 0.5421875 0.453515625 0.548046875 0.465625 0.573046875 0.45546875 0.5765625 0.469140625 0.58125 0.471484375 0.593359375 0.4671875 0.596875 0.462109375
2 0.458984375 0.540625 0.4640625 0.533984375 0.46015625 0.524609375 0.4546875 0.522265625 0.45078125 0.514453125 0.4546875 0.473828125 0.46328125 0.461328125 0.465625 0.451171875 0.465625 0.394140625 0.4703125 0.366015625 0.47109375 0.330859375 0.4671875 0.322265625 0.458984375 0.31796875 0.451953125 0.31796875 0.44609375 0.322265625 0.4359375 0.341015625 0.40703125 0.373046875 0.4078125 0.401953125 0.41171875 0.409765625 0.41328125 0.426953125 0.41015625 0.455859375 0.41875 0.514453125 0.40625 0.526171875 0.403125 0.541015625 0.412890625 0.55390625 0.42890625 0.553515625 0.433984375 0.5375 0.458984375 0.540625