1 0.4201734581911263 0.09844691040955632 0.34974703924914674 0.11876747013651875 0.3192658020477816 0.13543946587030717 0.30638222184300345 0.15301922781569965 0.30731371672354946 0.1602243609215017 0.32586076450511947 0.15636144709897612 0.3467053319112628 0.1608911339590444 0.3514968233788396 0.1682540127986348 0.3579698310580205 0.1690843651877133 0.40094174232081914 0.15367725170648464 0.45640432764505123 0.13953501962457338 0.4776239044368601 0.1371958762798635 0.4887277423208191 0.13085980204778155 0.4913586484641638 0.11955659556313993 0.48799270051194543 0.11423234726962458 0.45804130290102385 0.1017862133105802 0.4201734581911263 0.09844691040955632
1 0.2626244991467577 0.20611562798634814 0.2404763438566553 0.2196389394197952 0.22175365529010238 0.23933766382252558 0.19046871075085325 0.3056747585324232 0.1865521109215017 0.32305515102389076 0.18696874488054607 0.32901329778156996 0.1904924394197952 0.3304775494880546 0.20969128071672355 0.3175881365187713 0.25260367320819116 0.30132985921501704 0.28442429010238907 0.2426532380546075 0.2972096433447099 0.22978463737201366 0.30965577645051195 0.19983323976109216 0.3077540793515358 0.19098529863481228 0.28330840443686006 0.19611601023890785 0.2626244991467577 0.20611562798634814
1 0.08409072610921502 0.4234504667235495 0.07982284470989762 0.4725024795221843 0.09151272781569966 0.5418217636518771 0.09767024402730376 0.5503721092150171 0.10408373293515359 0.5503512977815699 0.11473222866894198 0.5436194010238908 0.11809526109215017 0.5305543472696246 0.11040522440273039 0.46950862542662114 0.11208382423208192 0.4445867969283277 0.10735185153583618 0.43807508191126276 0.10105156825938567 0.4030196177474403 0.09012628839590443 0.411909183447099 0.08409072610921502 0.4234504667235495
1 0.13273233447098975 0.33622718088737197 0.13326800682593856 0.3438876552901024 0.13588101791808874 0.3445602619453925 0.17265378839590445 0.3077758250853242 0.19604018174061433 0.23856974744027304 0.19342425426621163 0.21950783873720137 0.18667446245733788 0.2208351561433447 0.14548812627986346 0.2617771860068259 0.13314313566552902 0.30540672440273037 0.13585728924914675 0.3197574718430034 0.13273233447098975 0.33622718088737197
1 0.193338090443686 0.1754645827645051 0.22708413225255974 0.15043869453924916 0.23697969112627987 0.1390551561433447 0.23735470136518771 0.13218632679180886 0.23003052986348121 0.13141549317406143 0.20245989931740616 0.15301591467576792 0.18945728156996589 0.16889334812286688 0.1880525494880546 0.17326820648464164 0.193338090443686 0.1754645827645051
1 0.13863719197952218 0.24942636177474403 0.16323769624573378 0.22204635153583616 0.17299340529010238 0.20254699744027305 0.17182383361774745 0.19193720819112628 0.15959204778156996 0.20049047098976108 0.1457382662116041 0.21642742406143345 0.13384569965870308 0.24206348293515356 0.13353020904436858 0.24978347696245734 0.13863719197952218 0.24942636177474403
1 0.0890253813993174 0.3350068395904437 0.10535232423208192 0.31162667662116045 0.11463187883959043 0.2853180110921502 0.1225245981228669 0.25140838993174064 0.1198907747440273 0.244322295221843 0.10249540358361775 0.2707708105802048 0.08935876791808874 0.3153110324232082 0.08641237116040956 0.3343342329351536 0.0890253813993174 0.3350068395904437
1 0.9324735000000001 0.8011972747440272 0.9492765955631399 0.7846264223549488 0.9709664940273038 0.7523179863481229 0.9790198745733787 0.7329376697952218 0.9776122261092152 0.718923226109215 0.9588300179180888 0.7377707858361775 0.9253844880546075 0.785441795221843 0.9249499590443686 0.7914594616040956 0.9324735000000001 0.8011972747440272
1 0.1201480776450512 0.7433869377133107 0.1839970332764505 0.8124802064846417 0.19991317491467575 0.8199204999999999 0.20563324488054607 0.8160992107508532 0.2016333976109215 0.8078256484641638 0.14859359982935155 0.7465297875426621 0.09824422781569966 0.6747818839590444 0.08874157508532424 0.6673207781569966 0.08717909726962457 0.675555633105802 0.0928633771331058 0.6956859701365188 0.1201480776450512 0.7433869377133107
3 0.48253961689419794 0 0.4555461697952219 0.001887565699658703 0.45454173378839585 0.002813128839590444 0.43156030972696247 0.00442014590443686 0.3802940247440273 0.017413618600682593 0.3244564291808874 0.03842468088737201 0.31982559982935155 0.045591106655290106 0.3115520375426621 0.04959095392491468 0.28223745563139935 0.058483436006825935 0.2657498506825938 0.06733429436860068 0.2549436092150171 0.07792618771331059 0.26834496672354946 0.0799827133105802 0.3123853063139932 0.06150724744027304 0.3351881732081911 0.0573467380546075 0.3568422798634812 0.04898992918088737 0.36887761262798635 0.049858988054607506 0.3761809718430034 0.04421633276450512 0.4357029232081911 0.03919882593856655 0.4591009820819113 0.043549955631399316 0.5016591757679181 0.04057399658703072 0.5105279291808874 0.045085788395904436 0.5525920733788396 0.0472763319112628 0.5872338199658703 0.05340720392491468 0.6588148319112628 0.07406154692832764 0.727586380546075 0.10346560580204778 0.7819476629692833 0.13473265443686006 0.8295591527303754 0.1673270204778157 0.8794294556313992 0.2138763122866894 0.9352608216723549 0.27839827047781573 0.9543077508532423 0.30614745819112626 0.9924853319112628 0.3750748540955632 0.9813925059726963 0.21644005375426623 0.9716706441979521 0.1997282465870307 0.9345290921501707 0.15784849317406144 0.8666832056313993 0.0988709633105802 0.823625130546075 0.07023482081911263 0.7526751015358362 0.03414048976109215 0.7000577704778157 0.015581379692832764 0.6323264351535837 0 0.48253961689419794 0
3 0.09937959470989761 0.22009680119453923 0.09241253839590444 0.2244329513651877 0.06694297440273038 0.2638482943686007 0.045830372866894196 0.3166441825938567 0.024485527303754265 0.40281401877133105 0.020908147610921503 0.43727720733788394 0.02174141552901024 0.44919350170648464 0.0269079180887372 0.4496875503412969 0.030985180034129693 0.4468364633105802 0.029776901023890783 0.4417889991467577 0.03446725 0.4354737372013652 0.04058022610921502 0.41280780375426623 0.05606806740614335 0.34073274317406144 0.07084751194539249 0.295222319112628 0.08938872610921501 0.25458080204778155 0.09937959470989761 0.22009680119453923