1 0.3137557618270799 0.5929788026101143 0.32988700244698205 0.6372119412724307 0.3459598091353997 0.6457745407830343 0.36316292006525286 0.6611896460032627 0.38348413539967374 0.6672553360522022 0.4353102911908646 0.6921538694942904 0.4809903955954323 0.7053960758564437 0.568343396411093 0.6937544445350734 0.58751238091354 0.6966606247960848 0.6007910929853181 0.6903440546492658 0.6254070212071778 0.6709436680261012 0.6297650668841762 0.649981779771615 0.6321645872756932 0.5947792903752038 0.6286689371941272 0.5615204013050571 0.6244010505709624 0.552127132137031 0.61293961908646 0.540619396411093 0.5882652569331158 0.5243492438825449 0.48815734910277325 0.4692587234910277 0.46429417944535073 0.45290331158238173 0.4567376688417618 0.45123707177814026 0.35713152202283854 0.4633464070146819 0.3080750831973899 0.47260321451876025 0.30263058890701466 0.47932660603588906 0.3068497218597064 0.527272217781403 0.30516155546492657 0.5385217243066884 0.3137557618270799 0.5929788026101143
1 0.29472825693311583 0.369026365415987 0.3133004225122349 0.3662541982055465 0.3596260995106036 0.34662240946166395 0.37017160114192493 0.34551403262642744 0.37670254486133764 0.3530291378466558 0.3799473148450245 0.3526880986949429 0.38090954893964113 0.3423350448613377 0.39107260603588906 0.3297847145187602 0.3996571329526917 0.310018911908646 0.39756949347471454 0.2823531101141925 0.38124090783034253 0.2713569331158238 0.3640353474714519 0.27152500326264273 0.34294434502446985 0.2737417569331158 0.3022556101141925 0.284579544045677 0.2952739902120718 0.292284647634584 0.28999021696574223 0.36296312479608484 0.29472825693311583 0.369026365415987
2 0.28368344453507344 0.28735171125611747 0.29188062805872755 0.2873103058727569 0.3396143156606851 0.273271603588907 0.3821592871125612 0.26838987030995104 0.37398648042414356 0.2491551044045677 0.34418673491027735 0.24654610848287115 0.32702257993474715 0.25491136296900485 0.31425542577487764 0.2660950872756933 0.2866310293637847 0.2763799110929853 0.2822754339314845 0.28175862398042417 0.28368344453507344 0.28735171125611747
2 0.424251251223491 0.1577559388254486 0.4339855603588907 0.15673282218597062 0.43846782137031 0.16036248531810768 0.47450132626427405 0.15985582544861338 0.4891027895595433 0.15832115008156608 0.4994144388254486 0.15108619983686786 0.486116248776509 0.14551259053833607 0.46622133197389887 0.14350286296900489 0.4237396924959217 0.15288878466557912 0.424251251223491 0.1577559388254486
1 0.5439251663947798 0.27025112316476346 0.5527581247960849 0.29966842414355627 0.5566386680261011 0.3287860913539967 0.5513866199021207 0.3334388719412724 0.5571282993474714 0.3373462414355628 0.5812496973898857 0.34055205546492656 0.6202721933115823 0.337270779771615 0.6272757406199022 0.3258726802610114 0.6369467169657422 0.32034537520391515 0.6220968221859706 0.27269694779771614 0.6106134632952692 0.2648822079934747 0.6051714184339315 0.25602242414355625 0.5798539339314845 0.2570430913539968 0.5614961427406199 0.25405165171288746 0.5444611019575857 0.25584210685154973 0.5367754763458401 0.2607506663947798 0.5439251663947798 0.27025112316476346
1 0.6527418164763459 0.3301673931484503 0.6735965179445351 0.3374072422512235 0.696736204730832 0.33907593066884173 0.7074960799347471 0.33220394698205546 0.7090989869494291 0.3201432479608483 0.694290497553018 0.2806920048939641 0.6816329804241436 0.2734107504078303 0.6495287724306689 0.264482735725938 0.6333049241435562 0.2661879306688418 0.6527418164763459 0.3301673931484503
1 0.6840029902120718 0.5417619477977161 0.6891039959216966 0.5473769616639478 0.7220218458401305 0.5406365424143555 0.7415562455138662 0.5275113205546492 0.7427547814029364 0.5077016639477977 0.7384503882544862 0.4589448597063621 0.724898867862969 0.4353544975530179 0.7004778360522023 0.4371010978792822 0.6781249657422512 0.45462332055464927 0.6829165399673736 0.5275234502446982 0.6840029902120718 0.5417619477977161
2 0.6136366280587275 0.1804987194127243 0.6289201696574225 0.1854535831973899 0.6497967985318108 0.18900043637846656 0.6589976215334421 0.1868031598694943 0.649243834420881 0.17593609787928222 0.6290931386623165 0.171492792822186 0.608813328711256 0.1736242862969005 0.6136366280587275 0.1804987194127243
1 0.7605206533442088 0.4738484061990212 0.7686959102773246 0.4774999967373572 0.7888052006525286 0.4737461182707993 0.7974530603588907 0.4584845040783034 0.7910561288743883 0.413228248776509 0.7730198980424143 0.40159139885807504 0.7526548287112561 0.4029117006525285 0.7513734828711256 0.4063269893964111 0.7605206533442088 0.4738484061990212
1 0.8110289567699837 0.46279869494290377 0.8127146745513866 0.46713236296900496 0.8184782805872757 0.46734673735725935 0.8269750986949429 0.46235291761827085 0.8337009396411093 0.4522142373572594 0.8301200293637847 0.4181441566068515 0.8267485946166395 0.4094768189233279 0.8172505872756933 0.4010433336052202 0.8107610481239804 0.401725411908646 0.8052946256117455 0.41214179853181077 0.8110289567699837 0.46279869494290377
1 0.749578246329527 0.28390271696574226 0.7738482365415987 0.292423911908646 0.784478997553018 0.2921267275693311 0.7857822707993475 0.28501844208809135 0.7740455823817292 0.2591869502446982 0.7612175456769984 0.2502833115823817 0.7364140693311583 0.2405879584013051 0.730735722675367 0.24118477650897227 0.749578246329527 0.28390271696574226
1 0.7350279861337684 0.23130187520391518 0.7512713115823817 0.24148685970636213 0.7619873327895595 0.242000867862969 0.7634611256117455 0.2365149681892333 0.7501020522022839 0.2108539951060359 0.7262169551386624 0.19819157911908647 0.7187457039151713 0.1973365318107667 0.7173790986949429 0.19994062887438824 0.7350279861337684 0.23130187520391518
1 0.7846251402936378 0.31302528303425775 0.7980938507340947 0.32022127732463296 0.8053945823817292 0.3194539396411093 0.8041376133768352 0.30359305791190866 0.7966688115823817 0.2871548352365416 0.7842256680261012 0.27410997471451876 0.7854826370309951 0.28997085644371945 0.7772635261011419 0.29370525774877654 0.7846251402936378 0.31302528303425775
1 0.7684033890701468 0.7088140497553018 0.7770707267536705 0.7054426150081566 0.7900936598694942 0.6966924673735726 0.8044198662316476 0.6808340350734094 0.8122370554649266 0.6537675008156607 0.8096548858075041 0.6487078996737357 0.7907830864600326 0.6564324804241435 0.7779087455138662 0.6704980089722675 0.7670806386623165 0.7040321549755302 0.7684033890701468 0.7088140497553018
1 0.8192551810766721 0.6854259323001631 0.8363340766721044 0.6762494853181077 0.8603970415986949 0.6437847610114192 0.8682556353996738 0.6249154110929853 0.8722945693311583 0.5970157569331158 0.8307678156606851 0.642798150081566 0.8188288825448614 0.6813699698205546 0.8192551810766721 0.6854259323001631
1 0.6741588091353996 0.834361207177814 0.6915787438825448 0.828429530995106 0.713824427406199 0.8137891117455139 0.7186282495921696 0.808773365415987 0.7202092292006524 0.8004056615008156 0.7045188662316476 0.803285015497553 0.6811209518760196 0.814765924959217 0.6720248662316476 0.829664572593801 0.6741588091353996 0.834361207177814
1 0.7220216109298532 0.8137477063621533 0.7292370831973899 0.812169176182708 0.7509273531810766 0.8000475938009788 0.774305790375204 0.7766765057096248 0.7861350872756933 0.7565696639477977 0.7776601965742251 0.7578704877650897 0.7333393491027732 0.7887737104404567 0.7206988605220229 0.8089658115823818 0.7220216109298532 0.8137477063621533
1 0.2424144494290375 0.866206834420881 0.2597247471451876 0.8787401362153344 0.28606534910277326 0.8874537773246329 0.2962478841761827 0.8867936264274062 0.2767183825448613 0.868752497553018 0.24589552039151716 0.8564091933115823 0.2359906924959217 0.855809924959217 0.2424144494290375 0.866206834420881
1 0.18632285644371943 0.8163318556280588 0.19940667292006525 0.8276690709624795 0.22707002528548126 0.8411646076672104 0.23554491598694946 0.8398637838499183 0.21183278792822186 0.8132405766721045 0.19676362071778142 0.8025221068515498 0.1718748841761827 0.7920155611745514 0.18632285644371943 0.8163318556280588
1 0.13752709624796083 0.7968558890701468 0.15312974959216966 0.8087485187601957 0.16589445432300165 0.813147969004894 0.16395295758564438 0.806380722675367 0.14892764518760196 0.7882762610114192 0.12696456688417618 0.7704909110929853 0.11859686378466558 0.7689099314845025 0.13752709624796083 0.7968558890701468
1 0.045677372756933114 0.6252557446982056 0.05280513621533442 0.6384491973898858 0.0662738458401305 0.645645191680261 0.06633962724306688 0.6345662047308319 0.05063713539967374 0.578805852365416 0.0457066484502447 0.5748132234910277 0.03720983115823817 0.5798070424143557 0.045677372756933114 0.6252557446982056
1 0 0.4948861305057097 0.0005917544861337683 0.4967194787928222 0.005950989396411093 0.4891848947797716 0.006808486133768352 0.46613046900489397 0.006043597879282219 0.4432465619902121 0.002735495921696574 0.43908341272430673 0 0.44246146900489397 0 0.4948861305057097
1 0.09688711500815661 0.7691413344208808 0.10644845513866233 0.7820790073409462 0.1186358189233279 0.7926902911908646 0.12717404241435565 0.7958936549755302 0.1271107096247961 0.7913894673735725 0.11272606933115822 0.7715773605220229 0.09661185807504079 0.7548175774877651 0.09165944371941272 0.7545179437194127 0.09688711500815661 0.7691413344208808
1 0.8850422446982055 0.573941852365416 0.8895464331158237 0.5738785203915171 0.8965719078303426 0.5587874257748777 0.894418486949429 0.5422006109298532 0.8873516068515498 0.5490945220228385 0.8848936525285481 0.5686264722675367 0.8850422446982055 0.573941852365416
1 0.8501391615008157 0.44474543556280594 0.8557955815660685 0.4478416133768352 0.8604922161500816 0.4457076696574225 0.8656809314845024 0.4365507014681892 0.8626115807504078 0.4073477748776509 0.8538395057096249 0.39801783686786296 0.8472647063621532 0.39788872267536707 0.8445314951060359 0.4030969159869494 0.8501391615008157 0.44474543556280594
1 0.8652960383360523 0.44069192332789564 0.8718489102773247 0.44451403344208806 0.8785747504078304 0.4343753531810767 0.8756320644371941 0.4141808026101142 0.871171730831974 0.4068581435562806 0.8636152194127243 0.4051919037520391 0.8622486141924959 0.4077960008156607 0.8652960383360523 0.44069192332789564