2 0.821875 0.485546875 0.82109375 0.423046875 0.815625 0.396484375 0.816015625 0.384375 0.81796875 0.391796875 0.8234375 0.395703125 0.823828125 0.40390625 0.82578125 0.400390625 0.8125 0.351953125 0.7984375 0.327734375 0.796875 0.312890625 0.790625 0.296484375 0.780859375 0.2859375 0.773046875 0.28359375 0.77109375 0.290234375 0.77890625 0.310546875 0.7640625 0.312890625 0.7625 0.333984375 0.74921875 0.365234375 0.74296875 0.391796875 0.7453125 0.401953125 0.749609375 0.4046875 0.75390625 0.398828125 0.7578125 0.377734375 0.773828125 0.3453125 0.778125 0.351171875 0.7828125 0.370703125 0.78515625 0.408203125 0.7921875 0.432421875 0.80078125 0.491015625 0.80234375 0.525390625 0.79765625 0.539453125 0.79609375 0.569921875 0.79921875 0.579296875 0.8046875 0.580859375 0.815625 0.543359375 0.821875 0.485546875
2 0.8421875 0.647265625 0.859375 0.552734375 0.86875 0.519140625 0.86953125 0.498046875 0.86796875 0.466796875 0.86015625 0.430859375 0.8546875 0.419140625 0.8453125 0.409765625 0.83671875 0.376953125 0.827734375 0.37109375 0.8234375 0.382421875 0.8359375 0.415234375 0.83203125 0.426953125 0.83515625 0.480859375 0.831640625 0.53359375 0.839453125 0.49921875 0.84296875 0.515234375 0.8390625 0.599609375 0.83125 0.619921875 0.82890625 0.641015625 0.8234375 0.655078125 0.825390625 0.65859375 0.83046875 0.658984375 0.835546875 0.6578125 0.8421875 0.647265625
2 0.87578125 0.336328125 0.859375 0.299609375 0.84609375 0.285546875 0.840625 0.272265625 0.833984375 0.26796875 0.8328125 0.272265625 0.8421875 0.286328125 0.846875 0.306640625 0.8421875 0.311328125 0.86171875 0.335546875 0.88984375 0.401171875 0.8921875 0.420703125 0.8984375 0.423828125 0.89921875 0.404296875 0.87578125 0.336328125
2 0.95 0.460546875 0.94609375 0.427734375 0.941796875 0.41875 0.9421875 0.520703125 0.94609375 0.531640625 0.95 0.500390625 0.95 0.460546875
2 0.43203125 0.286328125 0.428515625 0.2796875 0.415625 0.272265625 0.41484375 0.264453125 0.421875 0.247265625 0.43515625 0.231640625 0.4390625 0.219921875 0.4375 0.188671875 0.43984375 0.180859375 0.4703125 0.180859375 0.467578125 0.1765625 0.455078125 0.175 0.45 0.171484375 0.453125 0.162890625 0.459375 0.157421875 0.46015625 0.153515625 0.455859375 0.15078125 0.444140625 0.15 0.435546875 0.153125 0.427734375 0.1625 0.413671875 0.16875 0.40625 0.176953125 0.40625 0.194140625 0.39921875 0.200390625 0.39609375 0.208984375 0.4078125 0.237109375 0.3875 0.265234375 0.37578125 0.275390625 0.3796875 0.294140625 0.387890625 0.29765625 0.39765625 0.297265625 0.426171875 0.290625 0.43203125 0.286328125
2 0.6046875 0.117578125 0.6046875 0.106640625 0.595703125 0.09921875 0.580078125 0.1 0.5734375 0.105859375 0.583984375 0.11015625 0.600390625 0.1265625 0.6125 0.130078125 0.6140625 0.126171875 0.6046875 0.117578125
2 0.4796875 0.091015625 0.4796875 0.086328125 0.469140625 0.0828125 0.458984375 0.08671875 0.453125 0.094140625 0.453125 0.098046875 0.45703125 0.098828125 0.474609375 0.0953125 0.4796875 0.091015625
2 0.17734375 0.428515625 0.17734375 0.419921875 0.171875 0.411328125 0.178125 0.383203125 0.2015625 0.318359375 0.2140625 0.301953125 0.21640625 0.282421875 0.22265625 0.265234375 0.2484375 0.236328125 0.243359375 0.2296875 0.235546875 0.23203125 0.22578125 0.241796875 0.19765625 0.281640625 0.17734375 0.327734375 0.16875 0.382421875 0.15546875 0.435546875 0.15625 0.444140625 0.165625 0.446484375 0.171875 0.442578125 0.17734375 0.428515625
2 0.1203125 0.393359375 0.13046875 0.359765625 0.13828125 0.344140625 0.14140625 0.320703125 0.153125 0.287890625 0.151953125 0.284375 0.14375 0.291796875 0.12578125 0.329296875 0.115625 0.389453125 0.109375 0.408203125 0.1109375 0.419921875 0.12109375 0.406640625 0.1203125 0.393359375
2 0.115625 0.607421875 0.10703125 0.579296875 0.10078125 0.524609375 0.098828125 0.42421875 0.09375 0.430859375 0.0921875 0.458203125 0.08515625 0.478515625 0.09609375 0.580859375 0.10703125 0.621484375 0.11484375 0.614453125 0.115625 0.607421875
2 0.272265625 0.45234375 0.2765625 0.444140625 0.273828125 0.4375 0.2609375 0.430078125 0.259375 0.418359375 0.26796875 0.377734375 0.275 0.360546875 0.2765625 0.312890625 0.2734375 0.305859375 0.27421875 0.292578125 0.28515625 0.256640625 0.29921875 0.238671875 0.298828125 0.23359375 0.282421875 0.23515625 0.278125 0.249609375 0.25625 0.274609375 0.2375 0.319921875 0.22578125 0.381640625 0.2 0.422265625 0.19765625 0.441796875 0.200390625 0.446875 0.20703125 0.443359375 0.21796875 0.414453125 0.23828125 0.387109375 0.244140625 0.38203125 0.247265625 0.3828125 0.2453125 0.428515625 0.2375 0.452734375 0.240234375 0.45703125 0.2484375 0.458203125 0.263671875 0.45703125 0.272265625 0.45234375