1 0.5396152213114754 0.755305706557377 0.5370634 0.7637569934426229 0.5390537016393443 0.7676968803278689 0.5345115795081967 0.7722082803278689 0.5373184344262295 0.7760767278688525 0.5376141844262295 0.7982665377049181 0.5491020049180327 0.8026097040983606 0.579687024590164 0.7995224606557377 0.6011624426229508 0.7910611795081968 0.6033163516393443 0.7686570524590164 0.6063682459016394 0.7659216360655737 0.6004280639344263 0.7450484532786885 0.5929515696721311 0.7395315385245902 0.5837551688524589 0.7378677098360656 0.5521239180327869 0.7431034950819673 0.5396152213114754 0.755305706557377
1 0.4266136827868853 0.8367759336065573 0.44633847295081963 0.8412212614754099 0.477280687704918 0.8422167827868852 0.48494614426229504 0.8357865204918032 0.4856812639344263 0.8159749303278688 0.475515437704918 0.7938258368852459 0.43857159508196725 0.7900641770491803 0.4247616327868853 0.7920951959016393 0.42084710163934425 0.8084823344262295 0.4169786532786885 0.8112891885245902 0.4266136827868853 0.8367759336065573
1 0.3042443655737705 0.7265297991803279 0.31356291557377053 0.7578038549180328 0.3429127409836066 0.7688123295081968 0.3614637819672131 0.7692463311475409 0.3636176909836066 0.7468422040983607 0.36041292377049183 0.7290209155737705 0.3543705795081967 0.7163847016393442 0.3384020819672131 0.6984458901639344 0.31102719672131146 0.6959040639344263 0.30735770491803277 0.7056873385245901 0.3072248204918033 0.722977831147541 0.3042443655737705 0.7265297991803279
1 0.43007644590163935 0.6036196909836066 0.4239012180327869 0.608273968852459 0.43114803360655735 0.6158679860655737 0.43237249262295085 0.6486729860655738 0.4380730024590164 0.6526996729508197 0.4909192704918033 0.6501332319672132 0.4953185147540984 0.6439887254098361 0.4942369344262295 0.6128168319672131 0.49789106475409833 0.6075603180327869 0.48466334999999994 0.5692230426229509 0.4762988631147541 0.5629610139344262 0.44118708278688523 0.5660328959016393 0.4363438426229508 0.5718048450819672 0.43007644590163935 0.6036196909836066
1 0.35173954672131147 0.5076228885245901 0.354760718852459 0.5139409950819672 0.3533826467213115 0.5264036081967213 0.3577611631147541 0.5482362229508198 0.40682578360655736 0.5447664278688524 0.40937760491803277 0.5363151409836066 0.40719371393442627 0.501948474590164 0.39898746721311473 0.49279279016393446 0.3945067893442623 0.47919714508196715 0.39058226393442624 0.47666068606557377 0.3621457860655738 0.4807941614754099 0.3575575795081967 0.4988858450819672 0.35173954672131147 0.5076228885245901
1 0.4768664901639344 0.4612951639344262 0.483715393442623 0.4549363409836066 0.4801841532786885 0.42397876475409835 0.47517267950819675 0.41372077131147544 0.4694721696721311 0.40969408360655735 0.4433424729508197 0.41198013606557377 0.43286479426229507 0.43799230983606563 0.4366410745901639 0.46234602295081967 0.4768664901639344 0.4612951639344262
1 0.38261180409836065 0.37615322377049176 0.3952326557377049 0.3746376409836066 0.41358474098360654 0.36809522213114754 0.4173410327868853 0.3546017393442623 0.4164837631147541 0.3448031024590164 0.4122020426229508 0.33818387786885246 0.3885220040983607 0.3402556131147541 0.3792795196721312 0.3521720680327869 0.3786872778688524 0.3736167639344262 0.38261180409836065 0.37615322377049176
1 0.46288440819672133 0.33909796639344264 0.48961634098360657 0.3342908155737705 0.49085153442622953 0.32019509672131147 0.48453879508196723 0.29976590983606555 0.47051451475409833 0.299347268852459 0.45736286639344265 0.3042005032786885 0.4541473647540984 0.3332799327868852 0.4584290860655738 0.3398991573770492 0.46288440819672133 0.33909796639344264
1 0.49540975901639345 0.245332618852459 0.47744559180327867 0.24690427950819674 0.47200011639344264 0.2551973270491803 0.47493448770491803 0.26522564262295084 0.4998036360655738 0.2626384721311475 0.5013960254098361 0.2526255180327869 0.49540975901639345 0.245332618852459
1 0.6170607991803279 0.23921494918032787 0.6118910860655737 0.23185061065573773 0.6050729049180328 0.22915591147540987 0.5926663696721312 0.23312115409836065 0.5923498909836066 0.23890846393442622 0.5965601729508196 0.2447111360655738 0.6151826532786885 0.24596169098360657 0.6170607991803279 0.23921494918032787
1 0.26470706147540984 0.34985381229508195 0.2678864729508197 0.35327826393442624 0.2731583483606557 0.35240563278688525 0.3046620819672131 0.34100998032786883 0.3101789975409836 0.33353348606557376 0.30783150000000004 0.32551083360655736 0.3020595508196721 0.32066759344262297 0.293822581147541 0.3205654319672131 0.27004038196721314 0.33087413606557375 0.2652685803278689 0.33746263852459013 0.26470706147540984 0.34985381229508195
0 0.10907042459016394 0.5082836073770491 0.11488845737704918 0.49954656393442626 0.11245415983606558 0.4952341196721311 0.10295664098360656 0.4948308401639344 0.10692725081967212 0.48378701639344257 0.10486550983606557 0.4790305762295082 0.1131485631147541 0.4655524540983606 0.11685877131147542 0.46563925491803276 0.11787428032786886 0.4725442360655738 0.1221867237704918 0.47010993770491805 0.11671589262295083 0.46400614836065573 0.11614437950819673 0.4574737245901639 0.12650453524590163 0.44422528114754095 0.1290056450819672 0.40698032049180327 0.13311913278688522 0.3975696024590164 0.14221411229508196 0.3416460844262295 0.16323091475409837 0.2715146909836066 0.1808893368852459 0.22882962213114755 0.17600537950819672 0.22473149590163932 0.13679010573770492 0.25613769426229505 0.09454829262295082 0.3046761459016394 0.0739908475409836 0.3706533344262295 0.06337491803278689 0.4374063598360656 0.061353153278688524 0.5083443114754098 0.0702323344262295 0.5816197672131147 0.07652971229508196 0.6065757155737705 0.08161262540983606 0.617650262295082 0.08576682950819672 0.6181096196721312 0.09002319590163935 0.6103320073770492 0.09103407786885247 0.574863031147541 0.09812802131147541 0.5619003442622951 0.09943465409836065 0.5486211786885247 0.10794738606557376 0.5330659540983607 0.10471189672131148 0.5242981885245901 0.1097133762295082 0.5156325844262295 0.10907042459016394 0.5082836073770491
0 0.8829352409836067 0.24516346147540985 0.8675228950819673 0.23828383524590163 0.866303062295082 0.24785279344262295 0.8903702778688525 0.30663461721311475 0.8921155401639345 0.3171783680327869 0.8861546286885246 0.3242823049180328 0.8957896581967214 0.34976904999999997 0.9016376729508196 0.3978028 0.9063326680327868 0.41384810409836065 0.9115891819672131 0.4175022344262295 0.9190195926229509 0.43659943360655734 0.9247554516393444 0.4739465557377049 0.9407800270491804 0.49722868114754104 0.9436683147540983 0.5208372803278688 0.9487512278688525 0.5319118270491803 0.9499349704918033 0.5548467508196722 0.9541606139344263 0.5561226614754099 0.9642042901639345 0.5486615286885246 0.9688693032786885 0.5079360385245901 0.9671040532786885 0.4595450918032786 0.9552037 0.3799515303278688 0.9355357286885246 0.3150252 0.9091617327868853 0.25809079918032785 0.890957893442623 0.24281596393442623 0.8829352409836067 0.24516346147540985
0 0.866588818852459 0.2511190049180328 0.8672217770491802 0.2395443844262295 0.852569906557377 0.22725000491803277 0.7878279114754098 0.19259684180327868 0.7850056959016394 0.19325515491803277 0.7851024901639344 0.20846854508196722 0.767311924590164 0.2026197893442623 0.7635456385245901 0.19718967459016393 0.7596057516393443 0.1991799762295082 0.754349237704918 0.19552584590163932 0.7393655262295082 0.19354553852459017 0.733149581147541 0.18832974098360655 0.7258720426229508 0.18978924672131148 0.7223607909836066 0.19667886639344262 0.7136951868852459 0.19167738688524588 0.7119752803278688 0.19553047295081968 0.7158130057377049 0.20177714098360655 0.7260402762295082 0.2058191893442623 0.7422484467213114 0.24060449672131148 0.7673726286885246 0.2503370606557377 0.7776406163934426 0.26424918524590163 0.7905472254098361 0.26599981393442623 0.7823509729508197 0.27576772786885245 0.7867909336065574 0.2794932975409836 0.7869030893442622 0.2901799262295082 0.7924453598360656 0.29710026885245905 0.8068421959016394 0.2970749131147541 0.8098480073770492 0.307919781147541 0.8280518467213115 0.32319461639344266 0.853905781147541 0.33656595 0.857845668032787 0.33457564836065573 0.8650771221311474 0.3466964262295082 0.8629846590163935 0.3509935090163935 0.8678686155737704 0.35509163524590165 0.8716656245901641 0.35146822786885246 0.8842964704918033 0.3688762426229508 0.8946666204918033 0.3745513975409836 0.8961875704918032 0.3637218901639344 0.8910024959016393 0.3608843131147541 0.8931971213114753 0.3483502614754099 0.8871140598360655 0.3258439721311476 0.8890943680327869 0.31086026065573774 0.884082894262295 0.3006022672131147 0.880235174590164 0.2754320016393443 0.866588818852459 0.2511190049180328
0 0.7343286975409835 0.1688907081967213 0.7147775081967213 0.1570249631147541 0.6938636081967213 0.15309507049180326 0.6652742581967213 0.13667184262295082 0.6018588844262295 0.12658670901639346 0.5880082057377048 0.11874765163934425 0.571605705737705 0.11935988114754098 0.5697429213114754 0.12157986147540983 0.5741114426229509 0.12448887786885246 0.5638534491803279 0.12950035163934426 0.5663591860655738 0.13462934918032787 0.5751830295081968 0.1367371737704918 0.5713552983606557 0.14941410409836067 0.5806792163934426 0.1572378 0.5855785344262295 0.15680916475409837 0.5858950139344262 0.1510218549180328 0.5872116401639345 0.1566662868852459 0.6235378860655738 0.1674758057377049 0.6410119729508197 0.1791118713114754 0.6476158360655737 0.17935691147540983 0.658343181147541 0.18911483114754096 0.675419355737705 0.18679805655737705 0.6900558655737705 0.20361919672131149 0.7033196696721311 0.20945259098360655 0.7048406204918033 0.1986230844262295 0.7098267385245901 0.19448424098360656 0.7171757163934427 0.19384128934426229 0.7225751081967213 0.19912852540983605 0.7316593532786886 0.19010572540983608 0.7410700713114754 0.1942192131147541 0.7454539540983607 0.19260146885245902 0.7343286975409835 0.1688907081967213
0 0.47953953688524587 0.11095856475409836 0.4566760516393442 0.11295885983606557 0.44954139180327873 0.11605147131147542 0.44051322459016395 0.13041758606557377 0.4396352262295082 0.14859606967213115 0.44785683442622953 0.15322499262295083 0.5492369278688525 0.15052640737704917 0.5490533327868852 0.1390232262295082 0.5589387696721312 0.13445574836065574 0.5587398131147541 0.12747932786885247 0.5650579204918033 0.12445815573770493 0.5581836614754099 0.11642014262295083 0.5542437745901639 0.11841044426229509 0.5465376016393443 0.11497063114754098 0.47953953688524587 0.11095856475409836
0 0.37565833360655737 0.15090210983606556 0.3612868524590164 0.1653243024590164 0.36372115 0.16963674590163935 0.37559688852459017 0.16900915491803278 0.3849515286885246 0.16777932868852458 0.39826141721311475 0.16003243852459018 0.4353942221311476 0.1518469204918033 0.4408396975409836 0.14355387295081967 0.44022746803278684 0.1271513737704918 0.4064476762295082 0.13134092704918032 0.3815631672131148 0.13845485819672132 0.37565833360655737 0.15090210983606556