1 0.5038206808846761 0.7394679139020537 0.5374347282780411 0.7445893736176935 0.56529977014218 0.7363987424960505 0.572058429699842 0.7287695829383887 0.5738347835703002 0.719425401263823 0.5663707551342813 0.7110956169036335 0.5541320221169037 0.7066323127962085 0.5194021477093207 0.7045705363349132 0.5107821966824645 0.7072386248025276 0.5048515687203791 0.7221029770932069 0.5038206808846761 0.7394679139020537
1 0.5403339099526067 0.6452169265402844 0.5443655221169036 0.6484205071090047 0.5738866263823065 0.6547002614533965 0.5972458957345972 0.6515957369668246 0.6060710750394944 0.6394183357030016 0.6087957511848341 0.6134947788309637 0.6034407116903634 0.6077693791469194 0.5868188680884676 0.5996684304897315 0.582643359399684 0.6016122875197473 0.5496497417061612 0.598144518957346 0.5452477693522907 0.6060213767772512 0.5415110679304898 0.6377953672985782 0.5403339099526067 0.6452169265402844
1 0.4311407480252765 0.633740262243286 0.4351723601895735 0.6369438436018957 0.4719286571879937 0.6423955663507109 0.4816455718799368 0.6481822977883096 0.5231553396524486 0.6461912274881516 0.530989728278041 0.6434405726698262 0.5369793159557662 0.609123528436019 0.5341460963665087 0.6020747022116903 0.49577620537124806 0.589305220379147 0.49312935150078985 0.5842615829383886 0.47072077725118483 0.5858775481832543 0.45620792259083726 0.5803809842022117 0.44024897867298574 0.5810863530805687 0.43599090284360187 0.5838157725118484 0.4311407480252765 0.633740262243286
1 0.3144174818325434 0.5881140584518167 0.31826509952606635 0.604403266192733 0.32221414612954186 0.6083924091627172 0.3785694044233807 0.6238464699842022 0.3968850355450237 0.6233887993680886 0.4017423064770932 0.61873675671406 0.4054577733017377 0.583386452606635 0.4013011263823065 0.5738158072669827 0.3724405489731437 0.5612515545023697 0.36689914375987365 0.5535209660347552 0.35354458451816745 0.5521173451816745 0.32836412164296996 0.5423226090047394 0.3235681816745656 0.542612775671406 0.319413906793049 0.5481329462875197 0.3148892709320695 0.5647335552922591 0.3144174818325434 0.5881140584518167
1 0.17443637598736178 0.533292313586098 0.1912233515007899 0.5398221382306476 0.200197172985782 0.552678929699842 0.20983152132701421 0.5592512235387046 0.23463925197472355 0.5650355821484992 0.2432592030015798 0.5623674936808847 0.24858826303317536 0.5343349478672985 0.24796546050552926 0.5175904415481832 0.24356111611374406 0.5103764834123222 0.20721527646129542 0.4859061327014218 0.2043608222748815 0.47528099289099524 0.19993761453396525 0.4795815371248025 0.18071138625592417 0.4735895774091627 0.1764745458135861 0.47989531042654027 0.17368616666666667 0.4950899265402844 0.17443637598736178 0.533292313586098
1 0.20196889573459717 0.6453941461295418 0.20906256319115324 0.664804368878357 0.23970186571879937 0.6831152559241706 0.25892809399684047 0.6891072156398104 0.27052516271721955 0.6883405157977883 0.2726317796208531 0.6758540845181674 0.26903185939968405 0.6572081895734597 0.2645449494470774 0.6507797938388625 0.23212692101105845 0.6267222725118483 0.206946458135861 0.6169275363349132 0.20190282069510268 0.6195743902053712 0.20196889573459717 0.6453941461295418
1 0.2811503025276461 0.685486060821485 0.2861963120063191 0.6979300229067931 0.29163391706161135 0.7028698601895735 0.32591086413902054 0.7167976374407583 0.34695591469194315 0.720598041864139 0.35958624328593997 0.7175572211690364 0.3611125268562401 0.6954789099526066 0.35360603001579777 0.6799964992101106 0.33189807977883096 0.6673897772511848 0.2887322488151659 0.654910462085308 0.2826341169036335 0.6562551232227488 0.2809190947867299 0.661237429699842 0.2811503025276461 0.685486060821485
1 0.2879845252764613 0.7640399210110584 0.2930918665086888 0.7721220071090047 0.30053466034755133 0.7768754778830964 0.32335843601895736 0.7864225165876777 0.3486615624012638 0.7874935015797788 0.350914448657188 0.784950448657188 0.3479349597156398 0.7679582440758294 0.3410913617693523 0.7612821508688783 0.291185733807267 0.7449174928909953 0.2847361034755134 0.7458280900473934 0.2879845252764613 0.7640399210110584
1 0.2077698586097946 0.7262221271721959 0.2170951785150079 0.7395129826224328 0.2580293570300158 0.7581116642969984 0.26726973854660346 0.7570972669826225 0.2642902488151659 0.7401050624012638 0.256123224328594 0.7309071500789889 0.23081772669826223 0.7147453491311216 0.20257757977883095 0.7038347867298578 0.2077698586097946 0.7262221271721959
1 0.6560236887835703 0.42863519194312794 0.6545799707740917 0.4499279407582939 0.6517278886255924 0.4543936169036335 0.6541883759873618 0.4574320655608215 0.6685785671406004 0.4716523815165876 0.6746979336492891 0.47388403317535543 0.6873494968404423 0.47441952606635074 0.6980359684044234 0.46720319589257503 0.6998099494470774 0.44276819747235385 0.6913527582938389 0.4287743451816745 0.6710508009478673 0.4179038799368089 0.6624096153238547 0.41699565481832546 0.6524874723538704 0.420718237756714 0.6560236887835703 0.42863519194312794
1 0.6780004573459716 0.31022051105845183 0.6958018301737757 0.32599071642969984 0.7044430157977882 0.3268989415481833 0.7084722559241706 0.31501170695102687 0.7056178009478673 0.3043865671406003 0.6863278696682464 0.28766566666666665 0.67516486492891 0.28808086887835704 0.6780004573459716 0.31022051105845183
1 0.6209775552922591 0.2557785007898894 0.6252167685624013 0.26456358372827804 0.6342306864139021 0.26948218641390204 0.6453960631911533 0.2841578009478673 0.6577786935229069 0.2834736666666667 0.6607109699842022 0.2631316129541864 0.6533295078988941 0.254016266192733 0.6325722519747236 0.2399209849921011 0.6207062511848341 0.23946805845181673 0.6209775552922591 0.2557785007898894
1 0.33694363428120067 0.15086962006319116 0.3741127606635071 0.15239353159557664 0.385584794628752 0.14525976777251184 0.3910813586097946 0.1307469131121643 0.36087849210110584 0.12717534360189572 0.34678083965244866 0.13284178357030016 0.3359504707740916 0.14520555213270142 0.33694363428120067 0.15086962006319116
2 0.5495527156398105 0.2439031263823065 0.5572432069510269 0.24629990995260664 0.5691092077409162 0.246752836492891 0.577894290679305 0.24251362401263823 0.5687765726698263 0.23480427014218008 0.5610035150078989 0.23319304818325434 0.5454998696682465 0.23712323222748816 0.5495527156398105 0.2439031263823065
1 0.11230376145339652 0.4556774020537125 0.11724597077409163 0.46533061295418643 0.1265075860979463 0.467892528436019 0.1294634691943128 0.46621760347551344 0.13433960347551344 0.45005105845181675 0.13896566745655609 0.4211503846761453 0.12533743127962085 0.3883455055292259 0.11961203159557662 0.3937005442338073 0.11512986492890996 0.4174537804107425 0.11230376145339652 0.4556774020537125
2 0.1450566832543444 0.374533275671406 0.15543412480252766 0.37403550789889417 0.16446690600315955 0.3674396082148499 0.1650448672985782 0.36194067219589254 0.15778843996840441 0.35919239020537125 0.15125624407582938 0.3608885497630332 0.14216213191153237 0.37184632464454975 0.1450566832543444 0.374533275671406
2 0.12258689099526067 0.5127521469194313 0.1323038056872038 0.5185388775671407 0.13674824723538703 0.5178146469194314 0.13889733333333332 0.5124808420221169 0.1351134194312796 0.5069205750394945 0.12217168957345971 0.5015891421800948 0.12258689099526067 0.5127521469194313
0 0.7462074842022117 0.235582602685624 0.7455469565560822 0.2418671011058452 0.7578305308056872 0.26857384755134284 0.7579579375987362 0.2900317282780411 0.7841764052132701 0.3277339755134281 0.8077102938388626 0.3834215900473934 0.8120934036334914 0.3870592345971564 0.8113503104265404 0.3941292954186414 0.8214399581358609 0.40392640442338074 0.8233838151658768 0.4081019139020537 0.820614298578199 0.4117820276461296 0.82570040521327 0.4162878001579779 0.827356467614534 0.4307581856240127 0.8355022575039495 0.436379785150079 0.8412512638230648 0.4496918751974724 0.8410885039494471 0.46635381595576614 0.8507653214849922 0.4800787361769352 0.8513456548183255 0.4896706161137441 0.8609800039494471 0.4962429091627172 0.8564742306477093 0.5013290157977883 0.8570545639810426 0.5109208949447078 0.8656344186413902 0.5161909960505529 0.8790479368088469 0.4981419249605056 0.8757759091627172 0.46126296524486576 0.8801566469194313 0.449809794628752 0.8758136334913112 0.43823396050552926 0.8743604281200632 0.39916344549763033 0.8673729328593998 0.3976347898894155 0.871713574249605 0.3941198072669826 0.8719188033175356 0.3846104936808847 0.8670355529225907 0.35550459083728275 0.8577290963665086 0.3306992330173776 0.8516309644549762 0.33204389415481833 0.8439192385466034 0.32607079699842023 0.84633725671406 0.32195661848341234 0.8467925552922592 0.3251814336492891 0.8552473744075829 0.3240844707740916 0.8522678846761454 0.30709226619273305 0.8434828017377567 0.3113314786729858 0.836948233807267 0.2979368222748815 0.8282457164296998 0.3013904731437599 0.8310977993680886 0.2969247969984202 0.8267972551342813 0.29250159004739335 0.8318408925750396 0.28985473617693525 0.8318809897314376 0.2819165473933649 0.8233011358609795 0.2766464462875197 0.8191256263823065 0.2785903033175356 0.8174507014218009 0.275634420221169 0.8241692638230649 0.2759434494470774 0.8299772290679305 0.2698028483412322 0.808866102685624 0.2401826879936809 0.7944358143759873 0.2339005616113744 0.7776889360189574 0.21943254818325433 0.7714044375987362 0.2187720205371248 0.7776276042654028 0.2237944233807267 0.7757899194312796 0.23750048104265403 0.7658441698262243 0.2225559344391785 0.7675591919431279 0.21757362875197472 0.7523433412322275 0.21120893601895735 0.747547401263823 0.211499102685624 0.7473209375987362 0.21743210347551345 0.7403546777251185 0.2194797606635071 0.7462074842022117 0.235582602685624
0 0.6023244304897315 0.0818649439178515 0.6443343380726698 0.10534213112164297 0.725919644549763 0.18301600236966825 0.7634638759873618 0.2036411074249605 0.7927396548183254 0.22736836492890994 0.7949099755134281 0.2256108736176935 0.742638172985782 0.14863525513428122 0.7034992101105845 0.10917788862559243 0.6788967085308057 0.09388421563981042 0.6490854375987362 0.08280852132701422 0.6120389731437599 0.07256085860979464 0.5977337195892576 0.0726457962085308 0.6023244304897315 0.0818649439178515
1 0.7408858807266983 0.7056106848341233 0.7448136927330173 0.706023515007899 0.7548184020537125 0.7015153696682465 0.7589726769352291 0.6959951990521327 0.7598809020537125 0.6873540134281201 0.7493170932069511 0.6858465924170616 0.7405957140600316 0.7008147456556082 0.7408858807266983 0.7056106848341233
1 0.40354181121642974 0.09909558530805687 0.4160282424960505 0.10120220221169035 0.4257852543443918 0.09905074407582938 0.4456083064770932 0.0880292654028436 0.44903835071090054 0.07806465244865718 0.44248491943127966 0.07618449921011058 0.41643869984202214 0.08218357503949447 0.40300394707740916 0.09665633175355451 0.40354181121642974 0.09909558530805687
1 0.42607542101105844 0.1038466840442338 0.4465000410742496 0.10599339810426542 0.45022025197472354 0.10082472511848342 0.46925774170616114 0.08972068088467615 0.4705386998420221 0.0850898728278041 0.4688637748815166 0.0821339897314376 0.4515814036334913 0.08031753949447078 0.44083360110584513 0.0918957448657188 0.4257852543443918 0.09905074407582938 0.42607542101105844 0.1038466840442338