1 0.5339618152542372 0.6042243652542373 0.5089482000000001 0.5770290042372881 0.49690581949152546 0.5719037669491526 0.48098091525423736 0.5744296677966102 0.2696341355932203 0.7363917177966102 0.26388881355932203 0.7425343915254237 0.2645088983050847 0.7484340983050848 0.2745315516949152 0.7627189364406779 0.2929595745762712 0.7799549008474576 0.3041819220338983 0.7813317618644068 0.3131871389830509 0.7778288983050848 0.3969422449152542 0.7315323525423728 0.4917450754237288 0.6687363830508475 0.5117980177966102 0.6487340949152542 0.5368622864406779 0.6358742262711865 0.5397476110169492 0.6227890813559323 0.5339618152542372 0.6042243652542373
1 0.7458299161016949 0.5120818262711865 0.7348530813559322 0.5008797161016949 0.7271791618644068 0.5008341525423728 0.7160884169491525 0.5088168415254237 0.6486758059322034 0.576829177118644 0.6463675466101695 0.587297293220339 0.6566559508474576 0.604110577118644 0.6701612305084745 0.6150469372881356 0.6839575872881356 0.6084841271186441 0.7387482076271187 0.5541542389830508 0.7495959847457627 0.5398061432203389 0.7516157118644068 0.5306465423728813 0.7458299161016949 0.5120818262711865
1 0.7432355466101696 0.6495467372881356 0.7369384872881356 0.6382788254237288 0.7299529983050846 0.6326220872881356 0.7249846906779661 0.6339964033898305 0.6642057805084746 0.6881035610169491 0.6571291627118644 0.6977946635593221 0.6593893127118644 0.7111911220338982 0.6683261830508475 0.7191991389830509 0.6811455771186441 0.7195560177966102 0.7242228237288136 0.6834997669491525 0.7439214322033898 0.6601262186440678 0.7432355466101696 0.6495467372881356
1 0.3052125720338983 0.1506504466101695 0.29527595762711867 0.15339907881355933 0.27431439830508475 0.1688101745762712 0.2893230525423729 0.2102650474576271 0.32942639152542375 0.18645112711864406 0.3052125720338983 0.1506504466101695
1 0.2982087805084746 0.8258440355932203 0.28971482711864405 0.8220500949152542 0.25094532966101696 0.8261249330508474 0.24174016440677967 0.8317791262711864 0.2440458788135593 0.8375016652542373 0.2670423110169492 0.8576659728813559 0.30217479830508476 0.851417022881356 0.31605973813559324 0.8456970288135593 0.2982087805084746 0.8258440355932203
1 0.24321069830508477 0.7890182838983051 0.23258819745762713 0.781187433898305 0.21322368559322033 0.7955785483050848 0.2264176508474576 0.8116603830508474 0.2501506237288135 0.8023489415254237 0.24321069830508477 0.7890182838983051
1 0.37349768305084746 0.8814142144067796 0.35624402627118645 0.8712978881355932 0.3191373771186441 0.8790325194915253 0.33973951186440676 0.8926314720338984 0.375714813559322 0.8862939389830508 0.37349768305084746 0.8814142144067796
1 0.6479770737288135 0.7890819067796611 0.6394831211864407 0.7852879661016949 0.5525111389830509 0.8374614355932203 0.5669478177966102 0.849152027118644 0.5728475237288135 0.848531943220339 0.6208019499999999 0.8264492161016949 0.6581996762711865 0.8012154152542372 0.6479770737288135 0.7890819067796611
1 0.8842819686440679 0.4429938872881356 0.8795136101694916 0.4422168737288136 0.8644061932203391 0.4646818059322034 0.8563298305084746 0.48512955593220336 0.8596985466101695 0.500965877118644 0.8652641559322034 0.509328227118644 0.8694782322033898 0.5088853101694915 0.8758006177966102 0.500125606779661 0.8914420805084745 0.46652691016949155 0.8842819686440679 0.4429938872881356
1 0.8864713499999999 0.3422129457627119 0.8803514576271187 0.3326306644067797 0.8737203016949152 0.3303451872881356 0.8617183957627119 0.3499273406779661 0.872626883898305 0.3726403305084746 0.8783266406779661 0.37417157627118647 0.889108616101695 0.3551437059322034 0.8864713499999999 0.3422129457627119
1 0.8613261322033898 0.30565803474576275 0.8511921127118645 0.2943673406779661 0.8428525449152543 0.2960959906779661 0.8341788805084747 0.3068070745762712 0.8377703271186441 0.3166551059322034 0.849767143220339 0.32945426355932206 0.8577523779661016 0.3243543525423729 0.8636090644067798 0.3152175338983051 0.8613261322033898 0.30565803474576275
1 0.9207559313559323 0.36843388898305085 0.9135932754237287 0.36109152118644067 0.9059826118644067 0.3819163872881356 0.9125454211864408 0.3957127440677966 0.917579529661017 0.3990182033898305 0.9223732152542373 0.37976760254237285 0.9207559313559323 0.36843388898305085
1 0.5143167720338983 0.14571522288135594 0.4951117347457627 0.13324761779661018 0.4736642398305085 0.13592790338983052 0.4741957406779661 0.1409847940677966 0.4909381330508475 0.1583979245762712 0.5132942449152543 0.1603088313559322 0.5211908957627119 0.1543661059322034 0.5143167720338983 0.14571522288135594
1 0.5411122355932203 0.12500426779661017 0.5203303881355933 0.12591033898305085 0.5217047042372881 0.13087864661016949 0.5453667855932204 0.1492687406779661 0.5648401177966101 0.148074136440678 0.5669256457627119 0.1435943101694915 0.5411122355932203 0.12500426779661017
1 0.5983781025423729 0.12665451355932203 0.5784188338983051 0.11511830677966103 0.5618738449152542 0.11174450084745761 0.5532457440677966 0.11478166525423729 0.5824076330508474 0.1368543338983051 0.5928757491525424 0.139162593220339 0.6053408101694915 0.13614821101694916 0.5983781025423729 0.12665451355932203
1 0.5243065855932204 0.08672070677966101 0.5054761194915254 0.08997805677966102 0.5260782550847457 0.10357701016949153 0.5463944025423729 0.10229382203389831 0.5477256991525424 0.09874539491525423 0.5243065855932204 0.08672070677966101
1 0.5018593457627119 0.10015763983050847 0.48143183305084747 0.1044349720338983 0.5029653669491526 0.11878815677966102 0.5246128110169492 0.11395654237288134 0.5018593457627119 0.10015763983050847
1 0.4675241101694915 0.11399192627118643 0.4539960483050847 0.10689252627118644 0.4368512127118644 0.10997271016949152 0.4363627313559322 0.11343255423728814 0.4499565949152543 0.12521172881355933 0.4660586661016949 0.12437145932203389 0.47244685338983056 0.12029153050847458 0.4675241101694915 0.11399192627118643
1 0.4389823050847457 0.09781896355932204 0.42946837033898305 0.09242797627118644 0.41250070169491526 0.09719378983050847 0.420594756779661 0.10529038983050848 0.4398023381355932 0.1015673406779661 0.4389823050847457 0.09781896355932204
1 0.4650893381355932 0.08271918220338983 0.45140434661016954 0.0862878466101695 0.46650667288135594 0.09620422457627119 0.4831858093220339 0.09274692542372881 0.4650893381355932 0.08271918220338983
1 0.49068510762711864 0.07491620423728813 0.4796171449152542 0.07906193389830508 0.4909938771186441 0.0859613847457627 0.5059873830508475 0.08268125254237288 0.49068510762711864 0.07491620423728813
1 0.42314852881355935 0.08499702457627119 0.4155859745762712 0.08195731525423729 0.39693267542372884 0.08690029576271187 0.40578096186440676 0.09406549745762711 0.42405714576271186 0.08958821610169491 0.42314852881355935 0.08499702457627119
1 0.4524040915254237 0.07553119830508474 0.44353302288135593 0.07220295762711865 0.42825098389830507 0.07679160423728813 0.43962771610169493 0.08369105508474575 0.45453263898305085 0.07956810762711865 0.4524040915254237 0.07553119830508474
1 0.4830567516949153 0.06719672033898305 0.47334286779661017 0.06395706186440678 0.4572180144067796 0.06863429237288136 0.47205459067796607 0.07602222457627118 0.48611669830508475 0.07198786101694916 0.4830567516949153 0.06719672033898305
2 0.4717987754237289 0.2924890296610169 0.4589996186440678 0.3044858466101695 0.45944253559322035 0.30869992203389834 0.4710419991525424 0.30961108389830505 0.4938891372881356 0.29187149067796614 0.4717987754237289 0.2924890296610169
1 0.28627837542372886 0.10832997711864407 0.2700421559322034 0.11600135169491525 0.2654484194915254 0.13310062372881357 0.2854330152542373 0.12460921525423728 0.28818419152542374 0.11835517542372882 0.28627837542372886 0.10832997711864407
1 0.20640772881355932 0.8401794059322034 0.19449695084745763 0.8444137186440678 0.20658235084745763 0.8580556915254237 0.2199788093220339 0.8557955406779661 0.20640772881355932 0.8401794059322034
1 0.17886566779661017 0.8132497949152543 0.17014898389830507 0.8154441440677966 0.17076906779661016 0.82134385 0.18174590254237288 0.8325459601694915 0.19083970254237287 0.8298859118644067 0.17886566779661017 0.8132497949152543
1 0.5848948720338982 0.9631548050847458 0.5687700186440678 0.9678320355932203 0.5812553161016949 0.9771713483050848 0.5938089601694915 0.9749997822033899 0.5958944889830509 0.9705199559322033 0.5848948720338982 0.9631548050847458
1 0.625861263559322 0.9516059957627118 0.6172787271186441 0.9469692398305084 0.5997339932203389 0.9543520830508474 0.6114650593220339 0.9646227940677966 0.6290755949152542 0.9619197271186442 0.6304954745762712 0.9592141144067796 0.625861263559322 0.9516059957627118
1 0.6576250347457627 0.9295207245762711 0.6527680923728814 0.9279008957627118 0.6347576593220339 0.9349066220338984 0.6322064322033899 0.9390093330508474 0.6413204686440678 0.948702979661017 0.6618593474576271 0.941431502542373 0.6576250347457627 0.9295207245762711
1 0.7077080076271187 0.9114749067796609 0.7029396491525424 0.9106978932203389 0.6890547084745763 0.9164178872881354 0.6841522025423729 0.9224719788135594 0.6906492110169491 0.9315885610169491 0.6990773627118644 0.9307027262711864 0.707351129661017 0.9242943016949152 0.7087937915254238 0.9177517288135594 0.7077080076271187 0.9114749067796609
1 0.7467685830508475 0.8899008991525424 0.7289353169491526 0.8985922559322035 0.7256298576271186 0.9036263652542373 0.7293984711864407 0.9151600271186442 0.7333240144067796 0.9160256245762712 0.7445033432203391 0.90888575 0.7475658338983051 0.8974862355932204 0.7467685830508475 0.8899008991525424
1 0.7429062957627118 0.9099057322033898 0.7307955694915254 0.9162913745762711 0.7322356864406779 0.9259394576271186 0.7459206779661017 0.9223707923728814 0.7490717525423729 0.911814093220339 0.7429062957627118 0.9099057322033898
1 0.7143138364406779 0.9337879991525423 0.7077712644067796 0.9323453372881356 0.6948177220338982 0.938819563559322 0.6931093101694915 0.9428336898305085 0.6975663542372881 0.9487561788135593 0.7034660601694915 0.9481360940677965 0.712382693220339 0.9437904161016949 0.7143796381355932 0.9384677745762711 0.7143138364406779 0.9337879991525423
1 0.6736131957627118 0.9478652542372882 0.6594625050847458 0.9510568033898306 0.6538057669491526 0.9580422923728813 0.6607912567796611 0.9636990305084746 0.6788016889830508 0.9566933042372882 0.6736131957627118 0.9478652542372882
1 0.6471062644067797 0.9672676949152543 0.6412293406779661 0.9640508194915254 0.6262358347457627 0.9673309516949152 0.6219989762711865 0.9716108288135594 0.6309358466101694 0.9796188457627117 0.6481920483050848 0.9735445169491524 0.6471062644067797 0.9672676949152543
1 0.7460092610169492 0.9232136076271187 0.73474135 0.9295106669491526 0.7314358906779661 0.9345447762711865 0.7328102059322034 0.939513083898305 0.7480036610169492 0.9340816211864406 0.7504005042372881 0.9244563211864407 0.7460092610169492 0.9232136076271187
3 0.22026795254237286 0.14509234999999998 0.2121941347457627 0.14934944491525423 0.1801848508474576 0.18125996610169492 0.14185063559322034 0.23812084576271186 0.1415393211864407 0.24326631949152544 0.12121808389830509 0.27693081694915256 0.10262549576271186 0.31893488305084744 0.08718143813559323 0.36657290508474577 0.07071230847457627 0.4449951898305085 0.06582494915254238 0.4957842855932203 0.06577429491525424 0.5358395152542372 0.07507555677966102 0.6243351076271186 0.08952738305084747 0.6807607050847457 0.10783895084745762 0.7333721237288136 0.12003317118644068 0.7602106059322034 0.12748436016949152 0.7662444601694915 0.13271587288135592 0.7835892449152543 0.13719569915254237 0.7856747728813559 0.14506702288135595 0.7997596627118644 0.15686643559322033 0.7985194940677967 0.16278892372881354 0.79406245 0.16119442118644067 0.7788917771186441 0.16751680762711865 0.7701320737288135 0.18627892796610168 0.7783856033898305 0.19209004999999998 0.7769227042372882 0.19841243644067796 0.7681630008474576 0.1794807847457627 0.7096518762711864 0.18476295169491527 0.6869414305084746 0.1806932025423729 0.6157906228813559 0.18300146186440677 0.6053225076271187 0.17504167711864407 0.4485158669491526 0.16781576355932204 0.4203030686440678 0.1732295338983051 0.4069521737288136 0.17372564999999998 0.35492036440677965 0.17923054745762712 0.326221629661017 0.17754746271186442 0.31020814152542375 0.19246256440677967 0.24132257372881355 0.19082249830508474 0.23382582118644069 0.2223965 0.14912925932203389 0.22026795254237286 0.14509234999999998
3 0.5262038881355932 1 0.5697947872881356 0.9954184118644068 0.5659935152542372 0.9941136906779662 0.5174696593220339 0.9702414805084746 0.49187643474576265 0.9618538033898305 0.38324695169491524 0.9417425728813559 0.3620449694915254 0.9345976084745763 0.33968885762711865 0.9326867025423728 0.30708736186440677 0.9224792474576271 0.2929366711864407 0.9256707957627119 0.28991974406779664 0.9293963906779661 0.28064877711864405 0.9303708084745762 0.2768345991525424 0.9265110661016949 0.25033021355932206 0.9297228525423729 0.2574700872881356 0.9409021805084745 0.27935795508474576 0.9586266262711864 0.28590052711864405 0.9600692881355932 0.29612312966101695 0.9722027966101695 0.3030428177966102 0.9731797601694915 0.30796556101694916 0.979479363559322 0.3131996194915254 0.980633493220339 0.3172795474576271 0.9870216813559323 0.36253824152542374 1 0.5262038881355932 1