1 0.2640625 0.702734375 0.26875 0.683984375 0.26328125 0.655078125 0.251953125 0.64296875 0.235546875 0.63828125 0.22890625 0.647265625 0.2265625 0.666015625 0.2234375 0.670703125 0.22734375 0.700390625 0.241015625 0.71875 0.255078125 0.725 0.26328125 0.725390625 0.2671875 0.721484375 0.2640625 0.702734375
1 0.3578125 0.644140625 0.3671875 0.616796875 0.365625 0.580078125 0.359765625 0.571875 0.353515625 0.56875 0.324609375 0.56640625 0.31953125 0.569140625 0.3140625 0.580078125 0.30546875 0.612109375 0.30546875 0.646484375 0.312109375 0.65546875 0.319140625 0.659375 0.332421875 0.66328125 0.34921875 0.663671875 0.35703125 0.659765625 0.3578125 0.644140625
1 0.6734375 0.662109375 0.6796875 0.642578125 0.68046875 0.604296875 0.684375 0.601171875 0.676171875 0.58671875 0.660546875 0.5828125 0.649609375 0.58359375 0.633984375 0.58828125 0.6296875 0.592578125 0.625 0.604296875 0.62109375 0.662890625 0.62265625 0.670703125 0.62890625 0.671484375 0.659765625 0.6703125 0.6734375 0.662109375
1 0.5375 0.496484375 0.54375 0.485546875 0.54296875 0.457421875 0.537890625 0.45234375 0.527734375 0.44921875 0.490234375 0.45078125 0.47890625 0.460546875 0.48515625 0.466796875 0.48515625 0.471484375 0.47734375 0.494140625 0.47421875 0.525390625 0.477734375 0.52890625 0.53203125 0.530078125 0.53671875 0.524609375 0.5375 0.496484375
1 0.753125 0.523046875 0.75390625 0.478515625 0.742578125 0.47109375 0.733203125 0.4703125 0.721875 0.477734375 0.71796875 0.526953125 0.725390625 0.5328125 0.74453125 0.533984375 0.75 0.531640625 0.753125 0.523046875
1 0.6578125 0.404296875 0.65 0.374609375 0.631640625 0.36171875 0.616015625 0.3640625 0.61171875 0.369140625 0.615625 0.412109375 0.653125 0.418359375 0.6578125 0.412890625 0.6578125 0.404296875
1 0.626953125 0.25546875 0.610546875 0.2515625 0.6046875 0.255078125 0.60390625 0.267578125 0.607421875 0.271875 0.63203125 0.276953125 0.634375 0.267578125 0.626953125 0.25546875
1 0.50234375 0.271484375 0.498046875 0.25625 0.477734375 0.25546875 0.46171875 0.269140625 0.46015625 0.287109375 0.46796875 0.290234375 0.49609375 0.287890625 0.50234375 0.271484375
1 0.3609375 0.388671875 0.37734375 0.356640625 0.378125 0.348046875 0.372265625 0.33828125 0.348828125 0.34140625 0.32890625 0.365234375 0.3203125 0.388671875 0.324609375 0.396875 0.33359375 0.397265625 0.351171875 0.39453125 0.3609375 0.388671875
1 0.4484375 0.251171875 0.4484375 0.240234375 0.444921875 0.2375 0.434765625 0.2375 0.419140625 0.24375 0.41015625 0.258203125 0.411328125 0.26484375 0.41875 0.265234375 0.439453125 0.2625 0.4484375 0.251171875
1 0.329296875 0.290625 0.3421875 0.275390625 0.34375 0.266796875 0.337890625 0.26484375 0.322265625 0.26953125 0.30859375 0.284765625 0.3046875 0.292578125 0.30703125 0.298046875 0.321484375 0.2953125 0.329296875 0.290625
3 0.216015625 0.34609375 0.231640625 0.340625 0.258203125 0.3140625 0.26875 0.311328125 0.27265625 0.300390625 0.28359375 0.291015625 0.283203125 0.26171875 0.273046875 0.259375 0.255859375 0.26796875 0.243359375 0.2671875 0.2234375 0.276953125 0.21796875 0.283203125 0.2125 0.298046875 0.2046875 0.305859375 0.1984375 0.344921875 0.20546875 0.346484375 0.210546875 0.34296875 0.216015625 0.34609375
3 0.360546875 0.20859375 0.364453125 0.2125 0.377734375 0.20859375 0.391015625 0.19453125 0.4046875 0.188671875 0.39453125 0.184765625 0.39375 0.172265625 0.390234375 0.16640625 0.380078125 0.16953125 0.373046875 0.1671875 0.361328125 0.18515625 0.331640625 0.19609375 0.3140625 0.212109375 0.30859375 0.219921875 0.309375 0.227734375 0.323046875 0.2296875 0.32421875 0.240234375 0.33046875 0.241796875 0.3453125 0.231640625 0.360546875 0.20859375
3 0.427734375 0.18203125 0.4328125 0.173828125 0.435546875 0.159375 0.440234375 0.16875 0.455859375 0.1640625 0.4609375 0.157421875 0.46015625 0.154296875 0.443359375 0.14765625 0.439453125 0.15859375 0.435546875 0.153125 0.430078125 0.15234375 0.412890625 0.15625 0.383203125 0.16875 0.390625 0.173046875 0.3890625 0.180078125 0.38515625 0.180859375 0.39296875 0.187109375 0.390625 0.192578125 0.39296875 0.194140625 0.412109375 0.18984375 0.427734375 0.18203125
3 0.525390625 0.13828125 0.53125 0.129296875 0.504296875 0.128125 0.4703125 0.137109375 0.471484375 0.1453125 0.48984375 0.145703125 0.513671875 0.14296875 0.525390625 0.13828125
1 0.80390625 0.373046875 0.797265625 0.365625 0.776953125 0.35078125 0.766796875 0.3484375 0.75546875 0.350390625 0.75546875 0.362109375 0.762890625 0.37109375 0.772265625 0.37734375 0.8 0.384765625 0.80546875 0.380078125 0.80390625 0.373046875
1 0.87578125 0.491015625 0.8703125 0.474609375 0.862890625 0.47109375 0.85859375 0.477734375 0.859375 0.495703125 0.86640625 0.521484375 0.8734375 0.523046875 0.87890625 0.517578125 0.87578125 0.491015625
1 0.8328125 0.403515625 0.812109375 0.384375 0.801953125 0.384375 0.79453125 0.388671875 0.796875 0.401953125 0.801953125 0.40859375 0.810546875 0.41328125 0.820703125 0.41171875 0.83203125 0.415234375 0.834375 0.412109375 0.8328125 0.403515625
0 0.0984375 0.619921875 0.1015625 0.608984375 0.10078125 0.596484375 0.10703125 0.576953125 0.10859375 0.549609375 0.1140625 0.543359375 0.115625 0.494140625 0.117578125 0.49140625 0.126953125 0.49296875 0.13046875 0.490234375 0.134375 0.469921875 0.14609375 0.447265625 0.15 0.432421875 0.165625 0.406640625 0.1734375 0.389453125 0.1734375 0.383203125 0.17734375 0.380859375 0.175 0.376953125 0.1796875 0.361328125 0.17578125 0.355859375 0.1828125 0.338671875 0.18203125 0.330078125 0.157421875 0.3265625 0.1546875 0.336328125 0.149609375 0.33984375 0.14375 0.326171875 0.15234375 0.317578125 0.16328125 0.276171875 0.181640625 0.23046875 0.153515625 0.25078125 0.11796875 0.285546875 0.0984375 0.331640625 0.09609375 0.344140625 0.0984375 0.349609375 0.08984375 0.360546875 0.08359375 0.393359375 0.078125 0.403515625 0.06953125 0.466015625 0.0703125 0.544921875 0.0859375 0.629296875 0.09140625 0.638671875 0.09375 0.619921875 0.0984375 0.619921875
0 0.91171875 0.644140625 0.92890625 0.555859375 0.93203125 0.511328125 0.93046875 0.455078125 0.915625 0.371484375 0.89375 0.305859375 0.88046875 0.281640625 0.844140625 0.246875 0.808984375 0.21953125 0.764453125 0.190625 0.744140625 0.18203125 0.741015625 0.18671875 0.7296875 0.187109375 0.740625 0.222265625 0.76484375 0.251171875 0.76953125 0.266796875 0.77578125 0.271484375 0.79140625 0.298828125 0.8125 0.321484375 0.85 0.404296875 0.8734375 0.477734375 0.8828125 0.529296875 0.88828125 0.591796875 0.8875 0.640234375 0.878125 0.710546875 0.8796875 0.716015625 0.890625 0.701171875 0.91171875 0.644140625