1 0.6732067582938389 0.23619155292259084 0.6761949502369669 0.23199780331753556 0.6732430671406003 0.2128597393364929 0.6621980932069511 0.20476665007898895 0.6474174605055292 0.2000371627172196 0.6433907464454977 0.20140807819905213 0.6412773949447077 0.219094224328594 0.6441019052132702 0.22557003791469193 0.6696777969984202 0.23561112085308059 0.6732067582938389 0.23619155292259084
1 0.6903689060031596 0.3086740766192733 0.6861667709320696 0.2681142085308057 0.6744156698262244 0.25840216508688785 0.6509168214849921 0.2540067488151659 0.6478872898894155 0.2589893048973144 0.6464817424960505 0.2858087393364929 0.6497643436018957 0.29863634755134283 0.6655008183254345 0.30776628278041074 0.6822741390205371 0.31220471563981045 0.6903689060031596 0.3086740766192733
1 0.6801362180094787 0.4058230213270142 0.6865276753554502 0.39706178909952605 0.6889633586097946 0.3354935118483412 0.6847679320695103 0.3249909842022117 0.6715632361769353 0.3128298404423381 0.6544575221169037 0.30718752764612955 0.6402176579778831 0.30723222195892574 0.6329547148499209 0.3175297282780411 0.6286933799368088 0.3837481682464455 0.6394903159557662 0.39657409952606637 0.6663527669826225 0.4047051745655608 0.6801362180094787 0.4058230213270142
1 0.6556854684044234 0.6007030197472354 0.6711258586097947 0.5852972606635071 0.68729862164297 0.5030926311216429 0.6906605473933649 0.4993139549763034 0.691694037914692 0.4795937819905213 0.6884527772511848 0.46597736650868876 0.6781966105845182 0.4579256169036335 0.6626271706161138 0.45315478988941554 0.6419941721958926 0.45444637993680886 0.6331122748815166 0.4654500142180095 0.6066503909952606 0.5779633775671406 0.609974330963665 0.5900021793048973 0.6148742077409163 0.5946093246445497 0.6426081453396525 0.6012041263823065 0.6556854684044234 0.6007030197472354
1 0.5783813025276461 0.7777845924170617 0.5903357480252764 0.7685239304897314 0.6165596571879937 0.705829420221169 0.622412022906793 0.6998083428120063 0.6268487780410742 0.6755206872037915 0.619083051342812 0.6652265347551343 0.5908927006319116 0.6597942740916272 0.5692641974723539 0.6649885600315956 0.5565209454976303 0.6742078823064771 0.5475580466034755 0.6943034652448657 0.5434486532385466 0.6972519944707741 0.5429939178515008 0.7059288704581359 0.5232044826224329 0.7665876769352291 0.5247010939968404 0.7757623048973145 0.5360767843601896 0.7775449399684045 0.5783813025276461 0.7777845924170617
1 0.5263021872037915 0.8810456793048973 0.5528651982622432 0.8496123909952606 0.5582594739336493 0.8372395181674566 0.547090481042654 0.8315128491311217 0.5218486603475513 0.8301899810426541 0.49619344312796204 0.836755182464455 0.486440060821485 0.8492950908372828 0.47320240995260665 0.8754944312796209 0.4795972211690363 0.8817618696682465 0.49495828593996843 0.8829623957345971 0.5263021872037915 0.8810456793048973
1 0.4116341319115324 0.8730587480252765 0.4154094541864139 0.8613920023696683 0.4247064241706161 0.85001463507109 0.42354220695102685 0.8420438870458137 0.41013081200631907 0.8338267780410742 0.3945613720379147 0.8290559510268563 0.36695313112164296 0.827609064770932 0.35923545181674565 0.8465834470774092 0.35840865955766193 0.8623595845181674 0.39893054265402844 0.8739749273301738 0.4116341319115324 0.8730587480252765
1 0.4482695039494471 0.7701747488151659 0.4620082614533965 0.7570527314375988 0.46482606398104265 0.7334712037914691 0.4742436982622433 0.7046987448657188 0.4845361737756714 0.6894186816745655 0.4866065086887836 0.6650070078988941 0.4757682330173776 0.6529698830963665 0.4241203736176935 0.6423533996840443 0.408013518957346 0.6478370624012638 0.4025348870458136 0.6542732132701422 0.3985942069510269 0.6690951864139021 0.3905407796208531 0.6718370173775672 0.39722664533965246 0.6800971429699841 0.38196335387045816 0.7449480213270142 0.39039386887835703 0.757649933649289 0.41518095418641393 0.7676496777251185 0.4312894857819905 0.769680349921011 0.4482695039494471 0.7701747488151659
1 0.5161806042654028 0.5459334739336493 0.5264334162717219 0.5389565537124802 0.5282970537124803 0.5184889139020538 0.5524852590837283 0.44935993048973144 0.5529779802527646 0.4248655766192733 0.544382106635071 0.4153188917851501 0.5233323578199052 0.40946988072669827 0.49086725592417063 0.41014137677725115 0.4798669763033175 0.4162881508688784 0.4753028475513428 0.4279135560821485 0.46625391469194316 0.4345580829383886 0.4714861856240127 0.4403691082148499 0.4712794881516587 0.4443131429699842 0.46509640600315955 0.4566446753554503 0.4505772266982623 0.5072970300157977 0.4502498641390206 0.5286361556082149 0.4572681240126382 0.5381001619273302 0.48815728909952605 0.5448603214849921 0.5161806042654028 0.5459334739336493
1 0.5715568270142181 0.3344818230647709 0.5777002464454977 0.3304534320695103 0.5891055371248025 0.2788469131121643 0.5851598254344391 0.27112587914691944 0.5751120339652448 0.26664442969984203 0.5436424368088467 0.26341323143759876 0.5308578451816746 0.2734213601895734 0.5312745955766193 0.28056196208530804 0.5197419320695102 0.3195062314375987 0.5252652575039495 0.3273099439178515 0.5530405347551343 0.3331159383886256 0.5715568270142181 0.3344818230647709
1 0.5984354612954186 0.22910906161137443 0.6022124605055292 0.22495665165876777 0.6056123712480252 0.2053604984202212 0.6028705402843602 0.19730707030015798 0.5893351271721958 0.1914563823064771 0.5663770473933649 0.1918351477093207 0.5572471129541864 0.20757162243285937 0.5574571650868878 0.2186562590837283 0.5616095750394944 0.22243325829383886 0.5933288862559242 0.22844595023696684 0.5984354612954186 0.22910906161137443
1 0.8348166642969985 0.3747762962085308 0.8345205789889415 0.350240602685624 0.8268771935229068 0.33006569431279625 0.814461304107425 0.31794589099526066 0.8120138807266983 0.3269138214849921 0.8158406050552922 0.3595442812006319 0.8300011437598735 0.3761058720379147 0.8348166642969985 0.3747762962085308
1 0.8127099462875197 0.2834467622432859 0.8108809407582938 0.2730682543443918 0.7924853127962086 0.2543072780410742 0.7886703285939969 0.2742771650868878 0.8059860947867298 0.29100411453396524 0.8127099462875197 0.2834467622432859