1 0.7439249467213115 0.5843839344262295 0.7474122868852459 0.5549795319672131 0.7463564696721311 0.5147542459016393 0.7347216155737705 0.507376487704918 0.7051169704918033 0.5096233573770492 0.66852985 0.5239289704918033 0.6239512442622951 0.532214312295082 0.6045329442622951 0.5598321360655738 0.6004578737704919 0.6412969213114754 0.6027723614754099 0.6454786040983607 0.6133357893442624 0.6483080024590163 0.64206405 0.6476708721311475 0.7052651860655738 0.6228122360655738 0.7159716450819672 0.6215457704918033 0.7175241721311476 0.6240605008196721 0.7358944508196722 0.6029674540983606 0.7439249467213115 0.5843839344262295
1 0.4610555 0.3821756385245902 0.4699571795081967 0.37387468852459016 0.47417787295081965 0.3469564106557377 0.47707488934426234 0.310970018852459 0.47448474508196725 0.2911954467213115 0.4677649286885246 0.2839893262295082 0.4507625426229508 0.27765438770491807 0.3736172680327869 0.2790612737704918 0.36480660983606555 0.2730123967213115 0.3590724008196721 0.2728121532786885 0.34644153442622955 0.28221313524590164 0.32754334754098363 0.28319353934426233 0.2870033942622951 0.2932602573770492 0.2798258786885246 0.2991609016393442 0.2667373147540984 0.3216686475409836 0.25623889426229507 0.3639509663934426 0.2558904180327869 0.38567334918032786 0.25755216721311475 0.39680369672131144 0.26269085000000003 0.4023142606557377 0.29466719590163937 0.40261072704918033 0.31941401721311474 0.39855387459016395 0.33480666393442626 0.4040124278688525 0.3440178073770492 0.39859288606557375 0.41059965409836063 0.3943566016393443 0.4610555 0.3821756385245902
1 0.18174355081967214 0.5713135016393442 0.1588405213114754 0.5578010475409836 0.12452108196721311 0.5541420713114754 0.11748659754098362 0.5559468508196722 0.11674804016393443 0.5653530352459016 0.12082829590163933 0.6011729926229509 0.1334669573770492 0.6385220737704919 0.14975939262295082 0.6534440237704918 0.18464055 0.6645041614754098 0.1893267368852459 0.6712291811475409 0.20167154180327868 0.6700199270491803 0.20394442540983607 0.6401630286885246 0.18174355081967214 0.5713135016393442
1 0.09475522213114754 0.40834230901639346 0.08957232459016394 0.4393278450819672 0.08845148196721311 0.48316789344262295 0.09079457540983606 0.4865304032786885 0.10556829262295082 0.4862261409836065 0.12257588114754098 0.4806687713114754 0.12840631475409836 0.45462687786885253 0.12873659016393443 0.40993905081967213 0.1146390155737705 0.4143677836065574 0.10930529180327868 0.4026991204918033 0.09475522213114754 0.40834230901639346
1 0.8775333237704918 0.6571238975409835 0.8875168336065574 0.6295866893442623 0.8875792483606557 0.6160560352459016 0.8661611278688525 0.630481275409836 0.852695481147541 0.6755305770491803 0.8609730278688524 0.6733591204918032 0.8775333237704918 0.6571238975409835
2 0.3217753467213115 0.1665277270491803 0.343531537704918 0.1541647213114754 0.3449462368852459 0.14888300737704918 0.31895635327868854 0.1533065368852459 0.30872579344262296 0.16443168278688525 0.3093733295081967 0.16937532540983607 0.3217753467213115 0.1665277270491803
1 0.2984666278688524 0.17637600081967214 0.3070848385245902 0.16952579590163935 0.30672099344262294 0.1658135 0.30717326639344267 0.16191695163934425 0.28157866639344264 0.1667643713114754 0.27361058524590165 0.17181723606557378 0.2696239426229508 0.1802898229508197 0.2984666278688524 0.17637600081967214
2 0.28761445901639343 0.7689812155737704 0.2897859155737705 0.777258762295082 0.3058547049180328 0.7868417860655739 0.35273739262295084 0.8065227442622951 0.36790639262295083 0.8066423713114754 0.3541572942622951 0.7893487213114754 0.29911148442622953 0.7685625286885246 0.28851944999999996 0.7665523032786885 0.28761445901639343 0.7689812155737704
2 0.7871414303278689 0.7296373237704918 0.7881033295081967 0.7285178745901639 0.7893037008196722 0.7271761557377049 0.7931845204918033 0.7238929721311474 0.7903317180327869 0.7233832639344263 0.7894839393442623 0.7241738303278689 0.7796538655737705 0.723830556557377 0.7788060868852459 0.7246211237704918 0.776348568032787 0.7245353049180329 0.762107963114754 0.7330599016393443 0.755468762295082 0.7352885704918033 0.7554401557377048 0.736107743442623 0.7557496204918033 0.7389891516393443 0.7585452106557378 0.7411372049180328 0.7588421532786885 0.7406406631147541 0.7607981319672131 0.7374804639344262 0.7620226336065573 0.7354477598360656 0.7701597819672131 0.7336564524590165 0.782238231147541 0.7313109655737705 0.7871414303278689 0.7296373237704918
2 0.7873306836065574 0.7388617286885245 0.7914837598360656 0.7373664139344263 0.7936318131147541 0.734570824590164 0.7921624450819672 0.7311963147540983 0.776373125409836 0.7341040409836066 0.7700793499999999 0.7359597213114754 0.7614331008196722 0.7391168893442623 0.7664621581967214 0.7404455467213115 0.7596351540983607 0.7443580713114755 0.7549382459016394 0.7467307278688524 0.7549538516393443 0.750033681147541 0.7566208032786885 0.7492717204918032 0.7631741860655737 0.7495005696721312 0.7690228196721312 0.7464241221311475 0.7756334147540984 0.745014625409836 0.778995924590164 0.7426715311475409 0.7839395672131148 0.7420239959016394 0.7873306836065574 0.7388617286885245
2 0.7469546401639344 0.18055514262295083 0.7482263090163934 0.17936929262295082 0.7442734754098361 0.17513039836065575 0.7468168122950819 0.17275869836065574 0.746902631147541 0.17030117950819673 0.7457167811475409 0.16902951147540984 0.743259262295082 0.1689436926229508 0.740887562295082 0.16640035573770492 0.733658037704918 0.1620470368852459 0.722246831147541 0.1600082049180328 0.7158078729508197 0.15650266475409838 0.7084353180327868 0.15624520901639344 0.7075875385245902 0.1570357762295082 0.7026725016393442 0.1568641393442623 0.7026438959016393 0.15768331229508195 0.7029533606557378 0.16056471967213115 0.7080920442622951 0.16607528278688524 0.7097303893442624 0.16613249508196723 0.7161407409836065 0.17045720901639344 0.7185982598360656 0.1705430270491803 0.7282566967213114 0.17580133770491804 0.741220431147541 0.1803549 0.7469546401639344 0.18055514262295083
2 0.7196332836065573 0.12916049672131147 0.7196904959016394 0.12752215163934424 0.7173187959016393 0.12497881475409836 0.7215576909836066 0.121025981147541 0.7124089614754098 0.11291486885245901 0.7067605704918033 0.11025710737704918 0.7034838795081967 0.11014268278688526 0.6987118729508197 0.10587518196721311 0.6904915393442623 0.10640829344262295 0.6824142352459017 0.10284554098360656 0.6734033344262295 0.10253087295081967 0.6744747598360655 0.10707923278688525 0.6715933524590164 0.1073886975409836 0.6694739049180327 0.10936511475409837 0.6698119754098361 0.11142734918032786 0.672240887704918 0.11233234098360656 0.6745839819672131 0.11569485 0.6794418065573771 0.11750483278688524 0.691471943442623 0.12530648032786887 0.6988158926229509 0.1263831081967213 0.7133893663934426 0.1318130557377049 0.7166660573770491 0.13192748032786886 0.7196332836065573 0.12916049672131147