1 0.2640625 0.643359375 0.24921875 0.561328125 0.245703125 0.55859375 0.202734375 0.55546875 0.2015625 0.573828125 0.20625 0.608203125 0.21640625 0.655859375 0.22734375 0.687109375 0.239453125 0.70390625 0.277734375 0.71796875 0.28359375 0.717578125 0.27890625 0.687109375 0.2640625 0.643359375
1 0.4359375 0.851171875 0.43828125 0.845703125 0.4296875 0.838671875 0.408203125 0.80390625 0.366015625 0.79296875 0.34765625 0.792578125 0.35703125 0.817578125 0.35703125 0.830078125 0.377734375 0.85625 0.402734375 0.8640625 0.4375 0.865234375 0.43984375 0.862890625 0.4359375 0.851171875
1 0.35078125 0.452734375 0.35390625 0.435546875 0.35234375 0.418359375 0.35703125 0.406640625 0.341796875 0.38125 0.313671875 0.38515625 0.30703125 0.392578125 0.29921875 0.414453125 0.29921875 0.451171875 0.303125 0.455078125 0.309765625 0.45234375 0.35078125 0.452734375
1 0.365625 0.306640625 0.365625 0.294140625 0.361328125 0.2859375 0.345703125 0.28671875 0.33359375 0.291796875 0.325 0.305859375 0.32265625 0.324609375 0.32578125 0.326171875 0.3609375 0.316796875 0.365625 0.306640625
1 0.616015625 0.2796875 0.587890625 0.275 0.5796875 0.281640625 0.57890625 0.293359375 0.589453125 0.3046875 0.62890625 0.310546875 0.6328125 0.298046875 0.616015625 0.2796875
1 0.83828125 0.666796875 0.8421875 0.637109375 0.840234375 0.6328125 0.818359375 0.64140625 0.81171875 0.650390625 0.8078125 0.662890625 0.8078125 0.687109375 0.81328125 0.687890625 0.831640625 0.6765625 0.83828125 0.666796875
1 0.41640625 0.247265625 0.405078125 0.2390625 0.385546875 0.24296875 0.37734375 0.251953125 0.3765625 0.265234375 0.38203125 0.267578125 0.411328125 0.26171875 0.41640625 0.247265625
1 0.3484375 0.262109375 0.346875 0.255078125 0.341796875 0.253125 0.324609375 0.25859375 0.31328125 0.278515625 0.31328125 0.282421875 0.31796875 0.283203125 0.343359375 0.2765625 0.3484375 0.262109375
1 0.530078125 0.2046875 0.509765625 0.20390625 0.503125 0.210546875 0.50390625 0.215234375 0.509765625 0.21953125 0.53515625 0.219921875 0.53671875 0.212890625 0.530078125 0.2046875
1 0.64140625 0.237890625 0.633203125 0.22578125 0.614453125 0.2203125 0.60234375 0.223046875 0.6015625 0.233203125 0.605078125 0.2375 0.634375 0.243359375 0.640234375 0.2421875 0.64140625 0.237890625
1 0.3171875 0.241796875 0.31875 0.232421875 0.310546875 0.23046875 0.300390625 0.23515625 0.2921875 0.247265625 0.29296875 0.251171875 0.29609375 0.251171875 0.312890625 0.24609375 0.3171875 0.241796875
1 0.35625 0.234765625 0.356640625 0.22109375 0.342578125 0.221875 0.3328125 0.227734375 0.3296875 0.241015625 0.33671875 0.241796875 0.350390625 0.2390625 0.35625 0.234765625
1 0.4109375 0.226953125 0.4109375 0.218359375 0.401171875 0.21171875 0.385546875 0.21640625 0.378125 0.230859375 0.378125 0.234765625 0.3828125 0.236328125 0.407421875 0.23203125 0.4109375 0.226953125
1 0.47421875 0.201171875 0.4734375 0.196484375 0.466796875 0.190625 0.452734375 0.19296875 0.4453125 0.200390625 0.448046875 0.20703125 0.45234375 0.206640625 0.470703125 0.20546875 0.47421875 0.201171875
1 0.3640625 0.198828125 0.355859375 0.196875 0.349609375 0.19921875 0.34296875 0.207421875 0.346875 0.211328125 0.359765625 0.20859375 0.3640625 0.198828125
1 0.47421875 0.180859375 0.469140625 0.1765625 0.455859375 0.17734375 0.44921875 0.183984375 0.453515625 0.1875 0.46875 0.187109375 0.47421875 0.184765625 0.47421875 0.180859375
0 0.94609375 0.466796875 0.9484375 0.464453125 0.9484375 0.449609375 0.93828125 0.383203125 0.92109375 0.325390625 0.8984375 0.274609375 0.858984375 0.23125 0.804296875 0.18515625 0.773828125 0.16484375 0.741015625 0.15546875 0.74296875 0.165234375 0.771875 0.204296875 0.78125 0.231640625 0.80390625 0.277734375 0.828125 0.299609375 0.84609375 0.329296875 0.85546875 0.337890625 0.875 0.385546875 0.88359375 0.391796875 0.9046875 0.431640625 0.90703125 0.443359375 0.91171875 0.448828125 0.91171875 0.456640625 0.91796875 0.461328125 0.92109375 0.471484375 0.9328125 0.480859375 0.934375 0.485546875 0.94609375 0.491015625 0.9484375 0.485546875 0.94609375 0.466796875
0 0.07578125 0.581640625 0.0734375 0.575390625 0.07421875 0.535546875 0.078125 0.519921875 0.07734375 0.487109375 0.082421875 0.478125 0.09140625 0.475390625 0.0921875 0.470703125 0.0875 0.466015625 0.09453125 0.443359375 0.098046875 0.44453125 0.1078125 0.434765625 0.11875 0.384765625 0.128125 0.366796875 0.13359375 0.338671875 0.14453125 0.314453125 0.14375 0.308984375 0.15390625 0.282421875 0.152734375 0.275 0.14296875 0.283203125 0.13828125 0.294921875 0.13203125 0.298828125 0.12890625 0.310546875 0.11484375 0.330078125 0.109375 0.357421875 0.102734375 0.3640625 0.098046875 0.3609375 0.0953125 0.363671875 0.1015625 0.369140625 0.094140625 0.37890625 0.091796875 0.37578125 0.086328125 0.3765625 0.08515625 0.382421875 0.076953125 0.38828125 0.07421875 0.384765625 0.0796875 0.380859375 0.08046875 0.367578125 0.084375 0.361328125 0.0828125 0.357421875 0.09296875 0.338671875 0.1015625 0.330078125 0.10078125 0.322265625 0.11328125 0.302734375 0.115625 0.290234375 0.128125 0.266015625 0.12890625 0.260546875 0.126171875 0.259375 0.1171875 0.262890625 0.1171875 0.269140625 0.111328125 0.2796875 0.10546875 0.273828125 0.09921875 0.292578125 0.1 0.301171875 0.094921875 0.30625 0.08984375 0.304296875 0.08125 0.325390625 0.08203125 0.330859375 0.07421875 0.344140625 0.0625 0.391796875 0.06015625 0.405078125 0.06796875 0.408203125 0.062890625 0.4125 0.05859375 0.409765625 0.05859375 0.423828125 0.0546875 0.431640625 0.05 0.480859375 0.0515625 0.545703125 0.05859375 0.593359375 0.06875 0.601171875 0.07265625 0.597265625 0.07578125 0.581640625
0 0.109375 0.320703125 0.12265625 0.309765625 0.125 0.298828125 0.130078125 0.3 0.1359375 0.294140625 0.133984375 0.28984375 0.137109375 0.2921875 0.152734375 0.27265625 0.157421875 0.26875 0.161328125 0.26953125 0.169140625 0.26171875 0.171875 0.262890625 0.17109375 0.272265625 0.1671875 0.274609375 0.172265625 0.2796875 0.180859375 0.28359375 0.189453125 0.28125 0.199609375 0.26796875 0.20390625 0.270703125 0.204296875 0.278125 0.2125 0.258203125 0.218359375 0.25703125 0.219921875 0.2609375 0.2203125 0.255078125 0.22421875 0.251953125 0.22265625 0.247265625 0.228515625 0.24765625 0.23046875 0.240234375 0.251171875 0.2203125 0.25625 0.219921875 0.255078125 0.215625 0.260546875 0.2140625 0.266796875 0.20703125 0.280078125 0.20625 0.297265625 0.196875 0.29453125 0.192578125 0.296875 0.187109375 0.301953125 0.18203125 0.307421875 0.18515625 0.3109375 0.180859375 0.309765625 0.178125 0.30234375 0.177734375 0.3046875 0.169140625 0.3078125 0.169140625 0.30703125 0.173046875 0.310546875 0.17578125 0.3109375 0.169140625 0.320703125 0.159375 0.337890625 0.1546875 0.350390625 0.14609375 0.35546875 0.140234375 0.35546875 0.133984375 0.339453125 0.13203125 0.321484375 0.13828125 0.309765625 0.14609375 0.291015625 0.15 0.271484375 0.1625 0.247265625 0.17109375 0.216015625 0.190625 0.205859375 0.1921875 0.20859375 0.196484375 0.203515625 0.196875 0.2046875 0.187890625 0.2109375 0.184765625 0.208203125 0.18046875 0.2 0.184765625 0.202734375 0.1890625 0.191796875 0.19140625 0.180859375 0.19921875 0.180078125 0.2015625 0.1875 0.204296875 0.18515625 0.208203125 0.160546875 0.23125 0.149609375 0.2265625 0.14375 0.232421875 0.149609375 0.23203125 0.1546875 0.235546875 0.143359375 0.24453125 0.137890625 0.23984375 0.133984375 0.2421875 0.12890625 0.248046875 0.13515625 0.251171875 0.126171875 0.259375 0.118359375 0.25859375 0.10234375 0.277734375 0.0796875 0.333984375 0.08125 0.338671875 0.07890625 0.341796875 0.084375 0.345703125 0.08359375 0.350390625 0.09140625 0.348828125 0.109375 0.320703125
2 0.63984375 0.818359375 0.64296875 0.812109375 0.641015625 0.8078125 0.627734375 0.81171875 0.6140625 0.827734375 0.6125 0.831640625 0.615625 0.841015625 0.6109375 0.843359375 0.61484375 0.844140625 0.62421875 0.837890625 0.63984375 0.818359375
2 0.64765625 0.846484375 0.639453125 0.84140625 0.632421875 0.84296875 0.61171875 0.862109375 0.60859375 0.870703125 0.61328125 0.870703125 0.634765625 0.86328125 0.64765625 0.846484375
1 0.865234375 0.41953125 0.854296875 0.4203125 0.8515625 0.428515625 0.85625 0.455078125 0.863671875 0.45859375 0.874609375 0.45234375 0.882421875 0.459375 0.88671875 0.458984375 0.8828125 0.436328125 0.865234375 0.41953125
1 0.7859375 0.348046875 0.776953125 0.33828125 0.765234375 0.33359375 0.7640625 0.344921875 0.771875 0.368359375 0.7890625 0.375390625 0.79140625 0.367578125 0.7859375 0.348046875
1 0.25390625 0.266015625 0.252734375 0.26171875 0.241796875 0.2640625 0.23203125 0.274609375 0.22890625 0.284765625 0.2328125 0.286328125 0.24765625 0.278515625 0.25390625 0.266015625
1 0.878125 0.643359375 0.89375 0.630859375 0.90625 0.612109375 0.91171875 0.588671875 0.909765625 0.578125 0.902734375 0.57890625 0.88671875 0.593359375 0.88515625 0.599609375 0.865625 0.624609375 0.85859375 0.655078125 0.86796875 0.658984375 0.875 0.651953125 0.878125 0.643359375
1 0.44609375 0.169140625 0.431640625 0.16796875 0.428125 0.176953125 0.43359375 0.177734375 0.444140625 0.17734375 0.44609375 0.169140625