2 0.45234375 0.748046875 0.45703125 0.708984375 0.4609375 0.700390625 0.4625 0.643359375 0.473046875 0.63984375 0.4796875 0.627734375 0.46015625 0.594140625 0.43984375 0.576953125 0.44140625 0.558984375 0.43828125 0.550390625 0.429296875 0.54375 0.416015625 0.54375 0.4125 0.547265625 0.4140625 0.577734375 0.3953125 0.591796875 0.3890625 0.607421875 0.3875 0.629296875 0.390625 0.635546875 0.39296875 0.666796875 0.400390625 0.68203125 0.409375 0.680859375 0.415625 0.708984375 0.421875 0.714453125 0.428125 0.731640625 0.428125 0.745703125 0.43359375 0.755078125 0.440234375 0.75859375 0.4515625 0.758203125 0.4546875 0.756640625 0.45234375 0.748046875
2 0.478515625 0.63984375 0.471875 0.643359375 0.4671875 0.656640625 0.46328125 0.656640625 0.4625 0.692578125 0.467578125 0.70234375 0.47890625 0.701953125 0.48125 0.642578125 0.478515625 0.63984375
2 0.494140625 0.60390625 0.498828125 0.60390625 0.5015625 0.600390625 0.49609375 0.537109375 0.4828125 0.507421875 0.459375 0.494140625 0.46328125 0.480859375 0.4609375 0.459765625 0.444921875 0.4546875 0.436328125 0.45859375 0.43203125 0.467578125 0.43515625 0.496484375 0.419140625 0.50234375 0.4125 0.508984375 0.40859375 0.518359375 0.40703125 0.538671875 0.412109375 0.5453125 0.429296875 0.54375 0.4390625 0.550390625 0.4421875 0.562109375 0.44140625 0.576953125 0.447265625 0.584375 0.459375 0.591796875 0.478125 0.623046875 0.48359375 0.625390625 0.48671875 0.591015625 0.494140625 0.60390625
2 0.253125 0.480859375 0.25 0.470703125 0.23984375 0.463671875 0.24375 0.442578125 0.240234375 0.43671875 0.236328125 0.43671875 0.2296875 0.445703125 0.22890625 0.466015625 0.2203125 0.479296875 0.2203125 0.500390625 0.2265625 0.533203125 0.22578125 0.550390625 0.2328125 0.566015625 0.23671875 0.595703125 0.24296875 0.616015625 0.253515625 0.62421875 0.259375 0.623828125 0.24765625 0.541796875 0.253125 0.480859375
2 0.3125 0.647265625 0.30625 0.616796875 0.303125 0.579296875 0.29921875 0.571484375 0.30234375 0.545703125 0.29140625 0.505859375 0.28984375 0.480859375 0.287890625 0.478125 0.277734375 0.47734375 0.271875 0.486328125 0.265625 0.519140625 0.2578125 0.530859375 0.25859375 0.587890625 0.26328125 0.588671875 0.266796875 0.57578125 0.2765625 0.619140625 0.2765625 0.637890625 0.2859375 0.670703125 0.290234375 0.67421875 0.31171875 0.676953125 0.31015625 0.658984375 0.3125 0.647265625
2 0.3234375 0.586328125 0.3265625 0.541796875 0.3234375 0.525390625 0.3265625 0.516796875 0.32734375 0.494921875 0.3234375 0.478515625 0.31171875 0.467578125 0.31484375 0.446484375 0.31171875 0.438671875 0.305859375 0.4359375 0.2984375 0.441015625 0.29453125 0.450390625 0.2953125 0.468359375 0.290625 0.476953125 0.29140625 0.506640625 0.3015625 0.548046875 0.29921875 0.569140625 0.30859375 0.587890625 0.315625 0.632421875 0.318359375 0.6359375 0.3265625 0.637109375 0.32890625 0.629296875 0.3234375 0.586328125
2 0.5640625 0.580859375 0.57578125 0.541015625 0.5703125 0.514453125 0.559375 0.498828125 0.5609375 0.476953125 0.555859375 0.4703125 0.544140625 0.46875 0.539453125 0.4703125 0.53359375 0.478515625 0.53671875 0.498046875 0.52265625 0.512109375 0.5171875 0.540234375 0.515625 0.577734375 0.520703125 0.58125 0.526171875 0.575 0.5296875 0.580859375 0.53046875 0.630078125 0.528125 0.639453125 0.537890625 0.6421875 0.5421875 0.637890625 0.545703125 0.60390625 0.5484375 0.648046875 0.5578125 0.651953125 0.5640625 0.648046875 0.5640625 0.580859375
2 0.59140625 0.619921875 0.599609375 0.60390625 0.59375 0.651953125 0.597265625 0.65390625 0.60546875 0.647265625 0.6046875 0.637890625 0.61484375 0.616015625 0.62890625 0.566015625 0.63203125 0.500390625 0.62421875 0.487109375 0.621875 0.457421875 0.613671875 0.44921875 0.604296875 0.44921875 0.5984375 0.453515625 0.59609375 0.462890625 0.6 0.480078125 0.598046875 0.48359375 0.583203125 0.48984375 0.5765625 0.500390625 0.57578125 0.513671875 0.5796875 0.532421875 0.578125 0.573046875 0.58125 0.586328125 0.5796875 0.628515625 0.57578125 0.648046875 0.580078125 0.65390625 0.58515625 0.655078125 0.58828125 0.651953125 0.59140625 0.619921875
2 0.6546875 0.512890625 0.65625 0.463671875 0.66796875 0.449609375 0.66640625 0.435546875 0.6703125 0.425390625 0.66796875 0.412109375 0.6609375 0.400390625 0.659375 0.383984375 0.647265625 0.37578125 0.6390625 0.377734375 0.6359375 0.395703125 0.62734375 0.402734375 0.621875 0.422265625 0.634375 0.518359375 0.63984375 0.522265625 0.651953125 0.51796875 0.6546875 0.512890625
2 0.71484375 0.422265625 0.71640625 0.416015625 0.70546875 0.400390625 0.69609375 0.392578125 0.6875 0.373046875 0.678515625 0.36875 0.6734375 0.375390625 0.675 0.388671875 0.66640625 0.402734375 0.6703125 0.417578125 0.6703125 0.447265625 0.676953125 0.45078125 0.703125 0.452734375 0.70234375 0.433203125 0.71484375 0.422265625
2 0.82421875 0.694921875 0.84140625 0.642578125 0.85 0.600390625 0.853125 0.569140625 0.851171875 0.56171875 0.847265625 0.5625 0.84375 0.568359375 0.8421875 0.598046875 0.8265625 0.663671875 0.81953125 0.688671875 0.80859375 0.705859375 0.809375 0.709765625 0.815234375 0.70703125 0.82421875 0.694921875
3 0.08984375 0.590234375 0.09453125 0.553515625 0.11171875 0.488671875 0.12578125 0.448828125 0.15703125 0.383203125 0.1703125 0.363671875 0.17734375 0.342578125 0.23125 0.286328125 0.2328125 0.274609375 0.23984375 0.269140625 0.24921875 0.251953125 0.299609375 0.2109375 0.322265625 0.2015625 0.352734375 0.1828125 0.362890625 0.18203125 0.371484375 0.1859375 0.408203125 0.17578125 0.431640625 0.175 0.439453125 0.1671875 0.451171875 0.17109375 0.479296875 0.16953125 0.485546875 0.1640625 0.494921875 0.1640625 0.498046875 0.16875 0.522265625 0.1640625 0.550390625 0.1640625 0.56484375 0.157421875 0.561328125 0.15234375 0.553515625 0.1484375 0.541796875 0.14765625 0.526171875 0.13828125 0.511328125 0.13359375 0.479296875 0.13046875 0.416015625 0.13359375 0.405078125 0.1390625 0.386328125 0.1390625 0.341015625 0.15078125 0.276953125 0.17734375 0.250390625 0.1828125 0.217578125 0.19609375 0.174609375 0.228125 0.161328125 0.228125 0.125390625 0.26796875 0.109375 0.278515625 0.05859375 0.351953125 0.04375 0.408203125 0.0359375 0.471484375 0.0375 0.544140625 0.046875 0.608203125 0.0703125 0.683984375 0.0765625 0.691796875 0.078125 0.701953125 0.08671875 0.718359375 0.090625 0.719140625 0.0875 0.664453125 0.08984375 0.590234375
2 0.71171875 0.706640625 0.72265625 0.692578125 0.73984375 0.644140625 0.7390625 0.615234375 0.7421875 0.608203125 0.7375 0.599609375 0.73359375 0.578515625 0.73828125 0.545703125 0.730078125 0.5375 0.72265625 0.541796875 0.71875 0.549609375 0.70390625 0.591796875 0.69765625 0.651171875 0.703125 0.669140625 0.690625 0.724609375 0.69453125 0.728515625 0.71015625 0.718359375 0.71171875 0.706640625