1 0.46773692495784147 0.20659839544688027 0.46339625632377734 0.19627178667790893 0.4509866753794266 0.20114378246205733 0.3880120792580101 0.2078214510961214 0.37901468549747047 0.21335894940978076 0.3719165910623946 0.24708187858347386 0.37084498397976395 0.283021955311973 0.37274965430016865 0.2871437731871838 0.3787320143338955 0.2885189055649241 0.44166248229342325 0.2809992225969646 0.4636872512647555 0.2823779359190557 0.4676343465430017 0.2690840016863406 0.4780510016863406 0.2584061585160202 0.4754915699831366 0.2095693010118044 0.46773692495784147 0.20659839544688027
1 0.5723208532883642 0.4138878988195615 0.5599589806070826 0.4035595008431703 0.5553976720067454 0.3890228187183811 0.5387780168634064 0.394115455311973 0.4898087748735245 0.3941488414839798 0.45679189544688026 0.40052298397976394 0.46077774873524446 0.4121346787521079 0.4628410295109612 0.4998366003372681 0.4597359485666105 0.5130864064080944 0.48867334822934233 0.5174801534569983 0.5482357571669477 0.5101369822934233 0.5569648018549747 0.515589805227656 0.5615296913996627 0.5140840784148398 0.563261429173693 0.49879542748735245 0.5746524831365936 0.4905995008431703 0.5775351323777403 0.48116082546374367 0.5723208532883642 0.4138878988195615
1 0.5578348330522765 0.5885785320404722 0.5565956652613828 0.5810445269814503 0.5518101357504216 0.5783401804384486 0.547820702360877 0.58277089460371 0.538426155143339 0.5807302596964586 0.5006237462057336 0.5844000548060708 0.4672961795952782 0.5929012984822934 0.45993868718381115 0.5975085252951097 0.46565090725126473 0.6178951829679595 0.46763667284991567 0.6557858482293424 0.4667028220910624 0.6701883558178752 0.4625350860033727 0.679272215851602 0.47201788870151773 0.6829968802698145 0.5024186770657673 0.6830922976391232 0.5390260463743677 0.6727305118043845 0.5517445244519393 0.6737526197301855 0.5621611795952782 0.6630747765598651 0.5671268018549747 0.6531047740303542 0.5679354300168634 0.6040914038785835 0.5578348330522765 0.5885785320404722
1 0.33324173355817877 0.38715627908937605 0.32717111720067454 0.3840971163575042 0.30536698903878584 0.3869284772344014 0.2746095952782462 0.3961393507588533 0.250321760539629 0.4079663153456998 0.2468618650927487 0.4225012074198988 0.2499454629005059 0.5055058558178752 0.2544203060708263 0.5103373043844857 0.27320939966273183 0.5144185741989882 0.3274990792580101 0.5031300978077572 0.33924494856661047 0.49364908516020234 0.3489555531197302 0.4694990050590219 0.34856198060708266 0.4458784629005059 0.3409063322091062 0.3964643600337268 0.33324173355817877 0.38715627908937605
1 0.232096218381113 0.2615863372681282 0.20461862731871838 0.26893666863406407 0.18813135666104552 0.276555349915683 0.18130519139966272 0.2832455497470489 0.16666772175379427 0.34227126053962903 0.1648459376053963 0.36389708600337267 0.1725564544688027 0.36602597723440133 0.21319738532883642 0.3520754915682968 0.21807117116357505 0.35646386846543 0.23429725379426647 0.32775068971332205 0.2426363060708263 0.29354056070826307 0.24525418718381112 0.2790497976391231 0.2417591146711636 0.2526366517706577 0.232096218381113 0.2615863372681282
1 0.06367714924114672 0.342602802698145 0.056312495784148396 0.3792948482293423 0.05479960876897133 0.4068147765598651 0.06007233811129849 0.41076008178752105 0.0817017436762226 0.396539457841484 0.09718480860033726 0.32142720994940976 0.09603568718381113 0.3075560295109612 0.09182561298482293 0.3077766703204047 0.08685999072512648 0.3177466728499157 0.07506999325463744 0.32638567116357503 0.06367714924114672 0.342602802698145
1 0.1079592318718381 0.4947939991568297 0.07729188448566611 0.49766769814502526 0.07786196964586846 0.5246562993254638 0.08485390556492411 0.5694613853288365 0.09176295615514334 0.5885188288364249 0.09823251517706577 0.5911349190556492 0.12096691483979763 0.5899434595278247 0.12451327655986508 0.5851138018549747 0.1239396112984823 0.5741676096121417 0.11486828246205733 0.5138514418212479 0.1079592318718381 0.4947939991568297
1 0.2662377833052277 0.18000811045531198 0.26464021922428327 0.18980160033726814 0.29229432293423274 0.18581932799325462 0.3304533372681282 0.17284324198988196 0.3475196441821248 0.15210713996627317 0.3514244021922428 0.1299499873524452 0.31650285244519394 0.13220231112984823 0.28663160118043846 0.14221107166947722 0.2780295708263069 0.16334790725126475 0.2662377833052277 0.18000811045531198
1 0.2520541256323777 0.19130553709949408 0.2725767478920742 0.17207695193929173 0.2836624856661045 0.1419445126475548 0.24900570489038784 0.14924892580101182 0.2293268878583474 0.16041217875210792 0.22028357504215854 0.17312886677908937 0.20485358937605397 0.20897710623946036 0.2520541256323777 0.19130553709949408
1 0.14165119139966273 0.24352951939291737 0.18034332377740303 0.22461520151770656 0.19195680860033726 0.2126081441821248 0.2125730581787521 0.1709999755480607 0.21177696121416525 0.1638649139966273 0.17800453372681282 0.1799884182124789 0.16067345784148399 0.19567243170320406 0.14165298229342327 0.23550831450252951 0.14165119139966273 0.24352951939291737
1 0.09569161298482293 0.26071388870151774 0.09502432040472175 0.2721472807757167 0.10685665598650927 0.27237150168634067 0.112443652613828 0.2581472967959528 0.13974831197301857 0.2313864966273187 0.1564192554806071 0.19505105733558178 0.15571141568296798 0.1896000252951096 0.13426031197301855 0.1991675042158516 0.11542171922428332 0.21830783305227658 0.09569161298482293 0.26071388870151774
1 0.06523774536256324 0.2998824797639123 0.07671884569983137 0.2853493777403035 0.09543042495784149 0.23961939123102868 0.09689560370994942 0.22729985666104552 0.07043475042158516 0.24599532377740302 0.05487058937605397 0.2873387242833052 0.04976900252951096 0.3108250910623946 0.06523774536256324 0.2998824797639123
1 0.3233785160202361 0.1022905126475548 0.3477969443507588 0.10101079679595279 0.3820106543001686 0.09330744013490724 0.39366826644182124 0.08214239797639124 0.39712816273187185 0.06760750590219224 0.3788703962900506 0.06560920910623946 0.34456843086003375 0.07162853625632377 0.33282256155143336 0.08110954890387859 0.3233785160202361 0.1022905126475548
1 0.2580985160202361 0.11331063996627318 0.2599590581787521 0.1165904426644182 0.2808329148397976 0.11211918043844855 0.3147818558178752 0.09936373524451939 0.33082963490725126 0.07530370151770659 0.3226760463743676 0.0727758676222597 0.2843405193929173 0.08238389376053963 0.26541367032040475 0.09984019308600338 0.2580985160202361 0.11331063996627318
1 0.23580539797639125 0.12292224704890388 0.25132005986509276 0.10480044519392917 0.2557543549747049 0.09274746964586845 0.23532356913996627 0.09761767537942664 0.21484686509274872 0.10966707082630692 0.19866670067453626 0.13120105902192242 0.19542923608768972 0.14192482040472174 0.23580539797639125 0.12292224704890388
1 0.6082192192242832 0.20472415851602024 0.5880108642495785 0.20578323355817876 0.5840655590219225 0.2110559629005059 0.589248241989882 0.22133844266441818 0.596993936762226 0.2644153718381113 0.6149851441821248 0.26938278414839795 0.6572623954468803 0.27054443760539626 0.6666146045531197 0.2637218532883642 0.658646478920742 0.22445605480607084 0.6421645792580101 0.20801112225969645 0.6082192192242832 0.20472415851602024
1 0.7116981543001687 0.39898449747048903 0.7101095421585161 0.3686719654300169 0.706612678752108 0.3502800244519393 0.6937212689713322 0.32984744856661047 0.690619768128162 0.32705484485666103 0.6865862074198988 0.330643544688027 0.6568509207419898 0.32713594013490727 0.6359770640809443 0.3316072023608769 0.6337599165261383 0.3376336905564924 0.6430131281618887 0.37725430354131534 0.644204586846543 0.3999887032040472 0.6407446913996627 0.41452359527824617 0.6489424080944352 0.41789344435075887 0.6726070784148398 0.41834188617200674 0.695786339797639 0.4095281661045531 0.7045595126475548 0.415823002529511 0.7116981543001687 0.39898449747048903
1 0.7174032141652613 0.4514559730185497 0.6984322369308601 0.46807025716694767 0.7017967158516021 0.4839361543001686 0.7020984519392918 0.5219150758853288 0.7000136888701518 0.530467607925801 0.6947832967959527 0.5353855219224283 0.7052404991568296 0.5415921028667791 0.721194652613828 0.5399116534569983 0.7400314544688027 0.5287925295109611 0.7523104418212478 0.513373284148398 0.7535603507588533 0.47278006239460374 0.7418657706576729 0.45101827234401354 0.7358392833052276 0.4488011247892074 0.7174032141652613 0.4514559730185497
1 0.7256385252951096 0.2863805269814503 0.7121662883642496 0.2870865775716695 0.7114566585160202 0.28965674957841486 0.7204045531197302 0.3073408507588533 0.7250964561551433 0.332424781618887 0.724427373524452 0.35187937774030353 0.7445456821247892 0.3571574780775717 0.7720232731871838 0.34980714586846545 0.7651637217537943 0.30752810455311974 0.7533790944350759 0.2921034890387858 0.7256385252951096 0.2863805269814503
1 0.750600812816189 0.23103535328836425 0.7315910784148398 0.22274400927487353 0.7205566298482293 0.22163364502529512 0.7198911281618887 0.22504583220910623 0.7278646239460371 0.2402480168634064 0.7332220286677908 0.261919760539629 0.7467366037099493 0.2700769300168634 0.7679193575042158 0.2714997715008432 0.7714657192242833 0.26667011298482296 0.7710244376053963 0.2582499654300169 0.7616775994940979 0.24100893591905564 0.750600812816189 0.23103535328836425
1 0.7752285143338955 0.48346506576728504 0.7711454544688028 0.5102753650927487 0.7904676661045531 0.5084184030354132 0.8002629468802698 0.5019947622259696 0.8108137757166948 0.4858217588532884 0.8076293903878584 0.4572815126475548 0.7947361897133222 0.44487014080944354 0.7812639536256324 0.4455761913996627 0.7718676163575042 0.45155676053962907 0.7752285143338955 0.48346506576728504
1 0.7837232234401349 0.34750532293423275 0.7752589477234402 0.347104589376054 0.771490155143339 0.3557453777403035 0.7767133853288365 0.382912281618887 0.7769745741989882 0.40400677993254636 0.7886286062394604 0.40888414586846544 0.802012586846543 0.40649406661045534 0.8095925101180439 0.39807570910623946 0.8033966703204047 0.36040568381112986 0.7939597858347386 0.34950182967959526 0.7837232234401349 0.34750532293423275
1 0.7674488060708263 0.592791023608769 0.7572933397976391 0.6245633642495785 0.7476304435075886 0.6335130497470489 0.7470054890387858 0.6538096602023609 0.7379585961214165 0.6825687571669478 0.7465111281618887 0.6846535202360876 0.7556409064080944 0.6816420666104553 0.7830797403035413 0.6493861070826307 0.7922608077571669 0.6151318499156829 0.7899625640809445 0.5873894898819562 0.7868610640809444 0.5845968870151771 0.7735212124789208 0.587828981450253 0.7674488060708263 0.592791023608769
1 0.3229921037099494 0.04658515261382799 0.34235844435075885 0.04557020573355818 0.38228974451939296 0.03418989291736931 0.3881415101180438 0.025017776559865094 0.38331185244519395 0.02147141483979764 0.3639455118043845 0.022486361720067453 0.33398600505902193 0.030811092748735242 0.3262295691399663 0.03586139123102867 0.3229921037099494 0.04658515261382799
1 0.29600350252951096 0.047155237774030356 0.3069073575042158 0.03771835328836425 0.306730844856661 0.034350293423271505 0.2711879207419899 0.04085682040472176 0.25248350252951096 0.054501989038785836 0.24649935244519391 0.06114806070826308 0.24556729173693087 0.06752936424957842 0.29600350252951096 0.047155237774030356
1 0.306111260539629 0.03058329089376054 0.32251027487352446 0.02128058094435076 0.32517049409780774 0.015653036256323777 0.3144908608768971 0.01325758600337268 0.29299562984822936 0.021983050590219225 0.27486845699831364 0.03053200252951096 0.26945976306913993 0.04010306155143339 0.306111260539629 0.03058329089376054
1 0.22452050252951097 0.05259015767284991 0.241009563237774 0.03695027234401349 0.22133253625632376 0.04009232040472176 0.20262811804384484 0.053737489038785835 0.19154596121416526 0.06782751939291737 0.1982820792580101 0.06747449494097807 0.22452050252951097 0.05259015767284991
1 0.3646551424957841 0.019916189713322093 0.39833573355817875 0.01815106408094435 0.41819106408094436 0.010355870994940978 0.41921138111298484 0.005658597807757166 0.41325373608768967 0.003860005902192243 0.3801578768971332 0.005594486509274874 0.36842393507588533 0.011275401349072513 0.3646551424957841 0.019916189713322093
1 0.8160179409780776 0.39984978499156826 0.818626870994941 0.42546504384485667 0.8251405590219224 0.4289231492411467 0.8367522529510961 0.42493729595278246 0.8402103583473861 0.41842360876897133 0.8371583575042159 0.39240940640809446 0.8217832411467116 0.380972434232715 0.8167311517706577 0.3812372032040472 0.8160179409780776 0.39984978499156826
1 0.8404536450252951 0.5197301517706576 0.8430309780775717 0.4883549637436762 0.8361201374367622 0.47731872512647555 0.8218040961214166 0.48609010792580104 0.819577997470489 0.5322226180438449 0.8329619780775717 0.5298325387858347 0.8404536450252951 0.5197301517706576
1 0.8455200556492412 0.4552957470489039 0.8577954620573356 0.4559189114671164 0.863735483979764 0.4484308246205734 0.8616137537942664 0.424056523608769 0.8549676812816189 0.4180723743676223 0.8464592774030354 0.41682962563237774 0.8436207554806071 0.4271103153456998 0.8455200556492412 0.4552957470489039
1 0.8274197360876897 0.34352663069139966 0.831756823777403 0.3698956483979764 0.8376491374367622 0.3776079561551433 0.8469995564924114 0.3788065758853288 0.8513879325463743 0.3739327900505902 0.847538044688027 0.34880473102866777 0.8320746720067453 0.33568372934232715 0.8266677681281619 0.33723358431703204 0.8274197360876897 0.34352663069139966
1 0.778913258010118 0.2557257116357504 0.7884348187183812 0.2843560042158516 0.8010632504215851 0.29171528667790897 0.8120535708263069 0.2919836357504216 0.8136070059021923 0.28134813069139963 0.8051021821247892 0.26406297386172006 0.7887526669477234 0.25014408516020237 0.7786484890387859 0.25067362225969647 0.778913258010118 0.2557257116357504
1 0.8149380109612142 0.2745237563237774 0.8148479645868465 0.28086093170320403 0.8244136534569984 0.3103332386172007 0.8302177099494098 0.3163615168634064 0.8386819865092748 0.3167622504215852 0.8421842200674536 0.31109057757166947 0.8417870666104553 0.30351244519392917 0.8359406720067454 0.2886209477234401 0.8195911559865093 0.27470205902192246 0.8149380109612142 0.2745237563237774
1 0.8492715733558178 0.3254948760539629 0.8531673794266441 0.3434437453625632 0.8607437225969645 0.3510677967959528 0.8649096677908937 0.3500051408094435 0.8672168617200674 0.33764147807757167 0.8622566096121417 0.32354786762225973 0.8512239519392917 0.3144162993254638 0.8483430919055649 0.3158337698145025 0.8492715733558178 0.3254948760539629
1 0.819246455311973 0.4292320463743676 0.809186405564924 0.4306035986509275 0.8016064822934232 0.43902195615514333 0.802270194772344 0.44363097301854976 0.8114828583473862 0.46636716273187184 0.8130309232715008 0.47979527065767286 0.8186584679595278 0.4824554898819562 0.826148344856661 0.48037430691399663 0.8310698389544687 0.46956228920741994 0.8299225084317032 0.44766990556492414 0.8240319848229342 0.4319363929173693 0.819246455311973 0.4292320463743676