1 0.15620693206951028 0.5868757369668247 0.1613857037914692 0.595654340442338 0.17838253317535546 0.6098278775671406 0.19690872037914692 0.6110522551342812 0.20033162875197472 0.6081800939968405 0.20088237598736178 0.6018850252764613 0.20030130884676145 0.536022935229068 0.1903027859399684 0.5188935908372828 0.16310607503949448 0.512549654028436 0.15884224328593996 0.5205021366508689 0.1538455671406003 0.5232366113744076 0.15620693206951028 0.5868757369668247
1 0.23817605924170615 0.6332959865718799 0.22560072432859402 0.6365567740916271 0.23260420300157977 0.6561992582938388 0.2355355766192733 0.6770712938388626 0.24916871011058453 0.7115661184834123 0.25455401184834126 0.7179840710900475 0.28735735781990523 0.7327475924170617 0.3240114755134281 0.7442799320695103 0.3259294597156398 0.7404832006319115 0.3187290821484992 0.704965355450237 0.3041025339652449 0.6727623388625592 0.3091680529225908 0.6692409810426541 0.3069302859399684 0.663098401263823 0.2861367251184834 0.6470068807266983 0.2592842314375987 0.6367285252764613 0.23817605924170615 0.6332959865718799
1 0.200712051342812 0.7624337235387045 0.2150432503949447 0.7708237006319115 0.22019241548183255 0.7708777409162718 0.20170992417061612 0.7193076129541863 0.1861343720379147 0.7024832488151659 0.1560358941548183 0.6839918396524487 0.15375888941548183 0.6873607077409163 0.15734909083728277 0.6916393428120063 0.16451986255924173 0.7184326240126382 0.17661846603475512 0.7432783143759873 0.200712051342812 0.7624337235387045
1 0.25002515086887833 0.7742806737756714 0.2861092598736177 0.8285801042654029 0.32349622037914694 0.8453304526066351 0.35720933412322275 0.8542267677725118 0.35991420142180097 0.8504988799368087 0.35659937440758294 0.8430727101105845 0.33683846445497634 0.8151779344391785 0.3431875734597156 0.8105795165876777 0.3107284447077409 0.7918815774091627 0.2801480631911532 0.7788983538704581 0.26396772353870457 0.7735182243285941 0.25002515086887833 0.7742806737756714
1 0.2842260537124802 0.8636996919431279 0.25220441943127964 0.8264067219589257 0.20426818799368088 0.7988220979462874 0.20392397077409163 0.8027565165876778 0.23696862559241705 0.8464822424960504 0.26706710347551343 0.8649736508688783 0.2866851548183254 0.871843901263823 0.2842260537124802 0.8636996919431279
1 0.41299513981042657 0.9189718467614533 0.44017704739336494 0.9209535023696682 0.4429507590837283 0.9164387306477093 0.43532768957345974 0.9038781982622434 0.4192013902053713 0.8933489036334914 0.3547850118483412 0.8774054139020538 0.34713750868878357 0.8787186105845181 0.35074251263823064 0.8873595276461296 0.3749885884676145 0.9093034510268563 0.41299513981042657 0.9189718467614533
1 0.5200979936808847 0.7642104526066351 0.48820958767772515 0.7661780189573459 0.4527309802527646 0.7638669494470774 0.4337228886255924 0.76815075671406 0.4282739154818326 0.7851179802527647 0.4337576674565561 0.7994736129541864 0.44371178120063187 0.8035161113744076 0.461318570300158 0.8288437061611373 0.49229720932069515 0.832743345971564 0.5490757156398104 0.8317640213270143 0.5659296864139021 0.8249130323854661 0.5698344984202212 0.8165326864139021 0.5699425789889416 0.8062343554502369 0.5628310197472354 0.7968902014218009 0.5572488183254344 0.7745968886255925 0.5319012488151659 0.7652431034755134 0.5200979936808847 0.7642104526066351
1 0.736057247235387 0.6974705189573459 0.7170047472353871 0.6886674818325434 0.6442672345971564 0.6862683072669826 0.596533074249605 0.6971573357030015 0.5886790410742496 0.7008311840442338 0.5768661556082149 0.7180345434439179 0.5576959439178515 0.7377658467614534 0.5557387219589257 0.7510740260663508 0.5489225118483412 0.7655429115323854 0.5512979660347551 0.7701117235387046 0.5738422180094787 0.7752557164296998 0.5795865402843602 0.782101532385466 0.5908930884676146 0.7842800876777252 0.601688125592417 0.7832422646129542 0.6158224249605054 0.7757568815165876 0.6963991682464455 0.7701199265402844 0.7104253870458136 0.7729328751974723 0.7516135379146919 0.7507669052132702 0.7627772266982622 0.7319209344391785 0.7647344478672986 0.7186127559241706 0.736057247235387 0.6974705189573459
1 0.7115432883096366 0.4701403333333334 0.6906024099526066 0.4738585900473934 0.6396911090047394 0.47574768167456555 0.6294075813586099 0.4800018830963665 0.6219421745655608 0.49282815797788304 0.6193653625592417 0.5132182890995262 0.6306622796208531 0.5336328546603476 0.6374688586097946 0.5373999802527646 0.6469114628751975 0.5382261011058451 0.6544064755134281 0.5341243894154818 0.6652163167456556 0.5374488483412323 0.7111213112164297 0.5565302409162717 0.7201804605055292 0.5708022274881517 0.7290575142180095 0.5735611358609795 0.7379049612954186 0.5675954802527646 0.7528557503949447 0.5689035047393365 0.7747900426540284 0.5628934399684045 0.7846309036334913 0.5546359770932069 0.7864600695102686 0.5246655552922591 0.7591597369668246 0.48778564612954184 0.7419563775671406 0.47597275987361765 0.7115432883096366 0.4701403333333334
1 0.8620112440758294 0.5764711066350711 0.8506750900473934 0.5655679881516588 0.8319179383886256 0.5805779897314376 0.8172721287519746 0.584846994470774 0.8050017733017377 0.5936848104265403 0.7966117962085308 0.6080160094786731 0.7935234739336493 0.6251897630331753 0.7979153625592417 0.6338995229067931 0.8060743751974723 0.6358027045813587 0.8134168988941547 0.6289124786729858 0.8369545647709321 0.6317646642969984 0.8396201958925751 0.6375482235387046 0.8435546137440758 0.6378924407582938 0.859316720379147 0.625395579778831 0.867608248815166 0.6031267006319115 0.8686408996840441 0.5913234462875198 0.8620112440758294 0.5764711066350711
1 0.7834939170616113 0.47247066429699847 0.76991036492891 0.473660977093207 0.7645842756714061 0.4846921516587678 0.7659811192733017 0.4959150529225908 0.7764763491311216 0.5118984928909952 0.7946879257503949 0.5257818530805687 0.8054733333333334 0.5429800402843602 0.8126093262243286 0.5384504652448657 0.8292715695102686 0.5383224091627172 0.8348337954186413 0.5336551477093208 0.8385417077409163 0.5093994415481832 0.8253512409162718 0.47890787835703 0.812067496050553 0.46307692812006324 0.8057724265402844 0.4625261808846761 0.7834939170616113 0.47247066429699847
1 0.47862555213270136 0.8711925639810426 0.4786551579778831 0.879917127172196 0.4903799383886256 0.8999726729857819 0.5083405758293839 0.9031298380726698 0.5396634320695103 0.9030950600315956 0.5757616295418642 0.8983241761453397 0.5873827883096366 0.8878437488151658 0.5856121216429699 0.8718307022116905 0.5948874328593997 0.8655060268562401 0.5694169794628752 0.8620882914691943 0.4841877780410742 0.8665253025276461 0.47862555213270136 0.8711925639810426
1 0.4909506611374408 0.9206381777251186 0.4997196342812006 0.9336954170616113 0.5244032037914692 0.9370443096366509 0.5615096192733017 0.9343438996840442 0.5777291958925751 0.9302125821484991 0.5852486429699842 0.9122371421800948 0.578801083728278 0.9088978807266983 0.5479749352290679 0.9077867551342812 0.5016472496050552 0.9116626745655609 0.4921506050552923 0.9159857195892576 0.4909506611374408 0.9206381777251186
1 0.6041094162717219 0.9277631129541865 0.60213739178515 0.9367090094786731 0.6042915126382307 0.9392761903633492 0.6745255150078989 0.9204443096366509 0.7255841334913112 0.8987454399684044 0.7395659431279621 0.8884715434439178 0.7411493412322275 0.8703732195892575 0.6652302290679305 0.899808410742496 0.633745252764613 0.9152906856240126 0.628266672985782 0.9235333451816746 0.6041094162717219 0.9277631129541865
1 0.8629964541864139 0.7192805007898894 0.8627603183254344 0.7129165884676145 0.8518668309636651 0.7060167314375987 0.8446471911532385 0.7069709083728278 0.8041918830963666 0.734354887835703 0.7865806350710901 0.7498615963665087 0.7783971879936809 0.7618321437598736 0.7742170023696683 0.7733600252764613 0.7767301437598736 0.7763550695102686 0.7834530766192733 0.7765467969984202 0.7968841382306477 0.7725679691943128 0.8141363665086887 0.756633397314376 0.8169396840442339 0.7608431887835703 0.8234412835703001 0.7590332851500791 0.8348411082148499 0.7465512274881517 0.8391493499210111 0.751685589257504 0.8561802440758295 0.7337493862559242 0.8629964541864139 0.7192805007898894
1 0.8663505189573459 0.7171952235387046 0.8815618791469194 0.7109934320695103 0.8916092701421802 0.7003753183254344 0.8965467330173776 0.6801917164296998 0.8915744921011058 0.669052462085308 0.8787926263823065 0.6746739004739336 0.8593470402843602 0.6975527385466035 0.8552356982622432 0.7082937361769353 0.8663505189573459 0.7171952235387046
1 0.3622477409162717 0.18941887993680886 0.39076727962085306 0.18517430963665088 0.39619181832543443 0.18208081516587676 0.3991720600315956 0.17520539257503948 0.392212990521327 0.16864975276461294 0.37876712559241704 0.16826629857819905 0.3534247274881516 0.1815108056872038 0.3525149605055292 0.18737801184834124 0.3622477409162717 0.18941887993680886
2 0.5407326421800949 0.20662009873617695 0.5421783538704581 0.19009554186413902 0.5375110916271723 0.1845333159557662 0.5319340631911532 0.1848382962085308 0.526234150078989 0.19107932464454977 0.5256441658767772 0.2068858412322275 0.5301589375987361 0.20965955292259084 0.5407326421800949 0.20662009873617695
2 0.716784304107425 0.32866856951026857 0.7238521674565561 0.3883584739336493 0.7345931650868879 0.3924698159557662 0.7335205631911532 0.35035192259083725 0.7255236706161138 0.3330012448657188 0.716784304107425 0.32866856951026857
2 0.6447507424960506 0.38619543601895734 0.6506919636650869 0.40891661216429703 0.6485526461295418 0.4107117124802528 0.6472542519747235 0.4074264913112164 0.6397444360189574 0.4071659210110584 0.6414462590837283 0.4239658507109005 0.6444805410742496 0.41194126303317535 0.6605920371248025 0.4181082764612954 0.6635870813586098 0.4155951350710901 0.6663015805687204 0.39363123696682467 0.6562882543443919 0.37213961058451817 0.6514833056872038 0.3681511524486572 0.6467768072669826 0.3721003736176935 0.6447507424960506 0.38619543601895734
1 0.4184999336492891 0.18086089573459715 0.42402292259083735 0.1857050813586098 0.43546715718799367 0.18630986887835702 0.4620687116903633 0.1858620300157978 0.4699915884676146 0.18140129857819906 0.4702669612954187 0.17825376382306476 0.46279638230647707 0.16848174565560822 0.4517800110584518 0.16751793838862558 0.4357669652448657 0.16928860505529228 0.4188441508688784 0.17692647709320697 0.4184999336492891 0.18086089573459715
1 0.4124113949447078 0.17794949763033174 0.44541609873617694 0.16775407503949447 0.4493357140600316 0.1637360102685624 0.448106163507109 0.15966390521327015 0.43450780805687206 0.15649193680884677 0.41835707503949443 0.15983637045813587 0.40659822985781996 0.17189056477093206 0.40811795655608213 0.1771774170616114 0.4124113949447078 0.17794949763033174
3 0.5128564146919431 0.12647639178515008 0.5128860213270142 0.13520095497630333 0.5230466650868879 0.13688280252764615 0.5396941050552923 0.1323924652448657 0.5444006042654029 0.12844324407582938 0.5425907006319116 0.12194164454976303 0.5272512843601896 0.11148119273301738 0.508297233807267 0.11061583491311217 0.5048891287519747 0.11785027725118484 0.5071268957345971 0.1239928570300158 0.5128564146919431 0.12647639178515008
3 0.5121383744075829 0.12562066429699842 0.5123204707740916 0.13713374249605056 0.5221909375987361 0.13760084281200632 0.542192443127962 0.13102522827804108 0.5451874873617694 0.1285120868878357 0.5439579375987362 0.12443998183254346 0.5334086666666668 0.11360570695102686 0.5084349202211691 0.10904206793048973 0.5043087748815166 0.11542078357030017 0.5051941082148499 0.12342730647709321 0.5121383744075829 0.12562066429699842
3 0.46686331516587676 0.14465390363349132 0.47798776698262246 0.13531937993680884 0.4833826998420221 0.12350132227488152 0.4920384194312797 0.12425859952606635 0.49503346445497626 0.1217454589257504 0.49991688704581355 0.10671102290679306 0.45205467140600314 0.10093780805687204 0.4059335157977883 0.10245307661927329 0.3710648680884676 0.1112960655608215 0.3407257954186414 0.12727504660347552 0.34045042180094787 0.1304225813586098 0.34388813270142177 0.13191270221169038 0.4186028420221169 0.14796427251184835 0.43543237835703 0.15498701263823064 0.4508110315955766 0.15593601737756713 0.45700765086887835 0.14854908451816745 0.45798626145339655 0.1418949952606635 0.4614239731437598 0.14338511611374408 0.45865026145339655 0.147899887835703 0.4596732819905213 0.15433264375987363 0.4668929218009479 0.15337846682464457 0.46487648736176934 0.14923751816745656 0.46686331516587676 0.14465390363349132
2 0.6367620537124803 0.22374355687203792 0.6275111769352291 0.21619450315955768 0.6227898751974724 0.21578144312796207 0.6197948301737757 0.21829458372827806 0.620680163507109 0.2263011066350711 0.6251556982622434 0.23858626540284358 0.6326114739336492 0.24399600157977883 0.6367620537124803 0.22374355687203792
2 0.6389850173775671 0.22552385387045812 0.6405195473933649 0.23517298815165874 0.6490671872037915 0.24622859636650868 0.6501390750394944 0.22491389415481833 0.6414685521327015 0.21979433491311218 0.6389850173775671 0.22552385387045812
1 0.06087558530805687 0.5436474312796209 0.058013055292259086 0.5219885126382307 0.05406383412322274 0.5172820142180095 0.05007537598736177 0.522086962085308 0.04981997709320695 0.5521950710900474 0.05244637124802527 0.5674900774091628 0.05911526382306477 0.5728309699842022 0.06087558530805687 0.5436474312796209
1 0.07257967693522907 0.4733098072669826 0.07487594312796209 0.4334689178515008 0.07015464139020537 0.4330558578199052 0.06709075355450236 0.4363558823064771 0.061641780410742496 0.4533231050552923 0.06179944233807267 0.4787099123222749 0.06710109794628752 0.4815524668246446 0.07257967693522907 0.4733098072669826
1 0.0608201176935229 0.4219314060031596 0.055533266192733015 0.42345113270142176 0.050221979462875196 0.4388445884676146 0.04956315165876777 0.45543798894154813 0.05472712006319115 0.4598543112164297 0.06034338625592418 0.45003788388625593 0.0608201176935229 0.4219314060031596
1 0.07978897235387046 0.4271590458135861 0.08392992022116903 0.42514261137440756 0.08790357582938389 0.41597538151658764 0.09318525592417061 0.3918573617693523 0.09115401895734597 0.3833541319115324 0.08658520695102685 0.3857295860979463 0.07891326935229068 0.4009165118483412 0.07619877093206952 0.4228804099526066 0.07978897235387046 0.4271590458135861
1 0.07346429699842022 0.4178837345971564 0.0813131579778831 0.39161159478672986 0.07914423380726698 0.3846821319115324 0.07457542180094787 0.38705758609794627 0.06861493917851501 0.40080843127962085 0.06624465718799367 0.4188379115323854 0.06918566113744075 0.42147393601895733 0.07346429699842022 0.4178837345971564
1 0.06461453159557662 0.6549814802527646 0.05943575987361769 0.6462028759873618 0.056288225908372826 0.6459275023696683 0.055240771721958924 0.6533684755134281 0.06104430568720379 0.6776634194312796 0.07027074881516587 0.699086201421801 0.07916260505529225 0.70620739178515 0.06461453159557662 0.6549814802527646