1 0.7673554559748428 0.699693998427673 0.787803355345912 0.6915052822327045 0.7954053694968554 0.6847884952830189 0.8172133765723271 0.6252758419811321 0.8133246847484278 0.621150695754717 0.8117345275157233 0.6123117287735849 0.7840397893081762 0.6099521092767296 0.769307192610063 0.6230910998427672 0.7485006690251572 0.6852554921383648 0.7470858828616352 0.6913836053459119 0.7494425463836478 0.6951550558176101 0.7673554559748428 0.699693998427673
1 0.6263980023584906 0.7825299339622641 0.6619893380503145 0.7786441981132076 0.6690608066037735 0.7742254544025158 0.6925747342767296 0.7457666721698114 0.7017688757861635 0.726911393081761 0.7144393915094339 0.7104723836477987 0.7035388372641509 0.7035181564465409 0.6825027570754717 0.7002752806603774 0.6539237767295598 0.7017457311320755 0.6292921092767295 0.7105822342767295 0.625284697327044 0.7157083718553459 0.6289965408805032 0.7205995322327045 0.605247144654088 0.7465834237421384 0.5875076336477988 0.7779890204402515 0.5881554205974843 0.782172787735849 0.6263980023584906 0.7825299339622641
1 0.6831377327044025 0.8408125322327045 0.6992836375786163 0.837278522798742 0.7279813372641509 0.8265567869496856 0.7470750424528302 0.8067596305031446 0.7621032075471698 0.7836033419811321 0.7668175196540881 0.7806575125786164 0.7656983018867924 0.7767683278301887 0.7315207672955975 0.785014679245283 0.7116029198113207 0.7961497177672956 0.6782470644654088 0.8392800110062894 0.6831377327044025 0.8408125322327045
1 0.5575641116352201 0.8779826918238993 0.5981052287735849 0.8736260172955974 0.6489616768867924 0.833325789308176 0.6359985487421383 0.8283159088050314 0.6190280086477987 0.8284321650943396 0.586088412735849 0.8313164166666666 0.549612835691824 0.8390322232704402 0.5542084284591196 0.8453376784591194 0.526924036163522 0.8656643938679246 0.5215023301886792 0.8716742806603773 0.5229161312893081 0.8760348962264151 0.5575641116352201 0.8779826918238993
1 0.6049367940251572 0.9139316650943397 0.6391143286163522 0.9056853136792453 0.6838416768867925 0.8744590290880504 0.6847259182389936 0.8706289583333334 0.6308669913522013 0.8819965094339624 0.5890864575471698 0.9074483765723271 0.5842539174528302 0.9144011257861635 0.6049367940251572 0.9139316650943397
1 0.45019798349056606 0.9201632240566038 0.489147465408805 0.9227006776729559 0.5188471422955975 0.9093863176100628 0.5249171273584905 0.9023158341194968 0.5180821132075472 0.8987207397798742 0.45220390644654085 0.8940005141509434 0.4337008459119497 0.8990074386792453 0.4226219646226415 0.9085523199685535 0.4238589174528302 0.9136789504716981 0.45019798349056606 0.9201632240566038
1 0.4321762083333333 0.8199882704402515 0.45663201257861635 0.8014290518867924 0.467297590408805 0.8006640235849057 0.47690355660377354 0.7887619858490567 0.47696414858490566 0.7710254316037737 0.4602891768867925 0.7611243899371068 0.4259953867924528 0.7524002012578616 0.39641590801886795 0.7407301839622642 0.38492569496855344 0.7380774591194968 0.35805559198113207 0.7391355919811321 0.3459151281446541 0.7585209237421384 0.3363096548742138 0.7651785966981133 0.33324461242138365 0.7749599331761007 0.33436333805031443 0.7840934827044025 0.3482097216981132 0.7957620220125786 0.40165337500000003 0.8141517830188679 0.4321762083333333 0.8199882704402515
1 0.33460324135220126 0.739369090408805 0.34214614150943395 0.7346557633647799 0.365067947327044 0.7367203081761007 0.36872166273584905 0.733126198899371 0.3667196808176101 0.7173339905660377 0.36896008805031444 0.7041349009433963 0.3568826800314465 0.6795618545597485 0.3509920062893082 0.6596445 0.34468753773584904 0.6537513632075471 0.3028528176100629 0.6287630424528302 0.2332637523584906 0.6086629268867925 0.21252176257861632 0.6111358466981132 0.17887428066037736 0.6223285204402517 0.17663387342767298 0.635527610062893 0.1814048356918239 0.6568001446540881 0.2135749685534591 0.6904495982704403 0.22771692138364782 0.6921008396226415 0.3022547822327044 0.7222187460691823 0.3133316926100629 0.733651323899371 0.3232307633647799 0.7379538113207547 0.33460324135220126 0.739369090408805
1 0.2665082790880503 0.49611844575471703 0.27947288522012576 0.48539523191823897 0.3287938545597484 0.48145186084905656 0.34004859905660373 0.48162969496855346 0.3458816367924528 0.48781741509433957 0.3550738073899371 0.48993959433962264 0.3626753278301887 0.48846717295597486 0.3796473459119497 0.47261782232704397 0.38347938836477985 0.45252460455974847 0.380357695754717 0.4380875762578616 0.37193203223270443 0.4308978805031447 0.32432190959119495 0.4134514748427673 0.3056434787735849 0.4034913191823899 0.2750615314465409 0.39965829166666667 0.2551441768867924 0.4055489646226415 0.2179597287735849 0.43206192295597484 0.2104734787735849 0.4609936139937107 0.2172488860062893 0.4718365330188679 0.23616278616352201 0.48427157940251575 0.2507170566037736 0.48763169732704403 0.25725699449685535 0.4959997256289308 0.2665082790880503 0.49611844575471703
1 0.1735205573899371 0.5319363812893082 0.1803565573899371 0.5250427460691824 0.18271519182389936 0.5078367366352201 0.17918118160377358 0.49169083254716983 0.17028457940251573 0.47955135377358493 0.15773426257861634 0.47100598506289304 0.1445957641509434 0.4510290235849057 0.13051194025157234 0.45786305267295596 0.11966852908805031 0.46988282547169813 0.11701580424528302 0.4813730385220126 0.11801531682389937 0.5050022366352201 0.12909173349056605 0.5216791784591195 0.13292180503144654 0.5225634205974843 0.13722379952830188 0.5179087146226415 0.16038107389937106 0.5224481493710692 0.1652121360062893 0.531228495283019 0.1735205573899371 0.5319363812893082
1 0.20982815566037735 0.4305880227987421 0.23133665251572327 0.4230475864779874 0.24618698349056603 0.4111460408805031 0.25096090172955976 0.4009523867924528 0.24931212421383647 0.3888725157232705 0.236820427672956 0.3835680511006289 0.21879076965408803 0.36730293396226416 0.21266265566037734 0.3658881477987421 0.19521969889937107 0.37678771619496854 0.17335602751572327 0.4015932759433962 0.16940575786163523 0.4256934127358491 0.17323533647798742 0.43182201886792454 0.18896793789308178 0.43706786163522016 0.19432954481132075 0.44355016509433964 0.20982815566037735 0.4305880227987421
1 0.38279119732704403 0.8783787492138365 0.40005779795597485 0.8630008294025158 0.40276914386792456 0.8547515212264151 0.3989395652515723 0.8486229150943395 0.31962877044025156 0.8182099323899371 0.294468036163522 0.8136113836477988 0.30130255817610063 0.8224508427672956 0.29470153459119497 0.8370637334905661 0.30247842610062897 0.850558391509434 0.3351805817610063 0.8661767083333334 0.36481917374213835 0.8758432657232705 0.38279119732704403 0.8783787492138365
1 0.3635787720125786 0.9074271894654087 0.37589509827044026 0.8977645731132076 0.37619017374213837 0.892991639937107 0.3685305251572327 0.8859787916666666 0.32587018396226414 0.8680614473270439 0.29634932704402517 0.8596323349056605 0.2892192374213836 0.8608101737421383 0.2908084080188679 0.8801378702830188 0.3048907539308176 0.8890369355345913 0.33918405188679246 0.9030054889937108 0.3635787720125786 0.9074271894654087
1 0.26570629559748427 0.8787802264150943 0.26659102987421385 0.8697057908805031 0.24502538993710693 0.858272227201258 0.24237463600628933 0.8487849811320756 0.21733360770440252 0.8244464190251573 0.1545238922955975 0.7732343034591195 0.15045638128930816 0.7908526305031447 0.16053131525157233 0.8048778333333334 0.20218820125786166 0.8411208977987422 0.2628777075471698 0.8805477240566038 0.26570629559748427 0.8787802264150943
1 0.14976032075471699 0.6732962971698113 0.1530603396226415 0.6712342161949686 0.1526490070754717 0.6590366100628932 0.14858445283018867 0.6451887484276729 0.1366834001572327 0.625094052672956 0.10681180267295597 0.5867307798742138 0.10027137185534592 0.5836071163522013 0.0878378034591195 0.5867879221698113 0.08565700235849057 0.5927391878930818 0.08765898427672957 0.6085313954402516 0.09826347720125786 0.6307472853773585 0.10392065251572327 0.6272122900943397 0.11087241588050313 0.6425335597484276 0.11646998427672957 0.6462463891509433 0.12041828301886792 0.6431237114779874 0.1318479040880503 0.6635129897798742 0.14333762421383647 0.6714100794025157 0.14976032075471699 0.6732962971698113
1 0.09638218710691823 0.5847263341194968 0.09579400628930818 0.5732947421383647 0.08442399135220126 0.5456576391509433 0.07405398191823899 0.5364053694968554 0.06592142374213837 0.5454201988993711 0.06438742452830189 0.5660439614779874 0.07063228694968553 0.5791849229559748 0.08312349056603774 0.5897337515723271 0.09638218710691823 0.5847263341194968
1 0.732455268081761 0.24625940094339624 0.7333986234276729 0.24042587028301887 0.713483731918239 0.22009471933962266 0.700638338836478 0.21632228380503146 0.6920348419811321 0.2203873317610063 0.6927412492138365 0.2278120039308176 0.6969245243710691 0.2324085817610063 0.722614817610063 0.24519781761006287 0.732455268081761 0.24625940094339624
2 0.5625764709119496 0.2114774253144654 0.5668794512578617 0.19633398977987424 0.56340356918239 0.18867335534591195 0.5582183183962265 0.18666940251572325 0.5520897122641509 0.19049898113207547 0.5483758970125786 0.20658527908805033 0.557449840408805 0.2127143781446541 0.5625764709119496 0.2114774253144654
2 0.3191450353773585 0.322293320754717 0.34419345440251575 0.2679664119496855 0.3345884740566038 0.26937972012578615 0.32168248899371066 0.283343838836478 0.3077134433962264 0.32288150157232703 0.3191450353773585 0.322293320754717
2 0.392974518081761 0.36596401415094343 0.38578580738993706 0.36390094811320756 0.38354638522012574 0.36661130817610066 0.3820734709119497 0.3642541517295597 0.3946853655660377 0.34457423742138366 0.39710262106918237 0.3306091336477987 0.39386220833333335 0.32542338993710695 0.3880872987421384 0.3277209394654088 0.37199902987421385 0.34498458411949684 0.36781329088050313 0.3666098301886792 0.3698753718553459 0.3699098490566038 0.38702276022012577 0.3690275778301887 0.3861966462264151 0.3813429190251572 0.392974518081761 0.36596401415094343
1 0.6652824724842766 0.2226829103773585 0.6720002452830188 0.21979619496855346 0.6728844866352202 0.21596612342767296 0.6592149512578617 0.20353156996855346 0.6446020605345911 0.19693054716981132 0.6338778616352201 0.19445467059748428 0.6238009567610063 0.20140692610062894 0.6230935636792453 0.20447098349056603 0.6292211839622641 0.21113013443396225 0.6542636910377359 0.2197356029874214 0.6652824724842766 0.2226829103773585
1 0.6829604056603774 0.21950259748427675 0.6860249551886792 0.21496562578616354 0.6786017610062892 0.19993893867924528 0.6643425668238994 0.19180588757861636 0.650495197327044 0.19062607783018867 0.6480789276729559 0.19410245204402515 0.6505533254716981 0.19911134748427672 0.6786589033018868 0.2189129386792453 0.6829604056603774 0.21950259748427675
3 0.5967003113207547 0.1475465212264151 0.5994116572327044 0.13929721305031448 0.6055988844339623 0.1387085400943396 0.6096062963836478 0.1335824025157233 0.6086053058176101 0.12568629874213838 0.5903978128930817 0.1206759253144654 0.572660766509434 0.12585969811320755 0.5689479371069183 0.13145726650943396 0.5721883498427673 0.1366430102201258 0.5865652783018868 0.1460135070754717 0.5967003113207547 0.1475465212264151
3 0.596641197327044 0.14954998113207546 0.600354519654088 0.1387080471698113 0.6076023435534591 0.1387676540880503 0.6109028553459119 0.13146120833333333 0.6089590023584905 0.12415427044025157 0.5839160031446541 0.12079316666666667 0.5705981926100628 0.12780404402515724 0.5681819229559748 0.1312804182389937 0.5702440039308176 0.13458043710691825 0.5871544441823899 0.14695636949685537 0.596641197327044 0.14954998113207546
3 0.6639302492138365 0.19009701100628928 0.6820205 0.1886255746855346 0.7576800432389937 0.19641084198113207 0.7613923789308176 0.19605763836477988 0.7620997727987421 0.19299358097484276 0.7382961894654088 0.16853728380503144 0.7080103034591195 0.14944259355345912 0.6648194182389937 0.13382329166666668 0.617738855345912 0.12456757311320754 0.617737376572327 0.14030066745283018 0.6197994575471698 0.14360068632075473 0.6282256139937107 0.145546018081761 0.6296975432389937 0.15839190408805032 0.6373566996855345 0.17064911635220126 0.63782763836478 0.17559889858490565 0.634645353773585 0.17889842452830187 0.6411857853773585 0.18202208726415095 0.6441325998427673 0.17624767059748428 0.6428956470125786 0.17112104009433962 0.646607983490566 0.17076783647798743 0.6454877798742139 0.17736738128930818 0.649081396226415 0.18626546147798742 0.6639302492138365 0.19009701100628928
2 0.45863203773584904 0.21087840487421383 0.4666468616352201 0.20062613050314465 0.46994737342767295 0.19331968474842767 0.46788529245283017 0.19001966588050315 0.4632892075471698 0.18895857625786164 0.45221081918239 0.1932590927672956 0.4499108058176101 0.21370600707547172 0.45863203773584904 0.21087840487421383
2 0.44513885770440254 0.20292220204402514 0.44955908018867924 0.19426057625786164 0.4489704064465409 0.18807334905660378 0.43918857783018866 0.1902526713836478 0.4336476588050315 0.21075820676100626 0.44513885770440254 0.20292220204402514
1 0.899584286163522 0.6983511367924529 0.9067744748427673 0.684681108490566 0.9157927539308176 0.6561031132075472 0.9134952036163523 0.6503282036163522 0.9083094599056604 0.6535686163522013 0.8989384701257862 0.673189909591195 0.8916290683962264 0.7013555864779875 0.899584286163522 0.6983511367924529
1 0.9180361171383647 0.6114378349056604 0.9259933058176101 0.5874559253144653 0.9260538977987421 0.5697193710691824 0.9241686650943396 0.5656533380503145 0.9195725801886793 0.564592248427673 0.9094927193396227 0.6030106933962264 0.9121434732704402 0.6124979394654089 0.9180361171383647 0.6114378349056604
1 0.9367761257861635 0.5931727067610063 0.9412559544025156 0.5772632570754717 0.9409628498427673 0.5610587311320755 0.9364258781446541 0.5579941816037736 0.9282327272012579 0.5847455652515724 0.9305297845911951 0.5957648396226415 0.9367761257861635 0.5931727067610063
1 0.9215770251572326 0.5541626328616353 0.9257627641509434 0.5325373867924529 0.9231716163522014 0.5158023160377359 0.9195775078616353 0.5121486006289309 0.9150395503144654 0.5195727806603774 0.9126213097484276 0.5440266139937107 0.9135631871069183 0.553926177672956 0.9168627130503145 0.557108462264151 0.9215770251572326 0.5541626328616353
1 0.9322426029874215 0.5533976037735849 0.9355441006289308 0.535602429245283 0.9341312845911949 0.5207530833333334 0.9305371753144654 0.5170993679245284 0.9263529150943396 0.5229915196540881 0.9257021721698114 0.5502739410377359 0.9286480015723271 0.554988253144654 0.9322426029874215 0.5533976037735849
1 0.8422386375786164 0.8174340778301887 0.8575608922955976 0.7999935849056604 0.8705264834905659 0.7787816422955974 0.8718235353773585 0.7714160833333333 0.868759478773585 0.7707086894654088 0.861157465408805 0.7774254764150944 0.83163168081761 0.8214400117924529 0.8422386375786164 0.8174340778301887