1 0.7721311475409836 0.3668032786885246 0.7553278688524591 0.3598360655737705 0.7307377049180328 0.35737704918032787 0.7258196721311475 0.35 0.7225409836065574 0.35081967213114756 0.7188524590163935 0.375 0.7245901639344262 0.4004098360655738 0.7336065573770492 0.4192622950819672 0.7397540983606558 0.4204918032786885 0.7389344262295082 0.4155737704918033 0.7438524590163934 0.4204918032786885 0.7659836065573771 0.4237704918032787 0.7799180327868852 0.42131147540983604 0.7721311475409836 0.3668032786885246
1 0.6454918032786885 0.24180327868852458 0.6331967213114754 0.23770491803278687 0.6012295081967213 0.23770491803278687 0.5942622950819673 0.24139344262295082 0.5942622950819673 0.2627049180327869 0.6061475409836066 0.27704918032786885 0.6545081967213114 0.27704918032786885 0.6454918032786885 0.24180327868852458
1 0.5594262295081968 0.2598360655737705 0.5127049180327868 0.2581967213114754 0.5040983606557377 0.2659836065573771 0.5024590163934426 0.2954918032786885 0.5118852459016393 0.3040983606557377 0.5151639344262295 0.3016393442622951 0.5635245901639344 0.30245901639344264 0.5594262295081968 0.2598360655737705
1 0.5409836065573771 0.3717213114754098 0.5409836065573771 0.35450819672131145 0.5442622950819672 0.3454918032786885 0.5397540983606557 0.3418032786885246 0.48811475409836064 0.3418032786885246 0.4713114754098361 0.3610655737704918 0.4721311475409836 0.38073770491803277 0.48811475409836064 0.4 0.5036885245901639 0.3959016393442623 0.5397540983606557 0.39672131147540984 0.544672131147541 0.39344262295081966 0.5409836065573771 0.3717213114754098
1 0.4225409836065574 0.2713114754098361 0.41270491803278686 0.2713114754098361 0.375 0.2836065573770492 0.369672131147541 0.2881147540983607 0.36475409836065575 0.31598360655737706 0.37254098360655735 0.32049180327868854 0.37745901639344265 0.31721311475409836 0.3930327868852459 0.3180327868852459 0.4184426229508197 0.3114754098360656 0.42131147540983604 0.3086065573770492 0.4233606557377049 0.2786885245901639 0.4225409836065574 0.2713114754098361
1 0.3668032786885246 0.380327868852459 0.3471311475409836 0.3860655737704918 0.32786885245901637 0.39959016393442626 0.32295081967213113 0.4323770491803279 0.3315573770491803 0.44098360655737706 0.33811475409836067 0.44426229508196724 0.35122950819672133 0.4426229508196721 0.36885245901639346 0.43155737704918035 0.37254098360655735 0.3836065573770492 0.3668032786885246 0.380327868852459
1 0.39262295081967213 0.4610655737704918 0.3897540983606557 0.45737704918032784 0.37336065573770494 0.4565573770491803 0.34590163934426227 0.46762295081967215 0.33934426229508197 0.4799180327868853 0.33934426229508197 0.494672131147541 0.35122950819672133 0.5122950819672131 0.3930327868852459 0.5114754098360655 0.39262295081967213 0.4610655737704918
1 0.8934426229508197 0.3668032786885246 0.8709016393442623 0.3549180327868853 0.8704918032786885 0.36926229508196723 0.8795081967213115 0.4036885245901639 0.8831967213114754 0.40901639344262297 0.8905737704918033 0.41065573770491803 0.9004098360655738 0.41065573770491803 0.9020491803278688 0.4081967213114754 0.8934426229508197 0.3668032786885246
1 0.8475409836065574 0.2848360655737705 0.8331967213114754 0.2754098360655738 0.8176229508196722 0.27049180327868855 0.8172131147540984 0.2815573770491803 0.8245901639344262 0.30040983606557375 0.8311475409836065 0.3086065573770492 0.8471311475409836 0.3188524590163934 0.8602459016393442 0.319672131147541 0.8475409836065574 0.2848360655737705
1 0.6565573770491804 0.47090163934426227 0.6540983606557377 0.4545081967213115 0.6495901639344263 0.4483606557377049 0.4913934426229508 0.44754098360655736 0.4594262295081967 0.45 0.4512295081967213 0.4524590163934426 0.4483606557377049 0.4569672131147541 0.4491803278688525 0.5397540983606557 0.4684426229508197 0.5491803278688525 0.5610655737704918 0.5540983606557377 0.5782786885245902 0.5508196721311476 0.6495901639344263 0.5483606557377049 0.6549180327868852 0.5454918032786885 0.6573770491803279 0.5389344262295082 0.6577868852459017 0.509016393442623 0.6565573770491804 0.47090163934426227
1 0.2930327868852459 0.45737704918032784 0.28237704918032785 0.4565573770491803 0.27172131147540984 0.45901639344262296 0.2639344262295082 0.46762295081967215 0.26311475409836066 0.494672131147541 0.2700819672131147 0.5016393442622951 0.2889344262295082 0.5032786885245901 0.2942622950819672 0.49959016393442623 0.294672131147541 0.46311475409836067 0.2930327868852459 0.45737704918032784
1 0.26311475409836066 0.4651639344262295 0.2594262295081967 0.460655737704918 0.24877049180327868 0.460655737704918 0.24016393442622952 0.4668032786885246 0.23770491803278687 0.4930327868852459 0.24057377049180328 0.4967213114754098 0.2528688524590164 0.5024590163934426 0.26229508196721313 0.4979508196721312 0.2627049180327869 0.4704918032786885 0.26311475409836066 0.4651639344262295
1 0.24795081967213115 0.3877049180327869 0.230327868852459 0.3930327868852459 0.22459016393442624 0.4151639344262295 0.22745901639344263 0.42131147540983604 0.23647540983606558 0.4237704918032787 0.24508196721311476 0.42008196721311475 0.24795081967213115 0.3942622950819672 0.24795081967213115 0.3877049180327869
1 0.5032786885245901 0.1831967213114754 0.4987704918032787 0.17950819672131146 0.4651639344262295 0.1819672131147541 0.4491803278688525 0.19057377049180327 0.44426229508196724 0.20614754098360655 0.4512295081967213 0.21147540983606558 0.4971311475409836 0.20655737704918034 0.5016393442622951 0.20204918032786887 0.5028688524590164 0.1918032786885246 0.5032786885245901 0.1831967213114754
1 0.5762295081967214 0.16926229508196722 0.5717213114754098 0.16639344262295083 0.5389344262295082 0.16475409836065574 0.521311475409836 0.17172131147540984 0.5204918032786885 0.1831967213114754 0.5315573770491804 0.1901639344262295 0.5725409836065574 0.1901639344262295 0.5766393442622951 0.1737704918032787 0.5762295081967214 0.16926229508196722
1 0.6352459016393442 0.18975409836065574 0.6241803278688525 0.1762295081967213 0.5922131147540983 0.1721311475409836 0.5737704918032787 0.17663934426229508 0.5754098360655737 0.19057377049180327 0.5815573770491803 0.1959016393442623 0.6151639344262295 0.20163934426229507 0.635655737704918 0.20163934426229507 0.6352459016393442 0.18975409836065574
1 0.6741803278688525 0.1737704918032787 0.6504098360655738 0.16885245901639345 0.6315573770491804 0.16885245901639345 0.6286885245901639 0.17172131147540984 0.6303278688524591 0.1831967213114754 0.6389344262295082 0.19098360655737706 0.6659836065573771 0.19836065573770492 0.6881147540983606 0.19836065573770492 0.6741803278688525 0.1737704918032787
1 0.7204918032786886 0.18155737704918032 0.7151639344262295 0.1778688524590164 0.6979508196721311 0.1737704918032787 0.6799180327868852 0.1737704918032787 0.6778688524590164 0.17663934426229508 0.6819672131147541 0.18811475409836065 0.6922131147540984 0.19672131147540983 0.7151639344262295 0.2040983606557377 0.7299180327868853 0.20491803278688525 0.7323770491803279 0.20245901639344263 0.7204918032786886 0.18155737704918032
1 0.8065573770491803 0.21434426229508197 0.7971311475409836 0.19754098360655736 0.7799180327868852 0.18688524590163935 0.7676229508196721 0.1819672131147541 0.7631147540983606 0.1831967213114754 0.7639344262295082 0.19139344262295083 0.773360655737705 0.2081967213114754 0.7922131147540984 0.21885245901639344 0.8061475409836065 0.22213114754098362 0.8065573770491803 0.21434426229508197
1 0.8434426229508196 0.22581967213114754 0.8274590163934427 0.20573770491803278 0.8061475409836065 0.1959016393442623 0.7983606557377049 0.19795081967213116 0.8143442622950819 0.22049180327868853 0.8381147540983607 0.23524590163934425 0.8463114754098361 0.2360655737704918 0.8434426229508196 0.22581967213114754
1 0.8827868852459017 0.24713114754098361 0.8696721311475409 0.22418032786885245 0.853688524590164 0.21311475409836064 0.8438524590163935 0.2122950819672131 0.851639344262295 0.22991803278688525 0.8668032786885246 0.24508196721311476 0.8823770491803279 0.25163934426229506 0.8827868852459017 0.24713114754098361
1 0.9073770491803279 0.2594262295081967 0.8926229508196721 0.23483606557377049 0.8823770491803279 0.2262295081967213 0.8725409836065574 0.22459016393442624 0.8704918032786885 0.2266393442622951 0.8827868852459017 0.24877049180327868 0.9086065573770492 0.2680327868852459 0.9073770491803279 0.2594262295081967
1 0.6565573770491804 0.12172131147540984 0.6438524590163934 0.1139344262295082 0.6028688524590164 0.11065573770491803 0.5959016393442623 0.11434426229508196 0.6004098360655737 0.1221311475409836 0.6077868852459016 0.12540983606557377 0.6389344262295082 0.130327868852459 0.6586065573770492 0.12950819672131147 0.6565573770491804 0.12172131147540984
1 0.546311475409836 0.12049180327868853 0.5200819672131147 0.11967213114754098 0.5028688524590164 0.12459016393442623 0.5016393442622951 0.13237704918032786 0.5077868852459017 0.1360655737704918 0.5397540983606557 0.1360655737704918 0.5471311475409836 0.13442622950819672 0.5504098360655738 0.12868852459016394 0.546311475409836 0.12049180327868853
1 0.43811475409836065 0.16065573770491803 0.4290983606557377 0.16065573770491803 0.4004098360655738 0.1680327868852459 0.3950819672131147 0.17172131147540984 0.39262295081967213 0.1848360655737705 0.4110655737704918 0.18442622950819673 0.42991803278688523 0.17868852459016393 0.43811475409836065 0.16475409836065574 0.43811475409836065 0.16065573770491803
1 0.39959016393442626 0.15327868852459017 0.37663934426229506 0.15737704918032788 0.3655737704918033 0.1651639344262295 0.36065573770491804 0.17745901639344264 0.3684426229508197 0.17950819672131146 0.3897540983606557 0.1721311475409836 0.3983606557377049 0.16598360655737704 0.4012295081967213 0.15901639344262294 0.39959016393442626 0.15327868852459017
1 0.28565573770491803 0.22704918032786886 0.2815573770491803 0.2278688524590164 0.26844262295081966 0.23688524590163934 0.260655737704918 0.24549180327868853 0.2581967213114754 0.255327868852459 0.2651639344262295 0.25573770491803277 0.2774590163934426 0.2483606557377049 0.28647540983606556 0.23114754098360657 0.28565573770491803 0.22704918032786886
2 0.5651639344262295 0.5631147540983606 0.534016393442623 0.5598360655737705 0.5200819672131147 0.5606557377049181 0.5065573770491804 0.5684426229508197 0.5086065573770492 0.5737704918032787 0.5241803278688525 0.5836065573770491 0.5331967213114754 0.5852459016393443 0.544672131147541 0.578688524590164 0.5627049180327869 0.5778688524590164 0.5684426229508197 0.5745901639344262 0.5651639344262295 0.5631147540983606
1 0.9622950819672131 0.48811475409836064 0.9602459016393443 0.48442622950819675 0.9561475409836065 0.48442622950819675 0.9459016393442623 0.5110655737704918 0.9450819672131148 0.5495901639344263 0.9479508196721311 0.5524590163934426 0.9532786885245902 0.5487704918032786 0.9627049180327869 0.519672131147541 0.9622950819672131 0.48811475409836064
1 0.9778688524590164 0.4725409836065574 0.9684426229508196 0.4663934426229508 0.9655737704918033 0.4692622950819672 0.9680327868852459 0.5151639344262295 0.976639344262295 0.5147540983606558 0.9790983606557377 0.5057377049180328 0.9778688524590164 0.4725409836065574
1 0.9557377049180328 0.39139344262295084 0.9487704918032787 0.38278688524590165 0.9389344262295082 0.380327868852459 0.9377049180327869 0.3864754098360656 0.9450819672131148 0.4209016393442623 0.9504098360655737 0.4278688524590164 0.9602459016393443 0.42868852459016393 0.9557377049180328 0.39139344262295084
1 0.2151639344262295 0.5 0.1971311475409836 0.5016393442622951 0.1942622950819672 0.5061475409836066 0.19672131147540983 0.5274590163934426 0.20614754098360655 0.5311475409836065 0.2151639344262295 0.530327868852459 0.21844262295081968 0.5081967213114754 0.2151639344262295 0.5
3 0.7012295081967214 0.7155737704918033 0.6889344262295082 0.7155737704918033 0.6848360655737705 0.7229508196721312 0.675 0.7262295081967213 0.6405737704918033 0.7221311475409836 0.625 0.7278688524590164 0.614344262295082 0.7278688524590164 0.5864754098360656 0.7180327868852459 0.5577868852459016 0.7139344262295082 0.5397540983606557 0.7049180327868853 0.5168032786885246 0.7008196721311475 0.4954918032786885 0.690983606557377 0.4668032786885246 0.6893442622950819 0.4545081967213115 0.6827868852459016 0.4069672131147541 0.6737704918032786 0.3676229508196721 0.6581967213114754 0.35204918032786886 0.639344262295082 0.3315573770491803 0.6360655737704918 0.3069672131147541 0.6131147540983607 0.2889344262295082 0.6032786885245902 0.2733606557377049 0.6 0.2569672131147541 0.6090163934426229 0.24877049180327868 0.6073770491803279 0.23114754098360657 0.5922131147540983 0.22336065573770492 0.580327868852459 0.19631147540983607 0.5729508196721311 0.17008196721311475 0.5475409836065573 0.15450819672131147 0.5426229508196722 0.14221311475409837 0.530327868852459 0.13729508196721313 0.5311475409836065 0.12745901639344262 0.5262295081967213 0.10860655737704918 0.5114754098360655 0.10491803278688525 0.5135245901639345 0.10163934426229508 0.5479508196721311 0.11229508196721312 0.5684426229508197 0.1180327868852459 0.5889344262295082 0.1319672131147541 0.615983606557377 0.14590163934426228 0.6331967213114754 0.16475409836065574 0.6709016393442623 0.17991803278688526 0.6918032786885245 0.22336065573770492 0.7163934426229508 0.23155737704918034 0.7295081967213115 0.24098360655737705 0.7331967213114754 0.24795081967213115 0.7459016393442623 0.2569672131147541 0.7483606557377049 0.26557377049180325 0.7610655737704918 0.27377049180327867 0.7668032786885246 0.2778688524590164 0.7782786885245901 0.2905737704918033 0.7819672131147541 0.2934426229508197 0.7913934426229509 0.3061475409836066 0.7983606557377049 0.31024590163934423 0.8057377049180328 0.39221311475409837 0.8368852459016394 0.4077868852459016 0.839344262295082 0.4217213114754098 0.8459016393442623 0.43811475409836065 0.8475409836065574 0.4438524590163934 0.860655737704918 0.4545081967213115 0.8631147540983607 0.4569672131147541 0.8696721311475409 0.4668032786885246 0.8737704918032787 0.475 0.8762295081967213 0.4790983606557377 0.8729508196721312 0.48811475409836064 0.8729508196721312 0.49221311475409835 0.8688524590163934 0.5184426229508197 0.8713114754098361 0.5307377049180327 0.8770491803278688 0.5569672131147541 0.8803278688524591 0.6020491803278688 0.8811475409836066 0.6520491803278688 0.8737704918032787 0.6663934426229509 0.8528688524590164 0.6663934426229509 0.8479508196721312 0.655327868852459 0.8311475409836065 0.6094262295081967 0.8254098360655737 0.5938524590163935 0.8163934426229508 0.565983606557377 0.8147540983606557 0.5581967213114755 0.8110655737704918 0.5758196721311475 0.7959016393442623 0.6102459016393442 0.7926229508196722 0.634016393442623 0.7950819672131147 0.644672131147541 0.7901639344262295 0.675 0.7868852459016393 0.694672131147541 0.7786885245901639 0.7016393442622951 0.764344262295082 0.7008196721311475 0.7586065573770492 0.6959016393442623 0.7553278688524591 0.6967213114754098 0.7438524590163934 0.7016393442622951 0.7372950819672132 0.7008196721311475 0.7331967213114754 0.7102459016393443 0.7254098360655737 0.7012295081967214 0.7155737704918033