3 0.7974594595278246 0.18104566357504215 0.7831815598650927 0.16730034401349073 0.7685313128161888 0.15999327908937605 0.7549371846543002 0.1602008954468803 0.6657178119730186 0.11909809274873524 0.6476238979763913 0.10546334991568297 0.6203318347386172 0.09908152023608768 0.6143629662731871 0.10204903119730185 0.6196841795952782 0.12173614249578414 0.6401385640809444 0.14610807925801012 0.6991818634064081 0.19060039629005057 0.7499928625632378 0.23710114418212477 0.8258324932546374 0.2890246416526138 0.8294138145025295 0.28724413490725126 0.8269359966273186 0.27567197639123103 0.8300547006745362 0.2675705615514334 0.8283148086003372 0.24610294350758852 0.7974594595278246 0.18104566357504215
0 0.861417779089376 0.2665685952782462 0.8388037706576729 0.24803464249578414 0.8270104569983137 0.24288043086003375 0.8263898785834738 0.2536108558178752 0.8300682386172007 0.26160846205733557 0.8632750177065767 0.2888711779089376 0.8664975295109612 0.2875668271500843 0.861417779089376 0.2665685952782462
1 0.901581899662732 0.48570844856661044 0.8956265699831365 0.48271386003372685 0.8847381838111298 0.49914461467116356 0.8868504232715008 0.5141739780775717 0.8917360952782463 0.5156159831365936 0.9025139038785834 0.4953692150084317 0.901581899662732 0.48570844856661044
1 0.8620926011804384 0.5470287166947724 0.8524182967959528 0.5539228195615514 0.8405572917369308 0.5785791045531198 0.8444635758853288 0.5912276897133221 0.8512674089376054 0.5881428322091062 0.8660056551433389 0.5566962529510961 0.8620926011804384 0.5470287166947724
1 0.8476048583473862 0.6256959333895447 0.8427124173693086 0.6272349780775717 0.8217773794266442 0.6569980902192243 0.8231855387858348 0.6670176661045532 0.8280712107925801 0.6684596711635751 0.8326116121416526 0.6644157327150084 0.8472054350758854 0.644058387015177 0.8511658718381113 0.6328585758853289 0.8476048583473862 0.6256959333895447
1 0.7776980244519394 0.6917168364249578 0.7694657242833053 0.6937252672849915 0.7478266062394604 0.7184785919055648 0.7437555910623945 0.7258623887015178 0.7451772892074199 0.7299198650927488 0.753637513490725 0.732562413153457 0.7600825370994941 0.7299537107925801 0.7811416913996627 0.6980445143338955 0.7776980244519394 0.6917168364249578
1 0.784310049747049 0.7205885590219224 0.7761950969645868 0.723431955311973 0.7551562504215852 0.7463980033726813 0.7565779477234402 0.7504554797639124 0.7626506247892074 0.7542850320404721 0.7683780303541315 0.7526286408094435 0.7877537166947723 0.72691623693086 0.784310049747049 0.7205885590219224
1 0.6821780961214166 0.7996529738617201 0.6729934848229342 0.800943786677909 0.6469516197301856 0.8216328650927488 0.6463445792580101 0.8264011905564924 0.654804802698145 0.8290437386172006 0.6645896854974704 0.8259656500843171 0.6862220345699831 0.8041933752107926 0.6821780961214166 0.7996529738617201
1 0.7062611854974705 0.8013770564924114 0.6971939215851601 0.8035028338954469 0.6703170910623947 0.8243092588532883 0.6682748145025296 0.8309822065767285 0.681744826306914 0.8329206745362564 0.7001411256323777 0.8184148507588532 0.7110227419898819 0.8049651467116358 0.7062611854974705 0.8013770564924114
3 0.9063367327150085 0.6497970598650927 0.8988085126475547 0.6568152782462058 0.8924943735244519 0.6542968456998314 0.8725251846543002 0.6788154763912311 0.8689100177065766 0.6955012310286678 0.8781916686340642 0.7039885320404722 0.8892944401349072 0.6981708558178752 0.8929795699831365 0.703187413153457 0.8908537917369309 0.6941201483979764 0.8990996298482293 0.6861496180438449 0.9077584300168634 0.6538545362563238 0.9063367327150085 0.6497970598650927
3 0.8612238364249578 0.7195707833052276 0.8506242967959528 0.7138230699831366 0.806994021079258 0.760824823777403 0.8074566382799325 0.7671457318718381 0.8117555775716695 0.7644129139966273 0.8163862487352446 0.7731281382799325 0.8243838549747049 0.7694497782462058 0.8528268060708263 0.7416115961214165 0.8624040716694773 0.7249393802698145 0.8612238364249578 0.7195707833052276
3 0.8266675944350759 0.7614657099494098 0.8180697166947724 0.7669313456998313 0.8108032664418212 0.7636952959527824 0.7987481829679595 0.7687953541315345 0.7485690750421585 0.8116087462057336 0.7455744865092749 0.8175640767284992 0.7647583667790894 0.8238082529510962 0.8043040893760539 0.7901523946037099 0.8302421458684655 0.762666252951096 0.8266675944350759 0.7614657099494098
3 0.7447056762225969 0.8325866711635751 0.7320638600337268 0.8335119055649242 0.7265846863406408 0.8308761264755481 0.6757082672849916 0.8656986821247892 0.6809527478920742 0.8666645311973018 0.6852246104553119 0.8758559114671163 0.7024068279932546 0.8708867386172007 0.7370330337268128 0.8506941231028667 0.7497019266441821 0.8378446905564925 0.7447056762225969 0.8325866711635751
3 0.6753223819561552 0.8780990362563238 0.6554141146711636 0.8757882200674536 0.60024552613828 0.9103625438448567 0.6020260328836425 0.9139438650927487 0.6089404435075885 0.9146750210792581 0.6313671424957842 0.9106716973018549 0.676613194772344 0.8872836467116357 0.6786487023608768 0.8835917487352446 0.6753223819561552 0.8780990362563238
3 0.41340525295109615 0.904691607925801 0.39684361382799327 0.8989303566610456 0.37044066779089374 0.8685827833052276 0.36308394772344016 0.8525875699831366 0.33928970404721753 0.8286850202360877 0.30845693423271503 0.8061973996627319 0.2953457318718381 0.8037827757166948 0.29674712225969646 0.8167834013490725 0.32931978414839796 0.8607386399662731 0.3482486627318718 0.8742560362563238 0.3541836854974705 0.8861937723440135 0.3835879881956155 0.9076049662731872 0.3913170556492412 0.9171619249578414 0.41586953204047217 0.922225865935919 0.423032173693086 0.9186648524451939 0.41340525295109615 0.904691607925801
1 0.3864223431703204 0.8671881618887015 0.3679560817875211 0.8599916745362562 0.37364964165261383 0.8732405311973018 0.39589130269814504 0.8982127386172007 0.41400552445193933 0.9029043322091063 0.3864223431703204 0.8671881618887015
3 0.5917311492411467 0.9315683929173694 0.5739621989881956 0.9323627428330522 0.5460292487352445 0.9456544856661045 0.5388801450252951 0.9432534005059022 0.5239681281618886 0.9462006037099494 0.50665502613828 0.9562969114671163 0.5019905084317031 0.9624869350758853 0.5314421956155143 0.963030781618887 0.5591404519392917 0.9480691096121416 0.5877639426644182 0.9457492537942664 0.5975623634064081 0.936709065767285 0.5917311492411467 0.9315683929173694
1 0.4812673575042159 0.16375295952782462 0.46767323018549745 0.16396057588532884 0.44653734401349077 0.17714851096121415 0.43865031534569987 0.1846428853288364 0.4384020834738617 0.18893505480607084 0.444474760539629 0.192764607925801 0.4547290295109612 0.19302637689713323 0.48805088279932546 0.16961125042158515 0.4812673575042159 0.16375295952782462
1 0.5387535311973018 0.10628931956155144 0.5234894738617201 0.10673162984822934 0.5164238709949409 0.12007075632377741 0.5241664772344014 0.12366561551433389 0.5351383642495784 0.12297507419898819 0.5412448861720067 0.11189937858347386 0.5387535311973018 0.10628931956155144
1 0.5557552082630691 0.07580182040472175 0.5469361753794266 0.07363542833052276 0.5372618701517706 0.08052953119730186 0.5401120345699831 0.08566343507588534 0.5488137209106239 0.08699486256323777 0.5546584738617201 0.08617343591905564 0.558011870994941 0.0797419502529511 0.5557552082630691 0.07580182040472175
1 0.24662875379426646 0.20268946121416526 0.23195143086003375 0.2073065944350759 0.2216836231028668 0.21300692327150086 0.21725379932546374 0.22086687605396288 0.2238094005059022 0.22207418802698148 0.23669944856661046 0.21685678330522765 0.24733283389544689 0.20769924873524453 0.24662875379426646 0.20268946121416526
1 0.20131501096121415 0.2558880075885329 0.18663768718381113 0.2605051408094435 0.17945473777403034 0.27300930269814505 0.1835054451939292 0.27456865430016864 0.19567787521079258 0.27030356155143337 0.20213643676222598 0.2617327596964587 0.20131501096121415 0.2558880075885329
1 0.24083815430016864 0.17966249072512647 0.22878307166947723 0.18476254890387858 0.2194608060708263 0.1941615455311973 0.23878910876897136 0.18931648819561553 0.24548236424957842 0.18241561635750422 0.24083815430016864 0.17966249072512647
0 0.46486590640809444 0.034933710792580105 0.37861631618887015 0.05131258347386172 0.3281393212478921 0.0677726854974705 0.24899822006745365 0.10443894097807757 0.21435847723440135 0.13059365514333895 0.17595237436762226 0.18750440725126474 0.1608553195615514 0.21942714249578416 0.17625703035413154 0.2108766483979764 0.18045216104553122 0.20134676644182126 0.19120966273187184 0.19004314671163575 0.2099309249578415 0.18996641483979765 0.22891395615514337 0.1796354139966273 0.31721259190556494 0.15360254384485666 0.3695039392917369 0.12581851517706574 0.39623634654300166 0.11610132377740304 0.45252197639123104 0.06221223608768971 0.4793852681281619 0.04736791062394604 0.487396413153457 0.03772745109612142 0.46486590640809444 0.034933710792580105
3 0.17518968971332208 0.418356344856661 0.1632790295109612 0.4123671694772344 0.16090502107925803 0.4075920741989882 0.15918543591905565 0.37718130775716696 0.1526433726812816 0.3700118962900506 0.13906278330522764 0.3642574139966273 0.12078383136593593 0.3795982023608769 0.11563638954468802 0.38841046627318715 0.11322176559865092 0.4015216694772344 0.1153204671163575 0.4225131323777403 0.12362949831365935 0.4392259629005059 0.14979775126475547 0.4679036070826307 0.16607054384485667 0.495843326306914 0.17096298482293423 0.494304281618887 0.17455784401349073 0.48656167622259694 0.18561773018549746 0.44711748988195615 0.17518968971332208 0.418356344856661
0 0.14478796374367622 0.4686076871838112 0.13658950927487354 0.45571087015177064 0.12834367116357506 0.46368140050590223 0.1191725986509275 0.4590101138279932 0.11523246795952782 0.46126677655986514 0.10629608853288364 0.4582654198988196 0.10116218465430017 0.4611155843170321 0.09980368128161889 0.48174146880269814 0.10640216863406408 0.5165752908937605 0.10634801517706577 0.5404236871838112 0.11404323777403036 0.5648858937605395 0.11149772934232716 0.5831242310286677 0.11418316357504216 0.6082905168634064 0.1357297849915683 0.6767846939291737 0.14832421753794267 0.6967268060708263 0.1554868591905565 0.6931657925801012 0.1574117892074199 0.6856578802698146 0.14036945193929173 0.5765122048903879 0.14004448819561552 0.5620831129848229 0.1454469308600337 0.545997629005059 0.14105095278246205 0.5389523338954468 0.13917340640809445 0.5255928996627318 0.14595466020236086 0.47993838364249575 0.14478796374367622 0.4686076871838112
1 0.21009129342327149 0.6969863043844857 0.2030663060708263 0.6924391340640809 0.19790532546374368 0.7072134974704891 0.20110076138279934 0.7178333440134906 0.2118176475548061 0.7244160219224284 0.2156675075885329 0.7094001964586846 0.21009129342327149 0.6969863043844857
0 0.3088473625632378 0.8968226602023609 0.30015921500843173 0.8895291332209105 0.28532842748735243 0.8567037428330523 0.2564070489038786 0.8326703086003372 0.24251503456998316 0.8065246340640809 0.21951963912310288 0.7458971787521079 0.19061179932546374 0.7159016450252951 0.16728017284991567 0.6983200033726813 0.15727413490725126 0.6937660640809443 0.14700632799325464 0.6994663937605397 0.14746894519392917 0.7057873018549747 0.15721321332209107 0.7205955101180438 0.16764802276559865 0.7463756062394603 0.211490457841484 0.8159935944350759 0.24693359190556494 0.8561395885328837 0.2520607268128162 0.8562704730185497 0.2523992276559865 0.8647374662731873 0.26061798988195617 0.8686911349072511 0.26762943929173694 0.8792004038785834 0.27169368465430016 0.8747976568296797 0.27214953288364246 0.8840996146711635 0.2821420328836425 0.8946156534569983 0.32677654637436765 0.9304897849915684 0.3088473625632378 0.8968226602023609