1 0.29100022231543626 0.5219667617449665 0.28698140100671143 0.5278722139261744 0.28730961493288587 0.5350078682885906 0.29119060067114094 0.5679200755033558 0.29696325587248323 0.5787012323825503 0.3130786090604027 0.5795380822147651 0.34276373825503353 0.573043860738255 0.3497691157718121 0.5634503196308726 0.34766703523489934 0.5273987273489933 0.33895293036912755 0.5127089932885907 0.29100022231543626 0.5219667617449665
1 0.20515439681208053 0.5158056719798658 0.1672587600671141 0.5164144748322148 0.16534705788590603 0.5263161954697987 0.16848140520134228 0.5601504244966443 0.17157568540268456 0.5695259958053691 0.17664680704697988 0.5736325092281879 0.2027290201342282 0.5810137248322148 0.21691263758389262 0.579522966442953 0.2200996484899329 0.5576775444630873 0.21509870469798656 0.526148369966443 0.21114754110738257 0.5206588238255033 0.20515439681208053 0.5158056719798658
1 0.41974754614093956 0.6674435226510067 0.4009137516778523 0.6407424286912752 0.37375920469798657 0.6111199194630872 0.36238675838926176 0.607253927852349 0.3523522407718121 0.6121045612416107 0.34949596308724834 0.625057975671141 0.35131493540268455 0.6463772483221476 0.36152231795302014 0.6592229379194631 0.37772032466442956 0.6929494421140939 0.38105512667785235 0.7086263372483221 0.4031185184563758 0.721913005033557 0.417477519295302 0.7220909077181208 0.4213860964765101 0.7191494580536912 0.42404443791946306 0.7083257147651006 0.41974754614093956 0.6674435226510067
1 0.2535629563758389 0.6794271703020135 0.24660268540268457 0.6814240444630872 0.24772012416107383 0.6960686736577181 0.2544573875838926 0.7160274656040269 0.2626453422818792 0.725711216442953 0.30062615100671136 0.7419644060402685 0.31101143624161076 0.7404510947986577 0.3064489505033557 0.7130935738255033 0.3011373062080537 0.7026857357382551 0.29145607382550337 0.69484602852349 0.2535629563758389 0.6794271703020135
1 0.6144873515100672 0.5740087105704698 0.6003037340604027 0.5754994689597316 0.598216648489933 0.5837325285234899 0.6004740788590603 0.6092234530201343 0.6026688892617449 0.614054052852349 0.6182129874161074 0.6174815855704698 0.635646235738255 0.6148057298657719 0.6390512156040269 0.6030599647651007 0.6385275847315436 0.5820263204697987 0.6351476770134229 0.5739460906040268 0.6300314496644295 0.5774362432885906 0.6144873515100672 0.5740087105704698
1 0.5496674924496645 0.7558575989932886 0.5509603145973154 0.7721708884228188 0.5553950419463087 0.7742354219798658 0.5877585461409396 0.7691467860738255 0.5957736359060403 0.7611342147651007 0.5942828783557047 0.7469505973154362 0.5901337785234899 0.7435907223154362 0.5651038649328859 0.7462214723154362 0.5521053447986577 0.750961860738255 0.5496674924496645 0.7558575989932886
1 0.44272288338926175 0.7455874765100671 0.420809802852349 0.7537954647651006 0.4149469370805369 0.758207639261745 0.41509976761744966 0.7636746325503355 0.4199929865771812 0.7821401468120806 0.4286645050335571 0.7883988850671141 0.4612033926174497 0.7849789102348993 0.47312706040268454 0.774024889261745 0.4729090906040268 0.7639252323825504 0.46887023573825504 0.7576013548657718 0.45374456208053693 0.7461161459731543 0.44272288338926175 0.7455874765100671
1 0.3762119312080537 0.7909594572147651 0.3619882466442953 0.767991557885906 0.33166924161073824 0.7564161375838927 0.32822167533557045 0.7597309060402685 0.32784583724832217 0.7762195788590605 0.33318003355704695 0.7828290838926174 0.34301157718120806 0.812163447147651 0.35491017281879195 0.8210354203020134 0.36474423573825504 0.8343421216442953 0.3739870092281879 0.8380101761744967 0.37884016191275166 0.8320170327181209 0.3822251082214765 0.8080419387583893 0.3762119312080537 0.7909594572147651
1 0.35491017281879195 0.8210354203020134 0.32191531291946307 0.7920267525167786 0.3095331535234899 0.7865797919463088 0.30542664010067117 0.791650913590604 0.30584254530201344 0.7996208984899329 0.30999164513422817 0.8029807734899329 0.3117028917785235 0.8112363859060403 0.335808264261745 0.8238866593959732 0.34656434899328864 0.8379399991610739 0.34983401258389263 0.848984230704698 0.3641930134228188 0.8491621333892618 0.37071482634228187 0.8429936065436242 0.35491017281879195 0.8210354203020134
1 0.20348297567114093 0.8129099647651007 0.23132154110738254 0.8209501275167785 0.24087249580536915 0.8195245075503356 0.22906411073825503 0.7954592030201342 0.2167045041946309 0.7862139093959731 0.18895362919463088 0.779008077181208 0.18429841359060403 0.7828715494966444 0.20348297567114093 0.8129099647651007
1 0.17872165855704697 0.22418588674496645 0.19391498993288592 0.22427609731543624 0.20932881040268456 0.21843830369127518 0.21734390100671142 0.21042573238255033 0.2232744253355705 0.1946185595637584 0.2133727038590604 0.19270685738255033 0.1906252927852349 0.20100253691275166 0.18138 0.21336214345637583 0.17872165855704697 0.22418588674496645
1 0.25040893875838927 0.2120117399328859 0.24634501090604027 0.22551385822147652 0.24919876929530202 0.2285881048657718 0.26873913590604026 0.22990851845637583 0.28608469211409393 0.22639833221476507 0.2979206686241611 0.21460998154362418 0.3024456065436241 0.20148118288590605 0.292105427852349 0.19539782802013422 0.26466021392617445 0.1991259832214765 0.25040893875838927 0.2120117399328859
1 0.3039163313758389 0.20343547147651006 0.29025634479865775 0.22595987416107385 0.2938993280201342 0.2365430947986577 0.3161180696308725 0.2392690947986577 0.3293796644295302 0.23703169714765102 0.34314737667785233 0.22757095385906037 0.3458282709731544 0.2129488783557047 0.3423381182885906 0.20783265100671142 0.3344783775167785 0.20528455453020134 0.3039163313758389 0.20343547147651006
1 0.36732292617449663 0.21279856711409395 0.35746379194630873 0.21931786073825504 0.3547603447986577 0.23773826929530198 0.35770179446308725 0.24164684647651008 0.380271302852349 0.24771016778523489 0.401963894295302 0.24543018456375837 0.4135793817114094 0.23956983808724833 0.41525056208053696 0.2233667927852349 0.40982867365771813 0.21592295805369124 0.40012488926174494 0.21188158305369129 0.36732292617449663 0.21279856711409395
1 0.41857288926174496 0.17873137332214764 0.41187317365771814 0.1992589010067114 0.41286033473154365 0.2046382038590604 0.4176232760067114 0.21383839093959733 0.422519014261745 0.2162762432885906 0.43578060906040267 0.2140388464765101 0.4469350855704698 0.2078051803691275 0.4514825763422819 0.1908780494966443 0.4477519018456376 0.17946049832214764 0.4368404672818792 0.17596782634228186 0.41857288926174496 0.17873137332214764
1 0.5521859614093959 0.23807668120805367 0.5290026115771812 0.2261730469798658 0.5163122718120805 0.22581976090604028 0.5104494060402684 0.23023193540268455 0.512092994966443 0.24988254697986578 0.5160441577181208 0.25537209312080533 0.5243649093959731 0.2582935092281879 0.5324426199664429 0.2709412634228188 0.5401044244966443 0.2756190318791946 0.5596447919463087 0.2769394454697987 0.5736755788590604 0.2699816937919463 0.5694187541946308 0.25355815939597315 0.5521859614093959 0.23807668120805367
3 0.2646928439597315 0.1312170033557047 0.26510875 0.13918698825503356 0.30129313926174495 0.130322572147651 0.3416517005033557 0.10499203607382551 0.34650485318791946 0.09899889261744967 0.34327777516778524 0.09638565687919463 0.31974113926174497 0.09717236241610738 0.2950168875838926 0.11073709983221477 0.27868104530201343 0.11582825503355705 0.2646928439597315 0.1312170033557047
3 0.4732428263422819 0.17720306711409395 0.4879976996644295 0.17312162583892615 0.4922795964765101 0.16971916526845637 0.49221445721476514 0.1650865025167785 0.5057842332214765 0.15775543036912754 0.5214410947986577 0.1421912994966443 0.5204764865771812 0.1330136644295302 0.5079414966442953 0.1220997105704698 0.47013607046979866 0.10751518204697987 0.43320756124161075 0.10127395805369127 0.39807799077181205 0.104122677852349 0.3531544244966443 0.11812335402684562 0.3200417625838926 0.14016167365771812 0.309851894295302 0.15557297483221474 0.3173157625838926 0.16238041526845637 0.3457255838926174 0.1678298951342282 0.3557801359060403 0.175208591442953 0.376375322147651 0.17051330788590602 0.39332500587248326 0.171262466442953 0.4042138884228188 0.1785534706375839 0.45510804530201343 0.17320427936241609 0.4732428263422819 0.17720306711409395
2 0.3471286510067114 0.18117918204697986 0.3471512038590604 0.1773808489932886 0.3390935268456376 0.1769624244966443 0.3172681384228188 0.18600474328859062 0.31546668036912756 0.19294246140939597 0.3399704437919463 0.18530572902684564 0.3471286510067114 0.18117918204697986
1 0.4073927365771812 0.90704415352349 0.42394654865771814 0.9120526552013423 0.43472770553691276 0.9062800008389262 0.43218212751677854 0.8981120796979866 0.41560828271812084 0.8808742483221476 0.3949705100671141 0.8771385352348994 0.3949254043624161 0.8847352013422819 0.4073927365771812 0.90704415352349
2 0.5905747558724832 0.7317347130872482 0.5921782776845637 0.7269266661073825 0.5738455612416108 0.7250575503355705 0.5575097189597316 0.7301487046979867 0.5579481770134228 0.7343203573825504 0.5841631879194631 0.7349392374161073 0.5905747558724832 0.7317347130872482
3 0.6826847206375839 0.2758170889261745 0.6577876040268456 0.27168550335570474 0.6499478968120805 0.281366735738255 0.6500556216442953 0.2944303951342282 0.6589451098993289 0.3107887902684564 0.671392408557047 0.3208684144295302 0.7076619706375838 0.3288659907718121 0.7158298917785235 0.32632041275167784 0.7205953523489933 0.31949293875838924 0.7223542239932886 0.3041242239932886 0.7162959412751677 0.294638408557047 0.6826847206375839 0.2758170889261745
3 0.7264531795302014 0.34713608808724833 0.7216225805369127 0.3493308984899329 0.7245414773489933 0.3570378087248322 0.7342227088926175 0.3648775159395973 0.7473515075503355 0.36940245469798655 0.7572757810402685 0.36751582382550335 0.764193466442953 0.35708795302013424 0.7637550083892618 0.3529163003355705 0.7545122340604027 0.3492482458053691 0.7264531795302014 0.34713608808724833
3 0.7145571031879194 0.32223645218120806 0.7039738825503357 0.32587943540268455 0.7173206501677852 0.3405040302013423 0.7601997172818792 0.34316741023489933 0.7584458833892618 0.3264808011744967 0.7245290016778523 0.2967254941275168 0.7068552315436241 0.2931000251677852 0.7132216946308725 0.2974921669463087 0.7182251577181208 0.31299367869127515 0.7145571031879194 0.32223645218120806
1 0.6085395545302014 0.28065764513422814 0.6094390243288591 0.28520261661073826 0.6127963791946309 0.29708117869127515 0.6179551929530201 0.3020220226510067 0.6309962994966444 0.30571263003355703 0.6436215008389261 0.30143325251677855 0.6444132449664429 0.2929145654362416 0.6343812458053691 0.2817375360738255 0.6119871208053691 0.2773428758389262 0.6085395545302014 0.28065764513422814
1 0.6168653456375839 0.2515237374161074 0.6199596258389262 0.26089930788590604 0.6325823070469798 0.27264759312080533 0.6379390570469798 0.275458764261745 0.6472269362416108 0.27153015352348997 0.6459992525167786 0.25984952768456376 0.6350452315436241 0.24792585989932886 0.6169104505033557 0.24392707130872485 0.6168653456375839 0.2515237374161074
1 0.6571586468120806 0.3620111619127517 0.6610421518456376 0.3788957063758389 0.6725674286912752 0.3882286912751678 0.6826670855704697 0.38801072231543626 0.6891888984899328 0.3818421946308725 0.6883119815436242 0.3734988909395973 0.677270269295302 0.3607408926174497 0.6589601048657718 0.3550734429530201 0.6571586468120806 0.3620111619127517
1 0.7035002743288591 0.4056444253355705 0.711512845637584 0.41365951593959727 0.720031533557047 0.4144512600671141 0.7264656552013422 0.4074484026845638 0.7174884756711409 0.39025567701342284 0.7018566862416107 0.38599381375838926 0.7010649412751677 0.39451250167785235 0.7035002743288591 0.4056444253355705
3 0.8071499060402685 0.7055975587248322 0.7989819848993288 0.7081431359060403 0.7974235687919463 0.7053545167785236 0.8122009941275168 0.6974747424496645 0.8235108204697987 0.6806804085570469 0.8203288489932886 0.6704705075503355 0.8166833464765101 0.6759149479865771 0.8109532776845637 0.6735647877516778 0.8169038355704697 0.6699869437919462 0.8222405511744966 0.6605687860738255 0.8053560058724832 0.6644522911073826 0.7903806442953021 0.6744617374161074 0.7853295562080537 0.682584552852349 0.7944194991610738 0.6807856140939597 0.7988993322147651 0.6752534815436242 0.8080544144295302 0.678087206375839 0.763371369966443 0.698389207214765 0.7545419823825503 0.7187187986577181 0.7622263397651007 0.7195982348993288 0.7839414840604026 0.7135199186241611 0.7642232147651007 0.7265585058724832 0.766658547818792 0.7376904295302014 0.7789981208053691 0.734706394295302 0.7972231132550336 0.7235118506711409 0.8079616837248322 0.7093081996644295 0.8071499060402685 0.7055975587248322
3 0.7855452474832215 0.42781062416107385 0.8080671317114093 0.4574982734899329 0.8266854765100671 0.45807204781879196 0.8367199941275167 0.45322141526845633 0.8363266417785234 0.44145309731543625 0.830027836409396 0.4256659572147651 0.7967874161073825 0.422411288590604 0.785941119966443 0.4235512802013423 0.7855452474832215 0.42781062416107385
3 0.7624120419463087 0.3762550008389262 0.762321831375839 0.3914483322147651 0.770792894295302 0.41586440352348997 0.7971832877516779 0.41815194463087246 0.8088639144295302 0.41692426174496644 0.8130581191275167 0.41268747063758393 0.7957176015100671 0.38414233221476507 0.7789232676174497 0.37283250671140944 0.7695702491610737 0.3721284538590604 0.7624120419463087 0.3762550008389262
3 0.6918719496644296 0.7725443288590604 0.6505036744966444 0.7962938959731544 0.6422906476510067 0.806436139261745 0.692834038590604 0.7977496258389262 0.7128153825503356 0.787214029362416 0.7203243565436241 0.7864248045302014 0.7201715260067114 0.7809578112416107 0.7125322743288591 0.7724817088926175 0.7188135654362416 0.7600118582214764 0.7050032667785234 0.7610416048657719 0.6918719496644296 0.7725443288590604
3 0.6431324152684563 0.8987160855704698 0.647940461409396 0.9003196073825505 0.6640132290268457 0.892725461409396 0.6724442248322147 0.8926828749999999 0.6759143439597315 0.8855697734899328 0.6810080184563758 0.8858779538590604 0.6837314983221476 0.8796868741610737 0.6890231090604028 0.8778653825503355 0.6776506627516778 0.8739993909395973 0.6860616258389262 0.8617274756711409 0.692736269295302 0.8610259429530202 0.6934177692953021 0.8554712575503355 0.698072985738255 0.8516077852348993 0.690125552852349 0.8482253582214765 0.6915762441275167 0.8379503179530201 0.6979652600671141 0.8385441258389261 0.7033019765100671 0.8291259689597316 0.7024025067114094 0.8245809974832214 0.7195075402684564 0.8147694874161074 0.7206500511744967 0.8095881208053691 0.711955980704698 0.8071277156040269 0.7254606174496644 0.7951639815436241 0.7472634538590603 0.7899199958053692 0.7439486845637584 0.7864724295302014 0.738942702181208 0.7869985796979866 0.7147020134228188 0.7971383036912751 0.708686317114094 0.7960834840604026 0.65058884647651 0.8131558884228188 0.648654591442953 0.826855942114094 0.6379410922818792 0.8212335981543624 0.6399379672818792 0.828193869966443 0.6208560922818792 0.843274437080537 0.6254887558724832 0.8432092986577182 0.6267164387583892 0.8548899244966442 0.632160880033557 0.8585354270134228 0.6365505016778523 0.8681966258389262 0.6405442516778523 0.882117168624161 0.6381715377516779 0.8916455696308725 0.6444503095637584 0.8952033808724832 0.6431324152684563 0.8987160855704698
3 0.6287409052013423 0.8259965394295302 0.6355483456375839 0.8185326711409395 0.6158100427852349 0.8193419295302014 0.5903842567114094 0.8262320234899329 0.5574043917785234 0.8415080075503356 0.5093188867449664 0.8575281115771812 0.5006448489932885 0.8672970352348993 0.5034535016778524 0.8779679479865773 0.4941656224832215 0.8818965587248323 0.49161752600671144 0.8897562994966443 0.5032530461409396 0.8961252818791947 0.5333766342281879 0.8938027122483222 0.5671908296979865 0.8784390360738255 0.5772479010067114 0.8697900704697987 0.5863378439597315 0.8679911317114093 0.6174736652684564 0.851221869966443 0.6279491610738255 0.8345152273489933 0.6287409052013423 0.8259965394295302