1 0.5703724853181077 0.8223052895595433 0.5845695766721044 0.8130216566068516 0.5827840203915171 0.7648202650897227 0.5717074828711256 0.749171308319739 0.5285437659053833 0.7520676900489396 0.5142833417618271 0.7568471353996737 0.5064905293637847 0.7646374983686786 0.505506367862969 0.7786835489396411 0.5100738882544862 0.7831244045676998 0.5204853768352365 0.8197571769983687 0.5344875717781402 0.8281273303425775 0.5703724853181077 0.8223052895595433
1 0.45083281810766723 0.3989577911908646 0.450257927406199 0.3895864486133768 0.45482544779771616 0.39402730424143556 0.45888140946166395 0.39360100570962475 0.4589885970636215 0.39071920228384993 0.4475929469820555 0.3681324796084829 0.43813634502446985 0.36789617862969004 0.43542506117455143 0.36941137601957585 0.43619239885807504 0.3767121076672104 0.44801434747145186 0.40335479282218595 0.45083281810766723 0.3989577911908646
1 0.4882791150081566 0.5094334502446982 0.5176525611745514 0.5079864836867863 0.5217304510603589 0.503867189233279 0.5229703915171289 0.49225471615008154 0.5090608034257749 0.4379462300163133 0.5124785424143556 0.4236444004893964 0.49894649999999996 0.4119442185970636 0.49798671533442085 0.4067140978792822 0.49192347471451875 0.4114521378466558 0.45678642169657424 0.41268473001631323 0.4435929690048939 0.41981249265905385 0.43904492659053834 0.42726181647634587 0.45324924959216967 0.5077842398042415 0.45655735154975535 0.5119473882544862 0.46708092577487764 0.5145320073409462 0.4882791150081566 0.5094334502446982
1 0.18538768352365417 0.5187143996737357 0.1868200709624796 0.5050313156606852 0.2026176207177814 0.49927015823817295 0.21053954730831975 0.48490499592169656 0.2361177096247961 0.4551515554649266 0.23949159380097879 0.4482357169657422 0.24021997553017943 0.43175608972267543 0.23225909298531808 0.4223408923327896 0.21206454241435563 0.42528357911908643 0.1921671769983687 0.43885702610114197 0.18608200897226754 0.4472880619902121 0.17258647308319738 0.47495141435562804 0.1718166859706362 0.48323385807504077 0.17988230587275694 0.505350427406199 0.17979459624796085 0.5201224102773246 0.18538768352365417 0.5187143996737357
1 0.32273019902120714 0.4013498458401305 0.3291564061990212 0.39616357993474716 0.3317190970636215 0.3893330016313214 0.331039469004894 0.3672602871125612 0.32809678221859706 0.34706573654159867 0.32487394045677 0.34371377977161505 0.30378293719412724 0.3459305334420881 0.2887746533442088 0.35529942659053837 0.285486028548124 0.3630264567699837 0.2848404567699837 0.3959004526916803 0.2858635742251224 0.40563476101141926 0.2903458352365416 0.4092644241435563 0.32273019902120714 0.4013498458401305
1 0.7262045905383361 0.4126630375203915 0.7264189649265905 0.40689943066884177 0.7121220342577488 0.3723153417618271 0.6871724151712888 0.3417214331158238 0.6591655742251223 0.34056430261011417 0.6568805889070147 0.34613546247960847 0.658286150081566 0.3673117251223491 0.6872673548123981 0.4167555057096248 0.7142705562805872 0.4200685073409462 0.7174933988580751 0.4234204632952691 0.7262045905383361 0.4126630375203915
1 0.5698126427406198 0.3097681492659054 0.5746164649265906 0.30475240212071775 0.5744045399673736 0.2949328336052202 0.5656543923327896 0.2819099004893964 0.565868766721044 0.27614629363784665 0.5378010432300163 0.25490180016313213 0.5180766460032626 0.2545144567699837 0.5030902887438825 0.26019035481239805 0.5063959412724306 0.27993667862969 0.5170681076672105 0.28783667862969003 0.5221033319738989 0.30453068026101143 0.5412503890701469 0.3111298556280587 0.5548482128874388 0.3117510505709625 0.5698126427406198 0.3097681492659054
1 0.47795312153344205 0.20050070554649266 0.47908587520391516 0.19177003588907013 0.472106704730832 0.18389196411092987 0.46177557748776504 0.17923673409461663 0.43923270962479605 0.18324639233278955 0.4367772047308319 0.18719516721044044 0.43933744698205546 0.195947764274062 0.4470425505709625 0.2029293841761827 0.4540655758564437 0.20342146492659052 0.47795312153344205 0.20050070554649266
1 0.3661450318107667 0.15894222756933116 0.366551852365416 0.1511080097879282 0.35782118270799346 0.14997525611745513 0.3491538458401305 0.15334669086460032 0.34631344779771617 0.1614366876019576 0.35143638091353996 0.16335870636215333 0.3661450318107667 0.15894222756933116
1 0.3336924363784666 0.19351896818923328 0.3374292871125612 0.18615490375203914 0.33538060277324633 0.18226946166394778 0.32276449102773247 0.18318539151712887 0.31580479853181076 0.1871974991843393 0.30989015008156606 0.19725092006525285 0.31275002610114194 0.20105110277324634 0.3336924363784666 0.19351896818923328
1 0.28019269331158236 0.22292647145187602 0.2830769461663948 0.2074504828711256 0.2696496411092985 0.20845167292006525 0.2612380831973899 0.21425668515497553 0.25750123327895597 0.22162074877650897 0.2607874078303426 0.22947689396411092 0.28019269331158236 0.22292647145187602
3 0.8909082577487765 0.46588519168026105 0.8893370758564436 0.41192019412724307 0.8817465073409463 0.3553072446982055 0.8722314714518761 0.31940040456769986 0.8523390040783034 0.3018075016313214 0.8486703849918434 0.2825094029363785 0.8385122267536705 0.26389338254486133 0.8070730685154975 0.23398155220228384 0.8001572308319739 0.23060766802610116 0.7636535717781403 0.23444435725938012 0.7611128075040783 0.23758193964110932 0.7630323768352366 0.2480421810766721 0.775794632137031 0.2680248066884176 0.762196808319739 0.2674036117455139 0.759656044045677 0.2705411949429038 0.7579435 0.3010668719412724 0.8026759502446983 0.367718663132137 0.8076259151712887 0.3836014722675367 0.8077501305057097 0.4081930236541598 0.8435424355628058 0.4483093172920065 0.8513985799347471 0.44502314274061994 0.8677490929853181 0.452326323817292 0.8722752088091353 0.4485699951060359 0.875690497553018 0.4498513409461664 0.8826696680261013 0.4577294135399673 0.8829668531810767 0.4683601745513866 0.8909082577487765 0.46588519168026105
3 0.05462008482871126 0.49965248531810763 0.055518986949429035 0.4847952422512235 0.05934109624796085 0.4782423703099511 0.06303409216965743 0.4782642977161501 0.06570152120717782 0.48413509135399674 0.07084638254486134 0.482364114192496 0.07883409135399673 0.4569199649265906 0.0846464510603589 0.4185819975530179 0.08537973246329526 0.3709360195758564 0.08164533115823817 0.36271690783034255 0.0528004722675367 0.3965043841761827 0.036530319738988584 0.42117874551386625 0.03306627732463296 0.45844974225122354 0.0344279836867863 0.48701199592169664 0.03773608564437194 0.49117514518760197 0.04172871533442088 0.4862446582381729 0.049197517128874386 0.5026828800978793 0.05462008482871126 0.49965248531810763
3 0.07777423246329526 0.6809332862969005 0.0794404722675367 0.6733767748776509 0.07564518841761828 0.6450703001631322 0.06352360603588907 0.6233800301794453 0.05103660848287112 0.6177211615008157 0.056817243066884175 0.6454088898858075 0.07324811745513866 0.684689614192496 0.07777423246329526 0.6809332862969005
3 0.5620078181076672 0.12236322430668842 0.5518277324632953 0.10744019983686787 0.5164349004893964 0.1062392145187602 0.5045861264274063 0.11445587683523653 0.5081500073409462 0.12105260277324634 0.5220669437194128 0.12861156362153345 0.5525073613376835 0.12951291435562806 0.5592307528548124 0.13495740946166396 0.5620078181076672 0.12236322430668842
3 0.47615298694942904 0.10924278384991844 0.476282101141925 0.10266798531810767 0.46985834339314847 0.09227107585644373 0.43867006606851544 0.09595917292006526 0.4407820815660685 0.10434880342577488 0.4729934771615008 0.11039501549755303 0.47615298694942904 0.10924278384991844
3 0.5017895823817292 0.11515988172920065 0.5142790301794453 0.1052355758564437 0.5011099543230016 0.09308716721044046 0.4795926525285481 0.09124795921696574 0.47739292740619904 0.09763031158238172 0.4820871125611746 0.1110795432300163 0.4892587300163132 0.11688700407830344 0.5017895823817292 0.11515988172920065