1 0.46171875 0.583984375 0.471875 0.561328125 0.4703125 0.530078125 0.46640625 0.524609375 0.465625 0.494140625 0.4671875 0.483984375 0.470703125 0.4859375 0.47265625 0.483203125 0.4734375 0.466015625 0.47109375 0.456640625 0.46640625 0.455859375 0.46484375 0.447265625 0.459375 0.440234375 0.45546875 0.422265625 0.450390625 0.415625 0.439453125 0.41015625 0.400390625 0.40859375 0.358203125 0.41484375 0.3484375 0.424609375 0.33515625 0.448046875 0.32109375 0.490234375 0.317578125 0.4953125 0.3125 0.494140625 0.31640625 0.506640625 0.3140625 0.509765625 0.31015625 0.566796875 0.31640625 0.598828125 0.325390625 0.60703125 0.355078125 0.60703125 0.35703125 0.609765625 0.353515625 0.6125 0.363671875 0.6125 0.3578125 0.609765625 0.362109375 0.60703125 0.369921875 0.6078125 0.365625 0.612109375 0.371484375 0.6140625 0.380859375 0.61171875 0.387109375 0.61640625 0.416015625 0.61484375 0.421484375 0.61796875 0.45625 0.621484375 0.46171875 0.614453125 0.46171875 0.583984375
1 0.35078125 0.394921875 0.35859375 0.366796875 0.35546875 0.333984375 0.3671875 0.324609375 0.364453125 0.32109375 0.357421875 0.321875 0.35390625 0.319140625 0.346875 0.295703125 0.341796875 0.28984375 0.319140625 0.29375 0.285546875 0.30625 0.27109375 0.325390625 0.2671875 0.341015625 0.259375 0.349609375 0.26328125 0.354296875 0.25703125 0.383984375 0.2578125 0.412109375 0.264453125 0.415625 0.28125 0.415234375 0.334765625 0.40546875 0.35078125 0.394921875
1 0.45078125 0.258984375 0.453125 0.245703125 0.45390625 0.220703125 0.4515625 0.214453125 0.440234375 0.20546875 0.412109375 0.20703125 0.387109375 0.2125 0.36953125 0.227734375 0.36171875 0.239453125 0.36328125 0.244140625 0.3515625 0.275390625 0.355859375 0.27890625 0.365625 0.278515625 0.446484375 0.265625 0.45078125 0.258984375
1 0.7578125 0.358984375 0.7390625 0.322265625 0.731640625 0.31328125 0.718359375 0.30546875 0.678515625 0.29375 0.672265625 0.29453125 0.65546875 0.305859375 0.6640625 0.341015625 0.687890625 0.38828125 0.717578125 0.38984375 0.765625 0.402734375 0.765625 0.388671875 0.7578125 0.358984375
1 0.80703125 0.654296875 0.81640625 0.619921875 0.82265625 0.559765625 0.821875 0.539453125 0.816015625 0.53203125 0.790234375 0.53203125 0.78203125 0.537890625 0.77578125 0.563671875 0.76953125 0.613671875 0.7546875 0.655859375 0.75 0.682421875 0.799609375 0.66484375 0.80703125 0.654296875
1 0.734765625 0.828125 0.75390625 0.805078125 0.771875 0.769140625 0.764453125 0.7671875 0.726953125 0.78359375 0.691015625 0.80625 0.6625 0.851171875 0.663671875 0.8546875 0.66796875 0.854296875 0.702734375 0.84375 0.734765625 0.828125
1 0.20078125 0.368359375 0.22578125 0.311328125 0.22578125 0.298828125 0.222265625 0.29453125 0.212890625 0.29296875 0.203515625 0.29765625 0.18515625 0.323046875 0.16796875 0.358984375 0.1625 0.378515625 0.165625 0.385546875 0.185546875 0.37890625 0.20078125 0.368359375
1 0.3203125 0.246484375 0.3328125 0.215234375 0.3421875 0.205078125 0.34296875 0.194921875 0.340234375 0.1921875 0.322265625 0.1953125 0.30234375 0.205859375 0.278125 0.235546875 0.2796875 0.239453125 0.2703125 0.258203125 0.271875 0.264453125 0.312890625 0.2515625 0.3203125 0.246484375
1 0.554296875 0.13359375 0.521484375 0.13125 0.51171875 0.137890625 0.51171875 0.145703125 0.517578125 0.1515625 0.56953125 0.155859375 0.57265625 0.148046875 0.554296875 0.13359375
1 0.41875 0.157421875 0.42109375 0.147265625 0.405859375 0.1453125 0.380859375 0.15078125 0.35859375 0.169140625 0.361328125 0.17265625 0.37734375 0.174609375 0.408984375 0.16875 0.41875 0.157421875
1 0.678125 0.183203125 0.662890625 0.16875 0.632421875 0.15859375 0.62109375 0.161328125 0.621875 0.169140625 0.636328125 0.18125 0.6796875 0.194921875 0.68125 0.191015625 0.678125 0.183203125
1 0.556640625 0.11875 0.529296875 0.11640625 0.51875 0.121484375 0.525390625 0.13125 0.5671875 0.133203125 0.5671875 0.126171875 0.556640625 0.11875
1 0.37109375 0.179296875 0.369140625 0.1734375 0.360546875 0.171875 0.344140625 0.1765625 0.332421875 0.18046875 0.32421875 0.187109375 0.324609375 0.19375 0.341796875 0.1921875 0.34140625 0.208203125 0.34921875 0.208203125 0.3640625 0.199609375 0.37109375 0.179296875
1 0.325390625 0.178125 0.3375 0.164453125 0.340625 0.155078125 0.333203125 0.1546875 0.306640625 0.16640625 0.28359375 0.187109375 0.28125 0.192578125 0.28359375 0.197265625 0.310546875 0.1875 0.325390625 0.178125
1 0.74609375 0.865234375 0.76015625 0.843359375 0.731640625 0.853125 0.686328125 0.87734375 0.6703125 0.901953125 0.6765625 0.901953125 0.730078125 0.87890625 0.74609375 0.865234375
1 0.88125 0.678515625 0.881640625 0.66640625 0.876171875 0.66640625 0.867578125 0.671875 0.8546875 0.687109375 0.82734375 0.741015625 0.8265625 0.745703125 0.82890625 0.745703125 0.8546875 0.726953125 0.88125 0.678515625
2 0.65390625 0.666015625 0.67578125 0.628515625 0.67734375 0.588671875 0.67109375 0.573046875 0.664453125 0.56953125 0.6546875 0.573828125 0.64140625 0.603515625 0.63359375 0.683203125 0.635546875 0.68984375 0.64140625 0.690234375 0.65078125 0.686328125 0.65390625 0.666015625
2 0.70703125 0.631640625 0.71328125 0.608984375 0.71328125 0.587890625 0.71796875 0.579296875 0.70859375 0.543359375 0.70859375 0.530078125 0.701953125 0.52421875 0.69296875 0.531640625 0.68125 0.573046875 0.68203125 0.614453125 0.67890625 0.635546875 0.69140625 0.662890625 0.6984375 0.658203125 0.70703125 0.631640625
1 0.184375 0.588671875 0.169140625 0.56953125 0.160546875 0.5671875 0.148046875 0.5546875 0.126953125 0.5578125 0.11953125 0.575390625 0.11171875 0.582421875 0.11015625 0.587890625 0.11796875 0.618359375 0.133984375 0.6375 0.159765625 0.63671875 0.18203125 0.646484375 0.19375 0.629296875 0.184375 0.588671875
3 0.91796875 0.431640625 0.9140625 0.416015625 0.9109375 0.373046875 0.89921875 0.341796875 0.8765625 0.295703125 0.86484375 0.280859375 0.839453125 0.25859375 0.831640625 0.26015625 0.828515625 0.2578125 0.812890625 0.240625 0.789453125 0.221875 0.780078125 0.21875 0.77734375 0.230078125 0.769140625 0.22578125 0.76796875 0.230859375 0.81171875 0.291796875 0.834375 0.330859375 0.85 0.361328125 0.86875 0.419921875 0.884375 0.441796875 0.89375 0.474609375 0.90390625 0.476953125 0.91484375 0.463671875 0.91796875 0.431640625
3 0.86328125 0.800390625 0.86328125 0.795703125 0.9015625 0.742578125 0.91171875 0.723828125 0.92421875 0.687109375 0.93515625 0.637109375 0.9359375 0.621484375 0.93046875 0.618359375 0.93203125 0.600390625 0.928515625 0.58671875 0.92578125 0.587109375 0.8984375 0.644921875 0.890625 0.672265625 0.88984375 0.694921875 0.875 0.714453125 0.85625 0.770703125 0.825 0.835546875 0.828125 0.836328125 0.8546875 0.812890625 0.86328125 0.800390625
3 0.71875 0.148828125 0.692578125 0.128125 0.659765625 0.1140625 0.642578125 0.09921875 0.628515625 0.0921875 0.598046875 0.0828125 0.58671875 0.084765625 0.5859375 0.091015625 0.589453125 0.09375 0.632421875 0.115625 0.680078125 0.146875 0.719140625 0.18125 0.73671875 0.187890625 0.73984375 0.180859375 0.71875 0.148828125
3 0.23515625 0.219921875 0.234375 0.215234375 0.2375 0.212109375 0.23125 0.211328125 0.23359375 0.204296875 0.230078125 0.19921875 0.208203125 0.2015625 0.1859375 0.228515625 0.1703125 0.257421875 0.15546875 0.295703125 0.161328125 0.296875 0.1640625 0.306640625 0.1734375 0.313671875 0.21640625 0.254296875 0.23515625 0.219921875
3 0.16484375 0.780859375 0.15390625 0.753515625 0.14921875 0.726953125 0.140625 0.708203125 0.13515625 0.686328125 0.1015625 0.619140625 0.08203125 0.541015625 0.07890625 0.511328125 0.074609375 0.5015625 0.06953125 0.517578125 0.06640625 0.573828125 0.0734375 0.626171875 0.08359375 0.673046875 0.10234375 0.718359375 0.128125 0.759765625 0.1515625 0.792578125 0.165234375 0.80625 0.16953125 0.806640625 0.16328125 0.795703125 0.16484375 0.780859375
3 0.293359375 0.15625 0.282421875 0.15546875 0.278515625 0.14765625 0.267578125 0.1578125 0.262890625 0.15234375 0.227734375 0.18125 0.219921875 0.18359375 0.216015625 0.18828125 0.208203125 0.190625 0.20390625 0.188671875 0.206640625 0.20078125 0.229296875 0.2015625 0.2328125 0.204296875 0.2359375 0.216015625 0.2578125 0.199609375 0.293359375 0.15625
3 0.339453125 0.12578125 0.349609375 0.115625 0.376171875 0.09921875 0.38125 0.092578125 0.368359375 0.09140625 0.345703125 0.09921875 0.328515625 0.1109375 0.299609375 0.121875 0.275390625 0.1421875 0.265234375 0.14453125 0.26484375 0.150390625 0.259375 0.153515625 0.259375 0.157421875 0.25078125 0.166015625 0.258203125 0.1625 0.272265625 0.16484375 0.26796875 0.183203125 0.305859375 0.146875 0.339453125 0.12578125
1 0.10625 0.435546875 0.11015625 0.416015625 0.109765625 0.38984375 0.10234375 0.392578125 0.09296875 0.417578125 0.0890625 0.444921875 0.091796875 0.45 0.09609375 0.449609375 0.103125 0.444140625 0.10625 0.435546875
2 0.565234375 0.68203125 0.56875 0.680078125 0.57109375 0.670703125 0.58125 0.661328125 0.5828125 0.651953125 0.58046875 0.643359375 0.57265625 0.630859375 0.5703125 0.620703125 0.565234375 0.615625 0.556640625 0.615625 0.55078125 0.627734375 0.5234375 0.651953125 0.52109375 0.665234375 0.53046875 0.669140625 0.53125 0.682421875 0.53515625 0.683984375 0.540234375 0.68125 0.565234375 0.68203125