2 0.6333595032626427 0.5140428319738989 0.6266156411092986 0.5085023050570963 0.6179567895595431 0.5110564836867862 0.6141837438825449 0.5256155676998369 0.6033588849918434 0.5317668181076671 0.5962682520391517 0.5478423654159869 0.5960405228384992 0.5543636753670473 0.6069456027732464 0.557601041598695 0.6096421117455139 0.5621840742251223 0.6076701908646003 0.5719091076672105 0.5950726737357259 0.5820792446982055 0.592370986949429 0.5893303205546492 0.5963510530179446 0.6155863597063622 0.6019718009787928 0.6182311141924959 0.6153275497553018 0.6097197707993475 0.6197449624796085 0.6000801353996738 0.626817484502447 0.5611515358890701 0.636855645187602 0.5541566549755302 0.637225704730832 0.543559526101142 0.6286289632952692 0.5326492691680261 0.6339184722675367 0.5214077724306688 0.6333595032626427 0.5140428319738989
2 0.5907614200652529 0.15630236541598694 0.5825813156606852 0.15683286786296902 0.578642650081566 0.16444882626427407 0.5831351068515498 0.17603191598694945 0.5960069306688417 0.1813783572593801 0.5973629518760196 0.16591871125611746 0.5907614200652529 0.15630236541598694
2 0.6193154420880913 0.16831762479608484 0.6094817210440457 0.15777225040783033 0.6054059021207178 0.15762992006525284 0.6015241688417617 0.1636155505709625 0.6020546712887439 0.17179565497553018 0.6086277373572594 0.1822271647634584 0.6170588588907014 0.1861942960848287 0.6193154420880913 0.16831762479608484
3 0.3625336313213703 0.4282746231647635 0.35277495432300165 0.4389519738988581 0.3515690220228385 0.49685707096247955 0.35833617292006525 0.5134165424143556 0.36347817373572594 0.5180849730831975 0.4018995603588907 0.5279963352365415 0.41353958319738987 0.5218735505709624 0.42220361174551385 0.5074852634584013 0.4312661663947797 0.4816846835236542 0.4297885236541599 0.4538837153344209 0.421310823817292 0.42787869494290376 0.4125148189233279 0.4226745840130505 0.3905338621533442 0.42109083442088097 0.3625336313213703 0.4282746231647635
3 0.410141808319739 0.25691167047308316 0.41702800163132137 0.2583763776508972 0.43299486133768356 0.25689355872756936 0.4475306566068516 0.2496476598694943 0.45895330424143554 0.226377969004894 0.4548257300163132 0.21603185807504077 0.4262095986949429 0.21748103425774878 0.40911444698205546 0.22790218923327893 0.40435544045677 0.24732379037520394 0.410141808319739 0.25691167047308316
3 0.6887777251223491 0.3527465057096248 0.7023689600326264 0.3842351207177814 0.7122596133768352 0.39315016802610114 0.7306667871125612 0.40358685481239803 0.7351644208809136 0.40333583686786295 0.7454018450244698 0.39063480995106037 0.7465301362153344 0.3816964738988581 0.7351281973898858 0.3576297308319739 0.7182711305057097 0.33786135970636216 0.7029253491027733 0.33324468352365416 0.693901614192496 0.334561883360522 0.6890908531810767 0.34377970391517126 0.6887777251223491 0.3527465057096248
3 0.33346458646003263 0.7582115252854812 0.3511652838499184 0.7771931990212071 0.3710604543230016 0.7917626370309951 0.3956240562805873 0.8011900750407831 0.4171599086460033 0.7921482292006525 0.41562533442088095 0.7659775889070147 0.4058200799347471 0.7546170505709624 0.38985839722675364 0.7442657618270799 0.37614294290375205 0.739706017944535 0.3417637324632953 0.7425862593800979 0.33296255057096247 0.7492162569331158 0.33346458646003263 0.7582115252854812
3 0.6724589347471452 0.2591346443719413 0.6988417724306689 0.28658108401305055 0.7048843360522022 0.2888324893964111 0.7233251525285481 0.28661990456769987 0.7280220497553018 0.28066273980424145 0.7222408588907016 0.25924075122349105 0.7100755114192496 0.24534932300163131 0.6877348499184339 0.23069448613376833 0.6704740791190864 0.2341725163132137 0.6672936451876019 0.2434472683523654 0.6724589347471452 0.2591346443719413
3 0.7711248017944535 0.3201192618270799 0.7662338189233279 0.31994846492659057 0.7388132650897227 0.28716076101141924 0.7283584665579119 0.2827148825448613 0.7168038425774877 0.2863921753670473 0.6989556370309952 0.2833204282218597 0.6901026998368679 0.2797466460032626 0.6791743311582382 0.2654903352365416 0.6743118140293638 0.26450437438825447 0.6927785000000001 0.3316661109298532 0.7207166215334421 0.3379467577487765 0.7414502455138663 0.36356360685154976 0.7453604445350734 0.3567628123980424 0.7535405489396412 0.35623230995106037 0.7578725628058727 0.3490381663947798 0.7618914494290375 0.35081082463295266 0.7662519306688417 0.34280151712887436 0.7702138849918434 0.34620450326264274 0.7801148923327895 0.3314513336052202 0.7711248017944535 0.3201192618270799
3 0.6802327553017945 0.22349516557911908 0.6843655073409461 0.22200716884176183 0.6870387275693312 0.21557125693311585 0.681593953507341 0.19620141109298533 0.6582673303425775 0.18640909135399672 0.639068282218597 0.18696288254486135 0.6410583148450245 0.20009090212071778 0.6594318458401305 0.22317686052202282 0.6802327553017945 0.22349516557911908
3 0.35951100815660686 0.7836058221859706 0.3500421696574225 0.7742974265905384 0.34324655220228384 0.7585531190864601 0.34530387194127243 0.7463825938009788 0.35618566313213706 0.7386010154975531 0.35062184747145186 0.7343259339314845 0.35582595758564434 0.7255299290375203 0.35746663947797713 0.7019186443719413 0.35561893719412724 0.6847148058727569 0.35036824877650896 0.6714729225122349 0.3511083686786297 0.650278663132137 0.353980852365416 0.6381366044045677 0.3573269061990212 0.6358049779771615 0.3632426704730832 0.6066298776508973 0.35979310685154975 0.5885539429037521 0.355774220228385 0.5867812846655791 0.3575468784665579 0.5827623980424144 0.3544285538336052 0.5785727145187602 0.3558984388254486 0.5598524127243066 0.3609602185970636 0.5551322267536705 0.36600388662316474 0.5275589885807505 0.3784306068515497 0.5222798336052202 0.37121317455138664 0.5069288752039152 0.365672647634584 0.5136727373572594 0.3581187985318108 0.4962696362153344 0.3601010742251224 0.46287638580750406 0.35687923980424147 0.43827914110929855 0.3616615350734095 0.42987648531810774 0.3686615929853181 0.4280805375203915 0.36309777732463294 0.42380545595432306 0.3627380717781403 0.41073436867862967 0.36982870473083196 0.39465882137030994 0.37486201876019576 0.39075379934747145 0.38409537030995106 0.3600622365415987 0.3824572854812398 0.3134840350734095 0.38696009624796085 0.30139890864600327 0.3874155546492659 0.2883562879282219 0.39014570799347476 0.28029004812398045 0.39680934910277327 0.2764419584013051 0.40046853017944534 0.26514352936378466 0.4064024061990212 0.2588214820554649 0.4017960848287112 0.25049904730831973 0.4013509812398042 0.2398734510603589 0.39705261011419246 0.23441832300163132 0.39210469494290373 0.23587785318107665 0.38457413458401307 0.2294936965742251 0.3860388425774878 0.22260750326264275 0.3782805530179445 0.22274465660685155 0.37622323327895596 0.2349151818923328 0.3711148760195758 0.2175974787928222 0.3750302528548124 0.19896257585644372 0.36949490293637843 0.1938723295269168 0.37399771451876024 0.1817872039151713 0.36641022185970634 0.17703337438825448 0.3632582536704731 0.18549296247960848 0.3537557724306688 0.18883383931484504 0.3540067903752039 0.1933314730831974 0.34740008156606855 0.195549235725938 0.34551355872756934 0.20282877732463295 0.32332816150081567 0.21878528221859705 0.32026159216965744 0.2247993792822186 0.3148918621533442 0.2266522593800979 0.2798242871125612 0.2609305391517129 0.2550458907014682 0.2927115734094617 0.2545050334420881 0.30819968597063624 0.2429115889070147 0.3363603588907014 0.24284430261011422 0.3616589029363785 0.23665423164763458 0.37531742495921694 0.23628417128874388 0.3859145546492659 0.2440139942903752 0.38659256443719414 0.24592380668841762 0.39033196737357256 0.2362453507340946 0.4103979347471452 0.2321591769983687 0.43392382055464923 0.23186416150081568 0.4657436753670473 0.23574071696574225 0.4715921525285481 0.23272590293637846 0.4878100301794454 0.23707602936378466 0.5034689396411093 0.22984306443719413 0.5236203058727569 0.23506528711256117 0.5376773531810767 0.22479939641109298 0.551193544045677 0.22009732218597064 0.5689848172920066 0.22054242659053835 0.5796104127243067 0.2141246264274062 0.5997902446982055 0.2141427373572594 0.6226432977161501 0.2091094241435563 0.6265483197389886 0.2071944347471452 0.6346430252854812 0.20858667944535075 0.6648894853181077 0.21406509624796083 0.6716100587275693 0.20655782544861337 0.6762448458401306 0.20191268352365416 0.6924057911908647 0.2057038409461664 0.7006997601957585 0.20311601876019575 0.7046901810766721 0.2180917406199021 0.7199039861337684 0.22204334013050572 0.7469751884176182 0.22723709624796082 0.7618474004893964 0.23510407340946166 0.7702836998368678 0.23832590783034258 0.7948809445350734 0.24789825611745517 0.824596901305057 0.29390195758564436 0.8510962014681892 0.3221195628058728 0.8610593181076671 0.33032813295269164 0.8597136517128875 0.33338952528548127 0.865533663132137 0.34139883278955957 0.8698941435562805 0.3668914624796085 0.8760893923327896 0.37386305383360524 0.8751086084828712 0.3752138972267537 0.8714830709624797 0.3698208784665579 0.8623170057096249 0.36575541435562803 0.838506458401305 0.35659970391517126 0.8202312610114192 0.3611025146818923 0.8081461345840131 0.35759601876019576 0.7917005277324634 0.35951100815660686 0.7836058221859706
3 0.8296457471451876 0.7126943972267537 0.8422432634584014 0.7025242601957586 0.8473153980424144 0.6741358572593801 0.8550788646003263 0.6621645954323002 0.8425693433931485 0.5996997561174552 0.8462104127243067 0.5655482740619902 0.8351216019575857 0.5325147300163132 0.8340605970636216 0.5161545212071778 0.827767015497553 0.5094054820554649 0.824118189233279 0.4970356941272431 0.8271330032626427 0.48081781647634586 0.8240819657422512 0.451329588091354 0.8286080652528548 0.45026340619902117 0.8317548564437194 0.4536379265905383 0.8405275725938008 0.44782309216965743 0.8378362398042415 0.43140595187601954 0.828395867862969 0.4212823923327896 0.8217710473083197 0.4006471019575857 0.8146623026101142 0.3938695962479608 0.81323123817292 0.38810651712887434 0.8017671892332789 0.37750421044045673 0.797634438009788 0.37899220717781407 0.7922983515497554 0.3681958148450245 0.7806065742251224 0.3641148181076672 0.7818487300163133 0.35191582707993474 0.778057572593801 0.34362185889070146 0.7633328686786297 0.3329056876019576 0.7581572243066884 0.34088652854812396 0.7519723303425775 0.34271094208809133 0.7530100464926591 0.34805220554649263 0.759109541598695 0.34867328384991847 0.7604836737357259 0.35606669004893965 0.7523035701468189 0.3565971924959217 0.7490325603588908 0.3801515448613377 0.7423973849918435 0.3831844706362153 0.7387097373572594 0.3952980636215334 0.732382513050571 0.401198295269168 0.7145627740619902 0.39731138499184343 0.7132119306688418 0.4009369233278956 0.7129738466557912 0.4311264502446982 0.71990144045677 0.46646315497553015 0.718677396411093 0.5015151990212071 0.7223262234910277 0.5138849869494291 0.7222304698205547 0.5399986949429038 0.7260785603588907 0.5466623360522023 0.7250641329526917 0.5523400163132137 0.7378790252854812 0.5593167854812399 0.7293003947797716 0.5712595807504078 0.7339067161500815 0.579582015497553 0.733622054649266 0.5877336541598696 0.7288682251223491 0.5953211460032627 0.7254704168026102 0.5874489926590538 0.7274423376835236 0.5777239592169657 0.7251961092985317 0.571932414355628 0.722701442903752 0.6199986125611745 0.7143298327895595 0.672756530995106 0.7174196916802611 0.6777613784665578 0.7132584738988581 0.6800645391517129 0.7107456957585645 0.7052776843393148 0.6958631296900489 0.7341396574225122 0.6976254331158238 0.7537889869494291 0.7064214388254486 0.7589930970636215 0.700601427406199 0.7620544893964111 0.6970276443719412 0.7709074265905383 0.7014114135399674 0.7739170636215335 0.7063877952691681 0.7716423694942903 0.7082976068515497 0.7753817716150082 0.6967714494290376 0.778243901305057 0.7006764714518761 0.7832772145187602 0.6924109681892333 0.7862532079934746 0.6875950293637846 0.8073051362153344 0.6834053458401306 0.8104234608482871 0.6734137626427407 0.8394562308319738 0.6743376141924959 0.848058150081566 0.6792855293637847 0.84659861908646 0.6876312528548124 0.8530112422512234 0.6862752324632952 0.868470888254486 0.6906305358890701 0.8722956892332789 0.6983888246329527 0.8721585358890701 0.7442709045676998 0.8553972210440457 0.8029497642740621 0.8227596231647635 0.8230933727569332 0.7834713172920066 0.8315400269168026 0.7519361247960848 0.830706751223491 0.7290546060358891 0.835294960848287 0.7145239877650897 0.8307403947797716 0.7164053336052203 0.8296457471451876 0.7126943972267537