1 0.25670789384116693 0.5482476442463533 0.26107312884927064 0.5520037431118315 0.2954842309562399 0.5418217666126418 0.30337038249594817 0.544545595623987 0.3038879781199352 0.5358141515397082 0.32205738735818473 0.5198558468395462 0.3298519983792545 0.5057268978930308 0.3230974505672609 0.46741995137763365 0.31619828525121557 0.45629334927066456 0.30582446191247975 0.45112810453808755 0.28441752431118317 0.4557255996758509 0.25009893598055105 0.4757657520259319 0.2475630575364668 0.482384450567261 0.25398698703403566 0.5351499910858996 0.25670789384116693 0.5482476442463533
1 0.211750602917342 0.4426182050243112 0.22193744975688817 0.44205629983792544 0.24325187358184766 0.4276006288492707 0.2516546466774716 0.4285876150729335 0.2570078419773095 0.41694633954619126 0.27456714100486224 0.39986130226904376 0.28053044732576987 0.3893467585089141 0.2835839213938412 0.3739966150729335 0.2835396126418152 0.3550783241491086 0.27875319205834687 0.34193344003241494 0.2682849059967585 0.3408992220421394 0.24903697001620745 0.3484075226904376 0.21556270016207454 0.3732360437601297 0.20814204294975688 0.39881929092382495 0.20902969611021072 0.4295205518638574 0.211750602917342 0.4426182050243112
1 0.3304168257698541 0.4949299408427877 0.33543940275526746 0.49774725850891405 0.36562501539708264 0.4916018460291734 0.3771275194489465 0.48216777795786064 0.3906001004862236 0.4839065688816856 0.3952959546191248 0.47320407374392215 0.4257196726094003 0.4427418922204214 0.4261919854132902 0.4220867585089141 0.4199521110210697 0.3960321726094003 0.40117551377633714 0.3898799408427877 0.375496829821718 0.39358491166936793 0.3460148152350081 0.403720631280389 0.33347906726094 0.41662838492706644 0.32577989303079413 0.4196317050243112 0.32216451377633715 0.42479500162074557 0.32671575202593195 0.44127285089141005 0.32891614019448945 0.4840857520259319 0.3304168257698541 0.4949299408427877
1 0.3023585696920584 0.39413804943273906 0.3087430607779579 0.39301229092382495 0.34151178363047 0.3781826669367909 0.35019599594813616 0.38076577633711506 0.3590228768233387 0.3701577439222042 0.3992093338735819 0.3507286758508914 0.40282471312803886 0.34556538006482984 0.40338954051863857 0.33476842220421393 0.395834982171799 0.3105913987034036 0.344148943273906 0.31847073014586713 0.3001128987034036 0.33940145867098864 0.2978122034035657 0.3426871928687196 0.3030650915721232 0.37714455186385737 0.29912006726094004 0.38977184035656404 0.3023585696920584 0.39413804943273906
1 0.42290917423014585 0.3988022585089141 0.428960123987034 0.43311889870340353 0.4375971053484603 0.437767521069692 0.45435639384116694 0.43481240599675847 0.4628998873581848 0.4365974546191248 0.46961402350081033 0.4280077042139384 0.4853882739059967 0.41946615964343603 0.5156211183144247 0.41125523419773097 0.5105089497568881 0.3775959359805511 0.5076463492706645 0.3706948233387358 0.502623773095624 0.3678775056726094 0.44985920664505674 0.3673068330632091 0.4256821831442464 0.37486139141004865 0.41244283630470013 0.3837788379254457 0.42290917423014585 0.3988022585089141
1 0.3552283144246353 0.31363707941653163 0.3591713897893031 0.3149989935170178 0.3952248719611021 0.30946466612641815 0.40226378200972446 0.32838393111831443 0.4066290170178282 0.33214002998379255 0.4160650340356564 0.32965333144246356 0.4326383209076175 0.3139764659643436 0.4274316896272285 0.2844481944894652 0.41799664667747166 0.27994029173419777 0.39654345218800646 0.27960869854132897 0.3915199011345219 0.28378598217179907 0.37091102512155594 0.2882427568881685 0.35565339627228526 0.29504745948136146 0.35429050729335493 0.3059851361426256 0.3552283144246353 0.31363707941653163
1 0.44643275364667745 0.36420807617504053 0.44971848703403566 0.3665087722852512 0.4716883038897893 0.3651035226904376 0.5051586766612642 0.3682534076175041 0.5123392811993517 0.3809761329011345 0.5254841653160454 0.3761897131280389 0.5298976053484603 0.3708856969205835 0.5243150729335495 0.3438923290113452 0.5069476215559157 0.33173150891410047 0.48737198865478115 0.3327145988654781 0.4537589481361426 0.3427558557536467 0.44681060372771475 0.34768396920583466 0.4454949465153971 0.3565561329011345 0.44643275364667745 0.36420807617504053
1 0.42851119043760133 0.2859035972447326 0.4335771021069692 0.3146338071312804 0.43658139627228526 0.31533838006482984 0.46291742220421395 0.3106946288492707 0.47066285332252833 0.3126203962722853 0.48549832333873577 0.30342150972447324 0.50981606726094 0.29666501377633714 0.5150275688816857 0.2912202779578606 0.5063935097244733 0.26558785089141007 0.49869530956239866 0.26159656969205836 0.45635179902755263 0.26412562884927065 0.4535817131280389 0.26708269205834684 0.42644762560777955 0.27186716369529984 0.4185132690437601 0.27820344894651544 0.42851119043760133 0.2859035972447326
1 0.5020657649918963 0.3297122528363047 0.5102805867098865 0.33196669124797407 0.5204192285251216 0.3404649011345219 0.5298503743922205 0.3729512098865478 0.5484872260940032 0.3713107787682334 0.5544495575364667 0.36779083630470016 0.559800804700162 0.37013876337115076 0.5775480551053485 0.35178627390599676 0.5692898978930307 0.323618943273906 0.5534241069692059 0.3153077098865478 0.520938773095624 0.31774425445705023 0.5019722763371152 0.32684867828200975 0.5020657649918963 0.3297122528363047
1 0.4709983435980551 0.2631887957860616 0.5029670559157212 0.2624890931928687 0.5159673241491086 0.28488301782820097 0.5338070883306321 0.2763887050243112 0.5277541904376013 0.2560612674230146 0.5163008654781199 0.2494406199351702 0.5052224692058347 0.24727967017828203 0.4748961361426256 0.25262702106969204 0.4674784011345219 0.2572264635332253 0.4709983435980551 0.2631887957860616
1 0.3969743784440843 0.21905146920583468 0.4011988938411669 0.22200950648298215 0.4440127690437601 0.2128145170178282 0.44866139222042134 0.20417753565640195 0.4446730332252837 0.1908919319286872 0.4357546126418152 0.18464718638573743 0.4039728768233387 0.19107403808752024 0.39350361588330635 0.19703442139384117 0.3969743784440843 0.21905146920583468
1 0.28167373987034033 0.2698284238249595 0.28547609562398707 0.2703922771474878 0.325803273095624 0.25176127066450565 0.33467738492706645 0.23908772528363045 0.33303695380875203 0.22045087358184767 0.32430550972447325 0.21993327795786063 0.2852930153970827 0.2366867220421394 0.28101737277147487 0.2637726037277147 0.28167373987034033 0.2698284238249595
1 0.1949241280388979 0.25385550648298216 0.19778770259319287 0.25376201782820096 0.23370241329011346 0.23344042544570504 0.24572251377633714 0.21527491329011347 0.24760202431118317 0.20260039384116693 0.24206282576985413 0.20151991896272284 0.2085422990275527 0.22141935089141004 0.2008421507293355 0.231417273095624 0.19468991977309563 0.25019387034035656 0.1949241280388979 0.25385550648298216
1 0.18814374878444085 0.7380781531604539 0.2061193614262561 0.7653549084278768 0.21236215883306322 0.7704256904376012 0.23372089141004865 0.7748883111831443 0.26587463209076173 0.793904961102107 0.2612761636952998 0.7794926247974069 0.19819279821717992 0.7157343833063209 0.18913365802269042 0.7086915761750405 0.18171592301458672 0.7132910194489465 0.18814374878444085 0.7380781531604539
1 0.07408671069692058 0.6232381377633712 0.07619848136142625 0.6282144570502431 0.08366247325769854 0.6285441021069692 0.0941327074554295 0.6155891175040519 0.08329728687196111 0.5541383905996758 0.07048107293354942 0.5584554197730957 0.06447150972447326 0.5640408752025932 0.06432981604538088 0.5702374157212318 0.07408671069692058 0.6232381377633712
1 0.3932722990275527 0.8467342933549433 0.4036923800648298 0.8568286256077796 0.4102175907617504 0.8565009294975688 0.4186695437601297 0.8414331993517017 0.4169809068071313 0.8318564627228525 0.40163271150729335 0.8148137860615884 0.3697613841166937 0.7903986572123177 0.3602791102106969 0.7879562674230146 0.3540353387358185 0.7898800867098866 0.3932722990275527 0.8467342933549433
1 0.5556634303079416 0.7526818662884928 0.5698878160453809 0.7493508492706645 0.5981978152350081 0.7279015510534845 0.6051943646677471 0.713913322528363 0.6014431369529983 0.6833055502431118 0.5904119708265801 0.6790790867098866 0.563700042949757 0.6862577423014586 0.5615390931928688 0.6973361393841166 0.5462804902755267 0.7111354424635332 0.5499844862236628 0.7438087285251216 0.5556634303079416 0.7526818662884928
1 0.687648379254457 0.5631887949756887 0.7025310802269044 0.5519243954619125 0.6921109991896273 0.5418300623987033 0.6778866142625607 0.5451610794165317 0.671219709076175 0.5516853160453808 0.6643638792544571 0.5664716061588331 0.687648379254457 0.5631887949756887
1 0.6672216085899514 0.608345726904376 0.6812580429497569 0.6062821612641816 0.6951547317666126 0.5964259335494327 0.703747404376013 0.5821562658022691 0.7047343905996759 0.573753492706645 0.7005098752025931 0.5707954554294975 0.6906516993517018 0.5708879692058347 0.6663339554294975 0.5776444659643436 0.663235198541329 0.5810709197730957 0.6650173241491086 0.5935112309562399 0.6672216085899514 0.608345726904376
1 0.6261314400324149 0.375311801458671 0.6318576158833064 0.38211942544570504 0.6557994570502431 0.37789783306320907 0.6645791069692057 0.3693553144246353 0.665049471636953 0.36268938411669366 0.6586206717990275 0.34489685089141003 0.6484820299837926 0.3363986410048622 0.6246346507293355 0.3364892066450567 0.6173576361426256 0.34188671150729333 0.6261314400324149 0.375311801458671
1 0.5501383735818477 0.3130070145867099 0.5705101191247974 0.3258724076175041 0.5798950081037276 0.3534296280388979 0.6007853233387358 0.3505689756888169 0.619612074554295 0.3336718889789303 0.6205528038897893 0.32034002836304704 0.6137481021069692 0.3050823995137763 0.5977415915721231 0.29597310453808756 0.5850670713128039 0.2940935940032415 0.5657728784440843 0.2966728071312804 0.5497634448946516 0.30854731685575365 0.5501383735818477 0.3130070145867099
1 0.5299131920583469 0.25897207374392217 0.5344644303079417 0.2754499238249595 0.5396277260940032 0.27906530226904375 0.5748831474878444 0.27367169448946516 0.5951170956239871 0.26475522204213936 0.588030953808752 0.24790147001620746 0.5815067171799028 0.24123456564019446 0.5373801069692059 0.23831791491085902 0.5222169408427877 0.24099158995137765 0.5211836969205834 0.2444652747163695 0.5299131920583469 0.25897207374392217
1 0.5934698444084279 0.29508058103727713 0.6115891004862237 0.30217159319286874 0.6242606969205835 0.32503490761750403 0.6321005915721232 0.3228296491085899 0.6394248379254457 0.315366631280389 0.6329960380875203 0.2975740980551053 0.6266125210696921 0.291705255267423 0.6076479724473257 0.28682047568881686 0.5910294035656402 0.29057365153970827 0.5934698444084279 0.29508058103727713
1 0.6435086329011345 0.3175266069692058 0.6646803881685576 0.3162620777957861 0.6705492317666126 0.3098785607779579 0.6645425915721233 0.29448021231766613 0.6580183549432739 0.2878133071312804 0.6474565794165316 0.2839155145867099 0.6289604481361426 0.2863540072933549 0.6435086329011345 0.3175266069692058
1 0.6536531199351702 0.2840572082658023 0.6600838679092382 0.28786053889789304 0.670362255267423 0.3041514116693679 0.6805953589951378 0.30851859481361427 0.6890473119935171 0.29345086466774717 0.6814445486223663 0.27833395542949757 0.6677377593192868 0.272933528363047 0.6525745931928687 0.2756072042139384 0.6536531199351702 0.2840572082658023
1 0.641312141815235 0.24673529983792544 0.6478363784440843 0.2534022050243112 0.6611682398703403 0.2543429343598055 0.6682573038897893 0.2502128816855754 0.6612646507293355 0.2362227050243112 0.6428167244732577 0.2296010826580227 0.6348361102106969 0.23100828038897891 0.641312141815235 0.24673529983792544
1 0.6079795664505673 0.26536728038897894 0.6270385769854133 0.26612103322528363 0.6347377512155592 0.2631177131280389 0.6383531304700162 0.2579544165316045 0.6321113071312804 0.24588903322528366 0.618545237439222 0.2412866677471637 0.6145076993517018 0.24405577957860616 0.6153982755267423 0.25377323662884926 0.6050225032414911 0.26259719448946517 0.6079795664505673 0.26536728038897894
1 0.5855905129659643 0.24339454132901134 0.597980670178282 0.2646617333873582 0.6184960583468396 0.25734138411669366 0.6142262601296596 0.2424596572123177 0.6045097779578607 0.23635563128038897 0.5856859497568881 0.23226891329011345 0.557331641815235 0.2347999205834684 0.5855905129659643 0.24339454132901134
1 0.5348038168557536 0.19803991734197732 0.5409058938411669 0.20231263776337116 0.5679455186385738 0.2016591928687196 0.5728755810372771 0.19461833387358185 0.5659291847649919 0.18555724554294975 0.5545693484602917 0.18180017260940032 0.5356510575364668 0.18184448136142625 0.5287499448946515 0.18470708184764992 0.5348038168557536 0.19803991734197732
1 0.5871452487844409 0.20321100648298218 0.6055469181523501 0.20490354051863857 0.6137154829821718 0.20222889059967586 0.6082717212317666 0.19002278768233388 0.5996347398703403 0.1853741653160454 0.5844253168557536 0.18311875202593192 0.5749892998379255 0.18560545056726094 0.5871452487844409 0.20321100648298218
1 0.6329142390599676 0.2107753063209076 0.6463868200972448 0.21251409724473255 0.6504243589951377 0.20974498541329012 0.6463415372771475 0.20059040761750405 0.6402394602917342 0.1963176871961102 0.6299591247974068 0.1940160170178282 0.6230580113452188 0.19687861750405186 0.6329142390599676 0.2107753063209076
1 0.6204305931928688 0.1866445397082658 0.6364853095623987 0.1866937188006483 0.6291167544570502 0.1752384457050243 0.615362734197731 0.17190353241491085 0.6107150850891411 0.1735459124797407 0.6204305931928688 0.1866445397082658
1 0.6520686871961102 0.2004034311183144 0.6604704862236629 0.20838501863857373 0.6672771361426256 0.20965344489465154 0.6737088589951378 0.2064621734197731 0.6694380867098866 0.1985750478119935 0.6503328184764993 0.1928922074554295 0.6520686871961102 0.2004034311183144
1 0.7005537131280389 0.2560383905996758 0.7081111936790924 0.2592316102106969 0.7151530259319286 0.25716707131280386 0.7100379351701783 0.2444915769854133 0.7004621726094004 0.23918561264181526 0.6923408395461913 0.23979474878444085 0.7005537131280389 0.2560383905996758
1 0.7315354392220421 0.26374146191247977 0.7402668833063208 0.2642590575364668 0.7381088557536467 0.25435364991896275 0.7261389084278769 0.24946984521880067 0.7315354392220421 0.26374146191247977
3 0.1721148630470016 0.21549938006482983 0.20056558184764992 0.1948481426256078 0.22596574959481364 0.16856324554294977 0.22559179578606156 0.15710894651539709 0.2195359748784441 0.15776531361426258 0.19953623500810372 0.17034342220421392 0.1912722333873582 0.18414370016207457 0.1758256790923825 0.19921045542949758 0.1690170802269044 0.21193123176661266 0.1721148630470016 0.21549938006482983
3 0.12483836790923825 0.24605310129659644 0.15976804051863858 0.22014508022690435 0.19366641734197731 0.18372154051863857 0.20014634521880065 0.17147015478119934 0.19902058752025933 0.16508566369529984 0.19587557293354943 0.16358302917341977 0.18207334683954618 0.1693082301458671 0.167143414910859 0.18263814343598056 0.1365780032414911 0.21929686466774714 0.12056662155591573 0.24516057779578604 0.12483836790923825 0.24605310129659644
3 0.3962546904376013 0.6676447423014586 0.40597117260940035 0.6737487682333874 0.430757333063209 0.6743155437601296 0.44732964505672607 0.6656332795786062 0.45770444327390597 0.6638039222042139 0.46300845948136143 0.6682173630470016 0.46389806077795787 0.6849294205834684 0.46910858833063207 0.6864792860615884 0.48891940356564023 0.6821632309562399 0.5161016961102107 0.6683186450567261 0.5311270656401945 0.6438631037277147 0.5305661345218801 0.6266816555915721 0.5332899635332253 0.6187955040518639 0.5256872001620745 0.6036785948136143 0.5283185153970827 0.5859342674230146 0.5056017649918964 0.5574363168557536 0.4778122844408428 0.5491703670988655 0.4658413638573744 0.5512811636952998 0.4523205769854133 0.5586024870340357 0.44133274635332254 0.5802889165316045 0.39227120259319287 0.619386131280389 0.3854626045380875 0.632106907617504 0.3962546904376013 0.6676447423014586
3 0.5414083752025932 0.6391701717990276 0.5597175299837925 0.6310045299837925 0.5804700486223663 0.6063620113452188 0.5684056385737439 0.6056092333873582 0.5311781928687196 0.6138191847649919 0.531550198541329 0.6392626863857375 0.5414083752025932 0.6391701717990276
3 0.5098262803889789 0.5603943549432738 0.5149886021069693 0.5710043346839546 0.5270982941653161 0.5836808030794165 0.5289739084278767 0.5989846888168557 0.5343723873581848 0.599267102917342 0.5877962431118314 0.584909790923825 0.5932429270664505 0.5761320899513777 0.6015108257698542 0.5343534068071313 0.5946598662884928 0.5141666896272284 0.5810022568881685 0.49271154619124796 0.566028989465154 0.4801285664505673 0.5506306410048623 0.4861352074554295 0.5362173306320908 0.4977282779578606 0.5150898841166937 0.5179110980551054 0.49377546029173425 0.5323667690437601 0.48245993273905996 0.5475279870340357 0.5098262803889789 0.5603943549432738
3 0.5885587633711508 0.5028993670988655 0.5982742714748784 0.5159979943273906 0.604843790923825 0.5345885891410048 0.6025382244732577 0.5728473298217179 0.6074200810372772 0.5748665867098866 0.6226777098865478 0.5680618841166937 0.6397184384116694 0.5667028922204214 0.6482166482982172 0.5565642504051864 0.6559177714748784 0.5395717277147488 0.6586898055105348 0.522625461102107 0.6510407852512156 0.502579464343598 0.6570050656401945 0.48507031928687194 0.6548942690437601 0.4730993978930308 0.6468693468395461 0.4555883047001621 0.6263578549432739 0.43493024878444086 0.6148572990275527 0.4303751142625608 0.603403 0.4307490680713128 0.588144397082658 0.4445483719611021 0.5781888354943273 0.4697557171799027 0.5885587633711508 0.5028993670988655
3 0.6332579943273906 0.4390622495948136 0.647948847649919 0.4570437074554295 0.654612829821718 0.4715032755267423 0.6574272244732576 0.4874645032414911 0.6545626758508913 0.49455259319286876 0.6765797236628849 0.4910818306320907 0.6863926175040519 0.4790656264181523 0.683813404376013 0.45977143354943273 0.6880870988654781 0.44667475445705024 0.6785142593192869 0.42038498622366294 0.6651371150729335 0.40752056726094005 0.6477686896272284 0.4023543484602917 0.6351866839546192 0.4103330137763371 0.6294113290113452 0.4195801053484603 0.6332579943273906 0.4390622495948136
3 0.5471997876823339 0.8516848128038897 0.5637701515397082 0.856991751215559 0.5666790097244733 0.8688219521880065 0.577474992706645 0.8763813816855754 0.585877765802269 0.8773683679092382 0.6143265364667747 0.8707063338735819 0.6234811134521879 0.8666235129659643 0.6414163144246353 0.8470035713128039 0.6567684059967586 0.8360678427876824 0.6608069189627228 0.8263041288492707 0.6878484918962723 0.8116614813614262 0.698883553484603 0.787909538897893 0.69212413452188 0.7845755996758509 0.6785570907617504 0.7869678354943274 0.6656011320907618 0.7834922017828201 0.6059335048622366 0.7997733330632091 0.5872503962722853 0.7964846766612641 0.5680969230145867 0.799861950567261 0.5420885940032415 0.8110309132901135 0.5402100575364668 0.8167108314424635 0.5485646247974069 0.82675793273906 0.5391276337115073 0.8362392325769853 0.5471997876823339 0.8516848128038897
3 0.5797864043760129 0.7961550316045382 0.6084684084278769 0.8001492350081036 0.6608127633711507 0.7843365202593193 0.6658835453808752 0.7780937236628849 0.6673871539708266 0.7679541077795786 0.6814727682333874 0.749835826580227 0.6741051871961102 0.7313859521880065 0.6646701442463533 0.7268780486223664 0.6304479667747164 0.7287979716369529 0.6158467058346839 0.7416584943273906 0.6142023776337115 0.7510000486223662 0.6098361685575364 0.7542385510534846 0.6141069408427876 0.7621256766612642 0.5763628727714748 0.7720724700162075 0.5738269951377634 0.7786911693679093 0.5749517787682334 0.7920702617504052 0.5797864043760129 0.7961550316045382
3 0.6398357787682334 0.7353713881685575 0.650305038897893 0.7294110040518639 0.6673457674230145 0.7280520121555916 0.6725090640194489 0.7316673914100487 0.6767788622366289 0.7465491183144246 0.685134404376013 0.7496016183144246 0.7072488371150729 0.7210160243111832 0.7189383184764992 0.7173091053484603 0.7303473346839546 0.7050114619124798 0.7327434667747164 0.6906000996758509 0.7404445899513776 0.6736075769854133 0.7391781118314424 0.6664250243111831 0.7329353144246353 0.6613542423014587 0.7150502674230146 0.6579248662884927 0.6960375137763372 0.6621002017828201 0.6866477544570502 0.6695159878444085 0.6663203176661264 0.6755688857374392 0.659136790923825 0.6838299651539709 0.6600273662884927 0.6935474213938412 0.656036085089141 0.7012456215559157 0.6402618346839547 0.7097871661264181 0.6192269019448946 0.739828162884927 0.6398357787682334 0.7353713881685575
3 0.6755231004862237 0.6624259497568882 0.6920009497568882 0.6578747123176661 0.6990890397082659 0.6607392609400324 0.7183832325769854 0.6581600486223662 0.7329353144246353 0.6613542423014587 0.7440599683954618 0.668444280388979 0.7530285429497569 0.6516397082658022 0.7569745413290113 0.6320178184764992 0.7443009959481361 0.6231437066450567 0.727214010534846 0.6195736110210698 0.714585747974068 0.622623188006483 0.7076374035656402 0.6275513022690438 0.7063689773095624 0.6343579521880065 0.6972606572123177 0.6433698614262561 0.6961801823338736 0.6489090599675851 0.6733640980551053 0.6595151442463533 0.6755231004862237 0.6624259497568882
3 0.7265566685575364 0.6205123922204214 0.750450304700162 0.6253509141004863 0.7587586150729335 0.6304689270664505 0.763455443273906 0.6127718314424635 0.7613003387358185 0.5818826191247973 0.7522874546191248 0.5797689003241492 0.7354337034035656 0.5868550421393841 0.7294241401944894 0.5924404975688817 0.7256198354943274 0.605865847649919 0.699563301458671 0.6260949246353322 0.7265566685575364 0.6205123922204214
3 0.27552732252836304 0.9209827244732578 0.2861353549432739 0.9298096053484602 0.3339197042139384 0.9604704538087521 0.3914706904376013 0.9741860105348461 0.45521919043760134 0.9810486596434359 0.4806626920583468 0.9806766539708267 0.511459389789303 0.9686633727714749 0.513290695299838 0.965048968395462 0.5305666061588331 0.960357010534846 0.5593450210696921 0.9462309846029173 0.5653083273905997 0.9357164408427877 0.5470020948136143 0.9228982795786062 0.5061621928687197 0.9152877228525121 0.48419237601296594 0.9166929716369531 0.4537735291734198 0.9121821458670988 0.4282355648298217 0.9166851782820097 0.41302614100486224 0.914429765802269 0.38960092139384117 0.9169145153970827 0.35223470421393843 0.9103372025931928 0.34054522285251215 0.9140441215559157 0.3420459092382496 0.9248883103727715 0.3386657123176661 0.926718641815235 0.28726403484602914 0.9152102917341978 0.27529311426256076 0.9173210883306321 0.27552732252836304 0.9209827244732578
3 0.27112459805510536 0.8493461247974068 0.2806058978930308 0.8587831158833062 0.2974114440842788 0.8607570891410049 0.30623735089141 0.8571436580226903 0.30159067666126416 0.8517914367909238 0.27018679092382497 0.8416941815235007 0.27112459805510536 0.8493461247974068
3 0.21639774878444085 0.7816457811993517 0.23503070340356566 0.8079837560777958 0.2478449683954619 0.8176559294975689 0.299199414910859 0.8312297917341976 0.2802850202593193 0.8032956952998379 0.26559319286871963 0.7923088379254457 0.22930842463533224 0.7731977252836305 0.2167746247974068 0.772116276337115 0.2158821012965964 0.7763880226904376 0.21639774878444085 0.7816457811993517
3 0.20310824797406807 0.813612546191248 0.21592153889789303 0.8302793209076175 0.2350730640194489 0.8408912495948135 0.2621560235008104 0.8661506969205834 0.27760062884927067 0.8650731442463534 0.2783996645056726 0.8579378233387358 0.2724855380875203 0.8523976507293356 0.2671362390599676 0.8360605210696921 0.2484550794165316 0.8187826612641815 0.20010785008103726 0.78492956726094 0.1951787617504052 0.7849758241491086 0.19269011507293357 0.789529010534846 0.20310824797406807 0.813612546191248
3 0.16541238573743922 0.8144992252836305 0.1771461758508914 0.8297105964343598 0.21779325607779576 0.8735616126418153 0.21732484035656402 0.8662383403565641 0.20943966288492707 0.8565199100486224 0.21906265640194486 0.8597603606158833 0.23877706077795785 0.8735645348460293 0.2408445226904376 0.8596225632090763 0.22028579983792543 0.841030021069692 0.19325202025931928 0.7997158573743922 0.18353553808752027 0.7936118314424635 0.1756956442463533 0.7958170907617503 0.16381723743922205 0.8077860632090762 0.16541238573743922 0.8144992252836305
3 0.7636502139384117 0.5625421693679092 0.7617244457050244 0.5702876004862237 0.7662756839546191 0.5867654505672609 0.7819062925445704 0.5984096482982172 0.7922810899513776 0.5965802917341977 0.8088563249594813 0.5669142228525121 0.8215366896272286 0.5268261256077795 0.8193353273905997 0.4910078257698541 0.8151117860615883 0.48105518638573747 0.8031900453808752 0.4671112666126418 0.78281635089141 0.46823507617504057 0.775397641815235 0.47982912074554296 0.7733774116693679 0.4917055794165316 0.7605582755267423 0.5170064124797407 0.7599934481361426 0.5278033703403565 0.7660955259319288 0.5320760907617504 0.7742168598055105 0.5314669546191249 0.77754885089141 0.5386967382495947 0.7584406604538088 0.55399770178282 0.7636502139384117 0.5625421693679092
3 0.7990590186385738 0.4670168038897893 0.8142202366288493 0.47833233144246357 0.8183512633711507 0.478426794165316 0.8213093006482982 0.4742022787682334 0.8210317576985413 0.44462775040518643 0.817419301458671 0.42880724230145867 0.8214578136142625 0.41904352917341975 0.8155899440842788 0.41843244489465153 0.8128218063209076 0.40740030470016203 0.808268620745543 0.4049116580226904 0.8078936928687196 0.4004519602917342 0.8040441053484603 0.4019536207455429 0.8006176515397082 0.3988548638573744 0.7991632228525122 0.3929397633711507 0.7943276231766613 0.39584959481361426 0.7925425753646678 0.4043930875202593 0.8037616912479741 0.4073520996758509 0.8056855113452188 0.41359587034035655 0.7976104343598055 0.41913409481361424 0.800191595623987 0.424439085089141 0.7976557171799027 0.43105778444084275 0.7875623589951377 0.43448326418152344 0.7761552917341977 0.4327917042139384 0.7737129019448946 0.4422739789303079 0.7770901758508914 0.46142745218800646 0.7752578962722853 0.4720364578606159 0.7990590186385738 0.4670168038897893
3 0.6910904197730956 0.45437392949756894 0.6943761531604539 0.4566746247974068 0.6989785194489465 0.4431085551053485 0.6981824059967585 0.42926007212317663 0.6846625940032415 0.4295867949756888 0.6910904197730956 0.45437392949756894
3 0.7142863022690438 0.41325453565640197 0.7183700972447326 0.4154145113452188 0.7300595786061588 0.41170759238249593 0.7347082009724473 0.4030706110210697 0.7333954667747163 0.39095897082658027 0.7188472811993517 0.3597863711507293 0.7123230445705024 0.35311946596434357 0.7011039278768233 0.3501604546191248 0.6964090478119935 0.353868347649919 0.6967839756888168 0.3583280453808752 0.7142863022690438 0.41325453565640197
3 0.6795937601296597 0.4218403889789303 0.6974797811993517 0.4182751636952999 0.6966383857374392 0.3925029910858995 0.6899763517017828 0.3640542212317666 0.6866906175040518 0.3617535251215559 0.6813856272285251 0.3643346863857374 0.6587083152350081 0.3897280340356564 0.6795937601296597 0.4218403889789303
3 0.713871935980551 0.35490354051863854 0.7191287204213939 0.3613824935170178 0.7295940842787683 0.38340051620745547 0.7308123573743922 0.39964318314424635 0.7201079141004862 0.40893653241491085 0.7211401839546191 0.4124574481361426 0.7284634554294975 0.41198903241491086 0.7310455907617505 0.4102994205834684 0.7295439311183144 0.40644983387358186 0.7398262147487845 0.3947623006482982 0.7431148711507293 0.37607919205834683 0.7507677884927066 0.36814678363047004 0.7500198808752027 0.3452381855753646 0.7440594975688817 0.334768925445705 0.7290862301458672 0.3221859457050243 0.7132175170178282 0.3348585170178282 0.7025593306320908 0.34908095380875204 0.713871935980551 0.35490354051863854
2 0.458009734197731 0.8312049659643437 0.46786693598055107 0.8381070534846028 0.494626095623987 0.8288628841166936 0.47772706077795785 0.8240253363047002 0.45589796353322526 0.8262286466774716 0.458009734197731 0.8312049659643437