1 0.5672651666666666 0.5634252960069444 0.5720370902777777 0.5263645069444444 0.5692184765625 0.5073571284722223 0.5596631510416666 0.49906141579861113 0.5483495824652778 0.5032366553819444 0.5251174149305555 0.5000216440972223 0.4950958541666666 0.4903207994791667 0.47468021180555553 0.4911282048611111 0.4639210833333334 0.5046563975694444 0.45663514930555554 0.543477515625 0.4560353342013889 0.5693744305555556 0.4685579227430556 0.5808376909722222 0.4984782977430555 0.5861134609375 0.5097918654513889 0.5819382204861111 0.5428302387152777 0.5895266710069444 0.5484116545138888 0.5878664852430555 0.5572607621527778 0.5801716310763889 0.5672651666666666 0.5634252960069444
1 0.33177698177083337 0.5417349270833333 0.36938907986111114 0.5333823602430555 0.37386579166666667 0.5429861927083333 0.3816597456597222 0.5412754131944444 0.3830163715277778 0.5335816024305555 0.3932231493055556 0.5256854192708333 0.4030768168402778 0.5097939522569445 0.4132298706597222 0.4772077881944445 0.41579030034722225 0.4476900729166667 0.41347553211805554 0.435823109375 0.40749041406250003 0.4272754748263889 0.39768420833333334 0.4229020355902778 0.36474702170138884 0.41973866145833333 0.3528800590277778 0.42205342881944446 0.3393549965277778 0.43377174305555555 0.2933945060763889 0.43448213541666664 0.28499865104166666 0.4471048671875 0.2912852421875 0.45394276649305554 0.27857175868055556 0.5160466467013889 0.2721871119791667 0.5272611145833334 0.27389789149305555 0.5350550685763888 0.2876769626736111 0.5418919236111112 0.29979584895833333 0.5431473637152778 0.31980883159722223 0.5396246189236111 0.33177698177083337 0.5417349270833333
1 0.38791294444444446 0.30835391927083333 0.3817781328125 0.30815363281249997 0.34557429774305554 0.3185174079861111 0.31399582465277776 0.3226451848958333 0.29921427951388885 0.3389899036458333 0.28634692968750003 0.3794712083333333 0.29182924565972224 0.38837090885416664 0.3053563949652778 0.39163755729166666 0.34623722829861114 0.3847428038194444 0.3617755850694444 0.38660118836805557 0.38349517274305556 0.3609024730902778 0.3914367326388889 0.3358593828125 0.3936461397569444 0.3133313463541667 0.38791294444444446 0.30835391927083333
1 0.28885259114583334 0.31777103125 0.295788546875 0.2934320720486111 0.2926199548611111 0.28890685416666667 0.27798810156250003 0.2969042239583333 0.2459574192708333 0.3035966041666667 0.22624695312499998 0.31290209461805557 0.21508620833333333 0.3312074288194444 0.20382740798611113 0.3675651302083333 0.20734806597222222 0.3725931510416667 0.21418700868055557 0.3737990407986111 0.22876931163194442 0.37108161371527776 0.24943478906250002 0.3588594548611111 0.26014541145833336 0.3581036866319444 0.2698493871527778 0.3505595685763889 0.2801057144097222 0.3373834418402778 0.28885259114583334 0.31777103125
1 0.3135389366319445 0.6526664166666667 0.30403316059027774 0.6390907612847223 0.2989039539930556 0.6381863437499999 0.30021207378472226 0.6432649574652778 0.2934237239583333 0.6442716050347221 0.24087412673611108 0.6323613532986111 0.23589669965277776 0.6380945486111111 0.23383698524305555 0.652275236111111 0.23846965104166667 0.6984866059027778 0.26437073958333335 0.7290563446180556 0.2923294557291667 0.7304604331597222 0.2988152890625 0.7236710407986111 0.3126428671875 0.7177354722222222 0.3170163064236111 0.7079292664930557 0.3186206814236111 0.6738357395833333 0.3135389366319445 0.6526664166666667
1 0.6203838116319444 0.6895832361111112 0.5685899826388889 0.6883836067708333 0.5457615173611111 0.6953764166666666 0.5319918368055556 0.7559718897569445 0.5372222300347222 0.7613013828124999 0.5623148706597223 0.7639629991319444 0.5840375885416667 0.7607417265624999 0.6025917144097223 0.7529952361111111 0.6105353611111111 0.7429371076388889 0.6196332604166667 0.7163350182291667 0.6225984366319444 0.7045176050347223 0.6203838116319444 0.6895832361111112
1 0.7477111189236111 0.3673888116319445 0.7342851562499999 0.3685472387152778 0.7303639262152778 0.3757888402777778 0.7341923177083333 0.4240620112847222 0.7425902595486111 0.42642424218749997 0.7593345069444444 0.42144368402777777 0.7727109201388889 0.4255652005208333 0.7772361388888889 0.42239660850694444 0.7778865460069445 0.3987122317708333 0.767474265625 0.37528082118055556 0.7477111189236111 0.3673888116319445
1 0.7170641944444445 0.5611918888888889 0.6995146284722222 0.5607417664930555 0.6910175868055556 0.5689394227430555 0.674072009548611 0.5725623107638889 0.6683429878472222 0.5975548072916667 0.6626656032986111 0.6322523229166667 0.6660861180555555 0.6403477491319445 0.6814737395833332 0.6430610026041667 0.7107890815972222 0.6367712803819444 0.7237101553819445 0.6209799574652778 0.7317508142361111 0.5853769800347223 0.7299894418402778 0.5753704887152779 0.7170641944444445 0.5611918888888889
1 0.4619093359375 0.1411456267361111 0.4570341388888889 0.15879637934027777 0.4464763394097222 0.17368224131944443 0.4459239878472222 0.17931425086805555 0.45382017100694444 0.1895210277777778 0.49379658680555555 0.18775548177083334 0.5091315277777778 0.173271234375 0.5137052526041667 0.15733021788194446 0.49911981857638893 0.1375702013888889 0.4828773298611111 0.1347062126736111 0.46744015885416673 0.13727290364583333 0.4619093359375 0.1411456267361111
1 0.19212892013888888 0.4963972083333334 0.18227212152777778 0.4898112317708333 0.17809896875 0.4934826258680556 0.14380515625 0.4980130616319445 0.14043627777777778 0.4996226545138889 0.13581196006944443 0.5133511328125 0.1311918159722222 0.5570495355902777 0.13461337413194444 0.5726374435763888 0.14477164496527778 0.5775136840277777 0.16820409895833333 0.5745938836805555 0.1749934921875 0.5810797178819445 0.18419362239583334 0.5663951840277778 0.19127822656250001 0.5262163958333334 0.19212892013888888 0.4963972083333334
1 0.09361674565972222 0.47021238628472223 0.08713404253472222 0.4994792230902778 0.0867366015625 0.5342262881944444 0.09347540104166667 0.5384995842013889 0.10906330815972222 0.5350780251736111 0.11142762586805555 0.5416650451388889 0.12047701909722222 0.5278353802083333 0.12957074479166666 0.47126336631944443 0.12589830729166668 0.4595977326388889 0.09361674565972222 0.47021238628472223
1 0.41802111631944444 0.9399306909722223 0.4249096085069445 0.9358566380208333 0.42571283940972227 0.9263023550347221 0.40770584722222225 0.8909544314236112 0.38909904079861113 0.8815034227430556 0.37285655208333335 0.8786394331597223 0.3644596536458333 0.8837696840277778 0.36275096093750003 0.8909606927083333 0.3693906614583333 0.905793875 0.37205853819444445 0.9256561215277777 0.3687402534722222 0.9294782517361111 0.36974690104166663 0.9362666015625 0.38121329253472225 0.9462214557291667 0.40499885590277773 0.9512969392361111 0.41279280989583333 0.9495861597222223 0.41802111631944444 0.9399306909722223
2 0.5509840677083333 0.2833395086805555 0.5697911597222222 0.2866557065972222 0.5857311328125 0.28373694965277774 0.5831654861111111 0.2757922604166667 0.5743648845486111 0.27071469010416666 0.5535465842013889 0.26880675520833336 0.5507816944444444 0.27448935763888893 0.5509840677083333 0.2833395086805555
1 0.5215675390625001 0.28520415451388886 0.5489728593750001 0.2847477717013889 0.5518874418402777 0.2707178203125 0.5417291710069444 0.2658415798611111 0.5265934722222222 0.2666985347222222 0.5161853654513888 0.2732370486111111 0.5147781458333333 0.27871832118055556 0.5215675390625001 0.28520415451388886
1 0.08161469878472222 0.5857692378472222 0.07024949392361111 0.580239459201389 0.06431705555555556 0.5888893237847221 0.06739072222222223 0.6339443532986111 0.0760416310763889 0.6473692725694444 0.09399594270833334 0.6655196961805555 0.09827028211805555 0.6662733767361111 0.10128605034722221 0.6566685017361111 0.09861608680555556 0.6218212925347222 0.09252873784722222 0.6013561015625001 0.08161469878472222 0.5857692378472222
3 0.7049912222222222 0.8896056145833333 0.7191698229166668 0.8766803671875 0.7356600607638889 0.8531446397569444 0.770957390625 0.8329251102430555 0.8018275581597222 0.7978218046875001 0.8182186970486112 0.7848459635416667 0.8319935946180556 0.7617128949652777 0.8400838029513888 0.7208299748263889 0.8307804001736111 0.7161044704861111 0.8008104756944445 0.7161086449652778 0.7899997100694445 0.7199318185763889 0.7763745043402778 0.7347175381944444 0.7557069401041666 0.7319547352430555 0.7328278819444445 0.7367350078125 0.6863192135416667 0.7730473333333333 0.6706342934027778 0.802013740451389 0.64966734375 0.8159456354166666 0.6484614539930555 0.822784578125 0.6541440564236111 0.8255494678819445 0.6496188376736112 0.8287180598958334 0.625331515625 0.8314871232638888 0.6120573324652778 0.8392831640625 0.6134160460069444 0.8465743159722222 0.595869611111111 0.8686016371527778 0.6056779036458333 0.8879600381944445 0.6315242248263888 0.8863473142361111 0.63745875 0.8926824114583334 0.6512873715277778 0.8942393246527778 0.6551095017361112 0.8975576093750001 0.6724071449652778 0.8944375234375 0.6869398984375 0.8970000399305555 0.7049912222222222 0.8896056145833333
1 0.17938100173611113 0.3112492135416667 0.15348513020833335 0.31814188020833334 0.14664723177083333 0.3244284704861111 0.13111304774305554 0.3525400095486111 0.12553476302083333 0.3766776388888889 0.13106662847222222 0.3802973967013889 0.15515157725694442 0.36867818229166666 0.15912444444444446 0.3711415989583333 0.17043696875 0.35947387847222223 0.1887360416666667 0.3256797369791667 0.19818600694444444 0.29958044878472223 0.18903438368055556 0.30149255815972226 0.17938100173611113 0.3112492135416667