1 0.4421875 0.113671875 0.44296875 0.108203125 0.434765625 0.09375 0.425390625 0.0921875 0.406640625 0.09375 0.377734375 0.1015625 0.357421875 0.11015625 0.35234375 0.115234375 0.34453125 0.133203125 0.34375 0.137890625 0.34609375 0.138671875 0.435546875 0.11875 0.4421875 0.113671875
1 0.9328125 0.462890625 0.925 0.430078125 0.907421875 0.40703125 0.891015625 0.40078125 0.872265625 0.41015625 0.8703125 0.419921875 0.8796875 0.498046875 0.884765625 0.50546875 0.9 0.512109375 0.9296875 0.501171875 0.9328125 0.462890625
1 0.8078125 0.836328125 0.82890625 0.801171875 0.83359375 0.787890625 0.832421875 0.78359375 0.816015625 0.7921875 0.78046875 0.823046875 0.7609375 0.846484375 0.74375 0.875390625 0.74609375 0.878515625 0.791015625 0.853125 0.8078125 0.836328125
1 0.10078125 0.619921875 0.10625 0.572265625 0.10703125 0.509765625 0.10390625 0.487109375 0.097265625 0.478125 0.090234375 0.475 0.0859375 0.479296875 0.07734375 0.505859375 0.0734375 0.583984375 0.08359375 0.626171875 0.0921875 0.641015625 0.09921875 0.646484375 0.103125 0.642578125 0.10078125 0.619921875
1 0.14453125 0.694921875 0.13359375 0.679296875 0.112890625 0.6625 0.11328125 0.676953125 0.12578125 0.724609375 0.14296875 0.761328125 0.178515625 0.80078125 0.19765625 0.812890625 0.1734375 0.754296875 0.14453125 0.694921875
2 0.62421875 0.915234375 0.616015625 0.9125 0.585546875 0.9234375 0.58359375 0.930078125 0.587109375 0.934375 0.59296875 0.934765625 0.619921875 0.92265625 0.62421875 0.915234375
1 0.17734375 0.256640625 0.20546875 0.208203125 0.204296875 0.20390625 0.182421875 0.21875 0.165625 0.241796875 0.14765625 0.272265625 0.14296875 0.287109375 0.14609375 0.291015625 0.1671875 0.271484375 0.17734375 0.256640625
1 0.21015625 0.188671875 0.21875 0.173828125 0.218359375 0.16953125 0.201171875 0.17890625 0.17265625 0.208203125 0.18203125 0.211328125 0.192578125 0.20546875 0.21015625 0.188671875
3 0.200390625 0.18046875 0.216015625 0.16875 0.223828125 0.165625 0.274609375 0.12578125 0.328515625 0.0953125 0.3546875 0.069921875 0.3546875 0.066796875 0.325390625 0.075 0.265234375 0.1015625 0.205859375 0.1390625 0.1375 0.200390625 0.1421875 0.204296875 0.13671875 0.212109375 0.1375 0.219921875 0.1421875 0.223828125 0.173828125 0.209375 0.200390625 0.18046875
3 0.078125 0.426953125 0.0859375 0.388671875 0.103125 0.341015625 0.1265625 0.309765625 0.140625 0.273828125 0.15 0.263671875 0.14921875 0.258203125 0.15546875 0.243359375 0.17890625 0.212109375 0.176953125 0.20859375 0.170703125 0.2078125 0.169921875 0.20390625 0.16640625 0.204296875 0.168359375 0.20859375 0.1578125 0.212109375 0.158984375 0.21640625 0.14375 0.219921875 0.14765625 0.224609375 0.13515625 0.235546875 0.1046875 0.273828125 0.0796875 0.316796875 0.06875 0.351953125 0.05390625 0.430859375 0.0515625 0.469921875 0.05390625 0.505859375 0.0625 0.530078125 0.06875 0.535546875 0.078125 0.480078125 0.078125 0.426953125
3 0.85859375 0.280078125 0.828125 0.217578125 0.7890625 0.168359375 0.778515625 0.16171875 0.773046875 0.15390625 0.76875 0.153515625 0.763671875 0.1390625 0.726171875 0.1078125 0.697265625 0.0953125 0.686328125 0.08671875 0.659765625 0.07578125 0.648828125 0.0765625 0.63046875 0.072265625 0.6296875 0.080859375 0.62421875 0.085546875 0.625390625 0.0890625 0.666796875 0.1109375 0.704296875 0.140625 0.762109375 0.17265625 0.7828125 0.198828125 0.82109375 0.236328125 0.84296875 0.281640625 0.848828125 0.28828125 0.85625 0.291015625 0.859375 0.287109375 0.85859375 0.280078125
3 0.18515625 0.823046875 0.12265625 0.733984375 0.062890625 0.615625 0.0609375 0.623828125 0.06328125 0.645703125 0.0875 0.717578125 0.115625 0.767578125 0.1375 0.799609375 0.169140625 0.83046875 0.18125 0.836328125 0.18515625 0.832421875 0.18515625 0.823046875
1 0.702734375 0.140625 0.661328125 0.11015625 0.647265625 0.10859375 0.611328125 0.1125 0.59453125 0.118359375 0.59609375 0.125390625 0.602734375 0.13046875 0.678515625 0.15546875 0.691796875 0.16484375 0.708203125 0.159375 0.725390625 0.16171875 0.737109375 0.16953125 0.74140625 0.169140625 0.738671875 0.16171875 0.702734375 0.140625
1 0.77890625 0.208984375 0.762890625 0.1921875 0.741796875 0.17734375 0.719140625 0.1671875 0.702734375 0.16484375 0.709375 0.195703125 0.715625 0.210546875 0.71640625 0.227734375 0.73046875 0.258203125 0.777734375 0.29296875 0.797265625 0.3 0.80546875 0.299609375 0.8046875 0.280078125 0.77890625 0.208984375