1 0.65546875 0.408984375 0.65390625 0.381640625 0.628125 0.322265625 0.6265625 0.312109375 0.62890625 0.310546875 0.608203125 0.29375 0.590234375 0.28671875 0.562109375 0.284375 0.523828125 0.28671875 0.5171875 0.298046875 0.5203125 0.326171875 0.53515625 0.360546875 0.54453125 0.402734375 0.571484375 0.4203125 0.64921875 0.421484375 0.653125 0.419140625 0.65546875 0.408984375
1 0.4328125 0.751171875 0.43203125 0.720703125 0.42734375 0.697265625 0.43203125 0.682421875 0.4265625 0.673828125 0.4203125 0.610546875 0.40703125 0.562890625 0.398828125 0.5546875 0.373046875 0.5515625 0.338671875 0.55 0.319921875 0.553125 0.31328125 0.559765625 0.3078125 0.576171875 0.31171875 0.649609375 0.30625 0.658203125 0.30625 0.663671875 0.315625 0.675390625 0.3171875 0.693359375 0.328125 0.731640625 0.333984375 0.73828125 0.355859375 0.75 0.396484375 0.75859375 0.4171875 0.758203125 0.427734375 0.75625 0.4328125 0.751171875
1 0.662109375 0.86640625 0.67578125 0.850390625 0.68515625 0.816796875 0.69140625 0.812109375 0.68984375 0.800390625 0.661328125 0.79921875 0.596484375 0.82265625 0.584375 0.844921875 0.58203125 0.877734375 0.583984375 0.884375 0.59296875 0.884765625 0.626953125 0.8796875 0.662109375 0.86640625
1 0.51796875 0.898046875 0.512109375 0.88203125 0.487109375 0.87734375 0.44453125 0.878515625 0.44921875 0.891796875 0.43828125 0.897265625 0.444140625 0.9109375 0.473828125 0.91484375 0.515625 0.914453125 0.51875 0.912109375 0.51796875 0.898046875
1 0.655078125 0.15703125 0.628515625 0.1484375 0.615625 0.148828125 0.630078125 0.16875 0.6734375 0.180078125 0.67109375 0.172265625 0.655078125 0.15703125
2 0.20625 0.702734375 0.19375 0.682421875 0.188671875 0.68125 0.19375 0.705859375 0.2046875 0.715234375 0.209375 0.714453125 0.20625 0.702734375
1 0.20959445312499997 0.716628009375 0.20607042890625 0.717098071875 0.20234375 0.716796875 0.2078125 0.741015625 0.212890625 0.7484375 0.22109375 0.751953125 0.21640625 0.724609375 0.20959445312499997 0.716628009375
2 0.79765625 0.697265625 0.81484375 0.651953125 0.814453125 0.6375 0.7984375 0.651171875 0.78046875 0.704296875 0.77890625 0.714453125 0.78125 0.715234375 0.7890625 0.712890625 0.79765625 0.697265625
2 0.7390625 0.267578125 0.73857964453125 0.267311790625 0.7355043515624999 0.26555375312499996 0.7335273796874999 0.2644549765625 0.73155040859375 0.25676356640625003 0.72891445625 0.24533632734375002 0.72715713984375 0.24072148359374998 0.72605881875 0.23984246874999998 0.72474084296875 0.2387436921875 0.721484375 0.23515625 0.72109375 0.237890625 0.721875 0.238671875 0.721875 0.248046875 0.72265625 0.248828125 0.72265625 0.251171875 0.73125 0.264453125 0.73359375 0.270703125 0.734375 0.270703125 0.737109375 0.2703125 0.7390625 0.267578125
2 0.746875 0.269140625 0.746875 0.262890625 0.74375 0.257421875 0.7421875 0.251171875 0.73984375 0.248046875 0.7390625 0.243359375 0.7359375 0.240234375 0.734375 0.236328125 0.731640625 0.234375 0.72847513125 0.23588688671875002 0.73177007890625 0.25083019296875003 0.7337470500000001 0.25676356640625003 0.73704199765625 0.26489448437499996 0.73814031875 0.26005988750000003 0.7420942625 0.26643276796875004 0.744510559375 0.27082785781249996 0.74765625 0.270703125 0.746875 0.269140625
2 0.19296875 0.334765625 0.19296875 0.333203125 0.196875 0.326953125 0.196875 0.324609375 0.2015625 0.315234375 0.20546875 0.302734375 0.20546875 0.297265625 0.204296875 0.29609375 0.200390625 0.3 0.198046875 0.29765625 0.195703125 0.29765625 0.19453125 0.298828125 0.19453125 0.301171875 0.1921875 0.303515625 0.18828125 0.310546875 0.18671875 0.321484375 0.18359375 0.327734375 0.18359375 0.334765625 0.184375 0.335546875 0.184375 0.340234375 0.18515625 0.340234375 0.187890625 0.33984375 0.19296875 0.334765625
2 0.14609375 0.368359375 0.14765625 0.363671875 0.1546875 0.351953125 0.15546875 0.344921875 0.16015625 0.330859375 0.16015625 0.327734375 0.157421875 0.325 0.155859375 0.325 0.153515625 0.32734375 0.149609375 0.3234375 0.1421875 0.332421875 0.13984375 0.337890625 0.13984375 0.341015625 0.1359375 0.345703125 0.13671875 0.353515625 0.13359375 0.361328125 0.13359375 0.369921875 0.137890625 0.36875 0.13828125 0.371484375 0.140234375 0.3734375 0.1421875 0.373046875 0.14296875 0.370703125 0.14609375 0.368359375