1 0.428125 0.364453125 0.43515625 0.324609375 0.43515625 0.305859375 0.44375 0.298046875 0.44453125 0.258203125 0.437109375 0.24765625 0.408203125 0.246875 0.377734375 0.25390625 0.3609375 0.273828125 0.34375 0.309765625 0.334375 0.345703125 0.33203125 0.369921875 0.338671875 0.3765625 0.36875 0.377734375 0.408984375 0.3734375 0.428125 0.364453125
1 0.50703125 0.753515625 0.5078125 0.734765625 0.503125 0.703515625 0.51484375 0.694140625 0.509765625 0.69375 0.5046875 0.687109375 0.4953125 0.632421875 0.471484375 0.59921875 0.444140625 0.5953125 0.402734375 0.596875 0.3921875 0.604296875 0.38046875 0.620703125 0.3765625 0.633984375 0.38046875 0.679296875 0.37578125 0.687109375 0.38515625 0.698828125 0.39609375 0.748828125 0.400390625 0.75625 0.419140625 0.765625 0.440234375 0.76640625 0.448828125 0.76953125 0.4859375 0.769140625 0.501953125 0.7640625 0.50703125 0.753515625
1 0.68125 0.796484375 0.690625 0.782421875 0.69921875 0.761328125 0.70703125 0.715234375 0.7125 0.709765625 0.7078125 0.702734375 0.7078125 0.689453125 0.705078125 0.684375 0.687109375 0.684375 0.655078125 0.68984375 0.623828125 0.7 0.615625 0.705859375 0.603125 0.733984375 0.603125 0.774609375 0.5984375 0.808203125 0.604296875 0.81640625 0.6171875 0.816796875 0.672265625 0.80234375 0.68125 0.796484375
1 0.88984375 0.650390625 0.8984375 0.624609375 0.894921875 0.61484375 0.890234375 0.61484375 0.878125 0.628515625 0.8359375 0.699609375 0.83359375 0.711328125 0.84296875 0.716015625 0.85078125 0.709765625 0.88984375 0.650390625
1 0.9328125 0.483203125 0.9296875 0.466015625 0.921484375 0.46171875 0.91171875 0.470703125 0.9109375 0.492578125 0.9140625 0.505859375 0.92421875 0.508203125 0.93125 0.504296875 0.9328125 0.483203125
1 0.658203125 0.16015625 0.631640625 0.15078125 0.6171875 0.150390625 0.6203125 0.158203125 0.632421875 0.171875 0.675 0.183203125 0.67109375 0.173046875 0.658203125 0.16015625
2 0.204296875 0.36875 0.19765625 0.376171875 0.18984375 0.400390625 0.195703125 0.40703125 0.19921875 0.406640625 0.20546875 0.395703125 0.204296875 0.36875
1 0.20229882890625 0.40892878046875003 0.2020239796875 0.40755400390625 0.1984510578125 0.40755400390625 0.19295425 0.40920373359375006 0.184375 0.442578125 0.189453125 0.45 0.19296875 0.450390625 0.20390625 0.410546875 0.20229882890625 0.40892878046875003
2 0.16002367734375 0.401734384375 0.16469597578125 0.3698396640625 0.160546875 0.37109375 0.153125 0.373046875 0.14921875 0.384765625 0.14765625 0.415234375 0.15 0.416796875 0.15546875 0.413671875 0.16002367734375 0.401734384375
2 0.14490744296875 0.36736508359375 0.141796875 0.36796875 0.13693707109375 0.38468720156249997 0.134463525 0.40090951484375 0.13391382734374999 0.40860824687499997 0.134375 0.406640625 0.1421875 0.392578125 0.14490744296875 0.36736508359375
2 0.12578125 0.398828125 0.12578125 0.407421875 0.13359375 0.407421875 0.133984375 0.3796875 0.12578125 0.398828125
1 0.134375 0.722265625 0.1203125 0.700390625 0.110546875 0.69375 0.1109375 0.712890625 0.11875 0.739453125 0.13359375 0.760546875 0.15 0.773828125 0.14765625 0.757421875 0.134375 0.722265625
2 0.9007369093750001 0.516998159375 0.9007369093750001 0.51145832578125 0.9010830164062501 0.49985928828125 0.9014291109375 0.4948388125 0.9046875 0.480078125 0.9003908140625001 0.47510314375 0.89589157890625 0.48064298046875004 0.89658375703125 0.49189577343749996 0.89623766171875 0.49362697421875 0.89765625 0.520703125 0.8984375 0.523046875 0.9 0.523046875 0.8998716773437501 0.52063368125 0.9007369093750001 0.516998159375