3 0.34375 0.383984375 0.34921875 0.361328125 0.353515625 0.3578125 0.361328125 0.35859375 0.365234375 0.36171875 0.376953125 0.3609375 0.384765625 0.36640625 0.396484375 0.3625 0.41015625 0.349609375 0.41953125 0.330859375 0.427734375 0.321875 0.444140625 0.3171875 0.45078125 0.311328125 0.47421875 0.278515625 0.47265625 0.240234375 0.462890625 0.22734375 0.448828125 0.2234375 0.44296875 0.212109375 0.434765625 0.20546875 0.412890625 0.20078125 0.388671875 0.21171875 0.371484375 0.209375 0.333203125 0.22109375 0.308984375 0.23828125 0.275 0.277734375 0.2703125 0.300390625 0.26015625 0.319921875 0.259375 0.333984375 0.262890625 0.33671875 0.276953125 0.3375 0.2828125 0.351953125 0.291015625 0.3578125 0.314453125 0.353125 0.3328125 0.369140625 0.3375 0.376953125 0.3328125 0.422265625 0.3375 0.423828125 0.34140625 0.413671875 0.34375 0.383984375
3 0.14140625 0.540234375 0.1421875 0.501171875 0.15703125 0.438671875 0.159375 0.398828125 0.15546875 0.383203125 0.15625 0.355078125 0.1515625 0.341015625 0.144140625 0.3359375 0.1359375 0.344140625 0.12109375 0.386328125 0.103125 0.400390625 0.08359375 0.487109375 0.084375 0.505859375 0.090625 0.533984375 0.10859375 0.566796875 0.113671875 0.5703125 0.12265625 0.569921875 0.1265625 0.567578125 0.14140625 0.540234375
3 0.10546875 0.647265625 0.10703125 0.639453125 0.1 0.630078125 0.0921875 0.608984375 0.08828125 0.585546875 0.09140625 0.572265625 0.0859375 0.568359375 0.0828125 0.499609375 0.07890625 0.494140625 0.0828125 0.491015625 0.0859375 0.468359375 0.090625 0.466796875 0.09453125 0.411328125 0.0890625 0.402734375 0.08828125 0.391796875 0.080859375 0.390625 0.0765625 0.395703125 0.07421875 0.416015625 0.068359375 0.421875 0.058984375 0.42109375 0.05390625 0.432421875 0.05 0.489453125 0.05234375 0.554296875 0.05859375 0.598046875 0.06953125 0.640234375 0.074609375 0.646875 0.078515625 0.6453125 0.084375 0.651171875 0.090625 0.662890625 0.1109375 0.683984375 0.11484375 0.675390625 0.10546875 0.647265625
3 0.878125 0.478515625 0.88828125 0.477734375 0.89609375 0.458984375 0.89765625 0.411328125 0.89375 0.387109375 0.87734375 0.341796875 0.85546875 0.302734375 0.839453125 0.28515625 0.819921875 0.27265625 0.807421875 0.27890625 0.80234375 0.286328125 0.80703125 0.333984375 0.82265625 0.376171875 0.82734375 0.415234375 0.85078125 0.489453125 0.861328125 0.49765625 0.871875 0.498828125 0.8765625 0.491796875 0.878125 0.478515625
3 0.771875 0.201171875 0.728515625 0.15546875 0.713671875 0.15078125 0.70703125 0.156640625 0.70703125 0.161328125 0.71875 0.176953125 0.751171875 0.209375 0.766796875 0.21875 0.78125 0.221484375 0.78125 0.216015625 0.771875 0.201171875
3 0.490234375 0.234375 0.49296875 0.230859375 0.493359375 0.22265625 0.530859375 0.21171875 0.541015625 0.19921875 0.553515625 0.1984375 0.56328125 0.193359375 0.557421875 0.1875 0.53125 0.184765625 0.563671875 0.184375 0.56953125 0.180859375 0.56171875 0.162890625 0.553515625 0.153125 0.536328125 0.15390625 0.527734375 0.14296875 0.505078125 0.1421875 0.494140625 0.14921875 0.478515625 0.16796875 0.4703125 0.172265625 0.471484375 0.178125 0.48359375 0.180859375 0.482421875 0.18515625 0.45859375 0.184765625 0.45234375 0.208203125 0.453125 0.216015625 0.472265625 0.225 0.47734375 0.230859375 0.47890625 0.238671875 0.484375 0.243359375 0.4859375 0.233984375 0.490234375 0.234375
3 0.536328125 0.1125 0.53828125 0.109765625 0.531640625 0.10234375 0.513671875 0.10078125 0.439453125 0.1078125 0.43515625 0.109765625 0.42890625 0.121484375 0.43203125 0.124609375 0.487890625 0.115625 0.536328125 0.1125
3 0.628125 0.161328125 0.62578125 0.154296875 0.600390625 0.13359375 0.577734375 0.13359375 0.566015625 0.13984375 0.55703125 0.149609375 0.564453125 0.16171875 0.585546875 0.165625 0.596484375 0.17109375 0.60390625 0.170703125 0.620703125 0.16875 0.628125 0.161328125
3 0.666015625 0.1375 0.643359375 0.13046875 0.60625 0.130078125 0.609375 0.141796875 0.617578125 0.14609375 0.629296875 0.159375 0.65 0.161328125 0.6703125 0.145703125 0.666015625 0.1375
1 0.406640625 0.81015625 0.4125 0.805859375 0.41640625 0.787890625 0.41171875 0.774609375 0.405859375 0.76875 0.388671875 0.76015625 0.320703125 0.74296875 0.301171875 0.7453125 0.2796875 0.761328125 0.27109375 0.780859375 0.279296875 0.79453125 0.313671875 0.81484375 0.350390625 0.825 0.3578125 0.824609375 0.391015625 0.81015625 0.406640625 0.81015625
1 0.655078125 0.6375 0.659375 0.630859375 0.6609375 0.618359375 0.675 0.585546875 0.67578125 0.569140625 0.68046875 0.560546875 0.6796875 0.526953125 0.671484375 0.51484375 0.632421875 0.509375 0.603515625 0.5109375 0.58984375 0.524609375 0.57578125 0.551171875 0.55859375 0.559765625 0.5671875 0.569140625 0.56796875 0.575390625 0.55546875 0.603515625 0.55390625 0.639453125 0.560546875 0.64296875 0.6140625 0.644140625 0.647265625 0.63984375 0.655078125 0.6375
1 0.616796875 0.50625 0.650390625 0.5078125 0.676171875 0.51640625 0.6796875 0.515234375 0.68828125 0.486328125 0.6921875 0.445703125 0.68671875 0.421484375 0.670703125 0.3984375 0.635546875 0.3921875 0.628515625 0.3921875 0.6234375 0.396484375 0.5953125 0.447265625 0.59609375 0.455859375 0.5875 0.471484375 0.584375 0.498828125 0.5859375 0.519140625 0.58984375 0.522265625 0.598046875 0.51015625 0.616796875 0.50625
1 0.7171875 0.383984375 0.70859375 0.362890625 0.695703125 0.3453125 0.671484375 0.33984375 0.658203125 0.3421875 0.64765625 0.366015625 0.640234375 0.365625 0.6375 0.368359375 0.6453125 0.376171875 0.64453125 0.391015625 0.670703125 0.39765625 0.6859375 0.416015625 0.6921875 0.436328125 0.71171875 0.442578125 0.7171875 0.413671875 0.7171875 0.383984375
1 0.6984375 0.306640625 0.691015625 0.3015625 0.663671875 0.2953125 0.659765625 0.296875 0.65390625 0.308203125 0.64921875 0.310546875 0.653125 0.317578125 0.65234375 0.341015625 0.656640625 0.34296875 0.668359375 0.33828125 0.694921875 0.34453125 0.71015625 0.362109375 0.71015625 0.327734375 0.6984375 0.306640625
1 0.71171875 0.282421875 0.700390625 0.271875 0.680859375 0.265625 0.673046875 0.26640625 0.66640625 0.275390625 0.66796875 0.294921875 0.694140625 0.30234375 0.707421875 0.31640625 0.71796875 0.316796875 0.71875 0.300390625 0.71171875 0.282421875
1 0.23984375 0.630859375 0.22109375 0.568359375 0.216015625 0.5625 0.204296875 0.55703125 0.188671875 0.55703125 0.183203125 0.55078125 0.173828125 0.54765625 0.161328125 0.5484375 0.1546875 0.556640625 0.14921875 0.581640625 0.15078125 0.608984375 0.166015625 0.6296875 0.172265625 0.63125 0.176953125 0.62890625 0.198828125 0.64140625 0.208203125 0.63984375 0.21640625 0.645703125 0.216015625 0.6515625 0.23203125 0.655859375 0.23828125 0.648046875 0.23984375 0.630859375
1 0.265625 0.592578125 0.2671875 0.579296875 0.26484375 0.557421875 0.246484375 0.53046875 0.230078125 0.51875 0.212890625 0.51640625 0.188671875 0.51953125 0.1703125 0.529296875 0.170703125 0.546875 0.183203125 0.55 0.192578125 0.54765625 0.206640625 0.559375 0.216796875 0.56328125 0.22421875 0.573046875 0.234375 0.601171875 0.244921875 0.609375 0.25234375 0.609765625 0.2578125 0.606640625 0.265625 0.592578125
1 0.191015625 0.48125 0.196484375 0.48203125 0.202734375 0.47421875 0.233203125 0.46796875 0.23359375 0.458984375 0.222265625 0.45 0.205859375 0.45078125 0.197265625 0.45546875 0.185546875 0.46796875 0.16640625 0.479296875 0.16484375 0.498828125 0.1703125 0.500390625 0.182421875 0.4921875 0.191015625 0.48125
1 0.31796875 0.471484375 0.31953125 0.449609375 0.31640625 0.435546875 0.312109375 0.43203125 0.276953125 0.41796875 0.258984375 0.41640625 0.248046875 0.42265625 0.200390625 0.43515625 0.1828125 0.451171875 0.18125 0.463671875 0.184765625 0.46796875 0.199609375 0.453125 0.223828125 0.45078125 0.231640625 0.4546875 0.241796875 0.4671875 0.264453125 0.47421875 0.27265625 0.490234375 0.276953125 0.49375 0.284375 0.494140625 0.296484375 0.490625 0.31796875 0.471484375
1 0.258984375 0.41484375 0.279296875 0.41796875 0.305078125 0.428125 0.328515625 0.42109375 0.334375 0.407421875 0.3359375 0.380078125 0.326953125 0.37734375 0.280859375 0.38203125 0.278515625 0.37578125 0.2703125 0.375390625 0.27265625 0.362109375 0.259765625 0.3609375 0.24296875 0.373046875 0.215625 0.409765625 0.2109375 0.419921875 0.2109375 0.428515625 0.21796875 0.428515625 0.243359375 0.41796875 0.258984375 0.41484375
1 0.449609375 0.3875 0.4609375 0.380859375 0.46796875 0.365234375 0.465625 0.345703125 0.461328125 0.340625 0.426171875 0.33359375 0.421875 0.337109375 0.41796875 0.352734375 0.413671875 0.3578125 0.384765625 0.375 0.37265625 0.374609375 0.373046875 0.3796875 0.381640625 0.378125 0.392578125 0.3859375 0.395703125 0.38203125 0.399609375 0.3828125 0.40546875 0.401953125 0.41328125 0.402734375 0.425390625 0.3921875 0.449609375 0.3875
1 0.353515625 0.3578125 0.35 0.361328125 0.3484375 0.371484375 0.3546875 0.373828125 0.36015625 0.364453125 0.353515625 0.3578125
1 0.33515625 0.375390625 0.313671875 0.353125 0.28671875 0.364453125 0.27890625 0.380859375 0.290625 0.382421875 0.332421875 0.378125 0.33515625 0.375390625
1 0.516015625 0.32265625 0.51953125 0.309765625 0.515625 0.301953125 0.508984375 0.29609375 0.488671875 0.2890625 0.471484375 0.2890625 0.463671875 0.29921875 0.45625 0.303515625 0.453125 0.315234375 0.467578125 0.33046875 0.4765625 0.330078125 0.506640625 0.3265625 0.516015625 0.32265625
1 0.4671875 0.324609375 0.458984375 0.31640625 0.434765625 0.31953125 0.4234375 0.329296875 0.424609375 0.33515625 0.458984375 0.3421875 0.4640625 0.345703125 0.4671875 0.343359375 0.4671875 0.324609375
1 0.534375 0.276171875 0.5296875 0.266015625 0.516015625 0.25390625 0.479296875 0.2515625 0.4765625 0.264453125 0.48046875 0.283984375 0.485546875 0.28828125 0.5140625 0.296484375 0.534375 0.284765625 0.534375 0.276171875
1 0.56328125 0.235546875 0.5609375 0.229296875 0.556640625 0.22578125 0.533984375 0.2203125 0.526953125 0.21484375 0.513671875 0.21953125 0.52578125 0.244140625 0.53671875 0.244921875 0.558984375 0.2421875 0.56328125 0.235546875
1 0.581640625 0.215625 0.552734375 0.20546875 0.5359375 0.206640625 0.53359375 0.215234375 0.535546875 0.21875 0.545703125 0.22421875 0.557421875 0.22578125 0.563671875 0.23203125 0.578125 0.231640625 0.5859375 0.225390625 0.581640625 0.215625
3 0.896875 0.644140625 0.91484375 0.583203125 0.91796875 0.557421875 0.9171875 0.516015625 0.915625 0.501171875 0.909765625 0.49375 0.90546875 0.494921875 0.903125 0.501171875 0.88828125 0.585546875 0.8890625 0.616796875 0.8796875 0.651953125 0.8796875 0.657421875 0.8828125 0.658984375 0.8921875 0.651953125 0.896875 0.644140625
3 0.95 0.554296875 0.95234375 0.483984375 0.944921875 0.42890625 0.94140625 0.441015625 0.930859375 0.43828125 0.9265625 0.450390625 0.9203125 0.575390625 0.92109375 0.607421875 0.926171875 0.60859375 0.930078125 0.6015625 0.93203125 0.603515625 0.92578125 0.642578125 0.9265625 0.658203125 0.9421875 0.605078125 0.95 0.554296875
1 0.91796875 0.454296875 0.9140625 0.442578125 0.907421875 0.43828125 0.90625 0.443359375 0.90078125 0.444921875 0.8984375 0.452734375 0.8984375 0.483984375 0.902734375 0.48984375 0.912109375 0.4890625 0.91875 0.493359375 0.921875 0.482421875 0.91796875 0.454296875
1 0.80546875 0.326953125 0.796484375 0.321875 0.79296875 0.324609375 0.79296875 0.330078125 0.8 0.355859375 0.81484375 0.367578125 0.8203125 0.383984375 0.815625 0.353515625 0.80546875 0.326953125
0 0.94375 0.419921875 0.940625 0.416796875 0.94296875 0.403515625 0.921875 0.326953125 0.8984375 0.274609375 0.858984375 0.23125 0.816015625 0.19453125 0.773046875 0.16484375 0.733203125 0.15078125 0.73125 0.154296875 0.73671875 0.165234375 0.775 0.204296875 0.79140625 0.234765625 0.812109375 0.24921875 0.816015625 0.24453125 0.8171875 0.251171875 0.8234375 0.255859375 0.81953125 0.258984375 0.825 0.260546875 0.8265625 0.269921875 0.85078125 0.294140625 0.87578125 0.334765625 0.890625 0.368359375 0.90078125 0.421484375 0.91171875 0.430078125 0.915234375 0.43671875 0.92578125 0.437109375 0.9390625 0.433984375 0.94375 0.419921875