1 0.56171875 0.767578125 0.56484375 0.765234375 0.5609375 0.744921875 0.554296875 0.7390625 0.545703125 0.73671875 0.515234375 0.7390625 0.50234375 0.749609375 0.49921875 0.757421875 0.50078125 0.761328125 0.49609375 0.765234375 0.4984375 0.769140625 0.496875 0.790234375 0.507421875 0.7953125 0.53671875 0.794921875 0.5578125 0.788671875 0.56171875 0.767578125
1 0.44609375 0.802734375 0.43828125 0.780859375 0.403515625 0.77421875 0.390234375 0.775 0.38515625 0.790234375 0.38125 0.792578125 0.38828125 0.817578125 0.406640625 0.8234375 0.4359375 0.826953125 0.44375 0.821484375 0.44609375 0.802734375
1 0.334375 0.709765625 0.3296875 0.697265625 0.316015625 0.67890625 0.290234375 0.67421875 0.2859375 0.683203125 0.284375 0.699609375 0.28125 0.702734375 0.2875 0.733203125 0.314453125 0.74609375 0.33203125 0.748046875 0.3359375 0.726953125 0.334375 0.709765625
1 0.47109375 0.610546875 0.475 0.605859375 0.465625 0.568359375 0.458203125 0.56171875 0.424609375 0.56171875 0.41953125 0.566796875 0.4109375 0.596484375 0.4046875 0.600390625 0.4109375 0.608203125 0.409375 0.639453125 0.414453125 0.64375 0.46484375 0.645703125 0.46953125 0.640234375 0.47109375 0.610546875
1 0.39765625 0.498046875 0.390625 0.488671875 0.3875 0.475390625 0.383984375 0.47265625 0.356640625 0.47421875 0.35078125 0.491015625 0.34453125 0.498828125 0.346875 0.505078125 0.34453125 0.516796875 0.346875 0.537890625 0.39375 0.538671875 0.396875 0.530859375 0.39765625 0.498046875
1 0.4734375 0.430078125 0.46953125 0.419921875 0.464453125 0.415625 0.439453125 0.415625 0.42734375 0.439453125 0.42890625 0.462890625 0.4671875 0.465234375 0.47421875 0.459765625 0.4734375 0.430078125
1 0.41953125 0.358984375 0.41953125 0.349609375 0.416015625 0.34296875 0.393359375 0.34296875 0.38359375 0.353515625 0.38125 0.373828125 0.384765625 0.3765625 0.396875 0.376171875 0.41484375 0.371484375 0.41953125 0.358984375
1 0.4921875 0.332421875 0.487890625 0.3125 0.474609375 0.3109375 0.46171875 0.314453125 0.45625 0.341796875 0.459765625 0.3484375 0.4640625 0.348046875 0.48984375 0.345703125 0.4921875 0.332421875
1 0.502734375 0.26171875 0.485546875 0.26171875 0.4796875 0.269140625 0.481640625 0.27890625 0.50546875 0.278515625 0.5078125 0.269140625 0.502734375 0.26171875
1 0.614453125 0.25859375 0.608203125 0.25546875 0.59609375 0.258203125 0.5953125 0.263671875 0.598828125 0.26953125 0.61640625 0.272265625 0.61875 0.266015625 0.614453125 0.25859375
1 0.31953125 0.330078125 0.31796875 0.322265625 0.312890625 0.3171875 0.305078125 0.31640625 0.281640625 0.32421875 0.2765625 0.330078125 0.275 0.341796875 0.277734375 0.3453125 0.2828125 0.344921875 0.313671875 0.33671875 0.31953125 0.330078125
0 0.09140625 0.541015625 0.09921875 0.529296875 0.1015625 0.516796875 0.1109375 0.502734375 0.10859375 0.494140625 0.1140625 0.486328125 0.1140625 0.479296875 0.1203125 0.471484375 0.118359375 0.4671875 0.109375 0.466015625 0.1140625 0.455859375 0.1125 0.451171875 0.121484375 0.4390625 0.125 0.439453125 0.125390625 0.44609375 0.1296875 0.444140625 0.125 0.437890625 0.125 0.431640625 0.1359375 0.419921875 0.14140625 0.384765625 0.14609375 0.376171875 0.159375 0.323828125 0.18515625 0.258984375 0.20546875 0.219921875 0.201171875 0.215625 0.161328125 0.2421875 0.1171875 0.284765625 0.0921875 0.345703125 0.0765625 0.408203125 0.06875 0.475390625 0.07109375 0.545703125 0.075 0.569921875 0.07890625 0.580859375 0.0828125 0.581640625 0.0875 0.574609375 0.09140625 0.541015625
0 0.93046875 0.550390625 0.9328125 0.504296875 0.928125 0.427734375 0.91484375 0.364453125 0.89453125 0.308203125 0.878515625 0.2921875 0.870703125 0.29375 0.856640625 0.2859375 0.8546875 0.294921875 0.87265625 0.352734375 0.8734375 0.362890625 0.8671875 0.369140625 0.87421875 0.394140625 0.87578125 0.440234375 0.87890625 0.455859375 0.88359375 0.459765625 0.8890625 0.478515625 0.89140625 0.514453125 0.9046875 0.537890625 0.90546875 0.560546875 0.909375 0.571484375 0.90859375 0.593359375 0.9125 0.594921875 0.92265625 0.588671875 0.93046875 0.550390625
0 0.86875 0.404296875 0.871875 0.392578125 0.86796875 0.370703125 0.87109375 0.356640625 0.8671875 0.346484375 0.865625 0.322265625 0.8546875 0.298046875 0.85625 0.287109375 0.843359375 0.27421875 0.784765625 0.2359375 0.78203125 0.236328125 0.780859375 0.25078125 0.764453125 0.24375 0.761328125 0.23828125 0.757421875 0.23984375 0.752734375 0.2359375 0.738671875 0.2328125 0.733203125 0.22734375 0.726171875 0.228125 0.722265625 0.234375 0.714453125 0.22890625 0.7125 0.232421875 0.715625 0.238671875 0.725 0.243359375 0.7375 0.277734375 0.760546875 0.2890625 0.769140625 0.303125 0.78125 0.305859375 0.77265625 0.314453125 0.7765625 0.318359375 0.77578125 0.328515625 0.78046875 0.335546875 0.794140625 0.33671875 0.79609375 0.347265625 0.812109375 0.36328125 0.835546875 0.378125 0.839453125 0.3765625 0.8453125 0.388671875 0.84296875 0.392578125 0.847265625 0.396875 0.851171875 0.39375 0.86171875 0.411328125 0.87109375 0.417578125 0.8734375 0.407421875 0.86875 0.404296875
0 0.710546875 0.23125 0.717578125 0.23125 0.722265625 0.23671875 0.731640625 0.22890625 0.740234375 0.23359375 0.74453125 0.232421875 0.7359375 0.208984375 0.718359375 0.19609375 0.698828125 0.190625 0.673046875 0.17265625 0.613671875 0.1578125 0.601171875 0.14921875 0.585546875 0.1484375 0.58359375 0.150390625 0.5875 0.153515625 0.57734375 0.157421875 0.579296875 0.1625 0.5875 0.165234375 0.5828125 0.176953125 0.591015625 0.18515625 0.595703125 0.18515625 0.596484375 0.1796875 0.597265625 0.18515625 0.630859375 0.1984375 0.646484375 0.2109375 0.652734375 0.21171875 0.662109375 0.221875 0.678515625 0.22109375 0.691015625 0.23828125 0.703125 0.244921875 0.70546875 0.234765625 0.710546875 0.23125
0 0.572265625 0.16171875 0.57265625 0.155078125 0.57890625 0.152734375 0.573046875 0.14453125 0.569140625 0.14609375 0.562109375 0.1421875 0.498828125 0.1328125 0.476953125 0.1328125 0.469921875 0.13515625 0.46015625 0.148046875 0.4578125 0.165234375 0.465234375 0.1703125 0.56171875 0.176171875 0.5625 0.165234375 0.572265625 0.16171875
0 0.417578125 0.17265625 0.453515625 0.16796875 0.459375 0.160546875 0.46015625 0.144921875 0.427734375 0.14609375 0.403515625 0.15078125 0.396875 0.162109375 0.38203125 0.174609375 0.383984375 0.17890625 0.3953125 0.179296875 0.404296875 0.17890625 0.417578125 0.17265625