1 0.4997371303278689 0.4328911885245902 0.4652679106557377 0.4253523631147541 0.44715629098360654 0.4264394786885246 0.438566387704918 0.43474515901639343 0.4415628237704918 0.44573109590163934 0.4366266040983606 0.46732028934426234 0.4250306081967213 0.49476228524590166 0.4241099450819672 0.5140330959016393 0.4359500442622951 0.5252672180327869 0.47186825409836064 0.5353157663934426 0.49617931803278686 0.5380112549180328 0.5079930352459016 0.5271750450819672 0.5154181721311475 0.4994640581967213 0.5124217352459017 0.4884781213114754 0.522278944262295 0.4580244573770492 0.5211765975409837 0.4526375622950819 0.5146665483606557 0.4436802106557377 0.4997371303278689 0.4328911885245902
1 0.4599534918032787 0.6526225745901639 0.4551918860655738 0.616554637704918 0.4645943385245902 0.6131339081967213 0.46362648770491804 0.6056615827868853 0.45650080491803274 0.6037522622950819 0.4499131049180328 0.5935012229508198 0.43577542950819675 0.5829243483606557 0.405958206557377 0.570691912295082 0.37840252213114756 0.5658541500000001 0.36704913606557377 0.5670549540983607 0.3585160778688525 0.5719815180327869 0.3535950893442623 0.580845987704918 0.3479087393442623 0.6115686418032786 0.34910954426229507 0.6229220278688524 0.3590195163934426 0.6366090286885245 0.35590530983606555 0.6799011049180328 0.36708816147540985 0.6888376508196722 0.3740377352459016 0.683486793442623 0.43141064262295076 0.7005569918032787 0.44143430409836065 0.7074857590163934 0.44890662868852454 0.7065179073770492 0.45647183606557373 0.694119018852459 0.4586501483606557 0.6828224778688524 0.45698343688524595 0.663706968852459 0.4599534918032787 0.6526225745901639
1 0.24503906147540983 0.5806104467213115 0.24434577704918034 0.5863647909836066 0.2511151606557377 0.6212735360655738 0.2523991909836065 0.6513181368852459 0.26655767295081967 0.6665678163934425 0.3035782295081967 0.6820032598360656 0.31240108606557376 0.6775786409836065 0.3165871770491803 0.6651229081967213 0.3134659008196721 0.6261001483606558 0.3164928 0.6116366368852458 0.29410628934426225 0.5890907418032787 0.27120260163934423 0.5795593696721311 0.2501930032786885 0.5756270385245902 0.24503906147540983 0.5806104467213115
1 0.24574499098360658 0.6745684672131147 0.22342089918032784 0.6660409836065574 0.2189033975409836 0.6686491647540984 0.2252221057377049 0.683071062295082 0.2288813639344262 0.7137521040983607 0.23601262131147543 0.7330589532786885 0.25231337786885244 0.7450640106557377 0.2855873680327869 0.7586469786885246 0.2906068147540984 0.755749 0.29230398852459016 0.7494150598360656 0.2909478819672131 0.7354743 0.2811515991803279 0.7150290655737706 0.2813221327868853 0.7048917155737705 0.275024231147541 0.6951426213114754 0.2634739295081967 0.684410444262295 0.24574499098360658 0.6745684672131147
1 0.5628023631147541 0.6789079655737704 0.5492498581967213 0.6867325081967214 0.5479769778688525 0.6914829631147541 0.5528619278688525 0.6906704139344262 0.5532501836065574 0.6971388491803279 0.5377218573770491 0.7455904426229508 0.5427052655737705 0.7507443844262295 0.5558750893442622 0.7538489352459016 0.5997259557377049 0.7532942270491804 0.630613568852459 0.7314456983606558 0.6342352950819672 0.7052613516393443 0.6283824934426229 0.6986015762295081 0.6239370672131147 0.6851059163934426 0.6150725983606558 0.6801849278688524 0.5831339073770492 0.6758699163934426 0.5628023631147541 0.6789079655737704
1 0.6227815573770492 0.3933066524590164 0.6173905803278689 0.4419287795081967 0.6220897663934426 0.4639783049180328 0.6779568401639344 0.48191789672131147 0.6834005795081967 0.47743643278688525 0.687969350819672 0.45405160737704914 0.6867269327868852 0.43335261393442626 0.6809670139344263 0.4152618008196721 0.6721593885245901 0.40696169590163933 0.6478843631147541 0.3962142868852459 0.6370121155737705 0.3924524901639344 0.6227815573770492 0.3933066524590164
1 0.330181987704918 0.24701787131147543 0.33016675655737704 0.25974259508196723 0.33665599836065574 0.26402714344262296 0.3823801467213115 0.2643986737704918 0.38529335737704923 0.25669339590163937 0.3819863163934426 0.2405327106557377 0.3869641491803279 0.22828912459016396 0.38435596885245904 0.22377162295081965 0.3621303344262295 0.22121063032786883 0.33923222213114756 0.22907678524590164 0.330181987704918 0.24701787131147543
1 0.5099643754098361 0.291796068852459 0.5080966680327869 0.30826735819672135 0.5151086606557377 0.31693491229508197 0.5171220147540984 0.33317324918032787 0.5401601975409837 0.3406191926229508 0.5723318418032788 0.34881526475409835 0.5802284598360656 0.3462639286885246 0.5840471016393443 0.3320125639344262 0.5805431450819672 0.30391889672131145 0.566752112295082 0.29046485 0.5339232213114754 0.27997120081967214 0.5243654672131147 0.28080455655737707 0.5099643754098361 0.291796068852459
1 0.09384113606557377 0.49724343934426224 0.11004343442622952 0.5032820065573771 0.12317722049180327 0.5144384770491803 0.12842962049180326 0.5154215598360655 0.13868065901639345 0.5088338598360655 0.14030983852459017 0.47108398114754096 0.12794698852459016 0.4554668532786886 0.11332817459016392 0.44985257950819674 0.09354018770491804 0.46194643852459016 0.08950939918032787 0.47698954590163933 0.09065335901639344 0.4917220483606557 0.09384113606557377 0.49724343934426224
1 0.40581296147540985 0.7802539909836065 0.39880654344262295 0.7889839647540984 0.401916668852459 0.7932116688524591 0.40335600163934426 0.8258436442622951 0.4045928442622951 0.8291451098360656 0.41712622786885245 0.8346248868852458 0.4578517368852459 0.8425672000000001 0.4727963860655738 0.8406314975409837 0.4782193196721311 0.8314772303278689 0.47740119508196716 0.8091947516393442 0.4840609713114754 0.80334195 0.47100483606557375 0.7934791655737705 0.43379293934426233 0.7835082680327868 0.40581296147540985 0.7802539909836065
1 0.3730743655737705 0.870766393442623 0.40007126147540983 0.8792730704918034 0.43272404344262294 0.8825065409836065 0.43729838934426235 0.8765192442622951 0.4353626868852459 0.8615745942622951 0.44175347131147547 0.8598926516393443 0.4294890786885246 0.8502420147540984 0.37702192786885247 0.8370320713114754 0.3657461926229508 0.839526563114754 0.3730743655737705 0.870766393442623
1 0.8416216491803278 0.6042660508196721 0.8383562213114754 0.5974509721311475 0.8294349073770492 0.5959091008196721 0.7947022704918033 0.609938662295082 0.7842806983606557 0.626663712295082 0.7802499098360656 0.6417068188524591 0.784384731147541 0.650027731147541 0.791008468852459 0.6522268491803279 0.8055080180327869 0.6472018278688525 0.8244113795081968 0.6463268598360656 0.8277336516393443 0.6497628204918033 0.834202087704918 0.6493745655737705 0.8445099713114754 0.6394077491803278 0.8512418229508197 0.617451106557377 0.8502739713114754 0.609978781147541 0.8416216491803278 0.6042660508196721
2 0.2349291868852459 0.4251558483606558 0.2395964155737705 0.4077375131147541 0.2381626573770492 0.3925030663934426 0.23047818606557374 0.39426265983606557 0.22497760163934424 0.4021232401639344 0.22146956475409835 0.42154935327868853 0.226587468852459 0.4246178655737705 0.2349291868852459 0.4251558483606558
1 0.23426228360655738 0.45298052377049186 0.2360883786885246 0.4271636262295082 0.22313070081967212 0.42326733360655744 0.21770776803278688 0.4324216008196721 0.2172682426229508 0.4467298106557377 0.2225622549180328 0.4570585008196721 0.2276025081967213 0.45883332540983607 0.23426228360655738 0.45298052377049186
1 0.480787381147541 0.8915664319672131 0.4746503565573771 0.9018022401639344 0.48229879016393445 0.9080945663934427 0.5249336196721311 0.9089111967213115 0.5382739778688524 0.9018783975409836 0.5568251221311475 0.8864830729508196 0.5578858557377049 0.8825243598360656 0.5490990377049181 0.8788970590163935 0.516099613114754 0.8785407598360656 0.4963476639344262 0.8825826983606557 0.480787381147541 0.8915664319672131
3 0.8178994368852459 0.33018049426229507 0.8069079245901639 0.3157794024590164 0.7861257049180328 0.2983306049180328 0.7700107139344262 0.2634634729508197 0.739530668852459 0.23153593278688525 0.7286736524590164 0.21504941065573768 0.7080467352459016 0.20018798770491802 0.6702552426229509 0.18921320081967213 0.6650444565573771 0.19757572540983606 0.6625819213114754 0.22576785081967213 0.6652885598360656 0.23625184344262293 0.6780757040983606 0.25028548606557377 0.6737759237704918 0.2694994524590164 0.6763896795081967 0.2914144819672131 0.7067199975409836 0.3381521762295082 0.7326769655737705 0.355290368852459 0.7440567336065574 0.37615989590163934 0.7503906737704918 0.3778570704918033 0.7534591852459016 0.3727391663934426 0.7560673663934426 0.3772566680327869 0.7566733434426229 0.4003308893442623 0.7629144008196722 0.41345909999999997 0.7698847811475409 0.41278104672131144 0.7891611672131147 0.431099237704918 0.8081782180327869 0.42346603606557376 0.8087882770491803 0.3990204770491803 0.8152359057377049 0.3939594172131148 0.8178385114754098 0.38107939098360655 0.8212744729508197 0.377757118852459 0.8197630639344262 0.3612289844262295 0.8233695581967213 0.34776936229508193 0.8178994368852459 0.33018049426229507
1 0.23060083852459018 0.7770082762295082 0.23495338114754097 0.8019349737704918 0.24030423852459018 0.8088845475409836 0.2654694639344262 0.825810593442623 0.2877159049180328 0.8330443901639345 0.29157615983606555 0.8281386327868853 0.28262846393442626 0.8045264295081967 0.2852726827868852 0.8009920098360656 0.2752282155737705 0.7893904393442623 0.24494508524590164 0.769395881147541 0.22117200491803277 0.7583586745901639 0.2222175073770492 0.7671246860655737 0.23060083852459018 0.7770082762295082