1 0.7652731627318718 0.3990999561551433 0.7575468853288364 0.37698327908937607 0.7522746559865092 0.25828208094435073 0.7579056129848228 0.22931331956155143 0.7502374763912311 0.21794484064080943 0.7192218187183811 0.2007496357504216 0.6739747352445193 0.18164707335581787 0.5966555708263069 0.16404089544688027 0.5587664822934233 0.16011180944350759 0.5477992588532884 0.15024943170320407 0.5410634561551434 0.15838859274873524 0.5044284696458684 0.1723117892074199 0.4911642613827993 0.19636098988195613 0.4733952883642496 0.24358520067453623 0.45935182546374365 0.3069947074198988 0.46723898650927487 0.3282837057335582 0.4817475801011804 0.3508597790893761 0.48619802613827995 0.3787818355817875 0.4958084038785835 0.38236780775716694 0.5061534350758853 0.36891754721753794 0.5251667934232714 0.3683186112984823 0.598830215851602 0.3826373305227656 0.6564692268128162 0.3998538811129848 0.7445482166947723 0.4195515573355818 0.756135720910624 0.42180394013490724 0.7630556652613828 0.41713637942664417 0.7652731627318718 0.3990999561551433
1 1 0.4046840455311973 0.9697622613827993 0.35681872428330524 0.9663720590219224 0.37205034148397975 0.971646199831366 0.5216741720067454 0.9817276028667791 0.5206274671163574 0.9958214005059022 0.5276617824620573 0.9991088600337268 0.5240060413153458 1 0.516073168634064 1 0.4046840455311973
1 0.964415952782462 0.7135328827993255 0.9525997048903878 0.7301329738617202 0.9265306863406407 0.771449060708263 0.9244275598650928 0.7800592470489038 0.950209694772344 0.746847436762226 0.9669106180438448 0.7161651762225969 0.964415952782462 0.7135328827993255
1 0.9466528743676222 0.6701388372681282 0.9273410042158515 0.6766924097807757 0.9093859780775717 0.6895223887015177 0.9059027504215852 0.687556889544688 0.9065346593591906 0.6820965345699832 0.9012584451939291 0.6849362251264756 0.89652302613828 0.6960410767284991 0.882223741989882 0.7121585143338954 0.8289129991568297 0.7919858819561552 0.8263272192242833 0.80307910539629 0.8720085328836424 0.7801774409780775 0.9006652428330522 0.75869076306914 0.9303434898819561 0.7120635767284991 0.9460325935919056 0.6777488313659359 0.9466528743676222 0.6701388372681282
1 0.42820187436762225 0.9069301821247893 0.4131195134907251 0.9005626618887015 0.3795510489038786 0.8699869662731873 0.3382814755480607 0.8525165050590219 0.3283493279932546 0.8505858912310287 0.32059007757166946 0.8529429283305228 0.3178782976391231 0.8713127487352444 0.32107464165261385 0.8813825236087689 0.3423306661045531 0.8979690750421585 0.3675293153456998 0.9097388102866779 0.40247596964586846 0.9199675581787521 0.42613363322091063 0.9219892875210793 0.43038639881956153 0.9133674730185497 0.42820187436762225 0.9069301821247893
2 0.5922896956155143 0.9465561888701518 0.5855073802698145 0.946096791736931 0.5179032478920742 0.9514233414839798 0.5202370286677909 0.9548833128161888 0.5389286180438448 0.9559397352445194 0.5815763827993254 0.9530632487352445 0.5934623996627318 0.9493609949409781 0.5922896956155143 0.9465561888701518
1 0.1537267647554806 0.5447844957841484 0.15280414924114671 0.49650386340640806 0.1634457807757167 0.4461763347386172 0.15346712141652616 0.4356471627318719 0.14377534569983136 0.4170137150084317 0.1308309957841484 0.4084849258010118 0.12404867959527825 0.4080255295109612 0.11357764924114672 0.4287523861720068 0.11035995952782461 0.44530596458684657 0.10707441146711635 0.4798843381112985 0.10822577065767285 0.5093124966273187 0.11595204721753793 0.5314291728499156 0.12026295446880271 0.5335555556492411 0.13111580691399663 0.5528441703204047 0.15123401096121417 0.5730748347386172 0.1601775944350759 0.5756722436762226 0.16247648988195615 0.5726832967959529 0.1537267647554806 0.5447844957841484
1 0.3004530876897133 0.15671363827993254 0.2969698591905565 0.15474813996627318 0.2718642360876897 0.160175521079258 0.22415928330522766 0.17581221669477234 0.207526218381113 0.1884696821247892 0.17115868128161887 0.251834586846543 0.17011388785834738 0.2726758161888701 0.1794936112984823 0.26419162900505905 0.19108111635750422 0.2664440118043845 0.2112439224283305 0.2643506028667791 0.22841778246205732 0.2599582976391231 0.2424301821247892 0.2519451365935919 0.26583202360876895 0.20667479595278246 0.299476152613828 0.15953007251264756 0.3004530876897133 0.15671363827993254
1 0.11934050084317033 0.30188877065767283 0.11535136256323777 0.29810703035413155 0.10729359949409781 0.30641870404721755 0.0908349586846543 0.35132076222596964 0.08538814249578415 0.3837611239460371 0.09229836930860034 0.4078665556492411 0.10070115767284991 0.40219880269814506 0.11928427065767286 0.3220632057335582 0.11934050084317033 0.30188877065767283
1 0.14143981618887017 0.19924495784148397 0.1331979123102867 0.20408503204047218 0.1251517765598651 0.21454634485666105 0.11351967032040473 0.2346180362563238 0.11045123693086004 0.24819429595278245 0.11475051602023609 0.24817103962900505 0.12363595784148398 0.24002025042158517 0.1419689831365936 0.2053604797639123 0.14143981618887017 0.19924495784148397
1 0.08690013912310286 0.296441955311973 0.08042796458684655 0.29217756070826306 0.07597942917369309 0.2951781357504216 0.0673130126475548 0.31324944350758854 0.05855548060708263 0.34504626728499155 0.053131921585160204 0.3817859080944351 0.057144316188870156 0.3898669283305228 0.06459342664418212 0.3913148887015177 0.06770837268128162 0.3863371871838111 0.08259114333895447 0.32523820404721754 0.08690013912310286 0.296441955311973
1 0.40526215261382803 0.05941007588532884 0.40177892411467114 0.05744457757166947 0.37253490640809445 0.06206753625632378 0.3175649839797639 0.0797278718381113 0.3001042403035413 0.09222445278246207 0.2782414738617201 0.11632016694772343 0.2875184544688027 0.11941185750421586 0.3605131720067454 0.1018193802698145 0.4041243330522765 0.06305418887015177 0.40526215261382803 0.05941007588532884
1 0.4799219443507588 0.013366376053962901 0.47578354974704884 0.012561953625632378 0.4222383313659359 0.01847389966273187 0.38575260118043847 0.02941977740303541 0.3640158347386172 0.04623889376053963 0.45440343760539625 0.03417463153456998 0.4807728802698145 0.01782653962900506 0.4799219443507588 0.013366376053962901
1 0.41799628246205733 0 0.382164718381113 0.008107522765598651 0.36830157504215855 0.013143365935919056 0.35479508431703205 0.022972769814502532 0.3572897495784148 0.02560506239460371 0.3652215134907251 0.024569986509274874 0.4121220438448567 0.01307168549747049 0.4352040269814502 0.00037933473861720066 0.43394048735244517 0 0.41799628246205733 0
1 0.31740218887015176 0.04963291821247892 0.2896759005059022 0.05970460455311973 0.25968560202360874 0.07921415514333895 0.24619073946037098 0.09119319898819563 0.24193797386172008 0.09981501349072512 0.25498506745362565 0.09676792495784148 0.2826880986509275 0.08239696037099495 0.3172645607082631 0.054759876053962896 0.31740218887015176 0.04963291821247892
1 0.3049404915682968 0.03862109359190557 0.2785477925801012 0.050669905564924116 0.25170732546374364 0.071650673693086 0.25634000168634063 0.0721216989881956 0.28668695362563235 0.057405708263069136 0.3080903229342327 0.04009231028667791 0.3049404915682968 0.03862109359190557
3 0.44537955649241145 0.9643831416526137 0.43094073271500843 0.9547049047217538 0.38967115935919056 0.9372344443507588 0.37819802613827996 0.9255558246205734 0.3520108128161889 0.9144528844856661 0.3335712234401349 0.8988432672849916 0.2821388482293423 0.8673720345699831 0.21235799915682968 0.806565668634064 0.17409871753794265 0.7647707504215852 0.13562040978077572 0.7130553136593591 0.10908626053962901 0.6683858204047218 0.10602754468802698 0.6531890876897134 0.09404850168634064 0.6396942251264756 0.09133481112984823 0.6271414139966273 0.0828273676222597 0.613462410623946 0.07638816610455312 0.584724302698145 0.07155972091062394 0.5786320379426645 0.061464778246205734 0.5466064713322091 0.06123412478920742 0.5345363128161889 0.05010410623946037 0.49457898229342334 0.053620307757166946 0.4720707672849916 0.047756785834738615 0.458046739460371 0.05069539797639123 0.38990181281618885 0.04684388785834739 0.3809931138279933 0.04037171247892074 0.3767287200674536 0.042498095278246203 0.37241781281618885 0.0479584502529511 0.3730497225969646 0.0421414418212479 0.3676242521079258 0.044072055649241146 0.3576921053962901 0.05200381956155143 0.35665702866779087 0.0645993220910624 0.3006966323777403 0.07926497723440135 0.26059976222596964 0.08376974283305227 0.23742475295109614 0.09190699241146712 0.21323792411467118 0.09933284654300169 0.21038660539629006 0.10356235581787522 0.19746551180438449 0.10751660961214164 0.19479833389544687 0.10434352192242834 0.18902783811129847 0.10979224873524451 0.187510107925801 0.11404501433389544 0.1788882934232715 0.11430864249578415 0.16648473861720067 0.10744683979763912 0.18190049662731872 0.10052689629005059 0.18656805817875213 0.07496378667790893 0.2297003870151771 0.05666564755480606 0.2708090767284992 0.03613838111298483 0.3278045497470489 0.020532586003372683 0.40808940303541313 0.016076244519392918 0.47078560286677906 0.019045757166947723 0.530630483979764 0.03116625042158516 0.6008436517706576 0.05455247892074199 0.674964560708263 0.08198407672849915 0.7326927757166948 0.11368006829679594 0.7839488153456998 0.15214674704890388 0.8335146129848229 0.1991887276559865 0.8787346180438449 0.27087693507588534 0.9253095581787522 0.33801195193929173 0.9555383170320405 0.4262750826306914 0.9787075935919056 0.4365289983136594 0.9789828490725125 0.43914966357504215 0.9743385446880269 0.44312717369308596 0.9759706458684654 0.4488976694772344 0.9727975581787521 0.44537955649241145 0.9643831416526137