1 0.500390625 0.73203125 0.536328125 0.7046875 0.577734375 0.66640625 0.584765625 0.66171875 0.593359375 0.6640625 0.603125 0.659765625 0.63125 0.616015625 0.63671875 0.597265625 0.640625 0.524609375 0.63515625 0.490234375 0.6296875 0.475390625 0.617578125 0.4640625 0.601953125 0.45703125 0.535546875 0.43671875 0.521484375 0.43671875 0.508203125 0.4453125 0.38046875 0.571484375 0.37109375 0.584765625 0.35546875 0.637109375 0.34453125 0.658984375 0.3453125 0.698828125 0.354296875 0.71640625 0.394140625 0.73984375 0.416015625 0.746875 0.453515625 0.746875 0.458984375 0.74921875 0.465234375 0.7578125 0.47734375 0.759765625 0.4890625 0.755078125 0.500390625 0.73203125
1 0.79765625 0.375390625 0.81328125 0.349609375 0.81015625 0.317578125 0.80078125 0.298828125 0.776171875 0.27734375 0.744921875 0.2671875 0.72890625 0.283984375 0.709375 0.316796875 0.7078125 0.345703125 0.7140625 0.360546875 0.723828125 0.371875 0.762109375 0.3953125 0.78125 0.400390625 0.79453125 0.396484375 0.79765625 0.375390625
1 0.8828125 0.368359375 0.86953125 0.333203125 0.851171875 0.315625 0.84375 0.340234375 0.84140625 0.368359375 0.84609375 0.398046875 0.8546875 0.415234375 0.871484375 0.43203125 0.88046875 0.435546875 0.884375 0.392578125 0.8828125 0.368359375
1 0.17109375 0.564453125 0.18671875 0.535546875 0.192578125 0.52734375 0.206640625 0.52578125 0.2109375 0.519921875 0.2171875 0.489453125 0.225 0.471484375 0.225 0.410546875 0.221875 0.398046875 0.225 0.383203125 0.221484375 0.378125 0.211328125 0.37421875 0.197265625 0.37578125 0.1828125 0.391015625 0.153125 0.432421875 0.146875 0.451171875 0.1421875 0.455078125 0.13203125 0.488671875 0.13046875 0.506640625 0.1265625 0.515234375 0.1265625 0.557421875 0.1359375 0.575390625 0.14921875 0.591015625 0.16328125 0.596484375 0.16875 0.589453125 0.17109375 0.564453125
1 0.383984375 0.3390625 0.393359375 0.33671875 0.403125 0.328515625 0.414453125 0.31171875 0.437109375 0.29609375 0.462890625 0.2859375 0.474609375 0.2765625 0.487890625 0.27109375 0.496484375 0.26875 0.514453125 0.27109375 0.526171875 0.265625 0.54296875 0.235546875 0.54296875 0.223828125 0.533203125 0.21484375 0.522265625 0.21171875 0.497265625 0.20625 0.478515625 0.2046875 0.466796875 0.20703125 0.462109375 0.2046875 0.459765625 0.20703125 0.431640625 0.20859375 0.391796875 0.2265625 0.350390625 0.253125 0.343359375 0.26328125 0.31171875 0.289453125 0.2984375 0.311328125 0.29609375 0.326171875 0.298828125 0.334375 0.330078125 0.34140625 0.35 0.341015625 0.371484375 0.33515625 0.383984375 0.3390625
1 0.676953125 0.8125 0.728125 0.757421875 0.7734375 0.702734375 0.790625 0.652734375 0.80078125 0.632421875 0.800390625 0.62734375 0.782421875 0.62109375 0.756640625 0.62109375 0.737109375 0.62734375 0.72890625 0.641015625 0.709375 0.658984375 0.66875 0.709765625 0.587890625 0.78984375 0.5625 0.808984375 0.55234375 0.827734375 0.570703125 0.8359375 0.609375 0.836328125 0.648046875 0.82890625 0.676953125 0.8125
1 0.828125 0.273828125 0.82265625 0.255859375 0.816015625 0.24609375 0.795703125 0.23125 0.787890625 0.2296875 0.78046875 0.243359375 0.784375 0.259765625 0.792578125 0.26953125 0.82421875 0.293359375 0.8265625 0.291796875 0.828125 0.273828125
1 0.87890625 0.305078125 0.86953125 0.291796875 0.858984375 0.28359375 0.85625 0.291015625 0.86328125 0.318359375 0.87265625 0.333203125 0.884375 0.343359375 0.884375 0.324609375 0.87890625 0.305078125
1 0.471484375 0.15 0.476171875 0.15390625 0.478125 0.133203125 0.466015625 0.13125 0.427734375 0.1359375 0.407421875 0.1421875 0.39921875 0.151171875 0.401953125 0.15546875 0.4375 0.155859375 0.467578125 0.15546875 0.471484375 0.15
1 0.569921875 0.15546875 0.571875 0.149609375 0.565234375 0.14296875 0.530859375 0.1328125 0.498828125 0.12890625 0.488671875 0.13125 0.48046875 0.141015625 0.484375 0.155078125 0.5140625 0.161328125 0.561328125 0.1578125 0.569921875 0.15546875
3 0.48359375 0.141796875 0.491796875 0.1296875 0.515234375 0.12890625 0.529296875 0.12421875 0.534375 0.117578125 0.53515625 0.109765625 0.524609375 0.09921875 0.479296875 0.0953125 0.467578125 0.0984375 0.4515625 0.108984375 0.4484375 0.114453125 0.449609375 0.11875 0.472265625 0.121875 0.478125 0.130078125 0.471875 0.144140625 0.47109375 0.157421875 0.4734375 0.169140625 0.48125 0.169921875 0.484375 0.164453125 0.48359375 0.141796875
1 0.2328125 0.319921875 0.245703125 0.2890625 0.224609375 0.29453125 0.214453125 0.2921875 0.20390625 0.300390625 0.19296875 0.314453125 0.190625 0.323046875 0.21015625 0.326171875 0.227734375 0.32421875 0.2328125 0.319921875
1 0.22734375 0.262890625 0.225390625 0.259375 0.2171875 0.258203125 0.216015625 0.25078125 0.1953125 0.280859375 0.196484375 0.2859375 0.209375 0.287890625 0.22265625 0.274609375 0.22734375 0.262890625
1 0.1984375 0.358984375 0.1984375 0.355078125 0.192578125 0.3546875 0.189453125 0.34921875 0.18046875 0.355078125 0.1828125 0.343359375 0.191796875 0.3296875 0.184765625 0.3328125 0.17578125 0.344140625 0.16640625 0.376953125 0.169140625 0.38046875 0.176953125 0.37421875 0.1859375 0.383984375 0.190625 0.380859375 0.1984375 0.358984375
1 0.73515625 0.184765625 0.728125 0.173828125 0.716796875 0.16640625 0.673046875 0.15078125 0.662890625 0.15234375 0.6546875 0.158203125 0.659765625 0.1671875 0.674609375 0.17734375 0.701171875 0.1890625 0.71640625 0.191796875 0.732421875 0.18828125 0.73515625 0.184765625
2 0.438671875 0.2 0.451171875 0.19140625 0.45546875 0.191796875 0.45625 0.204296875 0.4640625 0.204296875 0.46796875 0.180859375 0.475 0.173046875 0.470703125 0.165625 0.459765625 0.1640625 0.4453125 0.173046875 0.4453125 0.181640625 0.43671875 0.198828125 0.42734375 0.208203125 0.43203125 0.208984375 0.4375 0.205078125 0.438671875 0.2