1 0.39548127633711505 0.6427278217179903 0.402674159643436 0.650317528363047 0.43817286061588334 0.6609327082658023 0.4448236329011345 0.656446705834684 0.4484247439222042 0.646414666936791 0.4493953695299838 0.620186049432739 0.4367887252836305 0.6107184732576985 0.4132334594813614 0.6044887131280389 0.4045054886547812 0.606919868719611 0.39788824392220423 0.6176039400324149 0.39548127633711505 0.6427278217179903
1 0.31218648379254454 0.6104389189627228 0.3381393776337115 0.6191985818476499 0.344480897082658 0.6163035470016208 0.35126394408427875 0.6068900137763371 0.34982576580226904 0.5760654708265802 0.3424782560777958 0.5692712479740681 0.3178182536466775 0.5644778290113452 0.30775452431118316 0.5843984554294975 0.30658456888168556 0.6031584651539709 0.31218648379254454 0.6104389189627228
1 0.4217901191247974 0.5116275980551054 0.42436472528363045 0.5174940623987034 0.46176364586709884 0.5268275267423015 0.46711035170178283 0.5163092576985413 0.46542997649918966 0.4994718200972447 0.46936269205834685 0.49198085980551054 0.4671196912479741 0.4886554740680713 0.46137432495948133 0.48423652674230144 0.4359188387358185 0.47928848136142627 0.42815215397082657 0.48314480226904377 0.4217901191247974 0.5116275980551054
1 0.4667844132901135 0.4266747820097244 0.493355811993517 0.43225250891410044 0.49982960615883304 0.42442994408427875 0.5008225834683955 0.4023333719611021 0.4907570170178282 0.39253419124797406 0.48121120988654775 0.39067867423014585 0.4715331280388979 0.3937506871961102 0.46820774149108596 0.39599368881685576 0.46295044408427877 0.42304014262560774 0.4667844132901135 0.4266747820097244
1 0.5155828217179903 0.3985981491085899 0.5144128662884927 0.4173581596434359 0.504626698541329 0.45920955510534844 0.5053122593192869 0.4684237576985413 0.5120077358184765 0.47220184764991896 0.5387337609400324 0.47698409076175047 0.5461911928687195 0.474718737439222 0.5501239092382496 0.46722777714748787 0.5607931320907618 0.41233938492706645 0.5602845486223662 0.406461744732577 0.5551688646677472 0.40092688492706646 0.5266860688816856 0.3945648500810373 0.5155828217179903 0.3985981491085899
1 0.46228875931928687 0.800183428687196 0.4681999270664505 0.805872914910859 0.4853801450567261 0.8087996401944895 0.5033446709886548 0.8098149700162075 0.5087137285251215 0.8034287463533225 0.5098836847649919 0.7846687366288493 0.504768 0.7791338768233387 0.4874219797406807 0.7749366118314425 0.4664524967585089 0.7766393387358185 0.4620670769854133 0.7885827739059967 0.46228875931928687 0.800183428687196
1 0.29076046839546194 0.7334073249594814 0.30619509157212316 0.7368202820097245 0.31487835980551054 0.7261250348460291 0.31063455429497566 0.7054871555915722 0.30103286709886545 0.6933015235008104 0.28589632009724475 0.6862315753646677 0.28001867990275525 0.6867401588330633 0.2700648727714749 0.6976012082658022 0.27433102998379255 0.7223711337115073 0.29076046839546194 0.7334073249594814
1 0.5484712398703403 0.719934623987034 0.5569011345218801 0.7211604594813614 0.5783680251215559 0.7232693492706644 0.5861347098865478 0.719413028363047 0.5904195461912479 0.6888753857374392 0.5881765445705024 0.6855499991896272 0.5611300907617504 0.6802927009724473 0.5458947974068071 0.6843483525121555 0.5425600713128039 0.7142451377633712 0.5484712398703403 0.719934623987034
3 0.742210010534846 0.48557810615883307 0.739467765802269 0.44872129578606157 0.7345067082658022 0.4423909521880065 0.7282974627228525 0.4403584570502431 0.7122313209076175 0.4083416061588331 0.698840368719611 0.40078542706645054 0.6914705064829821 0.38985915802269044 0.6945518589951378 0.37188345623987035 0.6811832585089141 0.3684593233387358 0.6774051693679092 0.37515479902755267 0.6576726969205835 0.37049365478119933 0.6431006126418152 0.3796314627228525 0.6380855121555915 0.3926908103727715 0.6210282293354943 0.4124903379254457 0.6217361426256077 0.42583658670988656 0.6144892163695299 0.4376365713128039 0.6180362844408428 0.4469942244732577 0.6269635858995137 0.452031677471637 0.6404327698541329 0.47405001782820094 0.6390206175040518 0.5067971337115073 0.6549973517017829 0.5222858006482982 0.649164414910859 0.5310584756888168 0.6585444197730956 0.531643453808752 0.6587549262560778 0.541178085089141 0.6697035470016207 0.5379402698541329 0.6779899910858995 0.5420276118314424 0.6846407633711508 0.5375416094003241 0.6948050761750405 0.5362151904376012 0.7153553841166937 0.5451630072933549 0.727442269854133 0.5466869197730957 0.7331317560777958 0.5407757512155591 0.742210010534846 0.48557810615883307
3 0.6442055056726095 0.2019423038897893 0.6307922009724473 0.1902540786061588 0.6182190842787683 0.18698457212317665 0.6169261936790924 0.18301832820097244 0.6205496564019449 0.1771183354943274 0.6154339724473258 0.17158347568881685 0.6065290226904376 0.17067806888168557 0.6109591458670989 0.16699872609400324 0.6033023833063209 0.161795471636953 0.5961765551053485 0.16660190275526743 0.5941887641815234 0.18107523987034035 0.6090607617504051 0.19800024797406807 0.6114080194489465 0.2793594554294975 0.6174961661264181 0.28838550405186386 0.6307324918962722 0.2967371669367909 0.6352184951377634 0.30338793922204216 0.6466421709886548 0.29982969529983794 0.6506866466774717 0.3129989659643436 0.6675799635332252 0.32164870583468397 0.6736122301458671 0.3203446385737439 0.6713580526742301 0.31495322933549436 0.6834431021069692 0.2867573346839546 0.6769451191247974 0.2607280470016207 0.6651004311183144 0.24521702836304698 0.6612105818476499 0.23125227390599673 0.6493658938411669 0.21574125526742302 0.6442055056726095 0.2019423038897893
3 0.07704366612641815 0.5651445559157212 0.07443920583468396 0.6125196353322528 0.06896022528363047 0.6279654351701783 0.06827650081037277 0.648471038897893 0.09314884602917342 0.6925188962722852 0.11363393517017828 0.7187903816855754 0.12159995056726094 0.7224026685575364 0.1235877414910859 0.7079293314424635 0.1150125599675851 0.6798451961102108 0.1262145542949757 0.6646862974068072 0.1173077674230146 0.6340610842787683 0.11651044732576984 0.6041866507293355 0.09425557536466775 0.5445495437601297 0.08644418638573745 0.540141773095624 0.07704366612641815 0.5651445559157212
3 0.17914332820097245 0.4306146888168557 0.1700502244732577 0.4243066969205835 0.1586377244732577 0.42993096434359807 0.14381226661264182 0.4509898549432739 0.13144031685575364 0.48490876337115074 0.1269561507293355 0.5079777974068072 0.12603022933549432 0.5424705081037277 0.13188735413290115 0.5675496855753647 0.13975462317666126 0.5822875721231767 0.13789910615883305 0.5918333792544571 0.14416423095623987 0.6041959902755267 0.147666595623987 0.6052895510534846 0.16012795299837926 0.5878988273905997 0.1709965056726094 0.5404790437601297 0.17698406888168555 0.5309108841166937 0.1833684554294976 0.50656013452188 0.18148874959481362 0.48225408914100487 0.18573071880064831 0.47317216126418155 0.18009527552674232 0.45969363776337113 0.17914332820097245 0.4306146888168557
3 0.4824036734197731 0.19979789303079418 0.4895406766612642 0.19705748460291733 0.4951966353322528 0.1849482471636953 0.49198117179902756 0.17813167260940033 0.4629022228525122 0.1790836191247974 0.4470372471636953 0.18425518314424635 0.42664340275526746 0.20423168962722854 0.38647238168557535 0.21128295867098865 0.36256499675850895 0.2280998808752026 0.34306538249594815 0.23710541410048622 0.32600809967585087 0.2569049416531604 0.3236887034035656 0.26883720097244734 0.3278542771474878 0.27501291815235007 0.3644577147487844 0.2841917560777958 0.3842554059967585 0.2715292325769854 0.3891382317666126 0.263397414910859 0.41744221231766615 0.2367030802269044 0.43742805753646674 0.229443141815235 0.44675218314424636 0.21969800405186385 0.46864942544570504 0.21322237358184762 0.4806804311183145 0.204416170178282 0.4824036734197731 0.19979789303079418
1 0.22060157374392222 0.5146230599675851 0.2172873638573744 0.5189320842787682 0.21748669367909237 0.5264006928687196 0.23361805510534844 0.541093876012966 0.25269849351701784 0.542738886547812 0.2568193638573744 0.5406505113452188 0.25900648541329013 0.5336457828200972 0.2685299408427877 0.5313692536466774 0.2694576993517018 0.5265963500810372 0.26224246434359805 0.5148745964343597 0.2404104408427877 0.5040265591572124 0.22060157374392222 0.5146230599675851
1 0.2616444732576985 0.49246877147487844 0.2650369157212317 0.5026219092382497 0.2687050826580227 0.5049860089141005 0.27789693273905997 0.5001684011345219 0.279486064019449 0.4707578476499189 0.2756297431118314 0.4629911620745543 0.26369748379254454 0.4606717658022691 0.2540752820097245 0.47407389465153976 0.2514466329011345 0.4875971215559157 0.2528941499189627 0.4907678816855754 0.2616444732576985 0.49246877147487844
1 0.2809727755267423 0.3930332795786062 0.2854252504051864 0.39348598217179903 0.29670547568881683 0.39278924554294975 0.30224033549432744 0.3876735607779579 0.3067021499189627 0.36047248055105346 0.3025365761750405 0.35429676337115074 0.2906378444084279 0.35817543598055107 0.28480490761750404 0.36694811183144244 0.2774480591572123 0.3878076726094003 0.2809727755267423 0.3930332795786062
1 0.3354066272285251 0.378435170178282 0.3463776004862237 0.37932940032414914 0.3598449473257699 0.3716279343598055 0.36213081604538083 0.3534976061588331 0.3497123257698541 0.3494326158833063 0.34035467260940033 0.35297968395461915 0.32899805186385733 0.36893406645056726 0.3293520089141005 0.3756071904376013 0.3354066272285251 0.378435170178282
1 0.3053328638573744 0.37176388249594816 0.3115421094003242 0.3737963776337115 0.32358429092382496 0.3670561977309562 0.3306542390599676 0.3519196507293355 0.33359214100486223 0.33680545623987035 0.328962688006483 0.3330161904376013 0.32244418962722854 0.33257466288492704 0.31547298865478124 0.3365856102106969 0.30347551053484606 0.35158988249594814 0.3053328638573744 0.37176388249594816
1 0.17219799675850891 0.674450113452188 0.17500362398703403 0.6642634489465155 0.17011896110210697 0.6426754594813614 0.16336760453808752 0.6285672544570502 0.15539041329011344 0.6228889440842788 0.1512918954619125 0.6291093654781199 0.15158063290113452 0.6531061580226905 0.1607184408427877 0.6676782423014587 0.17219799675850891 0.674450113452188
0 0.13017911750405187 0.4574207820097244 0.15954313047001623 0.4210260145867099 0.16630382576985414 0.4074804351701783 0.1786552609400324 0.3991492876823339 0.18115163533225284 0.3905535907617504 0.18985725445705023 0.3839903889789303 0.19266288168557535 0.3738037244732577 0.19552438897893032 0.37394717423014584 0.1993918857374392 0.38377988249594813 0.206672340356564 0.37817796758508915 0.2083508784440843 0.36529559805510536 0.21767500405186385 0.35555046029173415 0.22074518071312807 0.3355087358184765 0.22704199675850892 0.3243496085899514 0.23261038411669369 0.32543199351701785 0.23099706401944897 0.32099069448946516 0.24927084278768233 0.3204150559157212 0.24606655510534844 0.31566450405186386 0.25035322771474877 0.31484666855753646 0.2615552220421394 0.2996877698541329 0.2943452050243112 0.2796442082658023 0.29527296353322524 0.2748713047001621 0.3081106296596434 0.26828575121555914 0.31394356645056726 0.2595130753646677 0.3615701823338736 0.22047664586709886 0.39042744975688815 0.2079240445705024 0.4199479262560778 0.2004535996758509 0.44226434359805505 0.18332742463533225 0.45209705186385735 0.17945992787682336 0.5005321653160454 0.17236395461912482 0.5203186799027553 0.15763540761750405 0.5273886280388979 0.1424988606158833 0.5267142431118315 0.1353506815235008 0.5131686636952999 0.12858998622366288 0.5006402512155592 0.13358457131280388 0.460092922204214 0.12983067098865478 0.45454688654781195 0.13288033225283633 0.4305500931928687 0.13316906969205836 0.4257995413290114 0.13637335737439224 0.4022666280388979 0.1342756426256078 0.3795515502431118 0.13646460129659643 0.36702313776337114 0.14145918719611023 0.3017729392220421 0.15436758184764993 0.23990400648298216 0.17536308995137764 0.24222340275526744 0.16343083144246354 0.19829664424635332 0.18130962317666127 0.139224 0.2197722504051864 0.12771275283630468 0.2365221166936791 0.10583786304700163 0.24712979416531605 0.08599730470016206 0.28124803241491086 0.07172513452188006 0.31644865640194486 0.056128381685575365 0.37120477390599677 0.04669617017828201 0.41972929416531607 0.04356077471636953 0.45709468719611024 0.04539577714748785 0.4731366410048622 0.05259799918962722 0.45307256401944895 0.06732470988654782 0.4431392722852512 0.07163373419773096 0.4464534829821718 0.08100256320907617 0.4449724376012966 0.08643867666126419 0.45098235251215557 0.09980727714748786 0.45440648541329015 0.12287631118314425 0.45889065153970826 0.13017911750405187 0.4574207820097244
0 0.8691500145867099 0.7711234692058347 0.8815014497568883 0.7627923217179903 0.880197382495948 0.7567600551053485 0.8838431977309562 0.7549921085899514 0.8934318719611022 0.7353919108589951 0.9021598435980551 0.732960755267423 0.9052300194489465 0.7129190307941653 0.9114169132901134 0.7108194797406807 0.9121676936790923 0.7027100137763371 0.9162997390599676 0.7026876620745544 0.9146864197730957 0.6982463630470017 0.9189283881685575 0.6891644351701782 0.9233696871961102 0.6875511150729335 0.9209608841166936 0.6829551896272286 0.9240981158833063 0.6753096037277148 0.9291355688816856 0.666382301458671 0.9335768670988654 0.664768982171799 0.931168064019449 0.6601730567260939 0.9351231312803889 0.6568141426256078 0.9344599222042139 0.6517319862236629 0.9406468152350081 0.6496324351701783 0.9398289797406807 0.6453457625607779 0.9470535542949757 0.6294137317666126 0.9516494797406807 0.627004928687196 0.9618566596434359 0.6042227949756889 0.9736306191247974 0.5478980615883307 0.9790407066450568 0.49033631685575363 0.9744616231766613 0.40771774635332253 0.9625275275526742 0.3756785429497569 0.9655101329011345 0.3688284408427877 0.9601298995137763 0.3731486410048622 0.9319098168557536 0.3272117390599676 0.9288936831442464 0.327863773095624 0.9273921223662885 0.3440827042139384 0.9232712528363047 0.34617107941653164 0.8991403484602917 0.3216675405186386 0.8930410259319287 0.3105754683954619 0.8865225283630471 0.31013394165316044 0.8788545899513777 0.302864662884927 0.8706333646677472 0.281453652350081 0.816825521069692 0.23549623581847648 0.8122072439222042 0.23377299270664503 0.8092358136142626 0.24268911912479738 0.8063743071312803 0.24254566855753648 0.8045840089141005 0.2347678071312804 0.7756802009724473 0.20933650972447326 0.7628201839546191 0.2117900170178282 0.7519367811993517 0.19770416369529983 0.7474172512155592 0.18485532252836304 0.737208234197731 0.17791764910858995 0.7203484448946516 0.17546597811993517 0.7187351256077795 0.1710246790923825 0.711575769854133 0.16963304132901133 0.7077306247974069 0.16393237925445706 0.6942073978930308 0.1613037301458671 0.6870256904376013 0.15578004619124797 0.6599568849270665 0.14639070259319287 0.65542801458671 0.16119564424635333 0.6412639303079417 0.15761688492706644 0.6276196045380875 0.1619817893030794 0.6275320340356565 0.17517341085899513 0.6331674773095624 0.1886519343598055 0.6457741215559157 0.19811951053484603 0.6541276215559158 0.2146029910858995 0.67262308184765 0.22562800648298217 0.6865226175040519 0.2390618265802269 0.726488641815235 0.3116353460291734 0.7384879570502431 0.3263508800648298 0.7427094108589951 0.3428567131280389 0.7574938371150729 0.3729733435980551 0.7599920486223664 0.3940974529983793 0.7762128168557537 0.4253188209076175 0.7969661280388979 0.5011748589951378 0.8049544951377634 0.5089191928687197 0.8098596734197732 0.5049194205834684 0.8127547082658022 0.5112609408427876 0.8202456685575366 0.5151936564019449 0.8292828930307942 0.5111715332252836 0.8323437301458672 0.5187835915721232 0.8272857617504052 0.5532986539708266 0.8307340834683955 0.5737819068071313 0.8250576102106969 0.6114789043760129 0.8285059319286872 0.6319621572123177 0.8260766126418153 0.6529539918962722 0.830231010534846 0.6570636863857374 0.8280662406807131 0.6682004619124797 0.8311159019448947 0.6737464975688817 0.8203554351701783 0.6823868978930308 0.8232504700162074 0.6887284173419773 0.8161358184764992 0.6956008719611021 0.8119609051863858 0.7170789384116694 0.814513159643436 0.7188133573743922 0.8284779141004862 0.7149235081037277 0.8315387512155592 0.72253556726094 0.8308214983792545 0.7368431021069692 0.8347989181523501 0.7376162341977309 0.852541762560778 0.7270309092382496 0.8584194027552675 0.7265223257698541 0.8634475162074553 0.7452488079416532 0.862365131280389 0.7508171952998379 0.8553827536466775 0.7527621199351702 0.8497714991896274 0.7731354497568881 0.8333103703403565 0.7856209951377634 0.8305047431118315 0.7958076604538088 0.8355980753646677 0.7972104740680713 0.8359408565640194 0.8018175753646678 0.8296105121555916 0.8067786329011345 0.8262515980551054 0.8028235656401944 0.8110610089141005 0.8151433087520259 0.8118788444084278 0.8194299813614263 0.8055596766612642 0.8264570623987034 0.8108188111831443 0.829130414910859 0.8309257552674231 0.8148769230145867 0.8364270875202593 0.8035631693679093 0.8521150842787681 0.7950550437601297 0.8581026474878444 0.7854868841166937 0.8641349141004863 0.7841828176661264 0.8641125623987035 0.7800507714748784 0.8698132244732578 0.7762056264181524 0.8691500145867099 0.7711234692058347
1 0.6173377106969206 0.4059941920583468 0.6132597074554295 0.38662685251215556 0.5984547658022691 0.3820979829821718 0.5883016280388979 0.38549042463533223 0.5840820113452188 0.3987043987034036 0.5852426280388978 0.4075981726094003 0.6123002576985414 0.4149214935170178 0.6173377106969206 0.4059941920583468
1 0.63110313452188 0.3946357350081037 0.6360083128038898 0.39063596353322527 0.6383053573743922 0.37457165802269043 0.6331896734197731 0.3690367982171799 0.6204619303079417 0.36656277552674227 0.614463191247974 0.3740649116693679 0.6145302463533225 0.38646105024311184 0.6166186215559157 0.3905819205834684 0.63110313452188 0.3946357350081037
1 0.6147724440842788 0.3724739440842788 0.6212574141004863 0.36671740194489466 0.6330238703403566 0.36776625931928686 0.63457013452188 0.3598114197730956 0.6315092974068072 0.3521993606158833 0.6157542455429498 0.34831134846029177 0.6098877811993517 0.3508859546191248 0.6082315940032414 0.36790037034035655 0.6147724440842788 0.3724739440842788
1 0.6336405397082658 0.3348645162074554 0.6382364651539708 0.3324557131280389 0.6434285445705024 0.32273292706645057 0.6393840688816856 0.30956365721231766 0.6301139870340356 0.299919102917342 0.6138950551053485 0.29841754213938415 0.6090904602917342 0.3210115218800648 0.6127698030794165 0.3254416442463533 0.6336405397082658 0.3348645162074554
2 0.5656124197730956 0.6275038598055105 0.558486592382496 0.6323102917341977 0.5552394376012967 0.6490154546191248 0.5548426142625608 0.6637980445705025 0.5599471223662885 0.6672668816855754 0.5686732568881685 0.6351159189627228 0.5656124197730956 0.6275038598055105
2 0.5697910064829822 0.6654654076175041 0.5774254173419773 0.666536616693679 0.5762759764991896 0.6597088654781199 0.5805402974068071 0.6547589837925446 0.5840967050243112 0.6364628533225284 0.5829472641815235 0.6296351021069692 0.5788040421393841 0.6275914311183144 0.5695134448946515 0.6435346377633712 0.5680118841166937 0.6597535696920583 0.5697910064829822 0.6654654076175041
2 0.22525322285251215 0.6987971896272286 0.2269764659643436 0.6941789124797406 0.22324124311183144 0.6794186742301459 0.21810320664505675 0.6697517682333874 0.21492127147487844 0.669133262560778 0.211927489465154 0.6739173419773096 0.21455797568881685 0.6901139213938412 0.2185689230145867 0.6970851231766613 0.22525322285251215 0.6987971896272286
2 0.42435140032414914 0.8382138679092384 0.4201522990275527 0.8258400810372772 0.41375489951377636 0.8184050008103728 0.40898199594813617 0.8174772423014587 0.40587829173419776 0.8313208978930308 0.413225801458671 0.8381151215559157 0.422296553484603 0.84029106726094 0.42435140032414914 0.8382138679092384
1 0.38832406969205835 0.31855035575364665 0.3978587009724473 0.3183398492706645 0.4065754967585089 0.31384267098865476 0.409381123987034 0.3036560064829822 0.4069611442463533 0.29699405753646674 0.3902783330632091 0.2978789489465154 0.3807884059967585 0.30635354700162076 0.3781374051863857 0.31574472852512153 0.38832406969205835 0.31855035575364665
1 0.34976636871961103 0.3300429238249595 0.35771003241491084 0.3295231653160454 0.3621401555915721 0.325843822528363 0.3644819035656402 0.31804360940032417 0.36157569286871966 0.3096360664505673 0.35123440113452187 0.3076259230145867 0.3407943630470016 0.31674137925445706 0.3397343306320908 0.3264418128038898 0.34976636871961103 0.3300429238249595
1 0.49807482820097243 0.2763171410048622 0.48009912641815233 0.27323578849270663 0.4745642666126418 0.27835147325769855 0.4725541231766613 0.2886927641815235 0.488154549432739 0.2933762601296596 0.49767800486223657 0.29109973095623987 0.49807482820097243 0.2763171410048622
1 0.5415935875202593 0.2711549165316045 0.5363344521880065 0.26848156401944895 0.5248996004862236 0.2699737844408428 0.5229006329011345 0.28238109886547813 0.5415171920583468 0.28641256158833067 0.5440135664505672 0.27781686466774713 0.5415935875202593 0.2711549165316045
1 0.5776996175040519 0.2765221369529984 0.5627400486223663 0.2727887512155592 0.5586191782820097 0.2748771264181524 0.5583658055105348 0.2867982098865478 0.5769823646677471 0.2908296717990276 0.5793464651539708 0.2871615056726094 0.5776996175040519 0.2765221369529984
1 0.6106622820097245 0.9053867949756889 0.6482698727714749 0.8945350842787682 0.6739340275526743 0.8792979538087521 0.6599357455429498 0.8769897333873581 0.589007237439222 0.8978753192868719 0.5779263419773096 0.9060406645056727 0.5825446191247974 0.907763907617504 0.6106622820097245 0.9053867949756889
1 0.6332507512155592 0.8210319692058347 0.6943800794165316 0.8102119497568882 0.7151167042139385 0.7948425445705024 0.7183862115072933 0.7822694278768233 0.7153477260940032 0.7787894157212317 0.706929007293355 0.7796296029173421 0.6453916790923825 0.8031661896272285 0.6324329149108591 0.8167452965964344 0.6332507512155592 0.8210319692058347