1 0.5149133566721582 0.3605972471169687 0.4945000774299835 0.3543041787479407 0.427991626029654 0.36157205766062606 0.3574637668863262 0.39535550658978585 0.35456811779242176 0.3950445123558485 0.3509877570016474 0.38692728830313017 0.35228922899505766 0.37699113591433275 0.34323379324546954 0.3773073583196046 0.33790245634266886 0.38985691268533773 0.3397788797364086 0.39638518945634266 0.33086718121911035 0.4008175189456343 0.31918005271828664 0.4201828253706754 0.31630008896210876 0.4557250848434926 0.31789165980230644 0.5249044332784184 0.32008430560131795 0.5404881457990115 0.330537913509061 0.5566076037891269 0.34246547940691924 0.5677302388797364 0.3445718822075783 0.5808442866556837 0.3510766400329489 0.590095726523888 0.3555899835255354 0.5895260049423394 0.3589351359143328 0.5791063731466227 0.38096088220757823 0.5725676392092257 0.5109436268533772 0.5655558657331137 0.5226934794069192 0.5597880873146622 0.5224922462932454 0.5540255378912685 0.5120961334431631 0.5395525222405272 0.5070601054365733 0.5133531738056013 0.5047707602965403 0.4713976276771005 0.5071254349258649 0.46801849917627675 0.503142607907743 0.4483761746293245 0.5048360889621087 0.4260629538714991 0.50164773723229 0.4055686598023064 0.5039449159802306 0.4005430889621088 0.5002547932454695 0.4010840634266886 0.49889059719934103 0.3974226886326194 0.5037724308072488 0.3956037602965404 0.5071175831960462 0.38518412850082373 0.513645859967051 0.383307705107084 0.5183839555189457 0.3773726696869852 0.5149133566721582 0.3605972471169687
1 0.8341847833607908 0.48709367215815486 0.8240709168039538 0.46890178665568366 0.8007907364085667 0.4631209456342669 0.7168796449752883 0.46769963591433283 0.7084984645799011 0.45191991927512354 0.7019414406919275 0.45297312108731463 0.7002767067545305 0.4761095642504119 0.6858141482701813 0.5104078459637562 0.6819698484349258 0.612746032125206 0.683637205107084 0.6604928756177925 0.6930663583196046 0.6708785313014828 0.697422902800659 0.7012227347611203 0.7004335420098847 0.704826615321252 0.7211473583196046 0.6843218649093905 0.7424936210873146 0.6819279859967051 0.7833097224052719 0.6706119522240528 0.8157498723228995 0.655467287479407 0.8249150700164745 0.6464928657331137 0.8309258904448105 0.6297984563426688 0.8362467710049424 0.5933467331136738 0.8375221013179572 0.5236551573311368 0.8341847833607908 0.48709367215815486
1 0.9037691845140033 0.3082795115321252 0.8790228805601318 0.2605143780889621 0.8505106680395387 0.23472272322899507 0.8099898747940693 0.20728985420098847 0.8033753558484349 0.20669661285008237 0.833889439044481 0.26621159884678747 0.859937215815486 0.30404058072487644 0.9079009769357497 0.3439890280065898 0.9144867487644152 0.3437590477759473 0.9037691845140033 0.3082795115321252
1 0.9500420708401976 0.3116089794069193 0.9332509621087315 0.27922632454695223 0.9271721894563426 0.2703721210873147 0.8944576268533773 0.24225454036243824 0.8934096532125205 0.24764860049423393 0.9278438393739703 0.3132083838550247 0.9374167306425041 0.3277101466227348 0.9616978459637563 0.3503526532125206 0.9500420708401976 0.3116089794069193
1 1 0.5167881301482702 0.9963463443163098 0.5164604423393739 0.9867630131795717 0.6078719975288303 0.9884721795716639 0.6214120304777595 0.9974701202635915 0.6194493649093904 1 0.6158901828665568 1 0.5167881301482702
1 0.9742082479406919 0.7204050642504118 0.9696374093904448 0.7193283434925865 0.9329348088962108 0.7894328410214169 0.9328250477759472 0.798091039538715 0.9409710189456343 0.7953339003294893 0.9515814266886325 0.7805394332784185 0.9749217084019769 0.7290345156507414 0.9742082479406919 0.7204050642504118
1 0.8548463682042833 0.736524539538715 0.8507590082372323 0.7374914991762768 0.7738178624382208 0.7764442570016474 0.7466097454695222 0.8115997364085666 0.7305294909390445 0.8467787347611202 0.7291992710049424 0.855891665568369 0.7387669341021417 0.8584423443163098 0.7802625197693575 0.8429814563426689 0.8142053747940692 0.8236631886326194 0.8225473509060955 0.8147175140032948 0.8372398896210873 0.7870050041186162 0.8549326103789127 0.7389942042833608 0.8548463682042833 0.736524539538715
1 0.5894136548599671 0.8418159044481055 0.586460510708402 0.839858467874794 0.5469171342668864 0.8404151276771005 0.5153472446457991 0.8332753187808896 0.4692180963756178 0.8340619588138385 0.4435257462932454 0.8300138039538715 0.4287365082372323 0.8313544802306425 0.415713931630972 0.8478816326194398 0.4159151639209226 0.8536441828665569 0.4374495963756178 0.8920428871499176 0.4633431795716639 0.9018535922570017 0.5039685049423394 0.9086771779242174 0.5303690856672159 0.9094037001647447 0.5682085247116969 0.9072580922570016 0.5828252775947281 0.9009780864909391 0.577172489291598 0.8925211202635914 0.5771045378912686 0.8669725082372323 0.5866094769357496 0.8559256589785832 0.5891889028006589 0.8471812182866556 0.5894136548599671 0.8418159044481055
1 0.3621627108731466 0.7541415453047776 0.3540925247116969 0.7354661795716639 0.3472950634266886 0.7060314406919275 0.33163817051070843 0.6707243896210873 0.3107989069192751 0.6640340848434926 0.26370279983525535 0.6607333649093905 0.26166434843492586 0.6731679291598023 0.24732984184514 0.6757290642504119 0.2487280140032949 0.6921647454695222 0.2579951392092257 0.7215132421746293 0.266917294892916 0.7409830815485996 0.27418777841845143 0.7485593311367381 0.29960310955518943 0.7682774415156507 0.34536899670510707 0.7806910922570017 0.3667727537067545 0.7799436565074135 0.3621627108731466 0.7541415453047776
1 0.21144518286655684 0.34440726606260297 0.18806046952224054 0.35923570840197694 0.16394400494233938 0.38851364827018126 0.15522570510708403 0.4456896449752883 0.15545568533772652 0.4522754168039539 0.1622714373970346 0.4586312075782537 0.16289865485996707 0.4647909950576606 0.18725032784184514 0.4540499118616145 0.20041664168039539 0.44163886655683693 0.2094407075782537 0.3696161359143328 0.21567628006589787 0.34755641433278417 0.21144518286655684 0.34440726606260297
1 0.1457913410214168 0.5531683929159802 0.1411055115321252 0.5487987858319604 0.13534296128500822 0.5490000189456343 0.12523955271828666 0.554710302306425 0.12064519439868204 0.5647614448105437 0.12733812191103788 0.6148054670510709 0.13915592586490938 0.6345863006589786 0.15329442751235584 0.6382137001647447 0.15644357578253706 0.6339826029654037 0.1457913410214168 0.5531683929159802
1 0.18496624546952226 0.6836764266886327 0.16940605271828665 0.6747412092257001 0.1587041738056013 0.6751149275123558 0.15512904118616147 0.6789487874794069 0.15561774876441517 0.6929435518945635 0.1716431309719934 0.7270013970345964 0.1857581136738056 0.7417566598023064 0.20424270345963755 0.7518260922570016 0.21168044398682043 0.752390586490939 0.18496624546952226 0.6836764266886327
1 0.1274217240527183 0.4165763574958814 0.11743330477759473 0.4255795263591433 0.10662689291598024 0.44656252800658974 0.10380442421746293 0.4837512298187809 0.10812699258649093 0.5013211268533773 0.11712493327841846 0.49935846128500827 0.1245861935749588 0.48879509225700163 0.13085834761120263 0.4205774744645799 0.1274217240527183 0.4165763574958814
1 0.11434689785831961 0.5732236392092257 0.10801462602965403 0.5689115280065897 0.1011753550247117 0.5736835996705107 0.09893567051070841 0.5803556136738055 0.10329221499176276 0.6106998171334432 0.1133198385502471 0.6264220378912685 0.12246151647446459 0.6285754802306426 0.11434689785831961 0.5732236392092257
1 0.643981373970346 0.07956249588138385 0.6156468747940692 0.07066125453047777 0.5570831622734761 0.0694094431630972 0.5518903344316309 0.0741240197693575 0.5584238393739703 0.08419868121911038 0.5759414695222406 0.09018075535420099 0.6552294555189456 0.09482998517298188 0.643981373970346 0.07956249588138385
1 0.5717966153212521 0.08950127100494235 0.5592758080724877 0.08499315568369029 0.5473194950576606 0.07304729901153213 0.5209476614497529 0.07314399835255354 0.4603742454695222 0.08514997281713345 0.44819840939044486 0.09052051400329489 0.44323556095551897 0.10182086243822076 0.4717948121911038 0.10535679077429984 0.564703845140033 0.0988154349258649 0.5727923212520593 0.09441185255354201 0.5717966153212521 0.08950127100494235
1 0.43362869439868207 0.07454479324546952 0.4057541548599671 0.07881509555189457 0.3675227075782537 0.09333777182866557 0.35682605766062603 0.1056625741350906 0.37618613509060955 0.10539861861614498 0.4015335148270181 0.09956811614497528 0.4307957685337726 0.08783132701812191 0.4370940650741351 0.07936913179571664 0.43362869439868207 0.07454479324546952
1 0.4578000477759473 0.10584549917627677 0.4453654835255354 0.10380704777594728 0.43775525782537067 0.09830322487644151 0.4057646120263591 0.10271726441515651 0.34806332537067547 0.1261620963756178 0.3420472759472817 0.13090542092257001 0.33683092915980234 0.14674786079077431 0.34316320098846786 0.15105997199341023 0.4002999942339374 0.1350528805601318 0.44838135090609554 0.11936201235584844 0.4620886400329489 0.11064108978583197 0.4578000477759473 0.10584549917627677
1 0.3432729629324547 0.14240177347611202 0.343664971169687 0.13002470428336077 0.3391228797364086 0.12977120510708404 0.3027678558484349 0.15082215815485997 0.28968778336079076 0.16570286738056014 0.29786773146622736 0.17572003377265238 0.3496339827018122 0.14753710626029654 0.3432729629324547 0.14240177347611202
1 0.7601916054365733 0.9054992471169687 0.7163700930807249 0.9251624851729819 0.6886105444810544 0.932725672981878 0.6708158953871499 0.942413554365733 0.665881794892916 0.9545371235584844 0.674597489291598 0.9562933286655683 0.7162655601317957 0.9457717685337726 0.7477387504118617 0.9265397438220757 0.7592873698517298 0.9150094151565074 0.7619242907742998 0.9079114168039538 0.7601916054365733 0.9054992471169687