2 0.25592467459016394 0.2917917467213115 0.22738603524590162 0.3041621918032787 0.21175400491803276 0.3182832655737705 0.21136608606557378 0.3232540229508197 0.24245117950819672 0.32588265 0.2421654229508197 0.32261643852459015 0.2341581319672131 0.32043717459016396 0.23380093606557378 0.31635440901639345 0.2563225868852459 0.3057445868852459 0.26103831065573774 0.29381277049180327 0.25592467459016394 0.2917917467213115
2 0.27280966557377045 0.4988950983606557 0.27245246967213116 0.4948123336065574 0.2794442516393443 0.4900866163934426 0.2767956360655738 0.48332451311475405 0.26973241557377053 0.4872336770491803 0.25095169590163935 0.4888767778688525 0.25364639508196724 0.48205859672131146 0.23806044836065574 0.4825993868852459 0.23217097622950816 0.4905198778688525 0.2254956737704918 0.48945828442622946 0.2222141 0.49427080245901633 0.2248627155737705 0.5010329049180328 0.24663388442622952 0.5147614344262296 0.2582799442622951 0.5162109459016393 0.25719299590163935 0.5084894114754098 0.26626188032786885 0.5039933729508196 0.2748253221311476 0.5172318221311476 0.28448108032786884 0.5147414467213115 0.27280966557377045 0.4988950983606557
2 0.41181967459016394 0.7570241319672131 0.3770243737704918 0.7543087040983607 0.35760070163934427 0.7486028270491802 0.34609751967213115 0.7487864221311475 0.3378451893442623 0.7532110213114754 0.3437600163934426 0.7596873680327869 0.3948556557377049 0.7700275352459016 0.41817849836065574 0.7638730352459017 0.41181967459016394 0.7570241319672131
2 0.6901950409836066 0.5343738852459017 0.6778038672131147 0.5338123663934426 0.6749255729508197 0.5291273655737705 0.6558590967213115 0.5275042532786886 0.6306173918032787 0.5305354196721311 0.6248454434426229 0.5256921786885246 0.6299030008196722 0.5223698893442622 0.6576658040983606 0.5199409581967214 0.6604319418032787 0.513939331147541 0.6147049721311475 0.5179399221311476 0.6058096893442623 0.5150155442622951 0.6067483918032787 0.544554331967213 0.6040229704918032 0.5604260352459016 0.6063858295081967 0.5639219262295082 0.7001058327868852 0.544203244262295 0.6901950409836066 0.5343738852459017
2 0.6353094245901639 0.8098779893442624 0.6073015819672131 0.8189107827868852 0.5620032467213115 0.8278106926229508 0.5460293819672131 0.8333222401639344 0.5451974672131147 0.8379204409836065 0.5663410459016394 0.8397732319672132 0.5826006672131148 0.8375278959016393 0.6307365795081967 0.8234429114754098 0.6365546122950819 0.8147058680327869 0.6353094245901639 0.8098779893442624
2 0.6811085745901639 0.7408696344262296 0.654907437704918 0.7423391336065573 0.6441900868852459 0.7515048114754098 0.6105378114754099 0.7618542327868852 0.6073991163934427 0.7682998565573771 0.6332276959016393 0.7672743532786885 0.6630115229508197 0.7597317868852459 0.6779545180327868 0.7518420196721312 0.6838439901639344 0.7439215286885246 0.6811085745901639 0.7408696344262296
2 0.6657983901639345 0.7257530393442623 0.6500695647540984 0.7246607237704918 0.5985552852459016 0.7283448360655738 0.5810197532786886 0.7348158147540983 0.571190394262295 0.7447266065573771 0.5574518704918032 0.7475741786885246 0.5543846147540984 0.7548363549180328 0.5894095950819672 0.7554746803278689 0.6309416434426229 0.741144656557377 0.650396037704918 0.7377970106557377 0.6669006991803278 0.728947812295082 0.6657983901639345 0.7257530393442623
2 0.6512540483606557 0.681771331147541 0.6180050524590164 0.6826232336065574 0.6368011336065573 0.6764533721311475 0.5832965516393442 0.6761975975409835 0.581020493442623 0.6689914983606557 0.5550029524590164 0.6819641795081968 0.5456890286885246 0.693064081147541 0.5519610516393443 0.7036231926229508 0.5679756327868852 0.7079817204918033 0.5819284737704917 0.7075838081967213 0.5938602901639344 0.7122995319672132 0.5989892868852459 0.7097937950819673 0.5900940040983607 0.7068694172131147 0.5871442713114754 0.7013678631147542 0.5912270360655737 0.7010106672131148 0.5940338909836066 0.7048791155737705 0.6089768852459017 0.6969893475409836 0.6422412426229508 0.6916106836065574 0.6522541959016394 0.6932030737704918 0.655163212295082 0.6888345516393443 0.6512540483606557 0.681771331147541
2 0.7035241770491804 0.6302985081967214 0.6952872073770492 0.6301963459016394 0.6811607655737705 0.6380146745901639 0.6380263336065574 0.6434340549180328 0.6183268991803279 0.6533855639344263 0.5980559516393442 0.6568046483606558 0.5753760614754099 0.670308125409836 0.5731253581967213 0.6774988631147542 0.5828371942622951 0.6803518016393442 0.6295235959016393 0.6779128770491804 0.6880911024590164 0.6513960024590164 0.7047693647540983 0.6351263868852459 0.7035241770491804 0.6302985081967214
3 0.16175604836065574 0.2687639139344262 0.1517430942622951 0.2671715245901639 0.11497211229508196 0.3218137655737705 0.11111365819672131 0.3435442180327869 0.10175365081967214 0.36822440409836066 0.10225372459016394 0.37394027540983604 0.10662224672131147 0.3768492918032787 0.10690263606557376 0.40356586311475406 0.11574184098360657 0.4011469262295082 0.12141699508196722 0.3907767770491803 0.12972540409836067 0.3916954918032787 0.13694686393442623 0.38489267213114753 0.16381778934426228 0.2735203540983607 0.16175604836065574 0.2687639139344262
3 0.18059895327868852 0.18318945245901638 0.1658702762295082 0.19352887950819672 0.13161039836065574 0.2298497581967213 0.1100120893442623 0.2745251286885246 0.11177271229508197 0.2805421180327869 0.13214582131147543 0.2688860639344262 0.14623154672131147 0.25119765983606557 0.15455531639344264 0.24758961311475408 0.18809080901639344 0.18417960655737706 0.18059895327868852 0.18318945245901638
3 0.17449460737704917 0.6918044565573771 0.15910298934426229 0.6569477098360657 0.14345633852459017 0.6097712286885245 0.10803344590163934 0.5951800631147541 0.10525194672131148 0.6057084516393442 0.10888534836065573 0.6284290581967213 0.11557064508196721 0.6484142491803279 0.13042147213114755 0.6676850491803278 0.13483070983606557 0.6804641409836065 0.14275120081967213 0.6863536131147541 0.15996488606557377 0.7091203032786885 0.1746935631147541 0.6987808762295081 0.17449460737704917 0.6918044565573771
0 0.47546324590163935 0.8966807959016394 0.46095425409836066 0.8860195229508196 0.45744300163934426 0.8929091426229508 0.4534316754098361 0.8940828918032787 0.4478894049180328 0.887162549180328 0.4028668327868853 0.8804050729508196 0.39910054672131146 0.8749749581967212 0.3857499418032787 0.8728517721311475 0.3634479762295082 0.8624608942622951 0.33511365983606556 0.8583574 0.3101477172131148 0.8457311803278689 0.3073255016393443 0.846389494262295 0.31299528852459013 0.8594697040983605 0.29794013852459017 0.856672843442623 0.2919945885245902 0.859250018852459 0.3149241450819672 0.8815166360655737 0.3270702795081967 0.8886820180327869 0.35597610819672126 0.8993179360655738 0.3604875081967213 0.9038600590163934 0.3923023540983607 0.9101274549180328 0.39990636557377046 0.9218042377049179 0.40711246393442624 0.9195281795081967 0.4609028024590164 0.9230501655737705 0.47911200901639345 0.9148746418032786 0.4801021631147541 0.9073827860655738 0.47546324590163935 0.8966807959016394
0 0.1374961680327869 0.55105085 0.1347607524590164 0.5479989549180327 0.13315910901639344 0.4732639942622951 0.12831124180327869 0.43666198606557377 0.1155935950819672 0.4229641795081967 0.12009500081967214 0.4085827040983606 0.11909485327868852 0.39715096147540985 0.11272066885245902 0.3948288196721312 0.10906653852459015 0.4000853336065574 0.10439689836065574 0.3984368663934426 0.10541777540983607 0.38189148770491804 0.0989160737704918 0.3734094786885246 0.099375431147541 0.36925527459016394 0.09218469344262295 0.36700457131147546 0.08542259016393443 0.3696531868852459 0.0883008844262295 0.37433818770491806 0.0813805418032787 0.3798804573770492 0.07472522704918033 0.4166660606557377 0.07085603852459016 0.48529723196721314 0.07489734672131147 0.5408942770491804 0.08305214262295083 0.5870806040983606 0.08960992213114755 0.6009059278688524 0.10288908770491803 0.6022125606557377 0.10721689344262295 0.5952515016393443 0.11531098442622952 0.5937205573770492 0.1224863606557377 0.6004980213114753 0.13494897377049178 0.6018760934426229 0.1393889344262295 0.605601663114754 0.14474760983606558 0.601018824590164 0.1374961680327869 0.55105085