1 0.31961228867623603 0.18117526714513557 0.30081914832535883 0.20883551834130784 0.2951984736842105 0.22693813795853268 0.29756676953748007 0.23113365789473686 0.30117638197767144 0.23121810446570973 0.3380422519936204 0.21798658054226475 0.3939591052631579 0.20749102950558215 0.404361206539075 0.18456737081339714 0.4032790606060606 0.16304870015948963 0.40849244577352467 0.1585901164274322 0.3845359768740032 0.1546823293460925 0.3338026188197767 0.1695273484848485 0.31961228867623603 0.18117526714513557
1 0.7115893357256778 0.28336599521531103 0.7212710263157895 0.30253131419457735 0.7443635789473684 0.3057141905901116 0.7983089824561403 0.32300817224880385 0.7980608636363636 0.31102246570972886 0.7870287416267943 0.2855713397129187 0.7559875510366826 0.24185842344497607 0.7469859370015949 0.2350412671451356 0.7005527121212122 0.21668980781499203 0.675925889154705 0.21884437559808614 0.6887404003189793 0.2509437639553429 0.7115893357256778 0.28336599521531103
1 0.103135831738437 0.5295179027113237 0.10212246810207337 0.5728332519936205 0.10711690271132378 0.6116205159489633 0.11431596092503987 0.6390079800637959 0.12206131419457734 0.6543402352472089 0.13292976395534292 0.6641960422647528 0.14979106698564593 0.6739277894736843 0.15816716108452952 0.6735952232854864 0.15985538038277514 0.6654425797448166 0.1519314106858054 0.6389190318979266 0.1336710614035088 0.5308488875598085 0.13073180303030302 0.5247020853269537 0.12439143859649122 0.5208540765550239 0.1092280773524721 0.5213802049441787 0.10430764593301435 0.5246124162679425 0.103135831738437 0.5295179027113237
1 0.17277756539074962 0.8360180598086124 0.19086524003189792 0.8460427607655502 0.17513613875598086 0.8218030614035088 0.1337974601275917 0.7701856212121212 0.12113167703349283 0.7580855781499203 0.11678220813397128 0.7632690733652312 0.1119462240829346 0.7628916730462519 0.11939862360446571 0.7794502990430622 0.1436973811802233 0.8101446993620415 0.17277756539074962 0.8360180598086124
1 0.6982265470494418 0.8809033325358852 0.7332950837320574 0.8654275717703349 0.7505240637958533 0.85191281738437 0.7633789082934609 0.8295750653907495 0.7592282232854864 0.8187312830940988 0.7457082464114833 0.824316846092504 0.7018959385964912 0.8633716754385965 0.6933905629984051 0.8805259322169059 0.6982265470494418 0.8809033325358852
1 0.5994498931419457 0.11786867623604466 0.594728245614035 0.10507361084529505 0.5740338787878788 0.09727820255183414 0.5449484720893142 0.09421938516746411 0.5290601993620415 0.09560942902711324 0.5226204433811802 0.09977505901116428 0.523970874800638 0.10606086602870814 0.5353557296650718 0.11266951594896332 0.5994498931419457 0.11786867623604466
1 0.5612687025518341 0.09319179744816587 0.5566016132376396 0.08559517224880384 0.5428335167464114 0.07919502870813397 0.5068763971291866 0.07993938596491228 0.5012310542264753 0.08403551355661881 0.5064691068580542 0.0935834226475279 0.5573661371610845 0.09433372169059011 0.5612687025518341 0.09319179744816587
3 0.8148170111642743 0.8410847001594896 0.8132677966507177 0.8508261706539075 0.8422194202551834 0.829481615629984 0.8724968070175437 0.8004163763955343 0.895847922647528 0.7699558708133971 0.9080623022328549 0.744872422647528 0.892536485645933 0.7458305087719299 0.8722935223285486 0.7752185909090908 0.8254821762360447 0.8257427216905902 0.8148170111642743 0.8410847001594896
3 0.8885203030303029 0.6953504912280701 0.8820357129186602 0.7127281993620415 0.8705215765550239 0.722941240031898 0.8661324952153111 0.7185222695374801 0.8642507145135565 0.7198876451355661 0.8550450948963317 0.7519123102073365 0.8625423285486443 0.7552588588516747 0.8641857137161085 0.7603182942583732 0.8737881794258374 0.7602786810207336 0.8770203915470494 0.7651991124401915 0.8974569162679426 0.7425982966507176 0.8954510757575758 0.7379708189792663 0.8987281220095694 0.7296791714513557 0.931021792663477 0.6596123213716109 0.9328789059011164 0.6442404537480063 0.9303021028708134 0.6376616929824561 0.9160273253588518 0.6529192240829347 0.8885203030303029 0.6953504912280701
3 0.920799749601276 0.5656480614035088 0.9098020183413078 0.5726139449760766 0.9076668963317384 0.5848081586921849 0.8995389218500797 0.5971264314194578 0.8804976618819778 0.612800976076555 0.8788191658692186 0.6393641363636363 0.8695537679425838 0.6890049051036683 0.8692159800637957 0.703443355661882 0.8718772296650718 0.7064125031897927 0.8788333907496013 0.6989997169059011 0.886052615629984 0.699168610845295 0.9049847599681021 0.6730971866028708 0.9066333660287081 0.6553420781499202 0.9247165398724082 0.6241417169059011 0.9290861754385964 0.5917396515151515 0.9247568732057416 0.5697045765550239 0.920799749601276 0.5656480614035088
3 0.9103340885167464 0.5009231562998405 0.9058060031897928 0.4949153580542265 0.8953396212121213 0.4942300590111643 0.8913279401913876 0.4849751044657097 0.8885822440191388 0.4856155685805422 0.88889986523126 0.4983956889952153 0.8822217129186603 0.5089861307814992 0.8776091802232854 0.5065879449760766 0.8797144122807018 0.503201783891547 0.877485120414673 0.5005950917065392 0.8709758628389155 0.5039663078149921 0.8789686140350877 0.5953238755980862 0.8813219649122808 0.6039234210526316 0.8870913676236045 0.6058201467304625 0.9004028373205742 0.5978513429027114 0.9125327703349283 0.5763775071770335 0.9113908452950558 0.5724749409888357 0.9153778588516747 0.5677234035087719 0.9213012097288676 0.5668049306220095 0.925909240829346 0.5279780542264753 0.9207160231259968 0.5052180677830941 0.9103340885167464 0.5009231562998405
3 0.9021276084529506 0.4299968915470494 0.8973117910685806 0.4024009210526316 0.8942581961722488 0.4086717830940989 0.8873222017543859 0.3888659992025518 0.8788766052631579 0.3884041515151515 0.8685791180223286 0.3804996283891547 0.8576658333333332 0.3838558995215311 0.8562556228070175 0.395186196969697 0.8505011658692185 0.38888544577352474 0.8533313094098883 0.38463536842105267 0.8464745406698565 0.3840345167464115 0.8438977376395534 0.37745575598086123 0.838560293460925 0.3759214864433812 0.8503419952153111 0.41451518819776717 0.8608375454545454 0.47043204146730466 0.8737761164274321 0.5085242830940988 0.8825146666666666 0.5077597591706539 0.8796449098883572 0.5024073700159489 0.88889986523126 0.4983956889952153 0.8889446993620415 0.48518361084529504 0.8924003628389154 0.48808325677830944 0.8969583381180223 0.4852830023923445 0.9016949306220096 0.4936740414673046 0.9058904497607655 0.49130574561403506 0.9021276084529506 0.4299968915470494
3 0.8655853022328548 0.3691543859649123 0.8690708548644338 0.3632459792663477 0.8641407009569377 0.34806767384370013 0.8745921379585326 0.3531569984051037 0.8760815733652313 0.3610316323763956 0.8798301897926636 0.3627049066985646 0.8765187527910686 0.3385795438596491 0.8605019194577352 0.29275167224880383 0.8500953165869218 0.2744502695374801 0.8451898301435407 0.27327845534290274 0.8472255606060607 0.2690978803827751 0.8320225869218502 0.260021543062201 0.8047696259968102 0.22758436602870816 0.8055490940988835 0.2319188899521531 0.7986624354066986 0.24012609011164274 0.7944818612440191 0.23809036044657098 0.7909268062200957 0.24320435326953746 0.7670943971291866 0.2452894186602871 0.764557206539075 0.2483131244019139 0.7696016977671452 0.25107376555023925 0.79048440430622 0.288470985645933 0.8058757185007974 0.32714913476874 0.8154482942583733 0.3359175741626794 0.8372644194577352 0.37483411881977674 0.8437587328548645 0.3758669290271132 0.8458639657097288 0.3724807679425837 0.8400250614035087 0.3697896283891547 0.8450149944178629 0.36735183014354067 0.8578646172248804 0.36782862280701756 0.8546720175438597 0.37251065709728864 0.8583511323763955 0.3733895183413078 0.8705602902711325 0.3711206140350877 0.8655853022328548 0.3691543859649123
3 0.7889112424242425 0.2201663580542265 0.7954205007974482 0.21679514114832535 0.7394199218500798 0.1668606985645933 0.7343455414673047 0.17290810925039873 0.727697279106858 0.17469049840510367 0.7257161060606061 0.18406951275917066 0.714802822169059 0.18742578468899523 0.7157212950558214 0.19334913556618818 0.7402584489633174 0.21761872408293462 0.7466533708133971 0.22666517224880384 0.7464149744816587 0.2330899840510367 0.7780024593301436 0.2647476913875598 0.7811106116427432 0.26367526874003194 0.7789657671451355 0.25745896411483254 0.7810014968102073 0.2532783899521531 0.7914977679425838 0.24515563636363635 0.7854354130781499 0.2444852822966507 0.7829281124401913 0.23870093540669854 0.7840207009569378 0.21459051754385966 0.7889112424242425 0.2201663580542265