1 0.2945425361155698 0.5613964686998395 0.300561797752809 0.5682182985553772 0.3162118780096308 0.5686195826645265 0.32223113964687 0.5682182985553772 0.32664526484751205 0.5630016051364366 0.32263242375601925 0.5341091492776886 0.31581059390048155 0.5264847512038523 0.30296950240770465 0.5248796147672552 0.29775280898876405 0.5284911717495987 0.2929373996789727 0.540529695024077 0.2945425361155698 0.5613964686998395
1 0.3467094703049759 0.43940609951845905 0.36075441412520065 0.43820224719101125 0.36597110754414125 0.43298555377207065 0.3667736757624398 0.4209470304975923 0.3615569823434992 0.4085072231139647 0.34951845906902085 0.4069020866773676 0.3394863563402889 0.4153290529695024 0.3378812199036918 0.4369983948635634 0.3467094703049759 0.43940609951845905
1 0.4333868378812199 0.7724719101123596 0.43780096308186195 0.7768860353130016 0.478330658105939 0.7780898876404494 0.4823434991974318 0.7660513643659711 0.4767255216693419 0.7580256821829856 0.47792937399678975 0.7495987158908507 0.46107544141252005 0.7455858747993579 0.43940609951845905 0.7455858747993579 0.42937399678972715 0.7491974317817014 0.43418940609951845 0.7540128410914928 0.4333868378812199 0.7724719101123596
1 0.5188603531300161 0.7825040128410915 0.5345104333868379 0.7821027287319422 0.554975922953451 0.7817014446227929 0.5593900481540931 0.778892455858748 0.5601926163723917 0.7668539325842697 0.5557784911717496 0.7487961476725522 0.5268860353130016 0.7471910112359551 0.5096308186195827 0.7540128410914928 0.5112359550561798 0.7796950240770465 0.5188603531300161 0.7825040128410915
1 0.5188603531300161 0.8443017656500803 0.5377207062600321 0.843900481540931 0.5565810593900482 0.8426966292134831 0.5601926163723917 0.8398876404494382 0.5617977528089888 0.8334670947030498 0.5581861958266453 0.8178170144462279 0.5236757624398074 0.8162118780096308 0.5152487961476726 0.8206260032102729 0.5152487961476726 0.8414927768860353 0.5188603531300161 0.8443017656500803
1 0.5429373996789727 0.6765650080256822 0.5481540930979133 0.6761637239165329 0.5682182985553772 0.670545746388443 0.5690208667736758 0.6496789727126806 0.5770465489566613 0.6360353130016051 0.5790529695024077 0.6235955056179775 0.5485553772070626 0.6235955056179775 0.5377207062600321 0.6304173354735152 0.5385232744783307 0.6697431781701445 0.5429373996789727 0.6765650080256822
1 0.5850722311396469 0.7371589085072231 0.5806581059390048 0.7126805778491172 0.554975922953451 0.7134831460674157 0.543338683788122 0.721107544141252 0.5417335473515249 0.742776886035313 0.5445425361155698 0.7463884430176565 0.5802568218298555 0.7483948635634029 0.5850722311396469 0.7371589085072231
3 0.7142857142857143 0.7259229534510433 0.7295345104333868 0.7178972712680578 0.7343499197431782 0.7042536115569823 0.7319422150882825 0.6882022471910112 0.7415730337078652 0.6753611556982343 0.7463884430176565 0.6617174959871589 0.7411717495987159 0.6508828250401284 0.7126805778491172 0.6408507223113965 0.709470304975923 0.6312199036918138 0.7118780096308186 0.619983948635634 0.7086677367576244 0.6047351524879615 0.6926163723916533 0.598314606741573 0.680577849117175 0.5654093097913323 0.6641252006420546 0.5529695024077047 0.6504815409309791 0.5545746388443018 0.6256019261637239 0.5658105939004815 0.6139646869983949 0.5750401284109149 0.6043338683788122 0.5926966292134831 0.6035313001605136 0.6031300160513644 0.5842696629213483 0.6215890850722311 0.5714285714285714 0.648876404494382 0.5698234349919743 0.6745585874799358 0.57223113964687 0.6946227929373997 0.5806581059390048 0.7078651685393258 0.5862760834670947 0.7110754414125201 0.5959069020866774 0.709470304975923 0.5987158908507223 0.7203049759229535 0.5987158908507223 0.7524077046548957 0.5951043338683788 0.7560192616372392 0.5870786516853933 0.7568218298555377 0.5818619582664526 0.7660513643659711 0.5826645264847512 0.7877207062600321 0.5870786516853933 0.7929373996789727 0.5975120385232745 0.7913322632423756 0.6211878009630819 0.7973515248796148 0.6320224719101124 0.7953451043338684 0.6360353130016051 0.790529695024077 0.6641252006420546 0.7792937399678973 0.6673354735152488 0.7728731942215088 0.6801765650080257 0.7696629213483146 0.6974317817014446 0.7524077046548957 0.6998394863563403 0.7419743178170144 0.7142857142857143 0.7259229534510433
1 0.485553772070626 0.5140449438202247 0.49398073836276085 0.5184590690208668 0.5224719101123596 0.5180577849117175 0.5280898876404494 0.5092295345104334 0.5280898876404494 0.4458266452648475 0.5196629213483146 0.4390048154093098 0.48836276083467095 0.4390048154093098 0.48154093097913325 0.4474317817014446 0.48475120385232745 0.46268057784911715 0.4823434991974318 0.5044141252006421 0.485553772070626 0.5140449438202247
2 0.4438202247191011 0.6079454253611557 0.44301765650080255 0.5830658105939005 0.4402086677367576 0.5802568218298555 0.4317817014446228 0.591091492776886 0.42536115569823435 0.6087479935794543 0.4313804173354735 0.6147672552166934 0.44863563402889245 0.6175762439807384 0.4438202247191011 0.6079454253611557
2 0.41813804173354735 0.5814606741573034 0.41492776886035315 0.5686195826645265 0.41653290529695025 0.5525682182985554 0.41252006420545745 0.5429373996789727 0.40730337078651685 0.5409309791332263 0.40369181380417335 0.5541733547351525 0.40529695024077045 0.5718298555377207 0.4105136436597111 0.5802568218298555 0.41813804173354735 0.5814606741573034
2 0.3940609951845907 0.6408507223113965 0.3884430176565008 0.6296147672552167 0.3828250401284109 0.6039325842696629 0.37680577849117175 0.6003210272873194 0.37479935794542535 0.6336276083467095 0.3832263242375602 0.6412520064205457 0.391653290529695 0.6424558587479936 0.3940609951845907 0.6408507223113965
1 0.31380417335473515 0.8623595505617978 0.31701444622792935 0.8591492776886035 0.3162118780096308 0.8527287319422151 0.30296950240770465 0.8378812199036918 0.2845104333868379 0.8298555377207063 0.27447833065810595 0.8302568218298555 0.2768860353130016 0.843900481540931 0.286115569823435 0.8531300160513644 0.31380417335473515 0.8623595505617978
2 0.27608346709470305 0.7275280898876404 0.27768860353130015 0.7251203852327448 0.2696629213483146 0.7130818619582665 0.26725521669341895 0.7026484751203852 0.25963081861958265 0.6926163723916533 0.2568218298555377 0.7034510433386838 0.26484751203852325 0.721107544141252 0.26845906902086675 0.7263242375601926 0.27608346709470305 0.7275280898876404
2 0.23434991974317818 0.7740770465489567 0.21629213483146068 0.7463884430176565 0.21428571428571427 0.7516051364365971 0.22391653290529695 0.7700642054574639 0.23434991974317818 0.7740770465489567
3 0.1926163723916533 0.4947833065810594 0.19743178170144463 0.4787319422150883 0.20064205457463885 0.4691011235955056 0.21268057784911718 0.45626003210272875 0.21910112359550563 0.43619582664526485 0.23515248796147672 0.42335473515248795 0.2447833065810594 0.4065008025682183 0.24879614767255218 0.38964686998394865 0.25601926163723915 0.3832263242375602 0.2592295345104334 0.37520064205457465 0.2608346709470305 0.35914927768860355 0.2552166934189406 0.3455056179775281 0.24919743178170145 0.3402889245585875 0.2411717495987159 0.34269662921348315 0.22792937399678972 0.35513643659711075 0.206661316211878 0.3884430176565008 0.18820224719101122 0.39486356340288925 0.16613162118780098 0.4193418940609952 0.14365971107544143 0.46990369181380415 0.12841091492776885 0.5252808988764045 0.12359550561797752 0.5284911717495987 0.11918138041733548 0.5385232744783307 0.1079454253611557 0.5377207062600321 0.09791332263242375 0.5517656500802568 0.0971107544141252 0.5854735152487961 0.10834670947030497 0.6368378812199037 0.11396468699839486 0.6504815409309791 0.11998394863563402 0.6573033707865169 0.12881219903691815 0.6556982343499197 0.13603531300160512 0.658908507223114 0.1440609951845907 0.6484751203852327 0.15168539325842698 0.6609149277688604 0.16452648475120385 0.6689406099518459 0.16693418940609953 0.6625200642054575 0.16693418940609953 0.619983948635634 0.1797752808988764 0.6007223113964687 0.17897271268057785 0.5918940609951846 0.18378812199036917 0.5774478330658106 0.18138041733547353 0.5461476725521669 0.19020866773675763 0.5341091492776886 0.1926163723916533 0.4947833065810594
3 0.12118780096308186 0.663322632423756 0.11597110754414125 0.6565008025682183 0.10955056179775281 0.6556982343499197 0.10272873194221509 0.663322632423756 0.10754414125200643 0.6865971107544141 0.09229534510433386 0.6970304975922953 0.09951845906902086 0.7331460674157303 0.09871589085072231 0.75 0.12800963081861957 0.7825040128410915 0.15690208667736757 0.8065810593900482 0.1653290529695024 0.8085874799357945 0.16693418940609953 0.7989566613162119 0.15329052969502407 0.7700642054574639 0.14606741573033707 0.7363563402889246 0.14446227929373998 0.7251203852327448 0.1476725521669342 0.7130818619582665 0.1420545746388443 0.7002407704654896 0.1276083467094703 0.6809791332263242 0.12118780096308186 0.663322632423756
2 0.2897271268057785 0.4554574638844302 0.29253611556982345 0.4622792937399679 0.2969502407704655 0.4618780096308186 0.2969502407704655 0.43780096308186195 0.29253611556982345 0.4333868378812199 0.2897271268057785 0.4554574638844302
1 0.23073836276083468 0.6653290529695024 0.24157303370786518 0.6665329052969502 0.24558587479935795 0.6625200642054575 0.2463884430176565 0.6512841091492777 0.2391653290529695 0.6304173354735152 0.228330658105939 0.6243980738362761 0.2195024077046549 0.6243980738362761 0.2158908507223114 0.6440609951845907 0.21990369181380418 0.6585072231139647 0.23073836276083468 0.6653290529695024
1 0.20064205457463885 0.6336276083467095 0.2102728731942215 0.6288121990369181 0.20786516853932585 0.6119582664526485 0.19301765650080258 0.6035313001605136 0.18418940609951845 0.6035313001605136 0.17576243980738362 0.6151685393258427 0.17576243980738362 0.6239967897271268 0.19542536115569822 0.6340288924558587 0.20064205457463885 0.6336276083467095
0 0.11195826645264847 0.43980738362760835 0.12800963081861957 0.42536115569823435 0.13603531300160512 0.4301765650080257 0.14325842696629212 0.42696629213483145 0.15529695024077048 0.42776886035313 0.18499197431781703 0.3940609951845907 0.20465489566613163 0.3848314606741573 0.21428571428571427 0.36556982343499195 0.23675762439807382 0.3414927768860353 0.24398073836276082 0.3270465489566613 0.25080256821829855 0.32423756019261635 0.2540128410914928 0.31781701444622795 0.2660513643659711 0.31059390048154095 0.3017656500802568 0.27568218298555375 0.3182182985553772 0.25120385232744785 0.32463884430176565 0.24879614767255218 0.32865168539325845 0.24157303370786518 0.3414927768860353 0.23836276083467095 0.3455056179775281 0.23274478330658105 0.35674157303370785 0.22953451043338685 0.35914927768860355 0.2247191011235955 0.36637239165329055 0.2231139646869984 0.3776083467094703 0.21428571428571427 0.38723916532905295 0.20947030497592295 0.4065008025682183 0.20626003210272872 0.41974317817014445 0.18980738362760835 0.4245585874799358 0.16974317817014445 0.4137239165329053 0.1653290529695024 0.40008025682182985 0.16853932584269662 0.3936597110754414 0.17415730337078653 0.3880417335473515 0.1709470304975923 0.3864365971107544 0.17415730337078653 0.35513643659711075 0.17576243980738362 0.3455056179775281 0.18298555377207062 0.32865168539325845 0.18378812199036917 0.32303370786516855 0.19020866773675763 0.30457463884430175 0.1926163723916533 0.2989566613162119 0.19823434991974317 0.2804975922953451 0.20064205457463885 0.2772873194221509 0.20465489566613163 0.24036918138041732 0.2174959871589085 0.19221508828250403 0.24237560192616373 0.13362760834670948 0.28009630818619585 0.12881219903691815 0.28651685393258425 0.11837881219903691 0.2897271268057785 0.11597110754414125 0.28330658105939005 0.11556982343499198 0.29414125200642055 0.11035313001605136 0.29614767255216695 0.1079454253611557 0.29052969502407705 0.10593900481540931 0.29574638844301765 0.10914927768860354 0.2989566613162119 0.09951845906902086 0.3021669341894061 0.09831460674157304 0.3113964686998395 0.09269662921348315 0.3113964686998395 0.09189406099518459 0.30658105939004815 0.07865168539325842 0.3182182985553772 0.06902086677367576 0.336677367576244 0.05377207062600321 0.3503210272873194 0.04253611556982344 0.37118780096308185 0.03451043338683788 0.4032905296950241 0.03451043338683788 0.40890850722311395 0.0377207062600321 0.41131621187800965 0.03451043338683788 0.4193418940609952 0.03691813804173355 0.42576243980738365 0.036115569823434994 0.44903691813804175 0.04253611556982344 0.45064205457463885 0.05056179775280899 0.4442215088282504 0.0557784911717496 0.4333868378812199 0.08707865168539326 0.41492776886035315 0.09470304975922954 0.4193418940609952 0.09791332263242375 0.4313804173354735 0.09550561797752809 0.43619582664526485 0.10553772070626004 0.43980738362760835 0.11195826645264847 0.43980738362760835
1 0.22632423756019263 0.5533707865168539 0.23113964686998395 0.5485553772070626 0.22873194221508827 0.5236757624398074 0.22512038523274477 0.5184590690208668 0.21468699839486358 0.5184590690208668 0.2102728731942215 0.5252808988764045 0.2102728731942215 0.5485553772070626 0.21308186195826645 0.5529695024077047 0.22632423756019263 0.5533707865168539
1 0.21268057784911718 0.5934991974317817 0.21829855537720708 0.5814606741573034 0.21508828250401285 0.5638041733547352 0.20746388443017658 0.5585874799357945 0.19863563402889245 0.5585874799357945 0.1942215088282504 0.5734349919743178 0.20064205457463885 0.5798555377207063 0.20626003210272872 0.5926966292134831 0.21268057784911718 0.5934991974317817