2 0.540625 0.678515625 0.546875 0.662890625 0.5484375 0.633984375 0.55703125 0.601171875 0.55703125 0.526953125 0.56015625 0.516796875 0.565625 0.515234375 0.571875 0.502734375 0.5703125 0.462890625 0.5734375 0.458203125 0.565234375 0.4421875 0.54921875 0.435546875 0.54765625 0.431640625 0.55234375 0.427734375 0.553125 0.412109375 0.54921875 0.402734375 0.537109375 0.3953125 0.531640625 0.3953125 0.528125 0.398828125 0.52265625 0.412109375 0.52265625 0.433984375 0.50625 0.456640625 0.498046875 0.45234375 0.4875 0.456640625 0.47890625 0.492578125 0.475 0.498828125 0.46640625 0.549609375 0.46875 0.562890625 0.48671875 0.580078125 0.48828125 0.640234375 0.49921875 0.669921875 0.50390625 0.675390625 0.50234375 0.691015625 0.505078125 0.69375 0.51484375 0.693359375 0.530078125 0.68984375 0.540625 0.678515625
2 0.24765625 0.501953125 0.246875 0.471484375 0.25078125 0.439453125 0.24921875 0.431640625 0.24296875 0.423828125 0.2421875 0.401953125 0.233984375 0.39765625 0.225 0.407421875 0.2109375 0.462890625 0.21484375 0.480859375 0.215625 0.516796875 0.22734375 0.585546875 0.23515625 0.619921875 0.238671875 0.62421875 0.24453125 0.623828125 0.24140625 0.552734375 0.24765625 0.501953125
2 0.303125 0.600390625 0.3015625 0.549609375 0.306640625 0.5421875 0.313671875 0.54140625 0.31875 0.536328125 0.32265625 0.522265625 0.30625 0.474609375 0.30546875 0.458203125 0.31328125 0.433203125 0.31328125 0.423828125 0.310546875 0.41953125 0.30078125 0.416015625 0.29921875 0.396484375 0.294140625 0.39453125 0.27890625 0.411328125 0.27734375 0.419140625 0.2640625 0.431640625 0.26640625 0.464453125 0.2578125 0.527734375 0.26796875 0.541796875 0.26953125 0.560546875 0.27890625 0.583984375 0.28046875 0.605078125 0.287109375 0.6078125 0.290234375 0.60390625 0.29375 0.615234375 0.300390625 0.62109375 0.30546875 0.620703125 0.30859375 0.612890625 0.303125 0.600390625
2 0.259375 0.398046875 0.26484375 0.355078125 0.27890625 0.330078125 0.28046875 0.305859375 0.2953125 0.291015625 0.286328125 0.27109375 0.27578125 0.276171875 0.25859375 0.305859375 0.259375 0.316015625 0.2515625 0.343359375 0.24921875 0.373046875 0.24921875 0.412109375 0.2515625 0.413671875 0.253125 0.403515625 0.259375 0.398046875
2 0.27734375 0.411328125 0.283203125 0.40859375 0.2890625 0.398828125 0.2984375 0.391796875 0.3109375 0.351953125 0.3109375 0.337890625 0.31875 0.304296875 0.314453125 0.3 0.305078125 0.303125 0.303125 0.288671875 0.298828125 0.28828125 0.291796875 0.28125 0.2828125 0.286328125 0.28984375 0.291015625 0.2890625 0.294921875 0.2796875 0.304296875 0.27265625 0.318359375 0.275 0.322265625 0.26328125 0.342578125 0.26015625 0.400390625 0.2640625 0.426953125 0.2734375 0.421484375 0.27734375 0.411328125
2 0.32734375 0.276953125 0.3359375 0.264453125 0.334765625 0.25859375 0.326171875 0.25859375 0.321875 0.262890625 0.3203125 0.274609375 0.31015625 0.281640625 0.30625 0.298828125 0.3109375 0.299609375 0.3234375 0.290234375 0.32734375 0.276953125
2 0.33359375 0.361328125 0.3453125 0.328515625 0.35859375 0.312890625 0.35859375 0.290234375 0.3640625 0.277734375 0.356640625 0.26875 0.337890625 0.26796875 0.3203125 0.278515625 0.32265625 0.281640625 0.3203125 0.290234375 0.321875 0.302734375 0.3171875 0.313671875 0.31640625 0.364453125 0.31328125 0.376171875 0.315625 0.388671875 0.31953125 0.388671875 0.33359375 0.373046875 0.33359375 0.361328125
0 0.2625 0.295703125 0.282421875 0.275 0.301953125 0.28046875 0.317578125 0.2734375 0.326171875 0.2640625 0.337109375 0.2625 0.367578125 0.271875 0.394921875 0.26875 0.414453125 0.2640625 0.428515625 0.25390625 0.4359375 0.241015625 0.43046875 0.180078125 0.42421875 0.154296875 0.41328125 0.141796875 0.41328125 0.127734375 0.422265625 0.11484375 0.453125 0.109765625 0.432421875 0.1046875 0.372265625 0.10546875 0.321484375 0.1265625 0.285546875 0.1484375 0.28046875 0.153515625 0.2890625 0.157421875 0.278515625 0.16875 0.27421875 0.169140625 0.26640625 0.185546875 0.24296875 0.216015625 0.221875 0.263671875 0.222265625 0.26875 0.231640625 0.26953125 0.23671875 0.274609375 0.2265625 0.314453125 0.228515625 0.3171875 0.23359375 0.316796875 0.255859375 0.3078125 0.2625 0.295703125
3 0.2359375 0.676953125 0.23671875 0.656640625 0.23125 0.617578125 0.22109375 0.581640625 0.2078125 0.555078125 0.176953125 0.52734375 0.160546875 0.5234375 0.14609375 0.537109375 0.1359375 0.554296875 0.13515625 0.616796875 0.1375 0.631640625 0.1734375 0.669140625 0.184375 0.692578125 0.20078125 0.699609375 0.219140625 0.6953125 0.2359375 0.676953125
3 0.33125 0.883984375 0.3421875 0.875390625 0.3390625 0.869140625 0.319140625 0.84765625 0.262890625 0.803125 0.2453125 0.783984375 0.23671875 0.767578125 0.2234375 0.753515625 0.225 0.748828125 0.221875 0.746484375 0.219921875 0.7359375 0.21796875 0.745703125 0.2203125 0.749609375 0.216015625 0.7578125 0.207421875 0.7578125 0.208203125 0.7515625 0.194140625 0.75 0.192578125 0.7453125 0.178515625 0.7375 0.1703125 0.738671875 0.16796875 0.743359375 0.17109375 0.748828125 0.16796875 0.752734375 0.1703125 0.765234375 0.16328125 0.772265625 0.165625 0.777734375 0.1484375 0.790234375 0.15 0.796484375 0.157421875 0.8046875 0.205859375 0.84453125 0.255859375 0.8765625 0.323046875 0.90703125 0.34453125 0.910546875 0.3296875 0.890234375 0.33125 0.883984375
3 0.666796875 0.74140625 0.686328125 0.74296875 0.716015625 0.73828125 0.7328125 0.722265625 0.73046875 0.717578125 0.733984375 0.7125 0.737890625 0.71328125 0.74140625 0.706640625 0.75 0.669921875 0.74921875 0.658203125 0.74453125 0.648828125 0.74375 0.626953125 0.739453125 0.62109375 0.721484375 0.615625 0.695703125 0.62265625 0.687890625 0.62890625 0.673828125 0.63359375 0.65625 0.651171875 0.63671875 0.679296875 0.63125 0.682421875 0.62890625 0.697265625 0.63125 0.714453125 0.64296875 0.741796875 0.65703125 0.757421875 0.65703125 0.752734375 0.666796875 0.74140625
3 0.765234375 0.834375 0.78671875 0.812890625 0.7953125 0.800390625 0.79453125 0.796484375 0.779296875 0.79921875 0.734765625 0.83203125 0.71796875 0.848828125 0.71171875 0.858984375 0.71484375 0.860546875 0.733203125 0.85546875 0.765234375 0.834375
3 0.616015625 0.47421875 0.6203125 0.475390625 0.62109375 0.463671875 0.628125 0.456640625 0.63046875 0.412109375 0.6359375 0.394921875 0.63671875 0.380078125 0.621484375 0.3609375 0.598828125 0.35078125 0.565234375 0.346875 0.555078125 0.3484375 0.541796875 0.3546875 0.528125 0.368359375 0.5296875 0.387109375 0.54609375 0.400390625 0.54765625 0.416796875 0.54375 0.423828125 0.54453125 0.431640625 0.55625 0.444140625 0.55390625 0.447265625 0.5609375 0.458984375 0.565625 0.461328125 0.56640625 0.473828125 0.573828125 0.4890625 0.6046875 0.491015625 0.6109375 0.479296875 0.616015625 0.47421875
3 0.175 0.482421875 0.18359375 0.465234375 0.203125 0.444921875 0.21875 0.416796875 0.22421875 0.381640625 0.2234375 0.364453125 0.2203125 0.348046875 0.212890625 0.33515625 0.198046875 0.33671875 0.181640625 0.34296875 0.1515625 0.376953125 0.1484375 0.393359375 0.144140625 0.39453125 0.140234375 0.390625 0.13671875 0.395703125 0.137890625 0.3984375 0.146875 0.399609375 0.138671875 0.40078125 0.13515625 0.404296875 0.13828125 0.416015625 0.13515625 0.419921875 0.1359375 0.427734375 0.13984375 0.427734375 0.139453125 0.42265625 0.14375 0.423828125 0.14375 0.432421875 0.1375 0.435546875 0.1359375 0.441796875 0.140625 0.447265625 0.1359375 0.451171875 0.1453125 0.455078125 0.14609375 0.465234375 0.14140625 0.466796875 0.1515625 0.470703125 0.15078125 0.474609375 0.15625 0.479296875 0.155859375 0.4828125 0.161328125 0.47890625 0.163671875 0.484375 0.16953125 0.486328125 0.16875 0.483203125 0.175 0.482421875
3 0.210546875 0.33359375 0.21953125 0.324609375 0.23046875 0.298046875 0.234375 0.279296875 0.232421875 0.2734375 0.220703125 0.27109375 0.212890625 0.2734375 0.178125 0.304296875 0.1671875 0.320703125 0.16015625 0.339453125 0.16015625 0.349609375 0.16953125 0.355078125 0.183203125 0.34140625 0.210546875 0.33359375
3 0.53125 0.308984375 0.528125 0.294921875 0.51953125 0.284765625 0.5328125 0.255859375 0.5296875 0.244921875 0.523046875 0.23828125 0.506640625 0.23046875 0.476953125 0.2296875 0.450390625 0.2359375 0.440625 0.246484375 0.4359375 0.262890625 0.44921875 0.289453125 0.45078125 0.302734375 0.455078125 0.29453125 0.458984375 0.296875 0.462890625 0.29375 0.46796875 0.298046875 0.4671875 0.305859375 0.46328125 0.309765625 0.466796875 0.31328125 0.504296875 0.32109375 0.512890625 0.3265625 0.52265625 0.326171875 0.52890625 0.320703125 0.53125 0.308984375