1 0.7494113006589785 0.2733933039538715 0.7433429843492586 0.2583453385502471 0.7245003624382208 0.24326339621087312 0.6933616853377266 0.23805488303130148 0.6883073665568369 0.24117528336079078 0.6684638088962109 0.24295500741350906 0.6587524085667216 0.24962179324546954 0.663088039538715 0.2670819283360791 0.6754311326194399 0.2794642257001647 0.7056890930807248 0.28629043410214167 0.7256188929159803 0.28204104612850084 0.7452612174629325 0.28602387314662275 0.7495210617792422 0.2820515032948929 0.7494113006589785 0.2733933039538715
1 0.6815308014827017 0.35262117215815486 0.6779034019769358 0.3384826705107084 0.6740460230642504 0.3309299398682043 0.6648233303130148 0.32360196046128503 0.6286015873146623 0.32233706919275124 0.5945332850082372 0.33021385667215813 0.5828069522240528 0.3355739415156508 0.5797388187808896 0.3408242644151565 0.5811448245469523 0.3713697001647447 0.5842077298187809 0.37807046210873146 0.5926359481054366 0.38454647199341024 0.6312698607907743 0.3875440485996705 0.6604275815485997 0.37867155436573313 0.6769207578253706 0.3784232833607908 0.6813243401976936 0.3703348072487644 0.6815308014827017 0.35262117215815486
1 0.6786716993410213 0.6587210387149918 0.6704969802306425 0.6567871202635914 0.6086116342668862 0.6587471630971994 0.5960908278418452 0.6632552784184514 0.5914049983525536 0.6676248855024712 0.5858907191103789 0.6839168286655684 0.5846650321252059 0.6954131812191103 0.5882061894563426 0.7120213476112026 0.6031339365733114 0.7211970024711697 0.6065705601317958 0.717195884678748 0.64693715815486 0.7177812924217463 0.6677476746293245 0.7119142092257003 0.6768945807248764 0.6978096828665568 0.6792649406919276 0.665335557660626 0.6786716993410213 0.6587210387149918
1 0.5345896738056013 0.5007957850082373 0.5310145411861614 0.4969619250411862 0.4979706935749588 0.49910490939044483 0.4738097965403625 0.5065034456342669 0.4688704686985173 0.506330960461285 0.46251467710049426 0.4995152092257002 0.4518075700164744 0.5110925757825371 0.44878124546952225 0.5505497100494234 0.4517004135090609 0.5613665782537067 0.45686449423393743 0.5669043772652389 0.4864717182866557 0.5687625090609555 0.49822679901153216 0.5625792034596375 0.527891518121911 0.5627908929159803 0.5338265535420099 0.5580527965403624 0.5345896738056013 0.5007957850082373
1 0.5295928154859967 0.7619007191103788 0.5236917561779242 0.7538645090609555 0.471685068369028 0.7561695222405271 0.4634476252059308 0.7678331317957166 0.4639258764415156 0.7777405362438221 0.4713296408566721 0.7899503484349258 0.518282010708402 0.7907657364085667 0.5274524365733114 0.7877890733113674 0.5301233336079076 0.782112766062603 0.5295928154859967 0.7619007191103788
1 0.40644413097199344 0.6417966144975288 0.36131068945634265 0.6360993929159802 0.3558016383855025 0.6404402520593081 0.35275702388797364 0.6568184382207578 0.3656646103789127 0.6766384761120264 0.39665955024711697 0.6859630963756178 0.4057149859967051 0.6862793196046129 0.41165002059308076 0.681541223228995 0.40644413097199344 0.6417966144975288
1 0.2589777314662273 0.627992607907743 0.2545793772652389 0.62413 0.24137908649093906 0.6244932611202636 0.23745898352553543 0.6305380584843493 0.24097139291598021 0.6479694464579902 0.2534582240527183 0.6562356367380561 0.26342312355848435 0.654110942339374 0.2589777314662273 0.627992607907743
1 0.28044945799011534 0.4733759439868204 0.2614578698517298 0.4743611935749589 0.24646217051070843 0.49073415156507416 0.24653795634266887 0.5121666565074134 0.26243266309719937 0.5172549505766062 0.2799502932454695 0.511272877265239 0.2834548690280066 0.48172314827018126 0.28044945799011534 0.4733759439868204
1 0.40109976606260295 0.33458605107084016 0.39261405271828664 0.32975648434925864 0.3676011861614497 0.3379494942339374 0.34175987067545305 0.35806484184514004 0.3376045593080725 0.38264649505766063 0.34767922075782537 0.38917999999999997 0.3567634036243822 0.38867300082372325 0.3911191812191104 0.37256399917627675 0.3976526861614498 0.36248933772652386 0.40118078006589786 0.3440674719934102 0.40109976606260295 0.33458605107084016
1 0.25878436738056015 0.42110529901153215 0.2518301062602965 0.4196261128500824 0.23626991350906096 0.42856133031301485 0.2291091911037891 0.4447957792421746 0.22873547364085667 0.45549765733113673 0.23148738467874794 0.4593027701812191 0.24301248517298188 0.45970523558484355 0.2552797924217463 0.450655028830313 0.2589228764415157 0.4289402767710049 0.25878436738056015 0.42110529901153215
1 0.291932766062603 0.3097561103789127 0.28355681383855025 0.3135847421746293 0.2670009143327842 0.32743054036243824 0.26148663509060954 0.3437224843492586 0.2633290823723229 0.34996851317957167 0.2724420131795717 0.3486382932454695 0.288969165568369 0.3356157166392092 0.29419596952224053 0.32755598764415156 0.2976090733113674 0.31242700658978584 0.291932766062603 0.3097561103789127
3 0.350998266062603 0.19972407825370675 0.3096072133443163 0.20487247364085667 0.30108752388797366 0.21281721252059307 0.28524508401976933 0.21803356013179573 0.27845807990115323 0.2235661301482702 0.2674347495881384 0.2441989324546952 0.267798010708402 0.25739922322899506 0.2581101293245469 0.27519387149917623 0.26020607578253707 0.2859819934102142 0.29106250658978583 0.2874716359143328 0.30134362850082375 0.27629150658978585 0.31301246705107083 0.27257786408566725 0.31628183360790774 0.26156499093904445 0.3452487784184514 0.23455287808896208 0.3515862784184514 0.2182896820428336 0.34849462602965403 0.21241214168039538 0.35238598105436575 0.20719056672158154 0.350998266062603 0.19972407825370675
3 0.23605824135090608 0.32841056177924216 0.22498787314662275 0.32678763756177925 0.22343290115321252 0.31230939373970346 0.21522943410214165 0.3111986968698517 0.20679598764415158 0.3166737718286656 0.18927312850082373 0.33460692998352554 0.17665562273476113 0.3654868797364086 0.15729031630971993 0.3771740082372323 0.1595012528830313 0.3846692438220758 0.15583464909390446 0.3952561317957166 0.16187944645799013 0.39917623476112024 0.17502224217462933 0.40045941680395386 0.1787646309719934 0.4113050329489292 0.18544187397034595 0.3971142644151565 0.2007485675453048 0.3836369555189456 0.20535338303130146 0.3697859283360791 0.20138101317957166 0.3655260840197694 0.22622662191103787 0.35032131795716637 0.2374747042833608 0.3350538286655684 0.23605824135090608 0.32841056177924216
3 0.18339819357495882 0.39663078500823723 0.17754940115321252 0.39889921663920924 0.1712511046128501 0.3904370222405272 0.17028414579901152 0.39452438138385504 0.16281765815485996 0.3959120963756178 0.15856304118616144 0.387933381383855 0.14429909225700166 0.4187558360790774 0.139550539538715 0.43672297034596375 0.14017252883031303 0.4425142677100494 0.1457913410214168 0.44683160708401976 0.1341225032948929 0.4505452495881384 0.14050181383855023 0.46848886408566726 0.1437659514003295 0.46942707578253706 0.15095019275123558 0.4643204901153212 0.1564644719934102 0.44802854695222405 0.14675829983525537 0.44274424794069195 0.16208851317957165 0.440394802306425 0.17091919686985171 0.4353457116968698 0.17972636161449754 0.4191687578253707 0.18495839373970346 0.3991579439868204 0.18339819357495882 0.39663078500823723
3 0.13061792751235585 0.480094978583196 0.12201722405271828 0.47855829736408567 0.11129965980230642 0.5140378336079078 0.11154270263591431 0.5424820947281713 0.12122535584843494 0.5366385304777596 0.12659589703459637 0.5244626935749588 0.1303539719934102 0.4994550560131796 0.13061792751235585 0.480094978583196
1 0.3640468978583196 0.805573247940692 0.3578060963756178 0.7954646103789127 0.34861215156507414 0.7873134102141681 0.3362638294892916 0.7868821968698517 0.3337889373970346 0.798747039538715 0.33588488385502474 0.8095351606260296 0.35077865485996707 0.8314851210873146 0.35835490527182867 0.8387556046128501 0.36570640280065897 0.8406607751235585 0.37084696457990113 0.8350707100494233 0.3640468978583196 0.805573247940692
1 0.512467176276771 0.9100753500823723 0.48555959637561774 0.9017176886326194 0.4666542512355849 0.9002332742998351 0.4594987570016475 0.9045166375617792 0.46293015238879737 0.9124666054365733 0.4800165700164744 0.9188328533772652 0.5078911087314661 0.9231031548599671 0.5138548912685338 0.9175418377265239 0.512467176276771 0.9100753500823723
1 0.3984862940691927 0.8578778682042834 0.4005064546952224 0.8472334843492586 0.3958833492586491 0.8380055634266886 0.38907282619439865 0.8324102701812192 0.37516430395387146 0.8294518978583196 0.37036348434925864 0.8371143904448106 0.3699897668863262 0.8478162693574959 0.3893968822075783 0.8703359514003295 0.398394823723229 0.8722986169686985 0.4017739514003295 0.8699439431630973 0.3984862940691927 0.8578778682042834
0 0.6547905131795716 0.09164429077429984 0.5664575485996706 0.07207512932454695 0.48334093080724877 0.06834840774299836 0.4171669925864909 0.07510404118616144 0.406263881383855 0.08049287397034596 0.37145860049423396 0.08587124876441517 0.35961727759472817 0.09452421911037892 0.3539409703459638 0.09185332207578253 0.3406831845140033 0.09386302635914333 0.291394431630972 0.11274745799011533 0.2534530650741351 0.14892476853377265 0.2310143970345964 0.17781330477759472 0.2798484176276771 0.16014933113673807 0.3238816194398682 0.15014785008237233 0.3332532784184514 0.14140863756177924 0.3474440469522241 0.14808587973640858 0.34355269192751237 0.15330745551894565 0.33316180724876443 0.1558293863261944 0.33596075700164746 0.18189022570016472 0.34498744481054366 0.18302966968698517 0.3633570444810544 0.1762531219110379 0.36897585667215815 0.18057046210873146 0.3856127710049423 0.17620608401976937 0.38964263509060953 0.1788194859967051 0.3922560370675453 0.17478962108731466 0.3988418088962109 0.17501960131795716 0.4172401556836903 0.1674198327841845 0.44498141350906095 0.15190407248764415 0.4607663583196046 0.1483341680395387 0.48507099341021415 0.13681952471169687 0.5066184884678748 0.13345085337726523 0.5096291268533772 0.12984697281713342 0.5083276548599671 0.11991082042833606 0.5112807981878089 0.1179533838550247 0.5632012438220758 0.11811803459637563 0.5699882487644151 0.11258546457990115 0.5988584942339374 0.11194518533772652 0.6196690098846788 0.1060781021416804 0.6328118056013179 0.107361284184514 0.6444518953871499 0.10447086326194399 0.6446243805601317 0.09953153459637562 0.6644679382207579 0.09775181136738056 0.6547905131795716 0.09164429077429984
0 0.7112555518945635 0.9293805724876443 0.6368206515650742 0.9366719522240528 0.5857521754530478 0.9357128278418452 0.5200956927512356 0.927650475288303 0.46610804777594733 0.9158744810543656 0.38958765815485996 0.8884755708401978 0.30370606754530477 0.8459137034596375 0.28060882866556836 0.822853046952224 0.252371028830313 0.8053824546952224 0.24766168039538713 0.798624197693575 0.23136973640856673 0.7931099184514003 0.2018017166392092 0.76652639538715 0.16515921746293244 0.7537076565074134 0.16433076771004942 0.7656299942339374 0.1592764489291598 0.7687503945634266 0.1675844489291598 0.7904703747940692 0.19640503294892916 0.838457654859967 0.2239241449752883 0.8765087833607907 0.2592207388797364 0.9160678451400329 0.2842518953871499 0.9309537833607908 0.35259756589785834 0.9564187751235584 0.44013605683690277 0.9751359678747941 0.4993505057660626 0.9788522331136738 0.5463891177924217 0.9771979563426688 0.6400455856672158 0.9623355551894565 0.7009169341021416 0.9422071457990115 0.7169606070840198 0.931228247940692 0.7112555518945635 0.9293805724876443