1 0.6312543128930818 0.28534263836477985 0.6665623160377359 0.2953776100628931 0.683927519654088 0.2956217790880503 0.6876301816037735 0.29047748663522016 0.6831996218553459 0.24613940330188677 0.6781163726415095 0.2380954394654088 0.6491454009433962 0.22793602279874214 0.623344125 0.2252241988993711 0.608345626572327 0.22878600393081763 0.6115200440251571 0.2662728632075472 0.6243396863207548 0.27592044811320754 0.6312543128930818 0.28534263836477985
1 0.3779049347484277 0.7365681265723271 0.3805839323899371 0.7637264944968554 0.3872308962264151 0.7719348105345912 0.4270656871069183 0.7840265550314466 0.46208489150943394 0.7892882099056604 0.4833593789308176 0.7899432602201257 0.4904571328616353 0.7863415479559749 0.4942161155660378 0.7468166894654088 0.48759028694968554 0.7421678168238993 0.4673441855345912 0.7392493718553459 0.45985432311320756 0.7353001800314466 0.4417072625786163 0.7349738349056604 0.4311721493710692 0.7299140801886792 0.41018645990566033 0.7340323474842768 0.3836855039308176 0.7304564905660378 0.3779049347484277 0.7365681265723271
1 0.482950518081761 0.4140204237421383 0.48636438207547167 0.4041028144654088 0.4817953254716981 0.3949271540880503 0.4872612413522012 0.35044349056603774 0.48948236635220127 0.3443529889937107 0.4979583466981132 0.3389198985849057 0.49801938836477994 0.33457859827044023 0.47493229716981133 0.32108513207547174 0.4161122688679245 0.3429654323899371 0.40763864937106914 0.36341815487421386 0.4029944992138365 0.40008325 0.4120903435534591 0.4113156831761006 0.4151989976415094 0.4231045778301887 0.46141072720125786 0.4271711320754717 0.482950518081761 0.4140204237421383
1 0.47750787106918235 0.213848661163522 0.4806141643081761 0.21061792295597484 0.4792547114779874 0.20098911163522012 0.4875428435534591 0.17854065801886793 0.46659706132075474 0.17475818003144655 0.4343366705974842 0.1808534033018868 0.4203266509433962 0.19005255896226417 0.41082464544025155 0.2127686761006289 0.4184999952830189 0.21871359827044023 0.4325734182389937 0.2201927743710692 0.45557597169811315 0.2194484646226415 0.47750787106918235 0.213848661163522
1 0.3303709591194968 0.30510062893081763 0.3165440652515723 0.3012758820754717 0.28533555581761005 0.3236867885220126 0.2739833993710692 0.3564848679245283 0.28100133726415094 0.368684644654088 0.2990662209119497 0.36979284669811324 0.313487123427673 0.35668440644654087 0.31870887028301886 0.3295659465408805 0.3303709591194968 0.30510062893081763
1 0.2910528356918239 0.4385140715408805 0.277676731918239 0.4228792955974843 0.2484005495283019 0.43442638286163526 0.24284773584905658 0.4496526367924529 0.23939632468553462 0.4824906242138365 0.24781362342767296 0.4964184677672956 0.2721333616352201 0.4981840809748428 0.28363345833333337 0.49030211006289304 0.2910528356918239 0.4385140715408805
1 0.20734727672955977 0.5241802877358491 0.20781920125786163 0.5159297028301887 0.21042771383647801 0.4873508396226415 0.2059619677672956 0.48095276650943397 0.1965796855345912 0.4799666485849056 0.18709645361635222 0.4912225770440251 0.18619487342767296 0.5148426352201257 0.19181345125786162 0.5253143451257861 0.2032947743710692 0.5288925628930817 0.20734727672955977 0.5241802877358491
1 0.2916353797169811 0.7413344748427673 0.2936921525157233 0.7368076863207548 0.28704282783018864 0.7135797374213836 0.2812598977987421 0.7046717405660378 0.25957216666666666 0.6929063411949685 0.2463017350628931 0.6950687853773585 0.24811433883647802 0.7079072004716981 0.25426824371069184 0.720806658018868 0.27188233726415095 0.7337248891509434 0.2916353797169811 0.7413344748427673
1 0.37394641273584905 0.8155967091194969 0.36873871776729555 0.8012157146226415 0.36254490487421387 0.7962170023584906 0.2770102161949685 0.7639073734276729 0.28742560613207546 0.7926693624213836 0.29946339150943396 0.8022347704402516 0.36654108726415097 0.8258852932389936 0.37355666430817613 0.8230654371069182 0.37394641273584905 0.8155967091194969
1 0.8605664614779874 0.7133867146226415 0.8558753207547171 0.7128936556603774 0.8448072405660377 0.7204257869496856 0.8207997955974843 0.7420125676100628 0.799839962264151 0.7797295440251573 0.8129249072327045 0.7755713694968553 0.8354930833333334 0.7601572672955974 0.8534710691823899 0.7320080605345912 0.8605664614779874 0.7133867146226415
1 0.2346325636792453 0.6744752044025157 0.21288379088050316 0.6670511061320755 0.2119798498427673 0.6756515314465409 0.21973973663522012 0.6958342295597484 0.23830004009433964 0.7072709229559748 0.24358755110062894 0.7058504284591195 0.24356641666666667 0.7022909842767295 0.2346325636792453 0.6744752044025157
0 0.1778265864779874 0.15824082389937108 0.16931069811320754 0.17157465880503145 0.1952528317610063 0.15414369182389936 0.2000261493710692 0.15385489386792453 0.20179648427672958 0.15957442059748428 0.21072561556603772 0.15735093474842768 0.28392427751572324 0.11524330660377358 0.29371744182389936 0.11232013993710692 0.30544529481132077 0.11355278694968553 0.347867463836478 0.09350622405660376 0.38539423113207544 0.08243106210691824 0.43086165094339623 0.06349506210691824 0.4402439331761006 0.06448118003144654 0.4653854355345912 0.058428224842767294 0.49089791352201256 0.05636673113207547 0.48696749449685534 0.05239640487421384 0.5156261729559748 0.039203427672955975 0.5213034316037736 0.030314204402515726 0.5294507059748428 0.028008541666666668 0.5386686352201258 0.030558372641509433 0.5423712979559748 0.02541408097484277 0.5057883797169811 0.019988073113207546 0.43661636399371073 0.023784716981132076 0.3704496918238994 0.03659266745283019 0.3180277366352201 0.05400722169811321 0.2744128286163522 0.07788089229559748 0.23335011242138365 0.10755626572327043 0.20086668710691824 0.13457613600628932 0.1778265864779874 0.15824082389937108