3 0.38359375 0.648828125 0.40234375 0.618359375 0.412890625 0.60859375 0.424609375 0.6046875 0.434375 0.596484375 0.4421875 0.583984375 0.4484375 0.565234375 0.446875 0.540234375 0.4390625 0.533984375 0.43046875 0.515234375 0.41015625 0.487109375 0.396484375 0.47578125 0.373828125 0.47109375 0.364453125 0.46484375 0.354296875 0.465625 0.332421875 0.47421875 0.322265625 0.4734375 0.312890625 0.46796875 0.297265625 0.47421875 0.278515625 0.4765625 0.271875 0.482421875 0.26640625 0.494140625 0.25 0.508203125 0.2453125 0.541015625 0.23984375 0.552734375 0.23984375 0.578515625 0.246875 0.596484375 0.251953125 0.596875 0.256640625 0.58828125 0.262890625 0.5875 0.271875 0.601953125 0.27421875 0.619921875 0.2703125 0.647265625 0.2765625 0.671484375 0.28359375 0.684765625 0.291796875 0.69296875 0.305078125 0.69921875 0.340234375 0.709375 0.35234375 0.708984375 0.3671875 0.689453125 0.38359375 0.648828125
3 0.309765625 0.46640625 0.314453125 0.4671875 0.31796875 0.461328125 0.32421875 0.398828125 0.321484375 0.3859375 0.30859375 0.396484375 0.28828125 0.429296875 0.28046875 0.463671875 0.28125 0.474609375 0.28671875 0.475390625 0.302734375 0.47265625 0.309765625 0.46640625
3 0.46640625 0.518359375 0.49375 0.462890625 0.55390625 0.368359375 0.5625 0.348828125 0.5625 0.341796875 0.558203125 0.33828125 0.498828125 0.334375 0.478515625 0.325 0.461328125 0.325 0.438671875 0.3203125 0.416015625 0.32890625 0.404296875 0.34140625 0.378515625 0.35 0.373046875 0.34921875 0.35 0.364453125 0.340625 0.429296875 0.33828125 0.482421875 0.34296875 0.482421875 0.344921875 0.46953125 0.358203125 0.46640625 0.391796875 0.47890625 0.395703125 0.48359375 0.405078125 0.48515625 0.41640625 0.494921875 0.434375 0.519140625 0.43828125 0.530859375 0.44765625 0.537109375 0.45390625 0.527734375 0.46640625 0.518359375
3 0.422265625 0.321875 0.435546875 0.315625 0.444140625 0.3203125 0.476953125 0.32265625 0.491796875 0.3296875 0.522265625 0.33515625 0.569921875 0.33359375 0.60234375 0.316015625 0.61328125 0.300390625 0.6125 0.281640625 0.610546875 0.2765625 0.597265625 0.271875 0.587109375 0.2609375 0.550390625 0.2421875 0.498828125 0.23671875 0.479296875 0.246875 0.464453125 0.24296875 0.445703125 0.24453125 0.416015625 0.2546875 0.388671875 0.26953125 0.3796875 0.279296875 0.3734375 0.290234375 0.37578125 0.294140625 0.375 0.306640625 0.36484375 0.328515625 0.365234375 0.3328125 0.37421875 0.336328125 0.399609375 0.325 0.422265625 0.321875
3 0.65 0.218359375 0.64609375 0.216015625 0.643359375 0.2078125 0.639453125 0.21015625 0.635546875 0.20546875 0.632421875 0.21484375 0.628125 0.212109375 0.627734375 0.20703125 0.625390625 0.2125 0.619921875 0.21015625 0.615234375 0.2140625 0.573828125 0.20078125 0.551953125 0.19921875 0.530078125 0.2046875 0.505078125 0.20390625 0.493359375 0.21015625 0.4875 0.219140625 0.488671875 0.24140625 0.501953125 0.23671875 0.516015625 0.23671875 0.551953125 0.24296875 0.565234375 0.2515625 0.594921875 0.26328125 0.608203125 0.27578125 0.6125 0.276171875 0.64921875 0.222265625 0.65 0.218359375
2 0.31953125 0.715234375 0.302734375 0.70546875 0.29296875 0.719921875 0.2984375 0.735546875 0.306640625 0.74375 0.334375 0.749609375 0.334375 0.737890625 0.31953125 0.715234375
1 0.35 0.779296875 0.334375 0.751171875 0.305859375 0.74453125 0.3078125 0.763671875 0.31328125 0.772265625 0.335546875 0.78515625 0.34453125 0.785546875 0.35 0.783203125 0.35 0.779296875
1 0.58125 0.851171875 0.5859375 0.843359375 0.5859375 0.832421875 0.576953125 0.82890625 0.555859375 0.82734375 0.497265625 0.82890625 0.48671875 0.836328125 0.491796875 0.8390625 0.5328125 0.839453125 0.528515625 0.8625 0.516015625 0.86484375 0.457421875 0.8625 0.45546875 0.865234375 0.45625 0.873828125 0.467578125 0.87890625 0.52578125 0.880078125 0.554296875 0.875 0.58125 0.851171875
1 0.658984375 0.88515625 0.68828125 0.858984375 0.6984375 0.846484375 0.7 0.839453125 0.673828125 0.84453125 0.623828125 0.86328125 0.57890625 0.896484375 0.5765625 0.902734375 0.58515625 0.903515625 0.623828125 0.89765625 0.658984375 0.88515625
1 0.631640625 0.79921875 0.66015625 0.764453125 0.671875 0.740234375 0.6796875 0.711328125 0.675 0.687109375 0.663671875 0.68125 0.618359375 0.68515625 0.588671875 0.69296875 0.5609375 0.723046875 0.5453125 0.747265625 0.534375 0.755859375 0.53203125 0.767578125 0.52421875 0.776953125 0.51875 0.791015625 0.51875 0.808203125 0.5234375 0.812109375 0.593359375 0.80625 0.631640625 0.79921875
1 0.733984375 0.796875 0.74140625 0.790234375 0.765625 0.746484375 0.784375 0.699609375 0.784765625 0.6875 0.767578125 0.6890625 0.7359375 0.705078125 0.72265625 0.728515625 0.70703125 0.746484375 0.703125 0.762109375 0.698046875 0.76953125 0.690625 0.773046875 0.68984375 0.784765625 0.671875 0.816015625 0.67578125 0.818359375 0.716015625 0.8046875 0.733984375 0.796875
1 0.683203125 0.67890625 0.690234375 0.6828125 0.703125 0.666796875 0.7109375 0.646484375 0.71328125 0.616015625 0.721875 0.590234375 0.71875 0.552734375 0.709765625 0.5296875 0.698828125 0.52734375 0.637109375 0.528125 0.63125 0.533203125 0.62890625 0.587890625 0.60703125 0.637109375 0.6015625 0.667578125 0.604296875 0.6796875 0.616015625 0.684375 0.625 0.683984375 0.673046875 0.67890625 0.683203125 0.67890625
1 0.82265625 0.659765625 0.8328125 0.617578125 0.8328125 0.598046875 0.829296875 0.5890625 0.813671875 0.590625 0.796875 0.598828125 0.7765625 0.643359375 0.76640625 0.687109375 0.784765625 0.6859375 0.7859375 0.694921875 0.7890625 0.695703125 0.8140625 0.680078125 0.82265625 0.659765625
1 0.7640625 0.569140625 0.76640625 0.550390625 0.775 0.525390625 0.77578125 0.494140625 0.771875 0.466796875 0.764453125 0.4546875 0.718359375 0.4453125 0.71171875 0.451171875 0.6984375 0.489453125 0.695703125 0.4921875 0.686328125 0.4921875 0.684375 0.496484375 0.6921875 0.503515625 0.69296875 0.515234375 0.69765625 0.522265625 0.7140625 0.531640625 0.72421875 0.578515625 0.726171875 0.58125 0.7328125 0.580859375 0.755859375 0.57734375 0.7640625 0.569140625
1 0.83828125 0.580078125 0.84140625 0.558984375 0.8453125 0.522265625 0.84296875 0.469921875 0.837109375 0.4578125 0.819140625 0.4515625 0.812109375 0.4515625 0.81015625 0.454296875 0.80703125 0.499609375 0.803125 0.522265625 0.8 0.526171875 0.7984375 0.587890625 0.80078125 0.593359375 0.833203125 0.5875 0.83828125 0.580078125
1 0.7859375 0.448828125 0.78203125 0.386328125 0.762890625 0.3546875 0.746484375 0.346875 0.726171875 0.3421875 0.7125 0.368359375 0.72109375 0.442578125 0.77734375 0.457421875 0.783203125 0.45546875 0.7859375 0.448828125
1 0.853125 0.441796875 0.8484375 0.423828125 0.841015625 0.41171875 0.823046875 0.4046875 0.8203125 0.406640625 0.81796875 0.430859375 0.82109375 0.451171875 0.840625 0.460546875 0.84453125 0.490234375 0.847265625 0.4953125 0.8515625 0.496484375 0.8546875 0.473828125 0.853125 0.441796875
1 0.78515625 0.340234375 0.77109375 0.305078125 0.759765625 0.2921875 0.737890625 0.28359375 0.726171875 0.28359375 0.71953125 0.294140625 0.7171875 0.305859375 0.71796875 0.333203125 0.733203125 0.34296875 0.762109375 0.353125 0.78046875 0.381640625 0.784375 0.381640625 0.7875 0.361328125 0.78515625 0.340234375
1 0.808203125 0.31484375 0.8078125 0.341796875 0.81796875 0.392578125 0.823828125 0.40078125 0.845703125 0.409375 0.8515625 0.408984375 0.8390625 0.334765625 0.808203125 0.31484375
1 0.71640625 0.253515625 0.71171875 0.242578125 0.702734375 0.2328125 0.683203125 0.225 0.667578125 0.22265625 0.6625 0.232421875 0.6625 0.242578125 0.66796875 0.260546875 0.69453125 0.270703125 0.715625 0.262109375 0.71640625 0.253515625
1 0.78203125 0.280078125 0.76796875 0.256640625 0.741796875 0.240625 0.740625 0.253515625 0.74765625 0.273828125 0.761328125 0.28828125 0.78515625 0.298828125 0.78671875 0.292578125 0.78203125 0.280078125
1 0.76796875 0.235546875 0.755078125 0.2203125 0.737890625 0.21171875 0.730078125 0.209375 0.72578125 0.211328125 0.7328125 0.219140625 0.73671875 0.232421875 0.744140625 0.2421875 0.7734375 0.255078125 0.7734375 0.247265625 0.76796875 0.235546875
1 0.726171875 0.2828125 0.737109375 0.28203125 0.744921875 0.28515625 0.75 0.283203125 0.75 0.279296875 0.738671875 0.2703125 0.729296875 0.271875 0.722265625 0.26796875 0.7265625 0.263671875 0.722265625 0.2609375 0.697265625 0.26953125 0.696875 0.275390625 0.68203125 0.287890625 0.68359375 0.294921875 0.697265625 0.31015625 0.71484375 0.316015625 0.7203125 0.293359375 0.726171875 0.2828125
1 0.89921875 0.550390625 0.9015625 0.507421875 0.89921875 0.498828125 0.894140625 0.4953125 0.8875 0.497265625 0.884375 0.508203125 0.88125 0.548046875 0.88203125 0.560546875 0.884375 0.561328125 0.894921875 0.56015625 0.89921875 0.550390625
1 0.89609375 0.412890625 0.891796875 0.40546875 0.882421875 0.4 0.88046875 0.406640625 0.8859375 0.449609375 0.8984375 0.458203125 0.90078125 0.449609375 0.89609375 0.412890625
1 0.871875 0.328515625 0.86328125 0.312109375 0.855078125 0.30625 0.85234375 0.310546875 0.86015625 0.333203125 0.86484375 0.341015625 0.87578125 0.348828125 0.8765625 0.341015625 0.871875 0.328515625
1 0.4078125 0.216796875 0.404296875 0.209375 0.392578125 0.20703125 0.38671875 0.210546875 0.37421875 0.235546875 0.37109375 0.249609375 0.3734375 0.255078125 0.40390625 0.230859375 0.4078125 0.216796875
1 0.3578125 0.255859375 0.365625 0.233203125 0.365234375 0.21171875 0.348828125 0.21875 0.3296875 0.236328125 0.31328125 0.262109375 0.314453125 0.265625 0.31875 0.266015625 0.351953125 0.26015625 0.3578125 0.255859375
3 0.114453125 0.50703125 0.11875 0.500390625 0.12265625 0.462109375 0.1203125 0.418359375 0.134375 0.349609375 0.134375 0.324609375 0.131640625 0.3203125 0.115625 0.337109375 0.07578125 0.431640625 0.07421875 0.476171875 0.078125 0.484765625 0.08671875 0.491796875 0.090625 0.501953125 0.1 0.509765625 0.106640625 0.503125 0.114453125 0.50703125
3 0.077734375 0.703125 0.084765625 0.7046875 0.090625 0.701171875 0.09140625 0.687109375 0.07890625 0.646484375 0.0765625 0.623046875 0.06796875 0.596484375 0.05234375 0.516796875 0.043359375 0.503125 0.03671875 0.515234375 0.0359375 0.530078125 0.03125 0.533203125 0.0328125 0.593359375 0.0546875 0.673046875 0.06640625 0.701953125 0.07578125 0.716796875 0.07421875 0.706640625 0.077734375 0.703125
3 0.1421875 0.455859375 0.1421875 0.436328125 0.14921875 0.401171875 0.16484375 0.384765625 0.15625 0.381640625 0.15234375 0.365234375 0.15390625 0.361328125 0.145703125 0.34375 0.1359375 0.350390625 0.1328125 0.357421875 0.12265625 0.402734375 0.1203125 0.430078125 0.1265625 0.462890625 0.130859375 0.45859375 0.1421875 0.455859375
3 0.18046875 0.366015625 0.19609375 0.348046875 0.20625 0.322265625 0.2140625 0.313671875 0.215625 0.305859375 0.21171875 0.290234375 0.200390625 0.27578125 0.189453125 0.2796875 0.18359375 0.286328125 0.1375 0.353515625 0.13671875 0.361328125 0.14609375 0.371484375 0.15 0.380859375 0.14921875 0.389453125 0.15703125 0.393359375 0.175 0.380078125 0.18046875 0.366015625
3 0.24296875 0.273828125 0.26015625 0.251953125 0.25625 0.248828125 0.25859375 0.235546875 0.25625 0.224609375 0.248046875 0.21796875 0.208203125 0.246875 0.1921875 0.272265625 0.19140625 0.278515625 0.200390625 0.27734375 0.2109375 0.291015625 0.2109375 0.312890625 0.2203125 0.314453125 0.23203125 0.302734375 0.24296875 0.273828125
3 0.2640625 0.258203125 0.289453125 0.240625 0.3046875 0.218359375 0.3 0.195703125 0.294140625 0.1890625 0.276953125 0.19609375 0.24765625 0.217578125 0.25390625 0.233984375 0.253125 0.248046875 0.25625 0.251953125 0.25546875 0.256640625 0.25078125 0.259765625 0.253125 0.264453125 0.25078125 0.274609375 0.24140625 0.286328125 0.2484375 0.287890625 0.26328125 0.280078125 0.2640625 0.258203125
3 0.322265625 0.20390625 0.34140625 0.193359375 0.34453125 0.183984375 0.339453125 0.171875 0.331640625 0.17109375 0.309765625 0.1765625 0.290625 0.188671875 0.29921875 0.195703125 0.303125 0.221484375 0.314453125 0.2140625 0.322265625 0.20390625
1 0.51796875 0.162890625 0.51953125 0.152734375 0.511328125 0.1453125 0.476953125 0.14765625 0.46171875 0.158984375 0.459375 0.166015625 0.462109375 0.16953125 0.47734375 0.169921875 0.508203125 0.16953125 0.51796875 0.162890625
1 0.20546875 0.457421875 0.221875 0.439453125 0.22734375 0.391015625 0.221484375 0.384375 0.213671875 0.384375 0.187109375 0.396875 0.175 0.415234375 0.16328125 0.444921875 0.159375 0.475390625 0.163671875 0.4796875 0.17578125 0.480859375 0.196484375 0.4765625 0.20546875 0.457421875
2 0.1890625 0.533203125 0.17890625 0.513671875 0.17734375 0.502734375 0.173046875 0.50234375 0.16640625 0.549609375 0.169140625 0.55703125 0.176953125 0.5578125 0.18515625 0.563671875 0.18828125 0.561328125 0.1890625 0.533203125
1 0.19296875 0.576171875 0.1890625 0.556640625 0.1890625 0.532421875 0.184765625 0.5296875 0.169140625 0.53125 0.16640625 0.541796875 0.17265625 0.583203125 0.176171875 0.58828125 0.18203125 0.587890625 0.18984375 0.583984375 0.19296875 0.576171875
1 0.909375 0.640234375 0.9140625 0.618359375 0.912109375 0.60625 0.9078125 0.608203125 0.8984375 0.625390625 0.8859375 0.670703125 0.8890625 0.673046875 0.90078125 0.662890625 0.909375 0.640234375