1 0.8991955138888889 0.5709465416666667 0.8931585147569445 0.5666821675347222 0.8862404965277778 0.5672874157986111 0.8645891519097222 0.5787667482638889 0.8413164947916667 0.5816742135416667 0.7989542135416667 0.6054219748263888 0.7509600668402778 0.6444757743055556 0.7308869149305556 0.6540742899305555 0.7182451059027778 0.6739147899305555 0.7185151935763889 0.6869617309027778 0.7353506206597222 0.7050946779513888 0.7545858715277778 0.7108184678819445 0.7871601050347222 0.6996905642361111 0.8006503984375 0.6845683741319444 0.8640587751736111 0.6424232612847223 0.8857857760416666 0.6318086814236111 0.9000814340277778 0.6109521171875 0.9057133003472223 0.5956460789930555 0.9045028038194444 0.5818100416666667 0.8991955138888889 0.5709465416666667
2 0.6706112074652778 0.3983720008680556 0.6732591684027778 0.42863833246527777 0.6812794921875001 0.4505923012152777 0.6947803689236111 0.4555107274305556 0.694445209201389 0.4616396493055556 0.7017252395833333 0.47015212934027784 0.7107673116319444 0.4689253645833333 0.7156532013888889 0.4650124192708333 0.7113619756944445 0.45580276736111114 0.7159346579861111 0.42839019618055557 0.7000990277777778 0.41670506423611114 0.6959810659722222 0.3795963689236111 0.6862580902777777 0.37304036284722225 0.6785347065972221 0.37937998524305555 0.6706112074652778 0.3983720008680556
1 0.8491839375 0.7413182369791667 0.8091889453125 0.7622447725694445 0.7694477734374999 0.8010122161458333 0.7721014184027778 0.8064439661458334 0.7908070781250001 0.8061144904513889 0.8012003741319444 0.8004126519097222 0.8513885460069445 0.786436670138889 0.8638302387152778 0.7792485633680556 0.8954534791666666 0.7472909470486111 0.8971398637152777 0.7366869513888888 0.8859143515625001 0.7328765138888889 0.8678302083333334 0.7353300425347222 0.8491839375 0.7413182369791667
1 0.40735076302083334 0.6710522074652778 0.33203106944444444 0.6567289131944444 0.29585219878472224 0.6415953550347222 0.2775410876736111 0.6414546267361111 0.24527516319444442 0.6312069592013888 0.22629941579861113 0.6184894939236112 0.23254711371527778 0.6301420902777778 0.2646723107638889 0.6587008697916666 0.2741951701388889 0.6779092690972222 0.30767159114583337 0.7019929748263889 0.3315438125 0.7308381102430556 0.35354090104166663 0.7332704713541667 0.38381781684027777 0.7506631267361111 0.4459823776041667 0.7739796883680555 0.46001284722222224 0.7849513802083333 0.4755621215277778 0.7883835381944445 0.5144922447916667 0.7801850512152778 0.5312576996527778 0.7726186640625 0.5363868255208334 0.766506009548611 0.5374354262152778 0.7585719262152778 0.5253183090277778 0.7395904947916666 0.4793733428819445 0.7074482456597222 0.41957607118055557 0.6813104592013889 0.40735076302083334 0.6710522074652778
2 0.2582170486111111 0.3608209322916667 0.2515853862847222 0.36967915538194446 0.2483964652777778 0.3830287204861111 0.24893664149305555 0.4091226032986111 0.26008081336805555 0.4369028697916667 0.2661178116319445 0.4411672439236111 0.27523553906250003 0.44080523177083336 0.2790297092013889 0.43437368489583333 0.2759709314236111 0.4093715234375 0.2777980442708333 0.3804564157986111 0.27239883072916665 0.37352212934027773 0.26822638107638885 0.3756299140625 0.2640701987847222 0.37294373263888886 0.26237323090277775 0.36350711284722226 0.2582170486111111 0.3608209322916667
2 0.27142177083333335 0.2677359869791667 0.2627091753472222 0.28766841145833333 0.26172486197916667 0.3461364105902778 0.26826460069444447 0.3412074001736111 0.2683134053819444 0.32682550260416665 0.2731342230902778 0.3420884210069445 0.27660949999999995 0.33699183072916666 0.2775718611111111 0.3081523793402778 0.2833119192708333 0.28412316145833333 0.2776426171875 0.2641419340277778 0.27142177083333335 0.2677359869791667
2 0.3918118784722222 0.2245267907986111 0.40036747743055556 0.22769944357638888 0.4036157873263889 0.2200085972222222 0.423218734375 0.21001553298611111 0.41911135677083333 0.19294745399305555 0.4054754357638889 0.18150555815972222 0.3991789331597222 0.18423485850694443 0.3922714982638889 0.20488072309027777 0.3808458697916667 0.21372267881944446 0.3918118784722222 0.2245267907986111
2 0.377360203125 0.6619125277777778 0.3696644557291667 0.6137890208333334 0.3521318576388889 0.5926672682291667 0.3427115052083333 0.5895702708333332 0.33804689930555554 0.6209120555555556 0.3459484470486111 0.6315485876736111 0.35340664149305556 0.6570372213541666 0.36117314409722223 0.6611502829861111 0.377360203125 0.6619125277777778
1 0.22028770052083335 0.7688913289930556 0.21780163541666667 0.7603951180555556 0.15289228993055556 0.6658662404513889 0.14057505729166667 0.6595372013888888 0.1423314140625 0.6746325399305556 0.16356057378472222 0.7180865407986111 0.19847446006944444 0.7586005407986112 0.21203472482638888 0.7691776848958334 0.22028770052083335 0.7688913289930556
2 0.6784257309027777 0.4578129435763889 0.6792254105902777 0.4769131519097222 0.6748691128472222 0.4868793637152778 0.6603627552083333 0.5003477048611111 0.6645783246527778 0.5086926041666666 0.6566117057291667 0.5172319357638888 0.6622647395833333 0.5420071293402777 0.6684693185763888 0.5432070416666667 0.6797436345486111 0.5326355815972222 0.6814137517361112 0.5268255512152779 0.6959632291666666 0.5238098940972222 0.7035353003472222 0.5157407673611112 0.7057838133680555 0.5016021050347222 0.7037411006944444 0.47825379253472217 0.6871651779513889 0.4531271701388889 0.6784257309027777 0.4578129435763889
2 0.9373339939236112 0.30968392621527774 0.9322374036458333 0.3062086493055556 0.9341987760416666 0.3535267916666667 0.9462565052083334 0.36684950520833337 0.9510504704861111 0.3668657734375 0.9444244921874999 0.35088941493055553 0.9373339939236112 0.30968392621527774