1 0.591796875 0.81875 0.612890625 0.81640625 0.632421875 0.8109375 0.64140625 0.804296875 0.6515625 0.775390625 0.65 0.717578125 0.64609375 0.692578125 0.65234375 0.633203125 0.64765625 0.599609375 0.6421875 0.594921875 0.634375 0.555078125 0.62578125 0.540234375 0.616796875 0.534375 0.603515625 0.53125 0.555859375 0.5296875 0.458984375 0.5359375 0.449609375 0.53984375 0.42890625 0.559765625 0.417578125 0.5859375 0.395703125 0.58828125 0.3921875 0.591015625 0.39296875 0.601953125 0.415234375 0.61796875 0.41953125 0.626953125 0.41875 0.651171875 0.4109375 0.666015625 0.4109375 0.672265625 0.421875 0.726953125 0.4359375 0.741796875 0.4453125 0.783203125 0.45703125 0.819921875 0.462109375 0.8265625 0.5421875 0.827734375 0.572265625 0.825 0.591796875 0.81875
2 0.328125 0.839453125 0.3265625 0.836328125 0.309375 0.820703125 0.303125 0.803515625 0.27109375 0.766796875 0.262890625 0.759375 0.255078125 0.75703125 0.25703125 0.784765625 0.2640625 0.797265625 0.28984375 0.833203125 0.301953125 0.8390625 0.32265625 0.855859375 0.32265625 0.843359375 0.328125 0.839453125
1 0.346484375 0.3078125 0.365625 0.303515625 0.36875 0.288671875 0.38125 0.263671875 0.384765625 0.240625 0.357421875 0.25 0.35546875 0.237109375 0.343359375 0.23046875 0.3359375 0.234765625 0.3328125 0.241796875 0.31171875 0.263671875 0.30078125 0.296484375 0.3 0.320703125 0.30078125 0.329296875 0.30703125 0.333984375 0.30546875 0.350390625 0.31015625 0.352734375 0.3203125 0.333984375 0.346484375 0.3078125
2 0.19921875 0.369140625 0.209375 0.356640625 0.234375 0.288671875 0.259375 0.248828125 0.258984375 0.24453125 0.251953125 0.24921875 0.24921875 0.248046875 0.25625 0.232421875 0.253515625 0.225 0.2390625 0.227734375 0.19765625 0.298046875 0.1875 0.336328125 0.18828125 0.351171875 0.1828125 0.370703125 0.18125 0.401171875 0.18984375 0.409765625 0.19296875 0.407421875 0.19921875 0.369140625
2 0.34765625 0.199609375 0.35859375 0.191015625 0.3625 0.182421875 0.361328125 0.17734375 0.353515625 0.17265625 0.348828125 0.17421875 0.33203125 0.191015625 0.32734375 0.211328125 0.328125 0.215234375 0.33125 0.215234375 0.337890625 0.21328125 0.34765625 0.199609375
1 0.328125 0.192578125 0.323046875 0.1875 0.317578125 0.18671875 0.308984375 0.19296875 0.29296875 0.213671875 0.2875 0.235546875 0.290234375 0.240625 0.29375 0.240234375 0.31484375 0.223828125 0.328125 0.192578125
2 0.1859375 0.651953125 0.184375 0.635546875 0.17578125 0.619921875 0.161328125 0.61015625 0.159375 0.625390625 0.1671875 0.644140625 0.17109375 0.663671875 0.1921875 0.707421875 0.2046875 0.720703125 0.20625 0.717578125 0.1859375 0.651953125
2 0.21484375 0.773046875 0.20625 0.755078125 0.18515625 0.726171875 0.180859375 0.72109375 0.176953125 0.72109375 0.1796875 0.737890625 0.1984375 0.769921875 0.22734375 0.806640625 0.23203125 0.808984375 0.23046875 0.791015625 0.21484375 0.773046875
1 0.78125 0.698046875 0.7953125 0.656640625 0.80234375 0.648046875 0.800390625 0.64296875 0.795703125 0.64296875 0.79296875 0.639453125 0.80078125 0.628515625 0.800390625 0.61796875 0.775 0.636328125 0.76015625 0.659765625 0.7625 0.670703125 0.74921875 0.691015625 0.74453125 0.719140625 0.7390625 0.733203125 0.7390625 0.742578125 0.7421875 0.745703125 0.75390625 0.740234375 0.78125 0.698046875
2 0.17265625 0.684765625 0.1578125 0.644921875 0.15546875 0.620703125 0.14765625 0.603515625 0.137109375 0.59609375 0.13671875 0.605859375 0.14921875 0.667578125 0.165625 0.692578125 0.171875 0.690234375 0.17265625 0.684765625
1 0.81875 0.547265625 0.81015625 0.530859375 0.80859375 0.485546875 0.8046875 0.476171875 0.800390625 0.475 0.7921875 0.489453125 0.788671875 0.521875 0.784375 0.523046875 0.783984375 0.50703125 0.769921875 0.5078125 0.764453125 0.51328125 0.746875 0.512109375 0.75 0.533984375 0.7453125 0.559765625 0.74765625 0.570703125 0.752734375 0.57578125 0.761328125 0.575 0.773046875 0.5625 0.786328125 0.56484375 0.796484375 0.5625 0.8 0.564453125 0.803125 0.574609375 0.8109375 0.576953125 0.8171875 0.569140625 0.81875 0.547265625
1 0.771875 0.478515625 0.771875 0.437109375 0.76640625 0.405078125 0.76171875 0.396484375 0.765625 0.383984375 0.757421875 0.39296875 0.741796875 0.38984375 0.72890625 0.369140625 0.716796875 0.36328125 0.715625 0.373046875 0.73046875 0.387890625 0.72734375 0.396484375 0.7359375 0.402734375 0.73828125 0.408203125 0.7390625 0.420703125 0.73359375 0.431640625 0.73203125 0.443359375 0.7375 0.459765625 0.73671875 0.483203125 0.74375 0.497265625 0.74453125 0.512109375 0.74765625 0.513671875 0.7640625 0.510546875 0.771875 0.478515625