1 0.57734375 0.659765625 0.5953125 0.615234375 0.59609375 0.603515625 0.590625 0.587109375 0.5921875 0.580078125 0.5890625 0.576953125 0.603125 0.569140625 0.6015625 0.529296875 0.59609375 0.515234375 0.576953125 0.503125 0.530078125 0.49765625 0.478515625 0.49921875 0.46796875 0.508203125 0.440625 0.561328125 0.437890625 0.56171875 0.436328125 0.55703125 0.429296875 0.55703125 0.42421875 0.563671875 0.427734375 0.56953125 0.4359375 0.573046875 0.42265625 0.612109375 0.421875 0.639453125 0.4265625 0.657421875 0.433203125 0.66328125 0.465234375 0.66953125 0.5171875 0.671484375 0.572265625 0.66484375 0.57734375 0.659765625
1 0.763671875 0.565625 0.76953125 0.560546875 0.78203125 0.507421875 0.78203125 0.448046875 0.76640625 0.406640625 0.745703125 0.39453125 0.713671875 0.38984375 0.706640625 0.39140625 0.6953125 0.412109375 0.6796875 0.458984375 0.6734375 0.462890625 0.67578125 0.480078125 0.6625 0.533203125 0.66171875 0.560546875 0.670703125 0.57578125 0.6890625 0.575390625 0.749609375 0.56953125 0.763671875 0.565625
1 0.78515625 0.386328125 0.778125 0.364453125 0.76640625 0.343359375 0.759765625 0.3375 0.733984375 0.32734375 0.726171875 0.32734375 0.72109375 0.333203125 0.71484375 0.361328125 0.70625 0.361328125 0.70625 0.365234375 0.71328125 0.369921875 0.71171875 0.388671875 0.744140625 0.39375 0.767578125 0.40625 0.77578125 0.433984375 0.78046875 0.438671875 0.78515625 0.452734375 0.7875 0.413671875 0.78515625 0.386328125
1 0.8609375 0.560546875 0.86640625 0.515234375 0.86328125 0.484765625 0.86015625 0.474609375 0.848046875 0.46875 0.838671875 0.46875 0.8359375 0.471484375 0.83046875 0.502734375 0.82734375 0.505859375 0.82421875 0.572265625 0.8296875 0.575390625 0.854296875 0.5703125 0.8609375 0.560546875
1 0.8609375 0.404296875 0.85 0.364453125 0.819140625 0.34453125 0.8171875 0.353515625 0.81953125 0.385546875 0.825 0.401171875 0.8296875 0.448828125 0.832421875 0.453125 0.86328125 0.459765625 0.86484375 0.445703125 0.8609375 0.404296875
1 0.76484375 0.268359375 0.750390625 0.25390625 0.726171875 0.2421875 0.717578125 0.24140625 0.709375 0.250390625 0.709375 0.265234375 0.715625 0.283203125 0.733984375 0.29453125 0.76875 0.306640625 0.77578125 0.294140625 0.76484375 0.268359375
1 0.72578125 0.220703125 0.712890625 0.2078125 0.683203125 0.19609375 0.67734375 0.197265625 0.675 0.209765625 0.682421875 0.225 0.714453125 0.2390625 0.72734375 0.241796875 0.73046875 0.234765625 0.72578125 0.220703125
1 0.775 0.230859375 0.760546875 0.2171875 0.745703125 0.21328125 0.74296875 0.221484375 0.7515625 0.238671875 0.761328125 0.246875 0.7859375 0.258984375 0.78515625 0.245703125 0.775 0.230859375
2 0.64765625 0.706640625 0.6296875 0.694140625 0.628125 0.687109375 0.63359375 0.670703125 0.628515625 0.6640625 0.623828125 0.6640625 0.61640625 0.670703125 0.615625 0.678515625 0.60078125 0.698828125 0.596875 0.718359375 0.59921875 0.726171875 0.606640625 0.7328125 0.620703125 0.73046875 0.62265625 0.741796875 0.63203125 0.744140625 0.63984375 0.736328125 0.64765625 0.706640625
2 0.130078125 0.56796875 0.1296875 0.605859375 0.13359375 0.616796875 0.138671875 0.62265625 0.14296875 0.622265625 0.1421875 0.584765625 0.130078125 0.56796875
2 0.25859375 0.659765625 0.25703125 0.638671875 0.259375 0.630078125 0.24609375 0.599609375 0.2453125 0.591796875 0.238671875 0.58515625 0.23515625 0.588671875 0.23828125 0.603515625 0.2359375 0.610546875 0.23671875 0.634765625 0.24375 0.644921875 0.25 0.676953125 0.2484375 0.686328125 0.255078125 0.69140625 0.258984375 0.6796875 0.26875 0.694921875 0.2703125 0.691015625 0.25859375 0.659765625
1 0.237109375 0.746875 0.187109375 0.715625 0.12578125 0.666796875 0.13125 0.685546875 0.144921875 0.71015625 0.219921875 0.7640625 0.238671875 0.771875 0.2484375 0.772265625 0.25078125 0.769140625 0.237109375 0.746875
3 0.38984375 0.595703125 0.415625 0.540234375 0.4359375 0.508203125 0.45546875 0.483203125 0.47265625 0.470703125 0.48359375 0.455078125 0.48125 0.446484375 0.4875 0.437109375 0.48671875 0.416796875 0.46796875 0.373046875 0.453515625 0.35625 0.444140625 0.3515625 0.416015625 0.3453125 0.400390625 0.3453125 0.378515625 0.35546875 0.369140625 0.35625 0.359765625 0.35234375 0.334765625 0.36171875 0.318359375 0.3640625 0.296484375 0.38828125 0.278125 0.403515625 0.27109375 0.430078125 0.2625 0.444921875 0.2578125 0.469921875 0.25859375 0.492578125 0.262890625 0.496875 0.275390625 0.49140625 0.284765625 0.49140625 0.290625 0.494921875 0.29296875 0.501171875 0.28046875 0.549609375 0.28359375 0.584765625 0.290625 0.605859375 0.297265625 0.6125 0.308984375 0.61640625 0.354296875 0.62578125 0.3640625 0.625390625 0.3734375 0.621484375 0.38984375 0.595703125
3 0.371875 0.304296875 0.371484375 0.29296875 0.358984375 0.2953125 0.33671875 0.321484375 0.32109375 0.356640625 0.322265625 0.36328125 0.32890625 0.363671875 0.36171875 0.352734375 0.371875 0.304296875
3 0.54140625 0.354296875 0.58359375 0.298046875 0.5921875 0.279296875 0.587890625 0.27109375 0.578515625 0.2671875 0.541796875 0.26171875 0.521484375 0.2515625 0.497265625 0.24609375 0.476171875 0.24453125 0.462109375 0.2484375 0.443359375 0.259375 0.416796875 0.265625 0.4 0.276171875 0.3890625 0.318359375 0.384375 0.353515625 0.37734375 0.357421875 0.389453125 0.35859375 0.391796875 0.35078125 0.401953125 0.34765625 0.418359375 0.34765625 0.440234375 0.35234375 0.443359375 0.35625 0.454296875 0.359375 0.4640625 0.369140625 0.48515625 0.404296875 0.4953125 0.413671875 0.51875 0.394921875 0.54140625 0.354296875
3 0.63515625 0.241796875 0.6375 0.230078125 0.646875 0.219921875 0.65546875 0.201953125 0.649609375 0.1921875 0.618359375 0.17890625 0.583203125 0.16875 0.533203125 0.17109375 0.52421875 0.178515625 0.52265625 0.192578125 0.518359375 0.1953125 0.498046875 0.190625 0.462890625 0.19921875 0.438671875 0.20859375 0.4234375 0.219921875 0.41953125 0.227734375 0.42421875 0.235546875 0.41484375 0.251171875 0.415625 0.258203125 0.419921875 0.2609375 0.448046875 0.24921875 0.480859375 0.24296875 0.512890625 0.2484375 0.539453125 0.2609375 0.579296875 0.26640625 0.596875 0.272265625 0.628125 0.251953125 0.63515625 0.241796875
1 0.223828125 0.390625 0.2375 0.370703125 0.25390625 0.355859375 0.26171875 0.333203125 0.2640625 0.317578125 0.262109375 0.30859375 0.254296875 0.30625 0.233203125 0.3140625 0.220703125 0.3203125 0.209375 0.330859375 0.18671875 0.366796875 0.1828125 0.377734375 0.17890625 0.401171875 0.1875 0.404296875 0.208984375 0.3984375 0.223828125 0.390625
1 0.45 0.182421875 0.45 0.173828125 0.440234375 0.16953125 0.426171875 0.17109375 0.41484375 0.192578125 0.41328125 0.201171875 0.41640625 0.205078125 0.441796875 0.19296875 0.45 0.182421875
1 0.4078125 0.191015625 0.4109375 0.177734375 0.409375 0.173046875 0.397265625 0.175 0.374609375 0.18828125 0.36640625 0.196484375 0.3609375 0.208203125 0.361328125 0.2125 0.36640625 0.212109375 0.398828125 0.20703125 0.4078125 0.191015625
3 0.120703125 0.44609375 0.1265625 0.442578125 0.13125 0.427734375 0.1359375 0.401953125 0.140625 0.393359375 0.1390625 0.357421875 0.159375 0.294921875 0.157421875 0.2703125 0.1375 0.287890625 0.12109375 0.322265625 0.11171875 0.331640625 0.08515625 0.388671875 0.0796875 0.419921875 0.08125 0.431640625 0.087109375 0.43203125 0.096875 0.450390625 0.102734375 0.45625 0.10625 0.455859375 0.114453125 0.4421875 0.120703125 0.44609375
3 0.16015625 0.382421875 0.17265625 0.337890625 0.176953125 0.33203125 0.18125 0.331640625 0.184765625 0.325 0.196484375 0.3203125 0.20078125 0.315234375 0.188671875 0.3125 0.18359375 0.316796875 0.176953125 0.2828125 0.15859375 0.297265625 0.14921875 0.324609375 0.14453125 0.362109375 0.14609375 0.379296875 0.15078125 0.391015625 0.155078125 0.38984375 0.16015625 0.382421875
3 0.2140625 0.291796875 0.227734375 0.28671875 0.24296875 0.261328125 0.2546875 0.251171875 0.25078125 0.248046875 0.24921875 0.238671875 0.235546875 0.228125 0.230859375 0.22734375 0.219921875 0.2328125 0.1875 0.267578125 0.1734375 0.287109375 0.17890625 0.301171875 0.17890625 0.322265625 0.18203125 0.326953125 0.20546875 0.312890625 0.2140625 0.291796875
3 0.27109375 0.244140625 0.2828125 0.222265625 0.296875 0.206640625 0.29609375 0.187890625 0.287109375 0.1796875 0.243359375 0.20390625 0.23046875 0.216796875 0.22734375 0.227734375 0.24765625 0.238671875 0.24921875 0.248046875 0.246875 0.255078125 0.253125 0.255859375 0.262890625 0.25234375 0.27109375 0.244140625
3 0.30546875 0.206640625 0.335546875 0.1875 0.34453125 0.176953125 0.333984375 0.15625 0.325390625 0.15625 0.28671875 0.176953125 0.29453125 0.183984375 0.296875 0.196484375 0.29375 0.208984375 0.2890625 0.212109375 0.290234375 0.215625 0.2953125 0.216015625 0.2796875 0.235546875 0.2828125 0.235546875 0.305078125 0.225 0.30546875 0.206640625
1 0.8671875 0.746484375 0.8796875 0.726953125 0.886328125 0.70546875 0.882421875 0.70546875 0.87265625 0.714453125 0.82421875 0.772265625 0.8125 0.787890625 0.81015625 0.792578125 0.81328125 0.794140625 0.828515625 0.7859375 0.8671875 0.746484375
2 0.90390625 0.516015625 0.900390625 0.49375 0.89375 0.529296875 0.89609375 0.554296875 0.8984375 0.553515625 0.90390625 0.516015625