1 0.57578125 0.723046875 0.5890625 0.687109375 0.58984375 0.666015625 0.583203125 0.65703125 0.571484375 0.65234375 0.533984375 0.65234375 0.521875 0.662109375 0.509765625 0.68203125 0.5015625 0.683984375 0.50546875 0.691015625 0.5015625 0.725390625 0.505859375 0.72890625 0.51875 0.729296875 0.569921875 0.7265625 0.57578125 0.723046875
1 0.67890625 0.738671875 0.696875 0.702734375 0.70078125 0.683203125 0.698046875 0.6734375 0.684765625 0.67109375 0.666796875 0.67421875 0.652734375 0.6796875 0.64375 0.687109375 0.63046875 0.706640625 0.6203125 0.713671875 0.62265625 0.721484375 0.6125 0.744140625 0.613671875 0.75390625 0.6265625 0.754296875 0.655859375 0.75 0.67890625 0.738671875
1 0.612109375 0.64609375 0.61640625 0.641796875 0.61796875 0.633984375 0.628125 0.619921875 0.6328125 0.590234375 0.63203125 0.565234375 0.623046875 0.5484375 0.597265625 0.546875 0.577734375 0.55078125 0.55390625 0.584765625 0.54453125 0.591015625 0.5484375 0.603515625 0.54140625 0.616015625 0.540625 0.645703125 0.544140625 0.65 0.5546875 0.649609375 0.595703125 0.64453125 0.612109375 0.64609375
1 0.694140625 0.65546875 0.696875 0.652734375 0.709375 0.607421875 0.708203125 0.55703125 0.683984375 0.55390625 0.673828125 0.55625 0.66953125 0.560546875 0.6578125 0.601953125 0.64921875 0.612109375 0.653125 0.619921875 0.64453125 0.653515625 0.64453125 0.659765625 0.64921875 0.662109375 0.660546875 0.65625 0.694140625 0.65546875
1 0.6453125 0.515234375 0.6359375 0.465234375 0.632421875 0.4609375 0.625390625 0.459375 0.592578125 0.46015625 0.58984375 0.490234375 0.584375 0.506640625 0.57734375 0.514453125 0.58046875 0.522265625 0.58046875 0.538671875 0.586328125 0.54609375 0.619921875 0.54609375 0.6359375 0.553515625 0.6421875 0.539453125 0.6453125 0.515234375
1 0.73359375 0.576953125 0.734375 0.556640625 0.7375 0.551171875 0.73359375 0.530859375 0.727734375 0.52265625 0.698828125 0.52265625 0.68671875 0.541015625 0.6859375 0.550390625 0.690234375 0.55390625 0.709375 0.557421875 0.71015625 0.592578125 0.712109375 0.59609375 0.71953125 0.595703125 0.7296875 0.592578125 0.73359375 0.576953125
1 0.66796875 0.507421875 0.671875 0.473828125 0.66953125 0.455078125 0.655078125 0.440625 0.628515625 0.43984375 0.62421875 0.444921875 0.621875 0.458203125 0.63515625 0.462890625 0.64375 0.494140625 0.64609375 0.515234375 0.648828125 0.51796875 0.65625 0.517578125 0.664453125 0.51484375 0.66796875 0.507421875
1 0.73984375 0.494921875 0.7421875 0.491796875 0.7375 0.451171875 0.732421875 0.44453125 0.706640625 0.440625 0.70234375 0.446484375 0.7 0.470703125 0.69375 0.486328125 0.696875 0.493359375 0.696875 0.519140625 0.698046875 0.521875 0.726171875 0.521875 0.73515625 0.530078125 0.73984375 0.521484375 0.73984375 0.494921875
1 0.67734375 0.408203125 0.666796875 0.39453125 0.638671875 0.39140625 0.62421875 0.411328125 0.62734375 0.416015625 0.625 0.422265625 0.6265625 0.440234375 0.658984375 0.44375 0.66875 0.451953125 0.672265625 0.459375 0.675 0.458984375 0.68046875 0.439453125 0.67734375 0.408203125
1 0.75 0.442578125 0.74609375 0.432421875 0.737890625 0.42265625 0.717578125 0.4203125 0.7125 0.438671875 0.7359375 0.447265625 0.740625 0.477734375 0.746875 0.480078125 0.75 0.472265625 0.75 0.442578125
1 0.82109375 0.498046875 0.813671875 0.490625 0.800390625 0.4890625 0.79296875 0.494921875 0.79140625 0.537109375 0.794921875 0.540625 0.81640625 0.540234375 0.8203125 0.529296875 0.82109375 0.498046875
1 0.80625 0.609765625 0.804296875 0.6015625 0.786328125 0.603125 0.77578125 0.613671875 0.76484375 0.655078125 0.766015625 0.65859375 0.771875 0.658203125 0.796875 0.649609375 0.80625 0.609765625
1 0.82421875 0.719921875 0.8375 0.684765625 0.835546875 0.6796875 0.823828125 0.68359375 0.80859375 0.698046875 0.7953125 0.735546875 0.795703125 0.73828125 0.79921875 0.737890625 0.816015625 0.72890625 0.82421875 0.719921875
1 0.356640625 0.8125 0.285546875 0.76328125 0.27109375 0.761328125 0.29453125 0.788671875 0.30234375 0.808203125 0.308203125 0.81328125 0.337109375 0.82578125 0.36171875 0.827734375 0.36484375 0.819921875 0.356640625 0.8125
1 0.52734375 0.907421875 0.529296875 0.89453125 0.469140625 0.89453125 0.45859375 0.906640625 0.46015625 0.913671875 0.465234375 0.91484375 0.5171875 0.915234375 0.523046875 0.9140625 0.52734375 0.907421875
1 0.25703125 0.662109375 0.228515625 0.6359375 0.209765625 0.62421875 0.200390625 0.62421875 0.1875 0.634765625 0.18828125 0.641015625 0.199609375 0.64921875 0.26015625 0.676953125 0.2609375 0.670703125 0.25703125 0.662109375
1 0.31328125 0.464453125 0.3234375 0.460546875 0.32578125 0.433984375 0.319921875 0.42421875 0.290234375 0.42578125 0.278125 0.434765625 0.2625 0.465234375 0.26171875 0.479296875 0.27109375 0.483203125 0.302734375 0.48125 0.31328125 0.464453125
1 0.43828125 0.328515625 0.4390625 0.314453125 0.427734375 0.30625 0.41953125 0.322265625 0.4203125 0.344921875 0.433203125 0.3359375 0.43828125 0.328515625
1 0.409375 0.344921875 0.41171875 0.320703125 0.41015625 0.311328125 0.406640625 0.3078125 0.398828125 0.31015625 0.38671875 0.320703125 0.3796875 0.335546875 0.380078125 0.34921875 0.39453125 0.348828125 0.406640625 0.3484375 0.409375 0.344921875
1 0.64140625 0.321484375 0.631640625 0.31328125 0.613671875 0.31015625 0.607421875 0.31171875 0.60078125 0.321484375 0.60078125 0.344921875 0.608203125 0.34921875 0.64140625 0.351953125 0.6453125 0.344140625 0.64140625 0.321484375
1 0.6921875 0.374609375 0.68828125 0.362890625 0.676953125 0.34921875 0.661328125 0.3453125 0.648828125 0.3484375 0.6359375 0.369140625 0.63671875 0.389453125 0.664453125 0.39375 0.680078125 0.4109375 0.684375 0.410546875 0.69296875 0.393359375 0.6921875 0.374609375
1 0.753125 0.410546875 0.74296875 0.369140625 0.735546875 0.3640625 0.718359375 0.36015625 0.71328125 0.380859375 0.7140625 0.415234375 0.718359375 0.41953125 0.734765625 0.42109375 0.75 0.426953125 0.753125 0.425390625 0.753125 0.410546875
1 0.6875 0.334765625 0.680859375 0.3296875 0.662890625 0.3265625 0.65703125 0.334765625 0.65625 0.342578125 0.680078125 0.35078125 0.68984375 0.366796875 0.69453125 0.368359375 0.6953125 0.351953125 0.6875 0.334765625
1 0.6859375 0.304296875 0.678515625 0.29921875 0.662890625 0.29609375 0.6578125 0.302734375 0.66015625 0.323046875 0.6921875 0.331640625 0.69140625 0.313671875 0.6859375 0.304296875
1 0.691015625 0.28046875 0.675390625 0.27578125 0.6625 0.286328125 0.668359375 0.2953125 0.685546875 0.30234375 0.690234375 0.3078125 0.6984375 0.307421875 0.6984375 0.292578125 0.691015625 0.28046875
1 0.734375 0.292578125 0.719921875 0.28828125 0.7171875 0.295703125 0.7203125 0.308203125 0.727734375 0.31328125 0.74375 0.316796875 0.74375 0.308984375 0.734375 0.292578125
1 0.734765625 0.33828125 0.73671875 0.333984375 0.730078125 0.321875 0.717578125 0.31796875 0.71328125 0.322265625 0.71171875 0.330078125 0.715625 0.348046875 0.71875 0.350390625 0.725390625 0.3390625 0.734765625 0.33828125
1 0.74375 0.346484375 0.736328125 0.33828125 0.721484375 0.33671875 0.71796875 0.357421875 0.740234375 0.365625 0.753125 0.391015625 0.75078125 0.363671875 0.74375 0.346484375
1 0.80390625 0.384765625 0.7984375 0.374609375 0.788671875 0.36953125 0.7828125 0.375390625 0.78671875 0.401171875 0.791796875 0.40625 0.80546875 0.409765625 0.80703125 0.402734375 0.80390625 0.384765625
1 0.79296875 0.342578125 0.787109375 0.33515625 0.774609375 0.33203125 0.7734375 0.340234375 0.778125 0.357421875 0.796875 0.366015625 0.79765625 0.356640625 0.79296875 0.342578125
1 0.77578125 0.305859375 0.770703125 0.30078125 0.761328125 0.2984375 0.759375 0.302734375 0.76328125 0.315234375 0.778125 0.322265625 0.7796875 0.315234375 0.77578125 0.305859375
1 0.79765625 0.312890625 0.785546875 0.3078125 0.78828125 0.323046875 0.80234375 0.330078125 0.803125 0.325390625 0.79765625 0.312890625
1 0.760546875 0.27578125 0.75859375 0.282421875 0.7609375 0.288671875 0.769921875 0.2953125 0.77734375 0.295703125 0.76875 0.278515625 0.760546875 0.27578125
1 0.718359375 0.24765625 0.70546875 0.244921875 0.7046875 0.251953125 0.708984375 0.25859375 0.72578125 0.263671875 0.725 0.255859375 0.718359375 0.24765625
1 0.69453125 0.222265625 0.696484375 0.23046875 0.7109375 0.233203125 0.704296875 0.22265625 0.69453125 0.222265625
3 0.8625 0.730078125 0.87421875 0.719921875 0.8828125 0.698828125 0.882421875 0.69296875 0.871484375 0.69453125 0.85078125 0.723046875 0.8359375 0.753515625 0.83984375 0.755859375 0.85078125 0.747265625 0.8625 0.730078125
3 0.86796875 0.752734375 0.878125 0.736328125 0.88125 0.722265625 0.879296875 0.71953125 0.873046875 0.71953125 0.8625 0.727734375 0.83359375 0.766015625 0.81484375 0.803515625 0.81640625 0.807421875 0.83828125 0.787890625 0.86796875 0.752734375
3 0.44453125 0.558984375 0.46328125 0.544921875 0.46796875 0.530859375 0.46796875 0.519140625 0.45546875 0.494140625 0.424609375 0.47734375 0.408203125 0.4828125 0.392578125 0.478125 0.385546875 0.48203125 0.369140625 0.484375 0.3484375 0.502734375 0.33984375 0.530859375 0.3390625 0.550390625 0.34140625 0.555078125 0.357421875 0.553125 0.3625 0.557421875 0.3625 0.567578125 0.35703125 0.584765625 0.36171875 0.608203125 0.369140625 0.61640625 0.4046875 0.620703125 0.415625 0.612109375 0.44453125 0.558984375
3 0.39921875 0.442578125 0.396484375 0.43125 0.3765625 0.455078125 0.371875 0.473828125 0.3734375 0.483203125 0.39765625 0.479296875 0.39921875 0.442578125
3 0.49140625 0.478515625 0.50703125 0.455078125 0.515625 0.439453125 0.51875 0.423828125 0.504296875 0.41171875 0.481640625 0.40234375 0.461328125 0.39921875 0.423046875 0.4140625 0.415625 0.420703125 0.4109375 0.473828125 0.412109375 0.47890625 0.426953125 0.478125 0.441015625 0.4875 0.451953125 0.490625 0.46875 0.514453125 0.48125 0.501171875 0.49140625 0.478515625
3 0.559375 0.380078125 0.5578125 0.369140625 0.5515625 0.358984375 0.528515625 0.34296875 0.510546875 0.33828125 0.498828125 0.33828125 0.483203125 0.346875 0.462890625 0.34296875 0.447265625 0.3484375 0.432421875 0.35859375 0.42421875 0.368359375 0.42578125 0.384765625 0.421875 0.400390625 0.424609375 0.4046875 0.460546875 0.39609375 0.479296875 0.39921875 0.493359375 0.40625 0.5265625 0.410546875 0.548828125 0.396875 0.559375 0.380078125
3 0.57890625 0.333203125 0.57109375 0.317578125 0.556640625 0.30703125 0.530078125 0.30234375 0.518359375 0.30859375 0.499609375 0.309375 0.48984375 0.320703125 0.490234375 0.3421875 0.496484375 0.33828125 0.512109375 0.33828125 0.526953125 0.3421875 0.546484375 0.353125 0.565625 0.353515625 0.5734375 0.346484375 0.57890625 0.333203125
3 0.203515625 0.5046875 0.20859375 0.501953125 0.21484375 0.475390625 0.21484375 0.456640625 0.20859375 0.439453125 0.2140625 0.380078125 0.20859375 0.368359375 0.20859375 0.355078125 0.204296875 0.34921875 0.18359375 0.363671875 0.17421875 0.391796875 0.165625 0.397265625 0.1578125 0.413671875 0.1421875 0.433984375 0.13984375 0.443359375 0.13828125 0.471484375 0.140625 0.479296875 0.149609375 0.48828125 0.161328125 0.4890625 0.169140625 0.50390625 0.18515625 0.508984375 0.192578125 0.4984375 0.203515625 0.5046875
3 0.23984375 0.462890625 0.24296875 0.425390625 0.251171875 0.428125 0.253515625 0.4234375 0.262109375 0.4203125 0.271875 0.404296875 0.26796875 0.371484375 0.262109375 0.36328125 0.243359375 0.359375 0.228515625 0.37578125 0.219140625 0.37890625 0.2140625 0.384765625 0.2078125 0.437109375 0.21640625 0.463671875 0.22109375 0.467578125 0.233984375 0.46640625 0.23984375 0.462890625
3 0.29375 0.375390625 0.300390625 0.3703125 0.309765625 0.36953125 0.31640625 0.361328125 0.31875 0.341015625 0.32421875 0.330859375 0.325 0.312109375 0.31875 0.295703125 0.312890625 0.290625 0.305859375 0.290625 0.291015625 0.30078125 0.277734375 0.30546875 0.26796875 0.318359375 0.26640625 0.330078125 0.24296875 0.355859375 0.247265625 0.36328125 0.262109375 0.36484375 0.26640625 0.369140625 0.26796875 0.385546875 0.2640625 0.396484375 0.26328125 0.416796875 0.28828125 0.391796875 0.29375 0.375390625
3 0.341796875 0.3265625 0.348828125 0.31640625 0.355078125 0.3140625 0.35859375 0.306640625 0.359375 0.294140625 0.353125 0.278515625 0.342578125 0.26796875 0.324609375 0.275 0.31015625 0.286328125 0.31875 0.295703125 0.32421875 0.308984375 0.325 0.327734375 0.32890625 0.333984375 0.32734375 0.350390625 0.33046875 0.351953125 0.33671875 0.328515625 0.341796875 0.3265625
3 0.384765625 0.2875 0.3890625 0.280859375 0.39296875 0.263671875 0.389453125 0.25546875 0.359765625 0.25859375 0.34375 0.266015625 0.35 0.273046875 0.35859375 0.294921875 0.3578125 0.321484375 0.37265625 0.293359375 0.384765625 0.2875
3 0.1328125 0.714453125 0.133984375 0.7109375 0.14453125 0.710546875 0.14609375 0.698828125 0.13359375 0.664453125 0.13203125 0.641796875 0.12734375 0.627734375 0.12734375 0.602734375 0.11796875 0.574609375 0.115625 0.553515625 0.1015625 0.516015625 0.086328125 0.50078125 0.07734375 0.508203125 0.06875 0.537890625 0.0671875 0.555078125 0.0640625 0.557421875 0.0578125 0.588671875 0.06171875 0.612890625 0.07890625 0.672265625 0.1015625 0.724609375 0.138671875 0.76484375 0.148828125 0.7734375 0.15234375 0.773046875 0.15234375 0.761328125 0.1328125 0.714453125
3 0.204296875 0.73359375 0.20234375 0.742578125 0.20703125 0.758203125 0.217578125 0.765625 0.225 0.765234375 0.21015625 0.737109375 0.204296875 0.73359375
3 0.296875 0.792578125 0.27265625 0.761328125 0.259765625 0.74921875 0.230078125 0.7359375 0.2515625 0.782421875 0.262890625 0.79296875 0.291015625 0.80625 0.29609375 0.805859375 0.3 0.804296875 0.296875 0.792578125
3 0.290625 0.822265625 0.250390625 0.78203125 0.230859375 0.7671875 0.214453125 0.76484375 0.208203125 0.76015625 0.2015625 0.762109375 0.203125 0.776953125 0.231640625 0.7984375 0.244921875 0.81484375 0.262890625 0.82421875 0.2875 0.830078125 0.29140625 0.826953125 0.290625 0.822265625
3 0.28515625 0.839453125 0.277734375 0.83125 0.233984375 0.8125 0.212890625 0.79609375 0.2 0.800390625 0.21640625 0.816796875 0.22109375 0.825390625 0.210546875 0.81953125 0.203515625 0.8203125 0.251953125 0.8515625 0.268359375 0.86015625 0.275 0.860546875 0.284375 0.847265625 0.28515625 0.839453125
3 0.43515625 0.234765625 0.4359375 0.242578125 0.441015625 0.24765625 0.451171875 0.2453125 0.473046875 0.22890625 0.483984375 0.225 0.49375 0.216015625 0.49140625 0.196484375 0.476171875 0.1875 0.466015625 0.18515625 0.431640625 0.1890625 0.395703125 0.2078125 0.3703125 0.228515625 0.3703125 0.238671875 0.383984375 0.2515625 0.400390625 0.253125 0.407421875 0.25 0.41640625 0.253515625 0.427734375 0.2328125 0.43515625 0.234765625
3 0.519921875 0.2203125 0.528515625 0.21640625 0.525 0.205859375 0.5265625 0.195703125 0.532421875 0.1921875 0.537890625 0.19375 0.541796875 0.18515625 0.548046875 0.1859375 0.552734375 0.19609375 0.560546875 0.19296875 0.5625 0.187890625 0.556640625 0.1875 0.553125 0.184765625 0.55390625 0.180859375 0.549609375 0.18125 0.546484375 0.17734375 0.535546875 0.1765625 0.533984375 0.17109375 0.525390625 0.1765625 0.509765625 0.17578125 0.481640625 0.18046875 0.478125 0.183984375 0.47890625 0.187890625 0.4921875 0.200390625 0.49140625 0.223828125 0.501171875 0.2203125 0.519921875 0.2203125
3 0.531640625 0.29140625 0.51953125 0.298046875 0.522265625 0.30078125 0.546875 0.302734375 0.544921875 0.28984375 0.531640625 0.29140625
3 0.61953125 0.273828125 0.61484375 0.263671875 0.607421875 0.25859375 0.575390625 0.25 0.563671875 0.25078125 0.55625 0.256640625 0.5546875 0.268359375 0.557421875 0.271875 0.6125 0.279296875 0.616796875 0.27890625 0.61953125 0.273828125
3 0.6109375 0.289453125 0.608203125 0.28671875 0.580078125 0.28515625 0.55546875 0.288671875 0.555078125 0.30625 0.5890625 0.320703125 0.609375 0.294921875 0.6109375 0.289453125
3 0.64140625 0.242578125 0.626953125 0.23046875 0.616015625 0.2265625 0.594140625 0.2296875 0.587890625 0.23828125 0.570703125 0.24453125 0.561328125 0.25625 0.557421875 0.25546875 0.55625 0.258203125 0.55703125 0.265234375 0.560546875 0.265625 0.567578125 0.25390625 0.583203125 0.25234375 0.605859375 0.25859375 0.612890625 0.2625 0.6203125 0.272265625 0.63203125 0.259765625 0.64140625 0.242578125
2 0.199609375 0.55 0.1953125 0.576953125 0.203515625 0.58515625 0.20859375 0.586328125 0.20703125 0.565234375 0.199609375 0.55