1 0.3578125 0.350390625 0.3625 0.321484375 0.3671875 0.317578125 0.365625 0.305078125 0.360546875 0.29765625 0.332421875 0.30234375 0.32109375 0.312890625 0.3140625 0.326171875 0.315625 0.330078125 0.31015625 0.352734375 0.313671875 0.36171875 0.32109375 0.362109375 0.345703125 0.3578125 0.3578125 0.350390625
1 0.41796875 0.262109375 0.4203125 0.240234375 0.410546875 0.2234375 0.389453125 0.225 0.3796875 0.230078125 0.371875 0.250390625 0.371875 0.258984375 0.37734375 0.271484375 0.412890625 0.265625 0.41796875 0.262109375
1 0.296875 0.287109375 0.296875 0.275390625 0.294140625 0.271875 0.27421875 0.278515625 0.25859375 0.304296875 0.25234375 0.324609375 0.25625 0.328515625 0.28671875 0.316796875 0.296875 0.287109375
1 0.2671875 0.680078125 0.265625 0.658984375 0.2515625 0.614453125 0.231640625 0.60390625 0.219140625 0.60390625 0.21875 0.647265625 0.22578125 0.680078125 0.240234375 0.69453125 0.256640625 0.7015625 0.27109375 0.702734375 0.27265625 0.696484375 0.2671875 0.680078125
1 0.23046875 0.687109375 0.218359375 0.67421875 0.202734375 0.66796875 0.20078125 0.675390625 0.20546875 0.691015625 0.2046875 0.710546875 0.2125 0.730859375 0.226171875 0.74296875 0.24609375 0.749609375 0.24140625 0.720703125 0.23046875 0.687109375
1 0.303125 0.796484375 0.283984375 0.784375 0.263671875 0.77890625 0.2625 0.794921875 0.27265625 0.819921875 0.297265625 0.8375 0.313671875 0.84375 0.32265625 0.843359375 0.31796875 0.819140625 0.303125 0.796484375
1 0.485546875 0.89921875 0.456640625 0.89609375 0.434375 0.898046875 0.4375 0.909765625 0.441796875 0.9125 0.4953125 0.915234375 0.5 0.913671875 0.485546875 0.89921875
1 0.7265625 0.824609375 0.7359375 0.810546875 0.723828125 0.81171875 0.708203125 0.81953125 0.690234375 0.8234375 0.678515625 0.83125 0.66640625 0.843359375 0.66953125 0.846484375 0.668359375 0.8515625 0.6796875 0.852734375 0.702734375 0.84453125 0.7265625 0.824609375
3 0.85 0.696484375 0.86328125 0.674609375 0.87890625 0.633203125 0.88125 0.604296875 0.87890625 0.591796875 0.871875 0.584765625 0.87421875 0.566015625 0.870703125 0.55703125 0.866015625 0.55625 0.851171875 0.5640625 0.844921875 0.56328125 0.831640625 0.590625 0.83046875 0.588671875 0.834375 0.570703125 0.83125 0.550390625 0.83203125 0.520703125 0.825390625 0.51171875 0.816796875 0.51171875 0.796484375 0.51875 0.7921875 0.524609375 0.7890625 0.569140625 0.78046875 0.585546875 0.7703125 0.623828125 0.773046875 0.63203125 0.7890625 0.635546875 0.784765625 0.66640625 0.792578125 0.64765625 0.804296875 0.65703125 0.80703125 0.649609375 0.8125 0.647265625 0.81171875 0.652734375 0.80546875 0.659765625 0.79375 0.694921875 0.76953125 0.732421875 0.75703125 0.745703125 0.74453125 0.777734375 0.748828125 0.7859375 0.7703125 0.791796875 0.8046875 0.758984375 0.85 0.696484375
1 0.8171875 0.773828125 0.816796875 0.76875 0.801953125 0.7765625 0.78828125 0.790234375 0.77109375 0.819921875 0.77109375 0.823828125 0.7734375 0.823828125 0.80390625 0.799609375 0.8171875 0.773828125
1 0.85625 0.733984375 0.8609375 0.718359375 0.858984375 0.70625 0.847265625 0.7109375 0.83515625 0.726171875 0.82890625 0.741796875 0.83203125 0.755078125 0.8359375 0.755859375 0.84921875 0.744921875 0.85625 0.733984375
1 0.8859375 0.696484375 0.886328125 0.67734375 0.87421875 0.685546875 0.86953125 0.694921875 0.86484375 0.716796875 0.86484375 0.721484375 0.86796875 0.722265625 0.87890625 0.711328125 0.8859375 0.696484375
0 0.93046875 0.511328125 0.93125 0.482421875 0.925 0.446484375 0.919140625 0.43359375 0.889453125 0.4265625 0.88359375 0.434765625 0.8859375 0.491796875 0.896875 0.537890625 0.91484375 0.540234375 0.92890625 0.523046875 0.93046875 0.511328125
3 0.89609375 0.369921875 0.878125 0.348046875 0.86640625 0.322265625 0.83203125 0.282421875 0.82109375 0.262109375 0.806640625 0.25 0.776953125 0.23984375 0.740234375 0.21484375 0.716015625 0.20390625 0.71171875 0.211328125 0.7125 0.219921875 0.73046875 0.264453125 0.753125 0.280859375 0.771875 0.316015625 0.7828125 0.348828125 0.8046875 0.377734375 0.81875 0.405078125 0.828515625 0.41171875 0.891796875 0.42109375 0.903515625 0.42421875 0.908984375 0.42890625 0.9140625 0.428515625 0.915625 0.416796875 0.89609375 0.369921875
3 0.721484375 0.30390625 0.7359375 0.295703125 0.7359375 0.279296875 0.7296875 0.268359375 0.7296875 0.259765625 0.72109375 0.244921875 0.71640625 0.225390625 0.69609375 0.198046875 0.669921875 0.178125 0.651953125 0.171875 0.641796875 0.16328125 0.619921875 0.15234375 0.600390625 0.15234375 0.588671875 0.1375 0.551953125 0.12265625 0.537890625 0.11328125 0.520703125 0.109375 0.480078125 0.10234375 0.444140625 0.103125 0.415234375 0.0984375 0.369140625 0.10546875 0.345703125 0.11171875 0.334375 0.118359375 0.373046875 0.121875 0.405078125 0.11796875 0.423828125 0.1234375 0.461328125 0.12578125 0.501171875 0.1453125 0.516796875 0.14765625 0.529296875 0.16171875 0.558203125 0.1765625 0.573046875 0.18203125 0.583984375 0.18203125 0.588671875 0.190625 0.58984375 0.183984375 0.596484375 0.17890625 0.623828125 0.1890625 0.64296875 0.226953125 0.663671875 0.2484375 0.67265625 0.251171875 0.684375 0.276953125 0.68828125 0.294921875 0.698828125 0.29765625 0.71015625 0.308984375 0.71875 0.341796875 0.7171875 0.309765625 0.721484375 0.30390625
3 0.25546875 0.799609375 0.23671875 0.780859375 0.2328125 0.758984375 0.224609375 0.75078125 0.21953125 0.749609375 0.2109375 0.733203125 0.20390625 0.715234375 0.203125 0.690234375 0.1984375 0.673046875 0.18671875 0.658984375 0.1828125 0.642578125 0.19375 0.632421875 0.19453125 0.612109375 0.2015625 0.596484375 0.20078125 0.553515625 0.19296875 0.533984375 0.19296875 0.526171875 0.2125 0.486328125 0.2015625 0.473828125 0.20078125 0.466796875 0.20859375 0.451171875 0.21875 0.439453125 0.225 0.423828125 0.22734375 0.387890625 0.2421875 0.338671875 0.25078125 0.323046875 0.25859375 0.291796875 0.2734375 0.272265625 0.275 0.262890625 0.2953125 0.231640625 0.2984375 0.219140625 0.32109375 0.196484375 0.328125 0.184765625 0.32734375 0.178515625 0.32109375 0.176953125 0.32421875 0.173046875 0.313671875 0.1703125 0.298828125 0.17421875 0.269921875 0.19609375 0.253125 0.216015625 0.2265625 0.239453125 0.203125 0.274609375 0.146875 0.378515625 0.134375 0.420703125 0.13359375 0.444921875 0.12734375 0.477734375 0.1265625 0.544921875 0.12265625 0.558984375 0.12265625 0.627734375 0.115625 0.651953125 0.12421875 0.690234375 0.140625 0.716796875 0.14765625 0.723046875 0.17265625 0.773828125 0.216796875 0.8140625 0.228515625 0.8203125 0.25703125 0.824609375 0.25859375 0.816015625 0.25546875 0.799609375
1 0.39375 0.200390625 0.39140625 0.188671875 0.388671875 0.1859375 0.367578125 0.19140625 0.3578125 0.205078125 0.3578125 0.210546875 0.36171875 0.212890625 0.389453125 0.20703125 0.39375 0.200390625
1 0.324609375 0.20390625 0.316015625 0.203125 0.30390625 0.212890625 0.29921875 0.219921875 0.2984375 0.227734375 0.3046875 0.227734375 0.31953125 0.219921875 0.324609375 0.20390625
1 0.378125 0.167578125 0.37734375 0.161328125 0.369921875 0.159375 0.358984375 0.16328125 0.35234375 0.175390625 0.3578125 0.178515625 0.373828125 0.17421875 0.378125 0.167578125
1 0.4625 0.166015625 0.46171875 0.160546875 0.451953125 0.15859375 0.430078125 0.16171875 0.425 0.166796875 0.42421875 0.173828125 0.426953125 0.17734375 0.43671875 0.176953125 0.458203125 0.17265625 0.4625 0.166015625
1 0.43515625 0.157421875 0.426953125 0.15390625 0.41015625 0.160546875 0.409765625 0.165625 0.41953125 0.166796875 0.426171875 0.165625 0.43515625 0.157421875
1 0.18359375 0.309765625 0.185546875 0.30078125 0.173046875 0.30546875 0.1609375 0.316796875 0.15234375 0.330078125 0.15 0.341796875 0.16953125 0.330859375 0.18359375 0.309765625
2 0.6015625 0.231640625 0.592578125 0.22109375 0.588671875 0.22109375 0.584375 0.226171875 0.584375 0.232421875 0.58828125 0.242578125 0.5953125 0.244140625 0.60234375 0.236328125 0.6015625 0.231640625