1 0.500390625 0.253125 0.493359375 0.25 0.477734375 0.25 0.46953125 0.255859375 0.4671875 0.267578125 0.476171875 0.2796875 0.482421875 0.27734375 0.503125 0.279296875 0.50703125 0.268359375 0.500390625 0.253125
1 0.28828125 0.572265625 0.2828125 0.551953125 0.272265625 0.5359375 0.255859375 0.534375 0.24765625 0.541796875 0.24375 0.568359375 0.24921875 0.603515625 0.25078125 0.608203125 0.258984375 0.6140625 0.2796875 0.618359375 0.29140625 0.613671875 0.28828125 0.572265625
1 0.43046875 0.697265625 0.42578125 0.669921875 0.4140625 0.631640625 0.403515625 0.6265625 0.383203125 0.6234375 0.366015625 0.6234375 0.359765625 0.6265625 0.359375 0.664453125 0.36328125 0.670703125 0.3703125 0.702734375 0.386328125 0.71015625 0.42578125 0.712109375 0.4296875 0.707421875 0.43046875 0.697265625
1 0.45390625 0.780859375 0.45859375 0.776953125 0.434375 0.730859375 0.423046875 0.72578125 0.384765625 0.72421875 0.38125 0.731640625 0.38359375 0.752734375 0.4 0.796484375 0.412109375 0.8015625 0.45625 0.804296875 0.4609375 0.794921875 0.45390625 0.780859375
1 0.4984375 0.875390625 0.4984375 0.869921875 0.49609375 0.862890625 0.474609375 0.840625 0.444921875 0.8359375 0.426953125 0.8359375 0.4234375 0.839453125 0.42421875 0.850390625 0.442578125 0.8765625 0.466015625 0.88046875 0.48671875 0.880078125 0.494921875 0.87890625 0.4984375 0.875390625
1 0.315625 0.733984375 0.302734375 0.725 0.275390625 0.7203125 0.275 0.734765625 0.27890625 0.748046875 0.29453125 0.776953125 0.313671875 0.7875 0.334375 0.790234375 0.33828125 0.787109375 0.315625 0.733984375
1 0.36484375 0.836328125 0.349609375 0.8125 0.335546875 0.80234375 0.312109375 0.79453125 0.30546875 0.795703125 0.31015625 0.814453125 0.324609375 0.83828125 0.341796875 0.84765625 0.365625 0.851953125 0.36875 0.846484375 0.36484375 0.836328125
1 0.23203125 0.718359375 0.223828125 0.71171875 0.206640625 0.70546875 0.20859375 0.727734375 0.21875 0.749609375 0.230078125 0.76015625 0.2484375 0.767578125 0.25 0.765234375 0.23203125 0.718359375
1 0.265625 0.796484375 0.258984375 0.790625 0.237890625 0.78203125 0.23671875 0.785546875 0.25234375 0.819921875 0.273828125 0.8328125 0.28828125 0.837109375 0.27890625 0.816015625 0.265625 0.796484375
1 0.790625 0.466015625 0.7875 0.449609375 0.78125 0.437109375 0.773828125 0.4296875 0.752734375 0.43046875 0.74921875 0.436328125 0.74921875 0.444921875 0.76328125 0.462109375 0.76640625 0.473046875 0.7859375 0.476171875 0.790625 0.471484375 0.790625 0.466015625
1 0.74140625 0.371484375 0.729296875 0.36328125 0.714453125 0.36484375 0.71484375 0.380078125 0.725 0.398828125 0.75 0.405078125 0.75234375 0.396484375 0.74140625 0.371484375
1 0.8078125 0.775390625 0.804296875 0.76796875 0.792578125 0.76953125 0.76875 0.787109375 0.7640625 0.798046875 0.772265625 0.80703125 0.775 0.806640625 0.80625 0.785546875 0.8078125 0.775390625
1 0.84140625 0.726953125 0.8421875 0.716796875 0.839453125 0.71328125 0.826171875 0.71953125 0.8171875 0.729296875 0.81171875 0.744921875 0.8109375 0.759765625 0.8140625 0.761328125 0.834375 0.744921875 0.84140625 0.726953125
1 0.3125 0.296484375 0.310546875 0.2875 0.297265625 0.28984375 0.29140625 0.294921875 0.28359375 0.315234375 0.284765625 0.31953125 0.2890625 0.319140625 0.3078125 0.311328125 0.3125 0.296484375
1 0.280078125 0.28203125 0.269140625 0.2828125 0.26328125 0.287109375 0.253125 0.306640625 0.259375 0.308984375 0.2734375 0.301953125 0.280078125 0.28203125
0 0.8234375 0.309765625 0.82890625 0.308203125 0.83125 0.293359375 0.82578125 0.286328125 0.82890625 0.274609375 0.8234375 0.273046875 0.82265625 0.266796875 0.827734375 0.2625 0.83046875 0.270703125 0.83671875 0.273046875 0.837890625 0.2796875 0.845703125 0.27890625 0.855078125 0.2859375 0.859765625 0.28359375 0.863671875 0.2875 0.86484375 0.279296875 0.85390625 0.263671875 0.846875 0.258984375 0.85234375 0.255859375 0.847265625 0.25078125 0.844921875 0.25703125 0.8390625 0.255078125 0.83828125 0.250390625 0.843359375 0.246875 0.831640625 0.2375 0.8296875 0.241015625 0.8328125 0.244140625 0.82734375 0.246484375 0.821875 0.239453125 0.824609375 0.23125 0.816796875 0.22734375 0.812890625 0.2328125 0.807421875 0.2296875 0.80546875 0.226171875 0.81328125 0.223828125 0.796484375 0.21171875 0.791796875 0.21484375 0.79140625 0.208203125 0.784765625 0.20390625 0.776953125 0.209375 0.7765625 0.204296875 0.780859375 0.20390625 0.780859375 0.2 0.766015625 0.19453125 0.753515625 0.184375 0.698828125 0.1609375 0.694140625 0.15625 0.644921875 0.14140625 0.638671875 0.14140625 0.635546875 0.14453125 0.631640625 0.13671875 0.562109375 0.1234375 0.525390625 0.1234375 0.518359375 0.12109375 0.496875 0.126171875 0.499609375 0.134375 0.515234375 0.13515625 0.528515625 0.1484375 0.537890625 0.153125 0.544140625 0.15234375 0.5453125 0.157421875 0.553515625 0.16328125 0.566796875 0.16484375 0.571875 0.169140625 0.572265625 0.1765625 0.576953125 0.1734375 0.58359375 0.176953125 0.58125 0.180859375 0.583984375 0.1828125 0.592578125 0.184375 0.596484375 0.18203125 0.608984375 0.18828125 0.618359375 0.20078125 0.641015625 0.20625 0.643359375 0.2 0.65546875 0.215234375 0.6546875 0.219921875 0.658984375 0.22578125 0.685546875 0.23671875 0.724609375 0.26640625 0.736328125 0.28046875 0.754296875 0.290625 0.761328125 0.2890625 0.828125 0.326171875 0.8296875 0.313671875 0.8234375 0.309765625
0 0.9265625 0.415234375 0.91796875 0.375390625 0.91015625 0.354296875 0.8875 0.322265625 0.831640625 0.2671875 0.821484375 0.25859375 0.817578125 0.25859375 0.85 0.336328125 0.87265625 0.369140625 0.87890625 0.373046875 0.8890625 0.394140625 0.9109375 0.426953125 0.93046875 0.473046875 0.93125 0.455078125 0.9265625 0.415234375