1 0.600390625 0.64609375 0.6109375 0.632421875 0.609375 0.592578125 0.603125 0.565234375 0.609765625 0.5625 0.61171875 0.557421875 0.600390625 0.553125 0.594921875 0.54140625 0.570703125 0.52890625 0.533203125 0.52890625 0.523046875 0.5375 0.512109375 0.53828125 0.494140625 0.55078125 0.48125 0.553515625 0.48125 0.557421875 0.48984375 0.564453125 0.4875 0.608984375 0.49609375 0.647265625 0.508203125 0.65078125 0.54765625 0.651171875 0.594140625 0.64921875 0.600390625 0.64609375
1 0.37890625 0.719921875 0.38203125 0.713671875 0.356640625 0.69609375 0.292578125 0.68046875 0.28828125 0.717578125 0.29921875 0.749609375 0.344921875 0.76640625 0.370703125 0.77265625 0.38203125 0.772265625 0.384375 0.747265625 0.37890625 0.719921875
1 0.28828125 0.369140625 0.298828125 0.3609375 0.330078125 0.35546875 0.34296875 0.357421875 0.35546875 0.326171875 0.35078125 0.312890625 0.354296875 0.30078125 0.341796875 0.2953125 0.325390625 0.2984375 0.308203125 0.303125 0.29140625 0.314453125 0.284375 0.350390625 0.28671875 0.368359375 0.284375 0.373046875 0.2875 0.376171875 0.290625 0.373828125 0.28828125 0.369140625
1 0.39765625 0.235546875 0.396875 0.223828125 0.4 0.219921875 0.388671875 0.2140625 0.356640625 0.22109375 0.34296875 0.234765625 0.33671875 0.251171875 0.3390625 0.256640625 0.388671875 0.24765625 0.39765625 0.235546875
1 0.4890625 0.162109375 0.482421875 0.15625 0.465234375 0.1546875 0.4484375 0.164453125 0.4484375 0.169140625 0.453515625 0.17265625 0.4765625 0.172265625 0.490625 0.169140625 0.4890625 0.162109375
1 0.7296875 0.323828125 0.7203125 0.310546875 0.7171875 0.294921875 0.706640625 0.2890625 0.685546875 0.28359375 0.676953125 0.2859375 0.671875 0.294921875 0.67734375 0.312890625 0.68359375 0.316796875 0.692578125 0.33046875 0.71953125 0.337109375 0.72734375 0.333984375 0.7296875 0.323828125
1 0.633203125 0.21015625 0.623828125 0.20625 0.6125 0.208984375 0.616015625 0.221875 0.628515625 0.2328125 0.63984375 0.233984375 0.64296875 0.231640625 0.633203125 0.21015625
1 0.69921875 0.272265625 0.691015625 0.2640625 0.666796875 0.25078125 0.651171875 0.23828125 0.63515625 0.235546875 0.6375 0.251953125 0.651171875 0.2671875 0.687109375 0.28203125 0.6984375 0.282421875 0.70078125 0.281640625 0.69921875 0.272265625
1 0.819921875 0.596875 0.828125 0.590234375 0.82890625 0.533203125 0.8265625 0.517578125 0.82109375 0.506640625 0.812109375 0.5015625 0.797265625 0.503125 0.7921875 0.514453125 0.78515625 0.521484375 0.7875 0.536328125 0.78203125 0.572265625 0.78203125 0.607421875 0.78515625 0.611328125 0.791015625 0.60625 0.819921875 0.596875
1 0.819921875 0.66171875 0.83046875 0.662890625 0.83671875 0.640234375 0.83671875 0.600390625 0.832421875 0.59609375 0.823828125 0.5953125 0.808984375 0.6 0.798828125 0.60546875 0.79296875 0.615234375 0.7859375 0.645703125 0.7875 0.668359375 0.78515625 0.678515625 0.78984375 0.680078125 0.798828125 0.671875 0.819921875 0.66171875
1 0.654296875 0.83359375 0.665625 0.819140625 0.6703125 0.794921875 0.678125 0.788671875 0.642578125 0.78828125 0.616015625 0.79609375 0.596484375 0.79765625 0.576953125 0.8078125 0.57421875 0.847265625 0.578515625 0.85 0.59296875 0.849609375 0.632421875 0.8421875 0.654296875 0.83359375
1 0.771484375 0.8015625 0.784375 0.783984375 0.790625 0.757421875 0.783984375 0.75625 0.770703125 0.7609375 0.728515625 0.784375 0.7140625 0.806640625 0.71875 0.826171875 0.746484375 0.81640625 0.771484375 0.8015625
1 0.435546875 0.85859375 0.420703125 0.8515625 0.351171875 0.8359375 0.340625 0.839453125 0.3484375 0.844140625 0.3546875 0.864453125 0.366015625 0.875 0.406640625 0.88671875 0.43671875 0.889453125 0.4390625 0.884765625 0.435546875 0.85859375
1 0.672265625 0.909375 0.678125 0.901953125 0.662109375 0.903125 0.651171875 0.9 0.634765625 0.91171875 0.605078125 0.921875 0.5984375 0.928515625 0.60234375 0.930859375 0.658984375 0.91640625 0.672265625 0.909375
3 0.823046875 0.42890625 0.82578125 0.426953125 0.83125 0.405078125 0.8375 0.404296875 0.835546875 0.39921875 0.831640625 0.40390625 0.83046875 0.400390625 0.83359375 0.396484375 0.83125 0.391015625 0.8375 0.388671875 0.835546875 0.3828125 0.83125 0.385546875 0.834375 0.380078125 0.83125 0.377734375 0.83359375 0.373046875 0.8296875 0.355859375 0.83125 0.346484375 0.8375 0.345703125 0.83125 0.341796875 0.83515625 0.333203125 0.828125 0.308203125 0.8046875 0.251953125 0.769140625 0.21171875 0.730078125 0.18359375 0.710546875 0.16484375 0.686328125 0.1515625 0.669921875 0.14765625 0.639453125 0.1328125 0.624609375 0.128125 0.612109375 0.12890625 0.60859375 0.139453125 0.60390625 0.141015625 0.6046875 0.145703125 0.597265625 0.146875 0.59453125 0.153515625 0.60390625 0.157421875 0.6015625 0.161328125 0.61015625 0.165234375 0.610546875 0.17109375 0.617578125 0.171875 0.621875 0.176171875 0.62265625 0.185546875 0.61484375 0.192578125 0.63203125 0.204296875 0.63125 0.216015625 0.6390625 0.226953125 0.6390625 0.235546875 0.653515625 0.23828125 0.663671875 0.24765625 0.669921875 0.24921875 0.676171875 0.2578125 0.68984375 0.261328125 0.690625 0.271484375 0.698046875 0.27109375 0.703125 0.281640625 0.71875 0.294921875 0.72109375 0.309765625 0.73203125 0.325390625 0.7328125 0.348046875 0.746484375 0.3609375 0.759375 0.365234375 0.771875 0.384765625 0.776171875 0.4046875 0.795703125 0.40859375 0.808203125 0.4234375 0.81328125 0.423828125 0.81640625 0.430859375 0.819921875 0.425 0.823046875 0.42890625
3 0.6296875 0.188671875 0.62421875 0.184765625 0.6265625 0.172265625 0.619140625 0.16953125 0.61796875 0.163671875 0.61953125 0.144921875 0.625 0.146484375 0.629296875 0.1296875 0.617578125 0.12578125 0.605078125 0.12578125 0.584765625 0.11796875 0.54921875 0.123828125 0.546484375 0.13828125 0.558984375 0.14375 0.565234375 0.15234375 0.574609375 0.15625 0.588671875 0.16953125 0.608203125 0.18046875 0.613671875 0.17890625 0.60859375 0.184765625 0.616015625 0.1875 0.61640625 0.192578125 0.628125 0.199609375 0.63125 0.196484375 0.6296875 0.188671875
1 0.553515625 0.1453125 0.53671875 0.148046875 0.53671875 0.154296875 0.542578125 0.15859375 0.5703125 0.160546875 0.5765625 0.156640625 0.553515625 0.1453125
0 0.550390625 0.08515625 0.575390625 0.09140625 0.580859375 0.09140625 0.58671875 0.085546875 0.573828125 0.06640625 0.497265625 0.06015625 0.423046875 0.0671875 0.4015625 0.087109375 0.40078125 0.090234375 0.4046875 0.092578125 0.477734375 0.08125 0.550390625 0.08515625
1 0.93359375 0.564453125 0.9328125 0.541796875 0.927734375 0.53671875 0.91796875 0.542578125 0.91171875 0.554296875 0.9046875 0.591796875 0.90546875 0.597265625 0.9109375 0.598046875 0.92578125 0.582421875 0.93359375 0.564453125
1 0.19921875 0.329296875 0.198046875 0.3125 0.182421875 0.31953125 0.17109375 0.337109375 0.159375 0.373828125 0.16171875 0.380078125 0.18515625 0.367578125 0.19921875 0.329296875
1 0.13203125 0.576171875 0.124609375 0.56875 0.114453125 0.5671875 0.1125 0.612109375 0.12109375 0.646484375 0.129296875 0.65703125 0.15 0.673046875 0.14765625 0.644921875 0.13203125 0.576171875
1 0.14921875 0.677734375 0.137109375 0.6625 0.125390625 0.6546875 0.125 0.675390625 0.13359375 0.701953125 0.16171875 0.733984375 0.1640625 0.730078125 0.14921875 0.677734375
1 0.1578125 0.730859375 0.144140625 0.7140625 0.133984375 0.709375 0.13671875 0.726171875 0.146875 0.749609375 0.159765625 0.76640625 0.178125 0.778515625 0.17734375 0.771484375 0.1578125 0.730859375
1 0.18984375 0.809765625 0.17265625 0.783984375 0.158984375 0.7703125 0.148046875 0.7640625 0.1453125 0.768359375 0.14765625 0.779296875 0.15703125 0.796484375 0.185546875 0.82421875 0.19375 0.825390625 0.19453125 0.819921875 0.18984375 0.809765625
1 0.1078125 0.521484375 0.10546875 0.502734375 0.098828125 0.4953125 0.09375 0.501171875 0.0875 0.545703125 0.0921875 0.556640625 0.103125 0.561328125 0.10703125 0.555859375 0.1078125 0.521484375
1 0.11875 0.466796875 0.11875 0.446484375 0.115234375 0.4375 0.10546875 0.445703125 0.096875 0.490234375 0.09765625 0.495703125 0.10390625 0.502734375 0.1109375 0.504296875 0.11484375 0.498046875 0.11875 0.466796875
1 0.09453125 0.436328125 0.091796875 0.41953125 0.08515625 0.423046875 0.0796875 0.437109375 0.0765625 0.462890625 0.08203125 0.466015625 0.08828125 0.458203125 0.09453125 0.436328125
1 0.11328125 0.421484375 0.117578125 0.38671875 0.109375 0.390234375 0.10234375 0.408984375 0.1 0.430859375 0.1046875 0.431640625 0.11015625 0.428515625 0.11328125 0.421484375
1 0.10390625 0.580859375 0.097265625 0.57109375 0.090234375 0.5703125 0.0875 0.576171875 0.08828125 0.611328125 0.096875 0.619140625 0.10234375 0.630078125 0.11015625 0.635546875 0.109375 0.604296875 0.10390625 0.580859375
1 0.10703125 0.644140625 0.0984375 0.620703125 0.090234375 0.61328125 0.08828125 0.632421875 0.090625 0.651171875 0.096875 0.667578125 0.1140625 0.686328125 0.1140625 0.670703125 0.10703125 0.644140625
1 0.10546875 0.674609375 0.098046875 0.6703125 0.0953125 0.674609375 0.10234375 0.702734375 0.1109375 0.717578125 0.123828125 0.73125 0.12734375 0.731640625 0.115625 0.691015625 0.10546875 0.674609375
1 0.25234375 0.240234375 0.25703125 0.227734375 0.255078125 0.22265625 0.248046875 0.22421875 0.23515625 0.234765625 0.22421875 0.250390625 0.22421875 0.254296875 0.22890625 0.255078125 0.244921875 0.24765625 0.25234375 0.240234375
1 0.2796875 0.205859375 0.27890625 0.199609375 0.274609375 0.1984375 0.262890625 0.20390625 0.2515625 0.216015625 0.2484375 0.224609375 0.272265625 0.21640625 0.2796875 0.205859375
1 0.315625 0.162109375 0.310546875 0.1609375 0.296484375 0.16796875 0.2921875 0.173046875 0.292578125 0.1765625 0.29609375 0.176171875 0.312109375 0.1703125 0.315625 0.162109375
1 0.17578125 0.326953125 0.18046875 0.317578125 0.179296875 0.3015625 0.167578125 0.30625 0.15625 0.323046875 0.1515625 0.333984375 0.15390625 0.345703125 0.166015625 0.33984375 0.17578125 0.326953125
1 0.08046875 0.604296875 0.073828125 0.59765625 0.0703125 0.601171875 0.07421875 0.637109375 0.07890625 0.646484375 0.08828125 0.651953125 0.08515625 0.617578125 0.08046875 0.604296875
1 0.062109375 0.546875 0.0578125 0.549609375 0.0578125 0.578515625 0.06171875 0.592578125 0.066015625 0.59765625 0.06953125 0.597265625 0.06875 0.561328125 0.062109375 0.546875
2 0.883203125 0.5390625 0.8765625 0.557421875 0.871875 0.591796875 0.875 0.598828125 0.884375 0.563671875 0.883203125 0.5390625
2 0.6953125 0.341015625 0.689453125 0.33203125 0.678515625 0.32734375 0.67109375 0.333203125 0.6703125 0.342578125 0.682421875 0.35546875 0.6921875 0.357421875 0.696875 0.353515625 0.6953125 0.341015625