1 0.7719034215017064 0.32829006569965874 0.7756066732081911 0.3243188139931741 0.7714215622866895 0.3022671390784983 0.751381223549488 0.26625517918088737 0.7166361578498293 0.22478038310580206 0.6832852295221843 0.211004180887372 0.6516153839590444 0.20869506655290104 0.6499153549488055 0.22113398805460752 0.6575113558020478 0.2430665529010239 0.6835505298634812 0.2797227909556314 0.6928817542662116 0.30244852218430035 0.7012655068259386 0.3102664982935154 0.7247059035836177 0.3214006151877133 0.7604065554607508 0.32911842576791805 0.7719034215017064 0.32829006569965874
1 0.49022618515358357 0.5746186390784983 0.572910494880546 0.5708774769624573 0.5880808344709897 0.5652251424914675 0.5974553668941979 0.5525182218430035 0.6008554249146757 0.5276403788395905 0.5962723720136519 0.46974457849829354 0.5808610938566553 0.39515166040955635 0.5897104581911263 0.39185446501706483 0.5916487098976109 0.3862373242320819 0.5773256766211604 0.3794805153583618 0.5642912013651877 0.36072603498293515 0.5568495042662116 0.35543644880546077 0.5207969351535836 0.3498653336177474 0.4739567508532423 0.3532085537542662 0.44699718430034135 0.3635413890784983 0.43415220648464165 0.3746619752559727 0.4309795375426621 0.381602866894198 0.42654809044368597 0.4013941518771331 0.43293403668941977 0.4131238233788396 0.4404623677474403 0.48201568344709894 0.44033514163822524 0.5272695341296928 0.4441141962457338 0.5621418250853243 0.4518238933447099 0.5751059138225256 0.46785237116040956 0.5818031680887372 0.49022618515358357 0.5746186390784983
1 0.2690299419795222 0.4747689180887372 0.29860723122866895 0.4660521945392491 0.3098360972696246 0.4575493310580204 0.3178571015358362 0.4427552704778157 0.31977910494880546 0.40000003242320814 0.3292565008532423 0.35356590443686003 0.3276295580204778 0.33142489590443686 0.33418333873720135 0.32351217064846416 0.3339748941979522 0.31754311348122866 0.3219718071672355 0.30387519027303755 0.29139290699658704 0.3083580784982935 0.2687267303754266 0.3193947482935154 0.254999252559727 0.3296923899317406 0.2412176348122867 0.35066395221843005 0.2417238558020478 0.3651602354948806 0.22749828924914675 0.4467644325938567 0.23433090102389076 0.4712849419795222 0.24565451621160408 0.47771961177474404 0.2690299419795222 0.4747689180887372
1 0.3385362662116041 0.19145387116040957 0.36037949744027303 0.18129970221843003 0.3671065290102389 0.16612394709897613 0.36742325255972696 0.15074516296928328 0.33816810238907846 0.1564624684300341 0.3138262585324232 0.16841141638225254 0.3093000622866894 0.17326516723549487 0.3016661680887372 0.19914462116040954 0.3034609470989761 0.2016432337883959 0.3385362662116041 0.19145387116040957
1 0.16265074829351536 0.2889485068259386 0.18375495221843002 0.2698556399317406 0.20229557252559727 0.23847273976109215 0.20402537969283277 0.22688654180887372 0.18803209470989762 0.2334213762798635 0.17601006228668942 0.24365946245733788 0.15826260836177475 0.2733071390784983 0.1579458848122867 0.2886859223549488 0.16265074829351536 0.2889485068259386
1 0.1008324385665529 0.4012426006825939 0.11188805375426622 0.40000276706484644 0.1277865895904437 0.3785303993174062 0.14131915358361774 0.32597832423208195 0.13987629266211604 0.32133301706484646 0.12068056228668943 0.3339560204778157 0.10466291552901023 0.35201749829351536 0.08968207423208192 0.38754490017064847 0.0861033489761092 0.40730640699658704 0.08875084982935154 0.40977524146757677 0.1008324385665529 0.4012426006825939
1 0.12843898293515357 0.3238668225255973 0.13939443344709898 0.295310090443686 0.1378920162116041 0.28895933788395906 0.12830904010238908 0.29569720136518773 0.11041269795221843 0.3210812653583618 0.10668508447098976 0.336579159556314 0.10865852901023891 0.3441941066552901 0.12843898293515357 0.3238668225255973
1 0.10747557081911263 0.5303556220136518 0.11041001706484642 0.5165929505119454 0.11379924402730375 0.46695637627986347 0.11951924914675768 0.43516741979522183 0.11913213822525597 0.42408202730375427 0.11169044112627986 0.4187924411262799 0.0989943523890785 0.43417664078498297 0.0888131228668942 0.4849041587030717 0.0884178976109215 0.5224835068259386 0.09039134215017065 0.5300984539249147 0.09736201109215017 0.5341238447098976 0.10747557081911263 0.5303556220136518
1 0.8331018139931741 0.2104681638225256 0.811594252559727 0.18133754010238906 0.7935625520477816 0.16617261604095565 0.7736223788395904 0.15747755631399316 0.7734193506825939 0.16388786433447097 0.8089278054607508 0.20277471501706484 0.8263098114334472 0.21155910836177474 0.8331018139931741 0.2104681638225256
1 0.8603510435153583 0.257327295221843 0.8592600989761092 0.25053529180887374 0.8341629812286689 0.21640744368600684 0.8082483336177475 0.19554146160409555 0.7927206612627986 0.19096112542662116 0.7898701322525598 0.19490259897610923 0.8263206433447099 0.2363178395904437 0.8552347081911262 0.25750596160409556 0.8603510435153583 0.257327295221843
1 0.9516871228668943 0.40354619027303756 0.9514489010238907 0.396724409556314 0.937288287542662 0.35794583873720137 0.9199550059726963 0.32610815870307164 0.9106291970989762 0.315761792662116 0.9028653609215017 0.3134716245733788 0.900837776450512 0.3165305981228669 0.9046655554607509 0.3283496032423208 0.9341562286689421 0.39049818430034133 0.9448653430034131 0.40378441211604094 0.9516871228668943 0.40354619027303756
1 0.9780267909556315 0.5221531262798635 0.9794642372013652 0.5144190682593857 0.9754767380546076 0.47357771843003416 0.9636658481228668 0.4287407559726963 0.9564271791808874 0.41704086262798634 0.951722316552901 0.4167782790102389 0.9503200648464164 0.4377444257679181 0.9641152312286689 0.514955066552901 0.9669711757679181 0.5233929590443687 0.9713241220136519 0.5258022380546076 0.9780267909556315 0.5221531262798635
3 1 0.49127246928327645 0.9959069675767919 0.3740633600682594 0.9872713626279863 0.3468090042662116 0.9737360819112627 0.3259376066552901 0.9698785255972697 0.31326587969283276 0.9563784377133105 0.30562656996587034 0.958297742320819 0.3239154385665529 0.9563297133105803 0.3286798566552901 0.9483628489761091 0.33279999658703074 0.9489584035836177 0.3498544470989761 0.9576453498293515 0.3785790145051195 0.9677399633105802 0.3987168011945392 0.9810884633105802 0.4631366040955632 0.9936221339590444 0.47977416723549493 1 0.5092630656996587 1 0.49127246928327645
3 0.8769777747440274 0.2200348933447099 0.8776220529010239 0.21403605716723548 0.8687672730375426 0.20495388651877133 0.871880385665529 0.19630755034129693 0.8609330494880546 0.17619954180887373 0.8331938464163823 0.15198222525597269 0.8131643395904437 0.14072899744027303 0.79366 0.12006604351535835 0.7265710332764505 0.0814282457337884 0.6936613549488054 0.0680635162116041 0.6752533754266212 0.06657193088737201 0.6704050401023891 0.07442510068259386 0.6754374581911263 0.08406763225255973 0.7101121365187714 0.09907825170648464 0.7198494172354949 0.10898336689419795 0.7424370921501706 0.12014726194539249 0.7556745955631399 0.1324914343003413 0.7809693267918089 0.14782960836177475 0.7929128583617747 0.15979208617747442 0.7922388020477815 0.16493819880546076 0.801326388225256 0.16846278412969282 0.8146830034129693 0.18421784726962456 0.8195015614334471 0.17551195563139932 0.8395906237201366 0.18847062798634812 0.8744196066552901 0.220124226109215 0.8769777747440274 0.2200348933447099
3 0.10193155204778157 0.7627725989761092 0.10163377474402731 0.7542453737201366 0.0919452175767918 0.7212869709897611 0.08096810409556314 0.7003262406143346 0.07419504778156998 0.6775111757679181 0.06666401706484641 0.6696634223549488 0.05551906911262799 0.668345087883959 0.049317204778157 0.6741111168941979 0.04864314846416382 0.6792572303754266 0.060651651023890786 0.705304518771331 0.06371604010238908 0.7197114684300342 0.0774597662116041 0.7465519240614334 0.08531293515358362 0.7514002602389079 0.08822843600682594 0.7615435972696245 0.09352343771331058 0.7664812662116042 0.10193155204778157 0.7627725989761092
3 0.0663797704778157 0.624850821672355 0.06469327133105802 0.6010043677474403 0.0683017747440273 0.5820955836177474 0.0667641638225256 0.5625127423208192 0.06208366296928327 0.5507235153583617 0.06449294197952218 0.546370569112628 0.06231105375426621 0.532786563993174 0.06956866808873721 0.5205804488054607 0.06430344453924915 0.516495502559727 0.06844794624573379 0.512935723549488 0.06813933703071672 0.47964976706484647 0.07391889675767918 0.4495662559726963 0.07801195819112627 0.3956362909556314 0.07359945648464164 0.391521566552901 0.077714180887372 0.3871090656996587 0.07330167918088737 0.38299434129692833 0.07653390358361774 0.37775889505119453 0.06832881740614334 0.37505725426621156 0.0586267295221843 0.3783842278156997 0.049872114334470995 0.3966189556313993 0.037630823378839585 0.5105968319112628 0.03868387542662116 0.5652008523890785 0.05779298976109215 0.6234431535836178 0.0621757133105802 0.6267051552901024 0.0663797704778157 0.624850821672355
3 0.21152933020477815 0.17283746587030716 0.2322518395904437 0.15503857167235496 0.2515612653583618 0.13344709300341295 0.2537918779863481 0.1239778114334471 0.24558679180887372 0.12127617064846416 0.2238328933447099 0.13398850767918088 0.19291290699658703 0.16537682252559727 0.1913265733788396 0.16884726877133108 0.1958879633105802 0.17722560494880546 0.21152933020477815 0.17283746587030716
3 0.11995506484641638 0.28873194795221846 0.14496554863481229 0.259257521331058 0.14960544027303754 0.2454352943686007 0.17746645392491467 0.21201939505119452 0.18004898293515356 0.20040341894197952 0.16893381228668944 0.1999378063139932 0.13295704607508532 0.23321023293515356 0.10830931058020478 0.2852966953924915 0.11037208873720136 0.2954698105802048 0.11995506484641638 0.28873194795221846
3 0.2776924709897611 0.11161739163822526 0.2994761467576792 0.09975777815699659 0.32443249146757674 0.08095727218430034 0.33216113395904434 0.0700153523890785 0.3072589291808874 0.07814193686006826 0.2787428063139932 0.09279794027303755 0.26707810580204777 0.1132686970989761 0.2776924709897611 0.11161739163822526
3 0.07996915529010239 0.36611314078498297 0.09219421672354948 0.3494647465870307 0.09769224658703071 0.34799210750853243 0.09583791296928328 0.34378805034129695 0.10336352730375427 0.3392564377133106 0.10870725341296927 0.32114082081911266 0.10793844795221844 0.3113494001706485 0.10461689078498293 0.314026678327645 0.09858827730375427 0.31252967747440275 0.09538583105802047 0.31861784641638224 0.08676927303754267 0.31635745563139933 0.0700775699658703 0.3395650469283277 0.06720267918088738 0.3550331638225256 0.07014795733788397 0.366029223549488 0.07996915529010239 0.36611314078498297
1 0.35537955631399315 0.11146578583617747 0.36660842235494884 0.1029629223549488 0.36645953412969284 0.09869930972696246 0.3540801680887372 0.09870472610921502 0.3422909411262799 0.10338522696245733 0.32694735068259384 0.11630059129692832 0.3278894061433447 0.11882898122866893 0.35537955631399315 0.11146578583617747
1 0.9542290981228668 0.7697214965870307 0.962220324232082 0.7540747133105802 0.976169776450512 0.7134607542662116 0.9777209172354949 0.6967582201365188 0.9698136083617747 0.7025838054607508 0.9586497133105802 0.7251714795221843 0.9417658148464163 0.7795481100682594 0.9542290981228668 0.7697214965870307