1 0.48446613737201366 0.4864874061433447 0.4878091800341297 0.4907663054607508 0.516603180887372 0.49430176365187717 0.5418906587030717 0.49138912542662117 0.5667471902730375 0.48498497354948805 0.5712340571672355 0.4799481663822525 0.5733726936860069 0.4415265076791809 0.5606989351535836 0.42922473976109216 0.5163490998293515 0.42635821501706483 0.49804464931740616 0.4284089616040956 0.4888479368600683 0.43329729692832764 0.48446613737201366 0.4864874061433447
1 0.2833401604095563 0.5142308924914676 0.28764907935153583 0.5246459368600682 0.3053296254266212 0.5276764846416382 0.34077969112627987 0.5260116552901024 0.35645452047781573 0.5313748822525597 0.36348203498293513 0.5266500273037543 0.37658511262798633 0.46894303156996586 0.36431228156996587 0.4463746919795221 0.33657313054607507 0.44124945307167235 0.32367693686006827 0.4482624991467577 0.3002911919795222 0.4496893412969283 0.2929517252559727 0.45695484300341294 0.28953471843003414 0.46728091296928326 0.2833401604095563 0.5142308924914676
1 0.227264180887372 0.35131914931740615 0.23319235750853243 0.35204703754266214 0.2776756552901024 0.3433246749146757 0.2880161919795222 0.3291206322525597 0.29642497696245734 0.3026443011945392 0.29808872269624576 0.28909418259385666 0.29569654692832764 0.284072385665529 0.29071923634812286 0.2826015981228669 0.277927026450512 0.2887677627986348 0.24127363822525597 0.2967322175767918 0.234424614334471 0.3105053139931741 0.2255554061433447 0.344232138225256 0.227264180887372 0.35131914931740615
1 0.12365029778156997 0.4705532423208191 0.1303808694539249 0.4752480776450512 0.15164190358361776 0.4701217542662116 0.16774713651877135 0.45447640273037543 0.17256042320819112 0.4292778993174061 0.1725003848122867 0.4017617269624573 0.1649229300341297 0.39696290784982935 0.13436119965870308 0.40782444965870307 0.1297703489761092 0.4137081390784983 0.12595241467576793 0.43430078071672357 0.12365029778156997 0.4705532423208191
1 0.5947977508532424 0.4630694735494881 0.5944118336177474 0.48021508959044373 0.5970119778156997 0.48354312201365185 0.6361765358361774 0.48663262542662117 0.6441549163822525 0.48116487201365193 0.6556542883959044 0.4645241672354949 0.6573180332764506 0.45097404863481233 0.650988388225256 0.436012640784983 0.6398599232081912 0.4286286868600683 0.6169940989761092 0.42582111689419794 0.6032360127986348 0.4258511365187713 0.598481680887372 0.4295656279863481 0.5947977508532424 0.4630694735494881
1 0.6828284889078499 0.4532466894197952 0.689351093003413 0.4596352892491467 0.7184570460750853 0.46063010068259386 0.7252615827645051 0.4507199675767918 0.7273562738907849 0.44066136348122864 0.7270143020477815 0.42944392406143345 0.7207441535836178 0.41749859641638226 0.7101951066552901 0.40889631058020476 0.6984427372013652 0.4065936510238908 0.6837487943686006 0.41424561262798637 0.6828284889078499 0.4532466894197952
1 0.6883311399317407 0.6954839854948806 0.6929370008532423 0.6964793395904436 0.7286095034129693 0.6754996962457338 0.7365133771331058 0.660136819112628 0.73765720221843 0.6508211134812286 0.734626111774744 0.6440015674061433 0.7173765119453924 0.6444625324232082 0.7009443174061434 0.6557694880546074 0.6889995315699659 0.686539728668942 0.6883311399317407 0.6954839854948806
2 0.6319153566552901 0.6193551715017065 0.6446185921501706 0.6209149325938567 0.6560439991467577 0.6188791962457337 0.6579902192832765 0.6135304368600683 0.6487190008532423 0.6085236493174061 0.6316773686006826 0.6072908498293516 0.6223766723549489 0.6130260682593857 0.6319153566552901 0.6193551715017065
3 0.01705143771331058 0.6526051032423208 0.035802928327645055 0.7099250981228669 0.04176112372013652 0.7244110725255972 0.0536919837883959 0.735761973549488 0.1171191885665529 0.751286704778157 0.1906939718430034 0.7611802030716723 0.26287193259385666 0.7614460418088738 0.3279478720136519 0.7565416117747441 0.41395788395904437 0.7421724633105803 0.4814404675767918 0.724668781569966 0.5190892090443686 0.7120984658703071 0.5524440418088737 0.6959921484641638 0.5774635127986348 0.6672571023890784 0.5899877158703072 0.6352685298634813 0.597474569112628 0.5742929991467577 0.59582475 0.545721976109215 0.5873854035836178 0.5339401288395904 0.5662133438566552 0.5313405273037543 0.5014793754266211 0.5474623959044369 0.47914848122866893 0.5472994564846416 0.47143756569965867 0.5540895255972696 0.46635627133105806 0.5534656211604095 0.46189888139931745 0.5477604223549488 0.44732393259385667 0.5614445435153583 0.32726067662116043 0.587106180887372 0.20431480204778157 0.6012384266211604 0.19067570989761093 0.6073006066552901 0.021374281569965868 0.6208990059726962 0.014079302047781569 0.624301545221843 0.01705143771331058 0.6526051032423208
3 0.3433846962457338 0 0.294472252559727 0.013991953924914676 0.265396319112628 0.02675522866894198 0.22988729778156997 0.0499040699658703 0.17891195819112626 0.09049601109215016 0.12685229010238908 0.14341973976109215 0.10242724658703072 0.17781549744027306 0.10444797354948805 0.18236186092150172 0.1864904965870307 0.14429501535836176 0.25798451365187713 0.12212597610921501 0.3412459104095563 0.10913863907849829 0.4145827056313993 0.1069678156996587 0.5463844052901023 0.1257299795221843 0.6027245981228669 0.14296348549488053 0.6427810674061434 0.16679410153583618 0.6681875392491468 0.16991362457337883 0.7102347158703072 0.18453251877133106 0.7161628924914676 0.18526040699658702 0.7205457755972696 0.18107048208191126 0.7118834513651877 0.16410335750853244 0.6914687576791809 0.14483357252559725 0.6889870656996587 0.12303760836177474 0.6649763319112628 0.08054556058020478 0.6620787030716724 0.06213712627986349 0.6349629155290103 0.027430500000000003 0.6134488839590444 0.0136134590443686 0.6110418796928327 0.009879315699658702 0.5305813097269624 0 0.3433846962457338 0
3 0.16775689249146758 0.8954780622866895 0.1784249343003413 0.910112507679181 0.19304491211604097 0.917065516211604 0.20057787969283275 0.92572729778157 0.2710331399317406 0.9610272670648464 0.3263184829351536 0.9798505537542662 0.3836985162116041 0.9886152363481228 0.41290845392491465 0.9887631655290102 0.5018900588737202 0.9781974820819113 0.5372211313993174 0.970500492320819 0.5518110895904437 0.9636954138225257 0.5587791075085324 0.955954478668942 0.6241519897610921 0.9416303583617748 0.6512222064846417 0.9311997627986347 0.68179840443686 0.9027171715017065 0.6863297593856655 0.8938174018771331 0.7092545383959045 0.8751409607508531 0.7164155145051195 0.8588272175767918 0.7159695588737202 0.8484566604095564 0.7332781134812286 0.826511683447099 0.7440195767918089 0.8020410682593856 0.7340499470989762 0.7922204513651877 0.7343024027303754 0.7866637244027304 0.7245707593856655 0.788907428327645 0.7227135136518771 0.7865302627986348 0.7317022585324232 0.7833356911262799 0.732222178327645 0.7791012798634813 0.721896109215017 0.7756842721843002 0.7165623592150171 0.78061709556314 0.7180036689419795 0.7863817909556314 0.7012889991467577 0.789487388225256 0.6652600580204778 0.816870640784983 0.6351142636518772 0.8243446535836177 0.6169288071672355 0.8324275605802047 0.6119665068259386 0.8378358165529011 0.4944589078498294 0.8706884488054608 0.4493072184300342 0.888355069112628 0.4233808267918089 0.8894699581911263 0.3919722133105802 0.9002275162116041 0.3539815 0.90158039334471 0.2849680912969283 0.8965452124573378 0.27906993344709896 0.9095754095563141 0.24030630290102387 0.8962193344709898 0.23415514846416385 0.8903061672354949 0.21827235068259385 0.886636704778157 0.2099670085324232 0.8877660622866895 0.21210672866894198 0.8983445870307167 0.20952159470989762 0.9018955972696245 0.20274653498293516 0.9010637252559727 0.1991360281569966 0.8954625102389079 0.190132273890785 0.8917780383959044 0.16716246587030717 0.8898173506825939 0.16775689249146758 0.8954780622866895
1 0.7624676203071672 0.5747796476109215 0.7685592781569967 0.5776767337883959 0.7849914735494881 0.5663697790102389 0.7909786049488055 0.5456136552901024 0.7872046160409556 0.5378432431740614 0.7780968779863481 0.5350056527303754 0.7670579300341297 0.5443958660409557 0.7629280443686006 0.5675291552901024 0.7624676203071672 0.5747796476109215
1 0.7552037448805461 0.640940457337884 0.7603445358361774 0.6445804419795221 0.7750829658703072 0.6330655187713311 0.7827788720136518 0.619396406996587 0.7815305213310579 0.6050589035836178 0.7703130819112628 0.6054008745733788 0.7622307167235495 0.6117155102389078 0.7557681518771331 0.6328430827645051 0.7552037448805461 0.640940457337884
1 0.75677309556314 0.390115343003413 0.7635036672354948 0.3948101783276451 0.773770239761092 0.39521110494880546 0.7787620179180887 0.379060843003413 0.7742896186006826 0.36647660153583617 0.7603530418088738 0.35745837969283273 0.7532660298634812 0.3591671535836177 0.75677309556314 0.390115343003413
1 0.7637700486348123 0.34713230972696246 0.7694457696245733 0.35341692576791806 0.785967481228669 0.35888413737201363 0.7896964402730375 0.3460174206484642 0.7870367994880546 0.33967330716723554 0.7663101535836178 0.32294416979522184 0.7611248754266212 0.32316714761092147 0.7637700486348123 0.34713230972696246
1 0.8079902167235494 0.5330883686006826 0.8166225221843003 0.536297406996587 0.8242739411262799 0.5264912576791809 0.8247788515358362 0.5153778029010239 0.8185681996587031 0.5064485554607508 0.8094754718430034 0.5104900093856656 0.8079902167235494 0.5330883686006826
1 0.7864611757679181 0.5123922841296928 0.7898787252559727 0.5265663071672355 0.7943806023890785 0.528408542662116 0.8068013626279863 0.5217669453924915 0.8093119906143345 0.5083208114334471 0.7987329240614335 0.48596043941979516 0.7927007627986348 0.48607943344709903 0.7886893293515358 0.49074479095563134 0.7864611757679181 0.5123922841296928