1 0.6955877379767827 0.7475057520729685 0.738319324212272 0.7406072039800995 0.7543372470978441 0.7255595713101161 0.7720612446102819 0.6952164859038142 0.7922938333333333 0.6476221724709784 0.804139072968491 0.6127575439469319 0.8066362288557214 0.5933923266998341 0.7612359543946932 0.5879462354892206 0.7570194087893864 0.5900830970149253 0.7249415804311774 0.6725420381426203 0.7006163565505804 0.7151172877280265 0.6895621990049752 0.7459121525704809 0.6955877379767827 0.7475057520729685
1 0.5357688059701492 0.874400315920398 0.5633974626865672 0.8713237122719735 0.5902674643449419 0.8482490248756219 0.5927989270315092 0.8352257794361526 0.6076292868988391 0.8110778839137646 0.5884222852404644 0.8077667744610282 0.5422537993366501 0.8106184286898839 0.5128294651741294 0.8424883805970149 0.502452035655058 0.8480735762852405 0.5037863789386401 0.854245895522388 0.497343368159204 0.8656641069651742 0.4993105779436152 0.8685806144278607 0.5357688059701492 0.874400315920398
1 0.7272349386401327 0.4651898888888889 0.7346711102819238 0.42693410364842455 0.7309616409618575 0.40256125787728025 0.7255460970149253 0.39348386650082917 0.6970348756218905 0.3837183109452736 0.6760207603648424 0.40708655970149255 0.6785312313432836 0.4202451517412935 0.6734225646766169 0.4378356824212272 0.673197615257048 0.45637551160862355 0.7160092495854063 0.4642748963515755 0.7223740920398011 0.46846857131011616 0.7272349386401327 0.4651898888888889
1 0.7284474112769486 0.3285830290215589 0.7298027462686567 0.30857350995024874 0.7236971600331675 0.2921819776119403 0.7121092968490879 0.2844389295190713 0.6959884552238806 0.28046064842454393 0.6898504419568823 0.2881369635157546 0.6873189792703152 0.30116020978441127 0.6901458839137645 0.31269089552238805 0.7248751666666666 0.3295780688225539 0.7284474112769486 0.3285830290215589
1 0.4545170182421227 0.253796324212272 0.46779951990049745 0.24412992951907134 0.46935881343283586 0.23176241956882254 0.4621571475953566 0.22318254726368156 0.43190554560530686 0.2223704742951907 0.41068747263681593 0.23809671393034826 0.4122257744610282 0.2519110422885572 0.4545170182421227 0.253796324212272
1 0.1495702512437811 0.6080047761194031 0.15447496019900497 0.5827722363184079 0.1529366583747927 0.568957907960199 0.1478375472636816 0.5582526102819237 0.1267872470978441 0.5448690688225538 0.12388217495854063 0.5489502686567165 0.12193971558872305 0.5806715605306799 0.1268806094527363 0.5921908109452736 0.1437143648424544 0.6077112139303482 0.1495702512437811 0.6080047761194031
1 0.6843091094527364 0.25580567661691545 0.6861848349917081 0.24181026119402985 0.6794578184079602 0.23078853067993366 0.6599000787728027 0.22276335572139302 0.6464364892205638 0.22901572305140963 0.648800179933665 0.24510225787728027 0.6781367893864013 0.2571400207296849 0.6843091094527364 0.25580567661691545
1 0.7467585323383085 0.28652816998341624 0.7475496144278607 0.2824584054726368 0.739781815920398 0.25940846849087895 0.7229823673300166 0.25023003731343285 0.7172961326699834 0.251236512437811 0.7142442786069652 0.2582456558872305 0.7166079693200663 0.27433219071310116 0.7417165986733002 0.28639282421227197 0.7467585323383085 0.28652816998341624
1 0.5547858018242123 0.18121353399668325 0.5617606384742952 0.17792341625207297 0.5635238905472637 0.17319791542288557 0.5579501301824212 0.1649344759535655 0.5366291384742953 0.16163480265339966 0.5280492669983416 0.16883646849087894 0.5282532247097844 0.1764784767827529 0.5547858018242123 0.18121353399668325
1 0.45184457213930346 0.180632048092869 0.4563775505804312 0.17686728109452737 0.4576204104477612 0.1661276766169154 0.4455578988391376 0.16082648756218904 0.4249155140961858 0.16272696351575455 0.41391665422885576 0.17368196102819236 0.41426739386401323 0.1783960265339967 0.420134715588723 0.18080357877280265 0.45184457213930346 0.180632048092869
1 0.7742499635157546 0.25808368076285243 0.7758549983416252 0.2541721326699834 0.7697608474295191 0.23989459038142621 0.7601287587064677 0.23295405970149252 0.7511867122719735 0.23332766998341625 0.750916020729685 0.24341153731343282 0.7545225721393034 0.24875846849087896 0.7709941517412935 0.2574508150912106 0.7742499635157546 0.25808368076285243
1 0.738050991708126 0.24006612189054727 0.7374848590381426 0.22559605721393036 0.7284970704809287 0.2175137056384743 0.7140041351575456 0.21385185655058045 0.7116423242122719 0.22817514096185737 0.7168767810945273 0.23383850497512437 0.7305671990049751 0.23945612686567164 0.738050991708126 0.24006612189054727
1 0.6888516434494196 0.22374508126036485 0.6896427255389718 0.2196753167495854 0.6848371766169155 0.20311413266998343 0.6695074179104478 0.1950660870646766 0.6579881666666667 0.20000698092868988 0.6562477860696517 0.20896046268656715 0.658882167495854 0.21496313018242125 0.6836514933665008 0.22442368822553896 0.6888516434494196 0.22374508126036485
1 0.6216195431177446 0.1806893847429519 0.6258132172470978 0.1743245422885572 0.6195837205638475 0.1650889336650083 0.6054072180762852 0.15979917993366502 0.5973019958540631 0.16455898673300165 0.5955387437810946 0.16928448756218906 0.5983313416252073 0.1744732023217247 0.6172219104477612 0.17941221807628524 0.6216195431177446 0.1806893847429519
1 0.7310170978441128 0.20237646849087895 0.7257597711442786 0.19248512354892205 0.7197227968490879 0.18877753399668326 0.7107807504145938 0.18915114344941955 0.7132797860696517 0.20019574543946933 0.7261562512437811 0.20565515091210615 0.7310170978441128 0.20237646849087895
1 0.6198772827529021 0.1592330472636816 0.6250659975124379 0.15644044941956883 0.6194922379767827 0.14817701077943615 0.6058132545605307 0.14467337893864013 0.5996523706467661 0.14812171310116085 0.598861288557214 0.1521914776119403 0.6040843101160862 0.15574085074626864 0.6198772827529021 0.1592330472636816
0 0.058529718076285236 0.3723738714759536 0.06110692205638474 0.3678065870646766 0.07521481260364843 0.36041239883913767 0.08052743781094528 0.3504638764510779 0.08798835903814262 0.3468458905472637 0.08957052321724711 0.3387063615257048 0.09556175538971808 0.33395799004975124 0.10037686069651741 0.3222233457711443 0.13042262520729683 0.28498359203980095 0.14064183830845772 0.2802123490878939 0.1706418623548922 0.23451663349917082 0.1821496774461028 0.2274617487562189 0.2068828175787728 0.20017051658374793 0.23654541625207298 0.182284543946932 0.2694848184079602 0.13884959950248757 0.28478982835820893 0.11225984577114428 0.3228169054726368 0.07741620895522387 0.3268294925373134 0.06763733830845771 0.29074487479270317 0.070759684079602 0.25488708540630184 0.08575201907131011 0.1885756144278607 0.1227000903814262 0.1386899825870647 0.1598845464344942 0.10480128192371475 0.2082032081260365 0.07518630348258706 0.2649549610281924 0.05115652072968491 0.33208414344941956 0.0481504096185738 0.3475492479270315 0.05011761857379768 0.35046575621890547 0.04387856633499171 0.3695259759535655 0.0452129096185738 0.3756982951907131 0.058529718076285236 0.3723738714759536
0 0.9491370406301824 0.6620599701492538 0.9661138184079602 0.6138327918739634 0.9808736865671641 0.5465911351575455 0.9859576028192372 0.4943628043117745 0.9834700024875621 0.4854321932006634 0.9863178980099503 0.47078104145936983 0.9812873996683251 0.4727596865671642 0.9768668963515754 0.4672545389718076 0.9856392910447761 0.46558089137645103 0.985887111111111 0.4512690431177446 0.9833290190713101 0.3992446708126037 0.9778791691542289 0.38382530762852407 0.9798006368159204 0.37828585323383085 0.9751189983416252 0.3545687446102819 0.9694327636815921 0.35557522056384744 0.965170476782753 0.34925612023217245 0.9677248101160862 0.3404608548922057 0.9650103805970149 0.31966025373134327 0.9577191111111112 0.32457827777777776 0.9537503864013267 0.3124032902155887 0.9550161177446104 0.30589166749585406 0.9463676326699835 0.3004093905472637 0.9432814734660033 0.30107656218905476 0.9429879112769485 0.3069324494195688 0.9511064485903814 0.3346964510779436 0.9510168449419568 0.3481943466003317 0.9600846807628525 0.37107463184079603 0.9576885638474296 0.3790559444444444 0.9649016650082918 0.3897498067993367 0.9716858582089553 0.41134148922056385 0.9692668706467662 0.4150948208955224 0.9720709038142621 0.42239752570480926 0.9701951774461028 0.4363929411276949 0.9751017653399668 0.4415702205638474 0.9715409568822554 0.4446792512437811 0.9641810746268658 0.4369133325041459 0.964146767827529 0.43057136069651736 0.9586073142620232 0.42864989303482587 0.9555325903814262 0.4314310555555555 0.9497777429519071 0.4197535887230514 0.957396880597015 0.41532164925373133 0.9551018034825871 0.41191905721393035 0.9495852205638474 0.4142255704809287 0.944011460199005 0.4059621310116086 0.9438513648424545 0.3763662653399668 0.9331556227197346 0.3531695472636816 0.9322730572139303 0.3403273880597015 0.9265525165837479 0.33499189220563846 0.9240420456053068 0.3218333009950249 0.9155289063018242 0.3113090903814262 0.9128049212271973 0.3188043184079602 0.9180069510779436 0.34853552985074626 0.9160854825870647 0.3540749834162521 0.9225761144278607 0.3815225530679934 0.9225779941956883 0.4119323714759536 0.9287064510779437 0.43255188474295186 0.9299759411276949 0.48685989966832505 0.9381726467661692 0.49901201575456056 0.9420727595356551 0.49850306053067994 0.9448100597014926 0.5235316417910447 0.9389770439469319 0.5274660613598673 0.9388416981757877 0.5325079950248757 0.9476483988391377 0.5371763184079602 0.9511196036484245 0.5475651832504146 0.9436605613598673 0.5815929883913765 0.9445659975124377 0.5986631285240465 0.9373109137645108 0.6403329419568823 0.9336033233830846 0.6463699154228856 0.9336948067993367 0.6632818391376452 0.9369734892205638 0.6681426857379767 0.9491370406301824 0.6620599701492538
0 0.972431199004975 0.39881576285240466 0.9789199510779437 0.39585351326699836 0.9771109577114429 0.39212305223880595 0.9796881625207298 0.387555767827529 0.9674751102819237 0.32436288391376455 0.9546653781094527 0.3011776019900498 0.9463676326699835 0.3004093905472637 0.9386684469320067 0.29004339635157544 0.9458129361525706 0.288053315920398 0.9417088656716418 0.2809202628524046 0.9381137504145936 0.2776873225538972 0.9314667810945274 0.28146352487562193 0.9214839535655057 0.26980892868988393 0.9274866210613598 0.2671745472636816 0.9335121592039801 0.26876814676616917 0.928594135986733 0.26147687728026536 0.9162494966832504 0.26414556467661693 0.8952773648424545 0.2351501368159204 0.8936265887230515 0.230605723880597 0.9019128980099503 0.22925994444444442 0.9015735945273632 0.22665986898839138 0.8917604187396351 0.21630531094527367 0.8808397271973466 0.21164842205638473 0.8845587529021558 0.20772543864013265 0.8768824378109453 0.20158742537313432 0.873163412106136 0.2055104087893864 0.8790421699834162 0.210031951907131 0.8784436102819237 0.2196297346600332 0.8732320248756218 0.21819435157545605 0.8769510497512437 0.21427136815920397 0.8666860953565505 0.21058664842454394 0.8380833897180763 0.18390916998341625 0.8145912313432836 0.1700509792703151 0.7967738714759535 0.1530723225538972 0.7780300845771144 0.1452053648424544 0.7674029552238806 0.1346925895522388 0.7499477703150912 0.12454198839137647 0.7328661948590381 0.1233334344941957 0.7316004635157546 0.12984505721393036 0.7357045339966832 0.1369781111111111 0.7469873996683251 0.14846305555555556 0.7639450646766169 0.15682753399668325 0.7721417711442786 0.16897965008291874 0.771203907960199 0.17597735820895521 0.7754204527363184 0.1738404966832504 0.7753975820895522 0.16961251575456054 0.7786533938640132 0.17024538142620232 0.779354872305141 0.17967351243781093 0.7715432114427861 0.1785774328358209 0.7697685248756219 0.18118894361525706 0.7725611218905473 0.1863776583747927 0.7788916583747927 0.18422936152570482 0.7831539452736318 0.19054846185737978 0.7844882893864014 0.19672078109452737 0.780769263681592 0.20064376451077945 0.7967776301824212 0.21389196102819238 0.8104566127694859 0.21739559286898838 0.815544288557214 0.22598689966832505 0.8209255257048094 0.22872232089552239 0.8188344063018241 0.23296173714759538 0.8240459917081261 0.2343971202321725 0.8415812247097844 0.2593456533996683 0.8421130505804312 0.2674737470978441 0.8482968059701492 0.26825339386401326 0.8457196011608624 0.2728206782752902 0.8491565 0.27686757213930346 0.8483768532338308 0.2830513266998341 0.8507958416252073 0.2792979950248756 0.8566631633499171 0.28170554726368163 0.8611751500829187 0.3041226185737977 0.8630851824212272 0.29646917412935325 0.8681156807628525 0.29449052985074625 0.8760073897180762 0.3103845422885572 0.8844862222222222 0.3145667810945274 0.8942307860696518 0.3122373971807628 0.9005498864013267 0.3079751102819237 0.8969547711442787 0.30474216915422886 0.8980394154228856 0.29481651824212274 0.9011255746268656 0.29414934660033165 0.9076829394693201 0.30387103980099506 0.91191092039801 0.30384816832504147 0.9160035555555556 0.3088672313432836 0.9283272031509122 0.33238038225538974 0.9320576641791045 0.33057138888888893 0.9291525912106137 0.3346525887230514 0.9340706152570482 0.3419438590381426 0.9395986334991708 0.3417513358208955 0.9398254626865671 0.35362132587064676 0.9514476318407961 0.36770634494195686 0.9644727570480929 0.4006476268656716 0.9722958532338309 0.40385769651741293 0.972431199004975 0.39881576285240466
2 0.32304309618573795 0.8106658897180763 0.31863402819237147 0.8072747330016583 0.32378843698175785 0.7981401633499171 0.3229516127694859 0.7937539660033167 0.3119508739635158 0.7742991451077943 0.29890475704809283 0.7675397014925373 0.295999684079602 0.7716209013266998 0.2979897645107794 0.7787653897180763 0.310313412106136 0.8022785406301824 0.3188151152570481 0.8106887603648425 0.32304309618573795 0.8106658897180763
2 0.31994738059701494 0.8396288897180763 0.3184319494195688 0.8300425422885572 0.3007385 0.8059079618573797 0.2937293565505804 0.802856108623549 0.2841544444444445 0.8064855298507463 0.29418301492537313 0.826596087893864 0.3150636633499171 0.838679592039801 0.31994738059701494 0.8396288897180763
1 0.11795783499170813 0.35562784162520733 0.12752131177446105 0.34988442951907134 0.13765092039800997 0.3586110820895522 0.14609544693200666 0.3564513499170813 0.1563585223880597 0.3297262504145937 0.1551709593698176 0.320625987562189 0.14393383582089553 0.3175970049751244 0.12221824295190711 0.3315371227197347 0.11356020232172472 0.3543506741293532 0.11795783499170813 0.35562784162520733
1 0.2515643805970149 0.28318995190713103 0.2644504021558872 0.2603535298507463 0.2655236111111111 0.24831388805970148 0.25236501907131015 0.2508243590381426 0.241026855721393 0.25917928192371475 0.23137377529021558 0.2784205887230514 0.2322334693200663 0.28703476699834163 0.2515643805970149 0.28318995190713103
1 0.8341907943615257 0.30605740132669984 0.832991796849088 0.2948431475953565 0.8249533067993366 0.28187707877280266 0.8140326160862356 0.2772201898839137 0.8119414958540631 0.28145960613598675 0.8159216567164179 0.29574858374792706 0.8298045978441128 0.30689422470978445 0.8341907943615257 0.30605740132669984
1 0.10315018656716418 0.5643486401326699 0.10199505058043117 0.5311805298507463 0.08670915339966832 0.5011786268656716 0.0863469792703151 0.49435057131011606 0.07258794859038142 0.47604900663349914 0.0654205887230514 0.47381110613598676 0.06124978524046435 0.4844039286898839 0.062200962686567156 0.5099300306799337 0.07142701492537314 0.5319963623548922 0.08517461028192372 0.5481839369817578 0.08669004145936982 0.557770284411277 0.09259166998341625 0.566519807628524 0.10315018656716418 0.5643486401326699
1 0.6484666733001658 0.15338671724709785 0.6466233739635158 0.14331428441127694 0.6313279212271974 0.14160821061359868 0.6317015306799336 0.15055025704809288 0.6426107868988391 0.15309315505804313 0.6484666733001658 0.15338671724709785