1 0.6841341698262243 0.5352380876777251 0.6970522930489732 0.5219023909952607 0.6982907819905213 0.5101189565560822 0.6950187535545024 0.47323999605055295 0.698613929699842 0.4617042590837283 0.685898663507109 0.45043982622432854 0.6570805552922591 0.44502820063191156 0.6407300157977883 0.45323769352290677 0.6423436097946287 0.4605554526066351 0.6388333712480253 0.48639644312796215 0.6446248467614534 0.5068611603475514 0.6447923507109005 0.5203808515007898 0.6560402930489732 0.5342709036334914 0.6841341698262243 0.5352380876777251
1 0.6493853199052132 0.4124497843601896 0.6606096556082148 0.40767270695102686 0.6595315545023697 0.3877033854660348 0.6636221255924171 0.3714542748815166 0.6502038625592417 0.3593217140600316 0.6339547519747235 0.35523114218009477 0.6203737290679305 0.3597605221169036 0.6185572788309637 0.3770428925750395 0.6086776042654028 0.387918102685624 0.6064884218009479 0.40119009636650865 0.6127115884676145 0.4062124992101106 0.6333225750394945 0.4103644020537125 0.6493853199052132 0.4124497843601896
1 0.8394843988941548 0.5193993206951026 0.8414636090047393 0.485455009478673 0.836769097156398 0.47344511137440765 0.8283756097946288 0.47018019905213276 0.8236834699842022 0.47326111690363354 0.8183143127962086 0.50923185150079 0.824662515007899 0.5206213191153238 0.8320015078988942 0.5225840394944709 0.8394843988941548 0.5193993206951026
1 0.6497677677725119 0.7413054849921011 0.6678545639810426 0.7316899992101106 0.6793454597156398 0.7130417322274881 0.6855851176935228 0.6914588167456556 0.6901734565560821 0.6855871477093207 0.6886636635071091 0.6810601406003159 0.6626575410742496 0.6791210276461295 0.6358469936808847 0.6886138507109004 0.6240282061611375 0.725495182464455 0.6258494004739337 0.7383944431279621 0.6302325102685624 0.7420320884676146 0.6497677677725119 0.7413054849921011
1 0.5389304036334913 0.7908125157977883 0.5495555434439178 0.787958060821485 0.5548256437598736 0.7793782069510269 0.5613129992101106 0.7554386050552923 0.567389897314376 0.7505176303317536 0.5678852922590837 0.7458042559241705 0.5313979281200631 0.741572159557662 0.5023745908372828 0.7456698467614533 0.5033889889415483 0.7549102282780411 0.4963613965244865 0.7613197614533965 0.4921056935229068 0.7791399976303318 0.4984326611374408 0.7869531516587678 0.5389304036334913 0.7908125157977883
1 0.3693526287519747 0.6435279968404424 0.37420990047393365 0.6388759541864139 0.38156538388625594 0.6142333554502369 0.38234620221169036 0.5841342898894155 0.36921810584518167 0.5767976682464455 0.32923699368088466 0.5718012440758294 0.3236767259083728 0.5755851579778831 0.3174771658767772 0.5892298846761453 0.31491762164297 0.6135823159557662 0.3170690797788309 0.6233393278041075 0.3231271153238547 0.629932855450237 0.3494234044233807 0.6366679083728278 0.3587888206951027 0.6420205758293839 0.3693526287519747 0.6435279968404424
1 0.7005132875197473 0.8403594154818325 0.721287033965245 0.8278493775671405 0.740673650078989 0.8020885805687205 0.7416432061611374 0.7890855197472354 0.7173544778830964 0.797254916271722 0.6932544881516587 0.822520317535545 0.6833347164296999 0.8413337156398105 0.7005132875197473 0.8403594154818325
1 0.5170290845181674 0.8631691872037914 0.530093477093207 0.8597768680884676 0.5347856169036335 0.8566959502369668 0.5474749044233808 0.8342024375987362 0.5435258586097946 0.8302132946287519 0.5293857369668247 0.8287271074249605 0.4992041050552922 0.8287318515007899 0.4901500900473934 0.8317514383886256 0.4787205252764613 0.8460378293838864 0.4782251295418641 0.8507512030015798 0.484200598736177 0.8581302930489731 0.49067146366508685 0.860796009478673 0.5170290845181674 0.8631691872037914
1 0.4091640932069511 0.8843959739336493 0.4242737717219589 0.8728790995260663 0.4240661706161137 0.8672975971563981 0.41164107109004744 0.8608291042654028 0.37426434360189575 0.8537236903633492 0.3662435884676145 0.8544691556082149 0.3567154123222749 0.865778429699842 0.36566799921011056 0.8750589075829385 0.39223322037914693 0.8830135876777251 0.4091640932069511 0.8843959739336493
1 0.556109087677725 0.9220792448657188 0.5731012922590838 0.9190997551342813 0.5888314004739337 0.9092365710900474 0.5954036943127962 0.8996022227488152 0.5848398854660347 0.8980948017377566 0.5550309865718799 0.9021099233807267 0.5408720023696683 0.9121382385466035 0.539178214849921 0.9206968586097947 0.556109087677725 0.9220792448657188
2 0.8408126832543444 0.6843438017377567 0.8474062109004739 0.6782857661927331 0.8560025552922591 0.6569505489731438 0.8558562859399684 0.6470071706161138 0.8514944099526067 0.6469458396524486 0.846740939178515 0.6543886327014218 0.836903733807267 0.6724164691943129 0.8349622488151658 0.683331775671406 0.8408126832543444 0.6843438017377567
3 0.20735002685624013 0.8171185205371247 0.20846585308056872 0.8140588372827805 0.21206340126382306 0.817613916271722 0.2137784225908373 0.8126316097946288 0.21080130568720382 0.8107302211690364 0.21743730252764612 0.8118248127962086 0.22413463033175354 0.8085575292259084 0.24128959478672984 0.788916098736177 0.2577038372827804 0.7914355458135861 0.26239597709320694 0.7883546279620853 0.2667743428120063 0.761810640600316 0.24700787835703 0.738288612164297 0.24378069036334912 0.7236530947867299 0.24731453554502372 0.716479233807267 0.25454972827804107 0.7156512022116903 0.2644506366508689 0.7083523064770931 0.270690294628752 0.6867693909952607 0.26936212322274883 0.6540659399684043 0.255339920221169 0.6136743704581359 0.2538466176935229 0.5825420442338073 0.24631651421800946 0.548392503949447 0.22402348657187995 0.49601227014218013 0.21089539020537124 0.4886756492890995 0.1713294794628752 0.4948422290679305 0.16126343917851502 0.5037122496050552 0.15076570616113744 0.5280245845181675 0.14060060900473934 0.5642854865718799 0.13497900947867297 0.5724312764612954 0.12914980963665088 0.5749955639810427 0.12121399289099527 0.5900462827804107 0.11671059162717219 0.6102232053712481 0.12287479936808847 0.6346983001579779 0.12383023775671406 0.6633913736176935 0.12784298736176936 0.6781094565560821 0.14523153080568718 0.6978074739336493 0.16387979778830963 0.7092983704581358 0.16774627804107425 0.714073075829384 0.16778874644549763 0.7212257022116904 0.18122824407582938 0.7369345766192733 0.18362739968404423 0.7443349012638231 0.17988595497630333 0.7459272606635071 0.17331128909952606 0.7404707930489731 0.168081285150079 0.741112458135861 0.1669654597156398 0.7441721413902054 0.17267199684044232 0.7503316050552923 0.1667814652448657 0.7572577685624013 0.1658708680884676 0.7508081382306477 0.158822041864139 0.7536413578199053 0.16556183886255926 0.7575267006319115 0.1638468167456556 0.7625090071090047 0.17224030410742497 0.7657739194312796 0.17559015481832543 0.7716856848341233 0.18117165639810426 0.771478083728278 0.18340568088467615 0.7804495331753555 0.19715420695102687 0.7894398451816745 0.19310373301737757 0.7977507669826224 0.1998435300157978 0.8016361097946287 0.1955028886255924 0.8051510916271722 0.1998859992101106 0.8087887361769353 0.2005488981042654 0.8175950537124803 0.20735002685624013 0.8171185205371247
0 0.12425729936808846 0.7500084573459715 0.12231344233807266 0.7458329478672986 0.1270669131121643 0.7383901548183254 0.12202090363349131 0.7259461919431279 0.12338205529225908 0.7054390063191153 0.12098289889415483 0.6980386816745655 0.12404021090047394 0.684063691943128 0.11758820774091627 0.66988347314376 0.11969245339652448 0.6423062259083728 0.1146063467614534 0.6378004526066351 0.11447893996840443 0.6163425726698263 0.12129418641390205 0.5741699052132702 0.13634253396524487 0.5670149060031595 0.1613035355450237 0.49577406082148495 0.17537995418641392 0.48653130726698257 0.18654295813586097 0.4861161058451817 0.1973945616113744 0.4773286508688784 0.2117327962085308 0.4240330758293839 0.2147877353870458 0.3949672701421801 0.2238818475513428 0.3840094944707741 0.2247075063191153 0.3761538712480253 0.23801722511848342 0.35531404976303316 0.24161240047393365 0.3437783127962085 0.25515095497630336 0.3320963064770932 0.2681540157977883 0.3330658625592417 0.28605207345971567 0.30635437203791466 0.2860921698262243 0.298416182464455 0.27883574328593996 0.29566790047393365 0.25923915402843606 0.3007563791469194 0.2384842701421801 0.3017519146919431 0.23162180963665085 0.3065903230647709 0.2274250663507109 0.3049578672985782 0.23122547077409164 0.2839128167456556 0.22824835308056873 0.2820114281200632 0.23692963586097948 0.2749814644549763 0.2395741176935229 0.26493428593996843 0.24635401184834124 0.260881439178515 0.25309143680884677 0.24967596603475511 0.2514990774091627 0.2459345213270142 0.2364908278041074 0.2451513309636651 0.21598601342812004 0.25888099447077406 0.20378974881516587 0.26157031753554505 0.17718680252764613 0.2766446429699842 0.1673896943127962 0.28673428988941546 0.16794879304897314 0.29274985624012634 0.16402098183254346 0.29233702685624013 0.16094006398104266 0.2876448870458136 0.16490797235387045 0.2801195276461296 0.16071122827804107 0.2784870718799368 0.1573849849921011 0.2912424352290679 0.15223754660347552 0.291098537914692 0.14702877725118482 0.2953165165876777 0.14248053554502368 0.29324999605055296 0.1404352496050553 0.301374551342812 0.13528781121642972 0.301230654028436 0.13086460426540283 0.3055311982622433 0.11347843285939968 0.30092399684044235 0.11306323143759874 0.2897609928909953 0.11810686887835702 0.2871141390205371 0.11293819668246446 0.28339392812006314 0.11463198420221168 0.27483530884676144 0.12298300236966825 0.27094759399684043 0.1155614439178515 0.26977043680884677 0.09768224881516588 0.28496742496050553 0.09675278909952606 0.2900322969984202 0.08881459952606635 0.2899921998420221 0.07874855924170616 0.2988622211690363 0.08147797867298578 0.3031202962085308 0.07366482464454976 0.3094472638230648 0.06833339178515008 0.3223889936808847 0.07193093996840443 0.3259440726698262 0.06767286492890995 0.32867349210110586 0.06440795260663508 0.33706697946287517 0.07079625118483412 0.34051825829383886 0.07466035939968405 0.33020214770932066 0.07271650236966826 0.3260266382306477 0.08648389178515008 0.3235024478672986 0.07904109794628751 0.31874897630331755 0.08557329383886256 0.3170528167456556 0.08379456872037915 0.3113061832543444 0.08683301737756714 0.30884569589257505 0.09084339494470775 0.3084729628751975 0.09307741943127962 0.3174444123222749 0.09963084992101105 0.3193245663507109 0.09942562085308057 0.32883387993680885 0.08667262954186414 0.34059845181674564 0.08239331990521327 0.33975155845181676 0.07774364928909953 0.349985102685624 0.07211967851500789 0.34304007740916276 0.06593898025276461 0.34517030094786727 0.07023952448657188 0.34959350789889415 0.05205130015797788 0.37150905924170613 0.048456124802527645 0.3830447962085308 0.036847309636650866 0.44059844628751976 0.031815532385466035 0.5186993791469194 0.03310123380726698 0.5442502030015798 0.039635802527646126 0.557644859399684 0.03529516113744076 0.5611598412322275 0.03566789415481833 0.5651702187993681 0.039326773301737755 0.5643634218009479 0.04319325355450237 0.5691381271721959 0.03757165402843602 0.5772839170616114 0.04543439336492891 0.6233820244865719 0.06793739415481832 0.696434575829384 0.10765669036334914 0.745483821484992 0.11131556951026857 0.7446770252764613 0.10751042101105845 0.7355404439178516 0.11451677804107424 0.725554597156398 0.12049224802527646 0.7329336872037915 0.11760006793048973 0.7453375521327015 0.121900612164297 0.7497607598736177 0.12425729936808846 0.7500084573459715
0 0.07968513507109005 0.3390697962085308 0.15256781042654027 0.28795628830963665 0.22410819668246446 0.24583546445497628 0.26077481200631913 0.20680030252764614 0.28855254344391784 0.16921360189573462 0.29431804028436015 0.15592037361769354 0.24863513507109006 0.17494611769352292 0.23982881753554502 0.17560901658767772 0.22271395023696686 0.18731225750394945 0.21068281753554502 0.18843045576619272 0.18546462954186416 0.20166472432859398 0.18170195023696684 0.19968077014218008 0.17120184518167456 0.20890228909952607 0.16258189415481833 0.2115703775671406 0.15218559004739335 0.2235826477093207 0.14207707977883097 0.22530004186413902 0.1448065 0.2295581169036335 0.13810917140600318 0.23282540126382306 0.13926746682464455 0.23691834439178516 0.12310329383886257 0.2471330268562401 0.12566758135860978 0.25296222669826224 0.10809741548183253 0.26144065244865716 0.11169496366508688 0.26499573143759875 0.11111700157977883 0.2704946674565561 0.10274474881516588 0.27080606872037916 0.09222340916271722 0.2764512740916272 0.09098492022116904 0.2882347093206951 0.08189080805687203 0.29919248420221173 0.07875093127962085 0.3139530371248025 0.06519351500789888 0.3371495458135861 0.06887362875197472 0.33991906240126385 0.07968513507109005 0.3390697962085308
3 0.3105718949447077 0.19019257740916273 0.32239542733017373 0.18349287677725118 0.35575940521327015 0.17588020774091628 0.38805002606635075 0.17847984834123223 0.39173013981042654 0.18124936492890995 0.4136008499210111 0.17719414612954187 0.4206709107424961 0.1779372393364929 0.4248063230647709 0.1839315710900474 0.43758292101105845 0.19083412875197472 0.4502745813586098 0.1834314320695103 0.4539546951026856 0.186200948657188 0.4594111619273302 0.17962628278041073 0.465242733807267 0.1921528112164297 0.47764659952606636 0.19504499052132704 0.4872809478672986 0.20161728357030015 0.508656262243286 0.20227543917851504 0.5198805979462876 0.1974983617693523 0.521199281200632 0.16983854897314377 0.5233483672985781 0.16450474486571878 0.5278753744075829 0.16299495102685624 0.5258324612954186 0.18621032306477092 0.5215342883096367 0.19687793127962083 0.5312724375987362 0.2062409755134281 0.5379060624012638 0.1922447511848341 0.5494606619273302 0.18432542496050552 0.5854313965244866 0.1896945821484992 0.6139168688783571 0.18315764139020538 0.6186491050552924 0.17213853475513427 0.609757849921011 0.15849618088467612 0.6266651161137441 0.1412114375987362 0.6260022172195893 0.13240512006319116 0.6199441816745656 0.1258115924170616 0.5986915300157978 0.11642968562401264 0.555485602685624 0.11188855924170615 0.5425863420221169 0.11370975434439178 0.5215436627172195 0.12500016508688785 0.4603948372827804 0.12492708767772512 0.44174894233807266 0.12852700710900475 0.4197531974723539 0.12621516113744077 0.35517432701421797 0.13610669589257504 0.31842040205371247 0.14574578909952607 0.3000859083728278 0.15771796208530806 0.2908691334913112 0.17739948894154817 0.2964506358609795 0.177191887835703 0.2949644494470774 0.191332009478673 0.2971560047393365 0.1931508317535545 0.3105718949447077 0.19019257740916273