1 0.3061342491666667 0.1963630275 0.32880053 0.18266526833333332 0.3517866725 0.14080191916666665 0.3556469275 0.12437570083333334 0.34743381833333337 0.12244557333333334 0.33440298500000004 0.12572474166666667 0.29467182 0.14403658 0.2802186483333333 0.15966446583333335 0.2706554391666666 0.18434724333333333 0.2668245041666667 0.1873363975 0.25996043583333334 0.2066502125 0.2617015775 0.2139927508333333 0.3061342491666667 0.1963630275
1 0.1669254 0.47121032250000006 0.17831664916666665 0.46141573750000003 0.20542374166666666 0.4257631316666666 0.20446680166666667 0.390617785 0.1834851425 0.34281851750000003 0.1707448525 0.33136916 0.15420241666666668 0.33340031583333335 0.1475707825 0.34093131 0.13445252166666669 0.3605932475 0.1317240625 0.3793992741666667 0.144362265 0.4139499333333333 0.14868527166666667 0.4696717666666667 0.15017984833333334 0.47158723416666665 0.15360455333333334 0.46528959250000007 0.16232545083333333 0.47135532916666667 0.1669254 0.47121032250000006
1 0.334793335 0.8468859291666666 0.3372312516666667 0.8428084291666668 0.31064925416666667 0.756235995 0.2968787266666667 0.7432339516666667 0.2807718408333333 0.7351365308333333 0.258773545 0.7269228916666667 0.23583191 0.7247022216666666 0.23635382916666667 0.7460477216666667 0.2648371641666667 0.8139156866666666 0.2869658075 0.8334478066666667 0.32936626416666664 0.8471324941666667 0.334793335 0.8468859291666666
1 0.9165390158333334 0.6239102716666667 0.9287144666666668 0.5863128791666667 0.92536306 0.55901786 0.91623646 0.5257152133333333 0.9019728033333333 0.5018590283333333 0.8916699 0.5102605941666667 0.8831222691666667 0.5432145891666668 0.8865898933333334 0.5646181975 0.8910301758333332 0.5665917741666666 0.8989380816666667 0.5899689591666667 0.9008237016666667 0.62583987 0.9055686575 0.6302948116666667 0.9165390158333334 0.6239102716666667
1 0.8489877358333334 0.7677985566666666 0.8689407458333333 0.7422598683333334 0.8897360666666666 0.6859726666666667 0.8984868133333334 0.6546729158333333 0.8966875633333332 0.6502760824999999 0.8818862691666667 0.6596497766666667 0.8706400266666666 0.67404431 0.8540965325 0.7239323125 0.8318794024999999 0.7686398091666666 0.8318647433333334 0.7753583408333333 0.8489877358333334 0.7677985566666666
1 0.787807925 0.8575904625 0.81254934 0.8402795425 0.8380021883333333 0.8048300525 0.848595635 0.7816999608333333 0.8377849433333334 0.7859659175 0.8164535733333333 0.8036977275 0.7792754825 0.8598975016666667 0.787807925 0.8575904625
1 0.5495132891666666 0.07244558916666667 0.5456682233333333 0.05822485166666667 0.5386015691666667 0.051956 0.5282698758333333 0.04986620666666666 0.4998430616666667 0.05083780583333333 0.49615713333333333 0.058426909166666666 0.4973758266666667 0.06835237000000001 0.522885725 0.07781402166666666 0.5495132891666666 0.07244558916666667
1 0.9286747233333333 0.41504108916666665 0.9303436258333333 0.40811944083333335 0.9272968925 0.3833057875 0.9198967750000001 0.36406421083333335 0.9033114191666666 0.3383941166666667 0.8758865816666668 0.30649861916666665 0.8567324333333333 0.2975159675 0.8544976325000001 0.3032477108333333 0.856224115 0.31730878166666665 0.8780328966666667 0.36500649166666665 0.9246406716666666 0.4163759991666667 0.9286747233333333 0.41504108916666665
3 0.20953728 0.7669718016666667 0.20107866416666667 0.7117577575 0.21030788083333335 0.6980306791666666 0.2058969175 0.6826200383333333 0.18487128 0.6549763675 0.17018726166666667 0.6106018041666667 0.16104547333333333 0.6079461133333334 0.149132305 0.5963951974999999 0.1383221425 0.5767327308333333 0.11799274916666666 0.5615974441666667 0.11015708166666667 0.5524844449999999 0.10296007916666666 0.5348971124999999 0.0937313925 0.5246957666666666 0.08959578333333333 0.5252035558333333 0.0847634 0.5371313833333334 0.08202028083333333 0.5626559416666667 0.07340041083333333 0.5813457508333334 0.0877211175 0.6501130766666666 0.09902441 0.680629685 0.1259121391666667 0.7218266375 0.16664316416666666 0.7663613958333334 0.18745155583333334 0.7751409325 0.20383432583333333 0.7752283600000001 0.20953728 0.7669718016666667
3 0.8935472124999999 0.26570895666666666 0.8876128825 0.23789148916666666 0.8435157908333333 0.17278024333333333 0.79033449 0.12599602416666666 0.7550153475 0.11186165583333335 0.7475712508333333 0.11277567583333334 0.75626283 0.13227847666666667 0.8023481575 0.18623090833333333 0.813390755 0.19411055416666664 0.8264791666666667 0.21181410416666668 0.8428907258333334 0.22239289083333333 0.8728838266666666 0.26152936916666664 0.8874380266666666 0.2706570275 0.8935472124999999 0.26570895666666666
3 0.16231555583333335 0.2627180508333333 0.17694305333333332 0.23825304916666667 0.18916142416666668 0.22835690666666664 0.20476105083333332 0.20839029583333332 0.2187210925 0.18190826833333332 0.24025557833333333 0.16583070166666666 0.273050965 0.12864006916666668 0.2750245416666667 0.12419978666666667 0.27245627833333336 0.11695880666666668 0.27908791166666663 0.10942781166666668 0.27801422583333335 0.10410229916666666 0.2640547125 0.10665590333333333 0.23259476583333333 0.12395216333333332 0.19945125583333334 0.15488860333333332 0.17203949 0.18805984416666666 0.1621716075 0.21026125583333333 0.15465421416666666 0.24476793666666666 0.1543055625 0.26244216750000005 0.15709160083333332 0.26461885916666666 0.16231555583333335 0.2627180508333333
1 0.12054741249999999 0.5277001100000001 0.12607657 0.5043522441666667 0.11979464666666667 0.4463521608333334 0.1078825375 0.38694439833333333 0.0906286675 0.407114125 0.08443152500000001 0.4523733891666667 0.09082966583333334 0.5044820616666666 0.09555996166666667 0.5156555358333333 0.11112973999999999 0.5330544125 0.12054741249999999 0.5277001100000001
1 0.39739617666666666 0.05753956083333333 0.41547716833333337 0.03726827666666667 0.4016773216666667 0.0377032975 0.37674745083333333 0.046641441666666665 0.36198960583333334 0.0597879625 0.36415163833333336 0.06372045583333333 0.39739617666666666 0.05753956083333333
2 0.5064411416666666 0.24817126250000002 0.5126665441666667 0.23733178083333334 0.5181951725 0.2379123375 0.5140742233333333 0.231701595 0.51194151 0.21433203666666667 0.5059050924999999 0.20961587083333333 0.489885105 0.20906410333333333 0.47875507999999994 0.21756722666666667 0.47874042083333335 0.22428575916666668 0.48379004999999997 0.23122206583333332 0.47891421749999996 0.23937706666666667 0.48003135333333335 0.24847540666666665 0.49294596916666666 0.25108764833333336 0.5064411416666666 0.24817126250000002
1 0.26720125333333333 0.8673592708333333 0.26029426499999997 0.8589718358333333 0.21137892083333334 0.8229983083333333 0.16118677416666666 0.7800450250000001 0.15612248583333332 0.77982725 0.15471480666666668 0.7854574358333333 0.15996755166666665 0.7940479866666666 0.18276365 0.8155971325 0.2427650408333333 0.8632231324999999 0.26181763166666666 0.8713786625000001 0.26720125333333333 0.8673592708333333
1 0.3424975966666667 0.892537295 0.3333704675 0.8831630708333333 0.2871249441666667 0.8552576466666667 0.23326152916666668 0.8131749341666666 0.21152445666666667 0.8036698341666667 0.21203224583333333 0.8078054425 0.22636867083333334 0.82199739 0.23958796000000002 0.8270909974999999 0.25277793 0.8456216691666666 0.29493129333333334 0.87780771 0.3175389358333333 0.8909840791666667 0.3376364233333333 0.8939737633333334 0.3424975966666667 0.892537295
1 0.3930959741666667 0.938799065 0.393981205 0.9357518025 0.379862555 0.9164955666666667 0.37021297750000004 0.9097042658333333 0.32744973833333335 0.8964839183333333 0.32129710333333333 0.8976591625 0.32273357166666666 0.9025203350000001 0.34722736333333337 0.9276391916666668 0.38601466 0.9392487450000001 0.3930959741666667 0.938799065
3 0.7075223416666666 0.06353941083333334 0.6982355458333334 0.05628377083333334 0.7052734108333333 0.05206126333333333 0.7047656216666667 0.047925654166666665 0.6770502408333333 0.030758683333333335 0.630049835 0.0172190025 0.5894920775 0.011703975 0.5903626483333333 0.015375244166666665 0.6150454258333333 0.0249384525 0.6189632591666666 0.0294949525 0.6230988683333334 0.028987163333333333 0.7028642841666667 0.0666301225 0.7075223416666666 0.06353941083333334
1 0.9216096566666666 0.33698696666666667 0.9167924616666666 0.3182678391666667 0.9035155933333334 0.2921915133333333 0.8915589766666666 0.27686777083333336 0.8749443016666667 0.2646347408333333 0.86092721 0.24620562666666668 0.8454008808333333 0.23257957666666665 0.8244181625 0.23263715583333333 0.8227058108333334 0.23578597666666667 0.8301205875000001 0.24830902083333334 0.8562974124999999 0.2837161208333333 0.8594750233333334 0.2959198325 0.8808346533333334 0.31260780416666667 0.9137300100000001 0.34802956416666664 0.9216096566666666 0.33698696666666667