3 0.480859375 0.9234375 0.49140625 0.902734375 0.482421875 0.88671875 0.458984375 0.875 0.455078125 0.86953125 0.450390625 0.87109375 0.43671875 0.866796875 0.43125 0.855078125 0.43671875 0.847265625 0.43203125 0.835546875 0.423828125 0.83671875 0.41875 0.832421875 0.4203125 0.821484375 0.4171875 0.815234375 0.41953125 0.799609375 0.4125 0.766015625 0.393359375 0.74765625 0.375390625 0.74140625 0.364453125 0.73125 0.338671875 0.728125 0.3328125 0.720703125 0.33203125 0.709765625 0.328125 0.702734375 0.313671875 0.6859375 0.308984375 0.68515625 0.300390625 0.69140625 0.291015625 0.69140625 0.257421875 0.65546875 0.230859375 0.6390625 0.224609375 0.6390625 0.219921875 0.64375 0.208203125 0.64296875 0.2015625 0.654296875 0.20546875 0.672265625 0.2328125 0.706640625 0.2421875 0.731640625 0.2515625 0.746484375 0.25234375 0.754296875 0.26171875 0.769140625 0.258984375 0.7734375 0.251171875 0.7734375 0.24921875 0.776171875 0.25703125 0.792578125 0.25859375 0.808984375 0.2421875 0.831640625 0.2546875 0.850390625 0.273828125 0.86328125 0.283984375 0.87578125 0.330078125 0.90625 0.382421875 0.92421875 0.417578125 0.93125 0.4515625 0.933984375 0.465234375 0.93203125 0.480859375 0.9234375
3 0.1953125 0.583984375 0.203125 0.566796875 0.19921875 0.553515625 0.20078125 0.544140625 0.2046875 0.543359375 0.20859375 0.537890625 0.20703125 0.533984375 0.21328125 0.530078125 0.205078125 0.5234375 0.196484375 0.525 0.19375 0.518359375 0.19609375 0.502734375 0.20546875 0.491015625 0.209375 0.472265625 0.2109375 0.449609375 0.208203125 0.4453125 0.20390625 0.444921875 0.203125 0.438671875 0.21796875 0.407421875 0.23671875 0.380859375 0.23984375 0.370703125 0.237890625 0.36484375 0.2265625 0.366796875 0.225 0.353515625 0.2390625 0.311328125 0.24296875 0.266796875 0.25546875 0.240234375 0.2515625 0.227734375 0.26015625 0.216015625 0.26875 0.180859375 0.2828125 0.158203125 0.296875 0.144921875 0.3 0.138671875 0.298828125 0.13125 0.283203125 0.13359375 0.251171875 0.15859375 0.23125 0.181640625 0.20390625 0.205859375 0.1953125 0.223046875 0.1953125 0.228515625 0.20078125 0.231640625 0.185546875 0.240625 0.1734375 0.257421875 0.1640625 0.295703125 0.15703125 0.305859375 0.14609375 0.340234375 0.13515625 0.362890625 0.13203125 0.381640625 0.13359375 0.437109375 0.1359375 0.453515625 0.14609375 0.475390625 0.14765625 0.487890625 0.14609375 0.494140625 0.14140625 0.494140625 0.14140625 0.514453125 0.15 0.521484375 0.14921875 0.529296875 0.1546875 0.538671875 0.15625 0.561328125 0.16484375 0.589453125 0.176953125 0.60078125 0.185546875 0.5984375 0.1890625 0.612890625 0.19453125 0.605859375 0.1953125 0.583984375
3 0.306640625 0.21328125 0.327734375 0.2046875 0.337109375 0.19609375 0.348828125 0.19453125 0.357421875 0.1859375 0.380859375 0.17421875 0.403125 0.149609375 0.396875 0.136328125 0.39765625 0.126171875 0.40625 0.105859375 0.4140625 0.100390625 0.41484375 0.094921875 0.406640625 0.090625 0.395703125 0.08984375 0.360546875 0.09765625 0.336328125 0.1109375 0.326171875 0.12265625 0.319921875 0.125 0.28828125 0.166796875 0.278125 0.184765625 0.26328125 0.201171875 0.26328125 0.208984375 0.266015625 0.21171875 0.28046875 0.214453125 0.294140625 0.209375 0.306640625 0.21328125
3 0.6046875 0.341796875 0.6046875 0.329296875 0.5984375 0.316015625 0.587109375 0.30703125 0.573046875 0.303125 0.559765625 0.303125 0.546484375 0.30859375 0.5359375 0.330078125 0.53828125 0.344140625 0.563671875 0.36171875 0.58515625 0.363671875 0.59921875 0.355859375 0.6046875 0.341796875
3 0.546875 0.306640625 0.544921875 0.30390625 0.478515625 0.30234375 0.469140625 0.29921875 0.45859375 0.301953125 0.45859375 0.318359375 0.466796875 0.328125 0.484765625 0.3359375 0.515625 0.338671875 0.53359375 0.333984375 0.546875 0.306640625
3 0.58125 0.273046875 0.58125 0.261328125 0.571484375 0.24921875 0.558203125 0.24140625 0.541796875 0.2375 0.524609375 0.2375 0.508203125 0.240625 0.5 0.246484375 0.506640625 0.25859375 0.527734375 0.2640625 0.552734375 0.278125 0.56640625 0.277734375 0.577734375 0.2765625 0.58125 0.273046875
3 0.553125 0.288671875 0.55234375 0.281640625 0.546484375 0.27421875 0.534765625 0.2671875 0.509765625 0.259375 0.494921875 0.259375 0.477734375 0.26640625 0.46015625 0.280859375 0.45703125 0.288671875 0.462109375 0.296875 0.5265625 0.301953125 0.548046875 0.29609375 0.553125 0.288671875
3 0.60859375 0.291796875 0.592578125 0.28359375 0.584765625 0.27265625 0.576953125 0.27734375 0.556640625 0.27734375 0.55390625 0.280078125 0.54921875 0.298828125 0.551171875 0.30234375 0.580859375 0.3046875 0.596484375 0.31328125 0.60078125 0.312890625 0.61171875 0.305078125 0.60859375 0.291796875
3 0.501953125 0.259375 0.503125 0.255078125 0.49921875 0.247265625 0.483203125 0.2484375 0.462109375 0.259375 0.45390625 0.270703125 0.453125 0.280078125 0.45625 0.283984375 0.483203125 0.2640625 0.501953125 0.259375
3 0.4765625 0.475390625 0.471875 0.437109375 0.458984375 0.4171875 0.441796875 0.41484375 0.417578125 0.421875 0.403515625 0.42734375 0.3828125 0.441796875 0.3796875 0.451171875 0.38515625 0.466796875 0.409765625 0.48984375 0.425390625 0.49453125 0.44453125 0.494921875 0.457421875 0.490625 0.4765625 0.475390625
3 0.51796875 0.613671875 0.5203125 0.587890625 0.512109375 0.5796875 0.500390625 0.575 0.473046875 0.57578125 0.451953125 0.584375 0.440625 0.596484375 0.43671875 0.619140625 0.44140625 0.634765625 0.458984375 0.64765625 0.47109375 0.650390625 0.491015625 0.62890625 0.51796875 0.613671875
3 0.555078125 0.55390625 0.579296875 0.54609375 0.591015625 0.54609375 0.59296875 0.539453125 0.577734375 0.525 0.558984375 0.51953125 0.537109375 0.5203125 0.512109375 0.5296875 0.4984375 0.545703125 0.496875 0.569921875 0.5234375 0.585546875 0.53515625 0.569921875 0.555078125 0.55390625
3 0.6203125 0.631640625 0.61875 0.623828125 0.63203125 0.602734375 0.63125 0.576953125 0.621484375 0.56484375 0.598828125 0.5484375 0.580859375 0.54609375 0.559765625 0.5515625 0.541015625 0.5640625 0.52890625 0.579296875 0.521875 0.594921875 0.521875 0.608984375 0.526171875 0.61328125 0.555078125 0.61796875 0.569140625 0.6234375 0.58359375 0.637109375 0.58828125 0.648828125 0.59765625 0.653515625 0.608203125 0.6484375 0.6203125 0.631640625
3 0.571875 0.689453125 0.58125 0.677734375 0.58671875 0.664453125 0.5875 0.649609375 0.58359375 0.639453125 0.569140625 0.62421875 0.555859375 0.61875 0.526171875 0.61484375 0.501953125 0.62265625 0.487109375 0.63359375 0.47578125 0.648828125 0.475 0.661328125 0.484375 0.684765625 0.494140625 0.69375 0.513671875 0.70234375 0.53984375 0.703515625 0.562109375 0.696875 0.571875 0.689453125
3 0.58125 0.776953125 0.59375 0.765234375 0.591796875 0.76171875 0.564453125 0.75859375 0.548828125 0.7640625 0.54140625 0.771484375 0.5375 0.782421875 0.541796875 0.7875 0.553515625 0.7921875 0.565625 0.792578125 0.57578125 0.787890625 0.58125 0.776953125
3 0.665625 0.766015625 0.6640625 0.755859375 0.655078125 0.75 0.637109375 0.74921875 0.616015625 0.7546875 0.598828125 0.76328125 0.58828125 0.773046875 0.59140625 0.776953125 0.591796875 0.78984375 0.630859375 0.7859375 0.64375 0.790234375 0.65859375 0.777734375 0.665625 0.766015625
3 0.639453125 0.803125 0.6421875 0.796484375 0.63828125 0.790234375 0.631640625 0.7859375 0.614453125 0.7859375 0.593359375 0.790625 0.575390625 0.8 0.571875 0.807421875 0.5734375 0.816796875 0.584765625 0.82421875 0.5953125 0.823828125 0.616796875 0.81875 0.639453125 0.803125
3 0.613671875 0.8953125 0.61640625 0.891015625 0.598046875 0.8890625 0.576171875 0.8921875 0.5328125 0.905859375 0.541015625 0.91171875 0.565625 0.912890625 0.588671875 0.90234375 0.613671875 0.8953125
3 0.641015625 0.8984375 0.64375 0.894140625 0.632421875 0.8921875 0.597265625 0.89921875 0.571875 0.910546875 0.57890625 0.912890625 0.610546875 0.9125 0.641015625 0.8984375
3 0.603515625 0.91875 0.60703125 0.913671875 0.571484375 0.9125 0.523828125 0.92109375 0.51328125 0.926171875 0.516015625 0.93046875 0.523046875 0.9328125 0.54375 0.933203125 0.578515625 0.928125 0.603515625 0.91875
1 0.628515625 0.14921875 0.602734375 0.14375 0.59296875 0.145703125 0.59609375 0.154296875 0.609765625 0.1671875 0.653125 0.177734375 0.64609375 0.162109375 0.628515625 0.14921875
1 0.80703125 0.376171875 0.8 0.361328125 0.8 0.353515625 0.78125 0.320703125 0.766796875 0.3046875 0.750390625 0.296875 0.740234375 0.29609375 0.7375 0.302734375 0.7421875 0.326171875 0.7515625 0.343359375 0.76796875 0.387890625 0.788671875 0.403125 0.80625 0.405859375 0.81015625 0.402734375 0.80703125 0.376171875
1 0.8390625 0.519921875 0.8359375 0.488671875 0.8375 0.476171875 0.8328125 0.469921875 0.82421875 0.434765625 0.8171875 0.419140625 0.805859375 0.41328125 0.792578125 0.41171875 0.78515625 0.426171875 0.78671875 0.473828125 0.79765625 0.508203125 0.7984375 0.543359375 0.8046875 0.545703125 0.83671875 0.536328125 0.8390625 0.519921875
1 0.82578125 0.686328125 0.83125 0.673046875 0.83984375 0.635546875 0.8390625 0.596484375 0.836328125 0.5875 0.825390625 0.58828125 0.812109375 0.5953125 0.8 0.622265625 0.7921875 0.654296875 0.7921875 0.677734375 0.7859375 0.705859375 0.787109375 0.71171875 0.7921875 0.711328125 0.816796875 0.69765625 0.82578125 0.686328125
1 0.84296875 0.737890625 0.8453125 0.712890625 0.84375 0.701171875 0.840234375 0.69765625 0.835546875 0.6984375 0.81484375 0.717578125 0.8 0.744140625 0.79765625 0.753515625 0.80390625 0.762109375 0.803125 0.773046875 0.80859375 0.773828125 0.8296875 0.757421875 0.84296875 0.737890625
1 0.8671875 0.758203125 0.8796875 0.738671875 0.878515625 0.73046875 0.863671875 0.734375 0.8484375 0.748828125 0.83125 0.773046875 0.83046875 0.779296875 0.8328125 0.780078125 0.855078125 0.76875 0.8671875 0.758203125
1 0.90390625 0.375390625 0.8953125 0.359765625 0.883984375 0.353125 0.884375 0.365234375 0.9 0.404296875 0.90390625 0.412109375 0.9109375 0.416796875 0.91328125 0.403515625 0.90390625 0.375390625
1 0.93203125 0.456640625 0.9234375 0.439453125 0.918359375 0.43828125 0.91640625 0.445703125 0.91953125 0.466796875 0.92578125 0.490234375 0.93203125 0.497265625 0.9359375 0.490234375 0.93203125 0.456640625
1 0.94609375 0.545703125 0.94453125 0.519921875 0.939453125 0.5109375 0.93515625 0.516015625 0.93359375 0.528515625 0.93515625 0.559765625 0.93828125 0.566015625 0.94453125 0.562109375 0.94609375 0.545703125
3 0.4890625 0.160546875 0.48984375 0.153515625 0.480859375 0.146875 0.473046875 0.1453125 0.438671875 0.146875 0.39921875 0.169921875 0.3984375 0.173828125 0.401953125 0.178125 0.4125 0.178515625 0.482421875 0.165625 0.4890625 0.160546875