1 0.7104092125205931 0.5192352907742999 0.7144967191103789 0.5150451177924218 0.717455636738056 0.48595011449752884 0.7167631952224053 0.47968801070840195 0.7132500263591434 0.4773134736408567 0.6818214044481055 0.46794886820428333 0.6777338978583196 0.4721390411861614 0.6736927034596375 0.48997661614497523 0.6757545906095552 0.5042137932454696 0.6908586680395387 0.5158710996705107 0.7104092125205931 0.5192352907742999
1 0.743481989291598 0.7933420510708402 0.7307833228995058 0.7872698434925864 0.7172231507413509 0.7910447001647446 0.7067453929159803 0.8021176260296541 0.7049915057660626 0.8127134876441516 0.7184235313014827 0.8151289415156507 0.7285577644151565 0.8127080939044481 0.740604906919275 0.8025993410214168 0.743481989291598 0.7933420510708402
1 0.6941856614497529 0.8369876252059308 0.6847693500823723 0.8312025856672158 0.6706039654036243 0.8324438846787479 0.6596645807248764 0.8393420749588139 0.6555207191103789 0.8489019703459638 0.6629214546952225 0.8540972347611203 0.6794768138385503 0.8538919011532125 0.6924163369028007 0.8430343517298188 0.6941856614497529 0.8369876252059308
1 0.5862949835255354 0.49183930807248766 0.5844793476112026 0.48423863344316304 0.5637901705107085 0.47498673723229 0.5472348121911038 0.4751920708401977 0.5410035831960461 0.48498278006589784 0.5408808294892916 0.5147393500823723 0.5811051136738056 0.5228063023064251 0.5843002388797365 0.5193649258649093 0.5862949835255354 0.49183930807248766
1 0.6514179604612851 0.40906177018121914 0.6489253196046129 0.39974812602965404 0.6158555197693575 0.39023993574958815 0.6096242907742998 0.4000306449752883 0.6087218665568369 0.41979656672158155 0.6174766103789128 0.42841776935749587 0.6465870510708402 0.43592582125205925 0.649710384678748 0.43330503377265245 0.6514179604612851 0.40906177018121914
1 0.479135992586491 0.45021619192751233 0.45384132701812196 0.44634945634266887 0.446327881383855 0.45189363756177925 0.44474845222405274 0.469946589785832 0.4543955774299835 0.4778189958813839 0.4836496021416804 0.4836858706754531 0.4885523039538715 0.45600123064250414 0.479135992586491 0.45021619192751233
1 0.4232332932454695 0.43705664250411863 0.41256564003294893 0.4361233434925865 0.40400079159802305 0.4395083657331137 0.4002313286655684 0.44951445140032953 0.40489856672158153 0.4623258278418451 0.43124463509060956 0.46835172405271824 0.43518316309719934 0.44223646952224055 0.4232332932454695 0.43705664250411863
1 0.38806068863261944 0.4232301317957166 0.3837114942339374 0.416234668863262 0.3648379538714992 0.41458344810543657 0.3568937545304778 0.4250511622734761 0.3576016334431631 0.435862399505766 0.36493057660626027 0.4418782528830313 0.38291173640856674 0.4442782701812191 0.38610686161449753 0.4408368937397034 0.38806068863261944 0.4232301317957166
1 0.34453005766062605 0.5616432866556837 0.3448017891268534 0.5538117981878089 0.3385088113673806 0.5454059711696869 0.32067123558484345 0.541364776771005 0.31672731383855024 0.5439137718286656 0.3146862578253707 0.5577919884678748 0.33742188467874795 0.5767319266886326 0.34375578006589785 0.5752188970345964 0.34453005766062605 0.5616432866556837
1 0.302310284184514 0.5149523097199341 0.2916426309719934 0.5140190115321253 0.2884475057660626 0.5174603879736409 0.28894000741350906 0.5307333912685338 0.29919234514003296 0.5411393566721582 0.304921028830313 0.5370927677100494 0.30630051812191106 0.5260507166392092 0.302310284184514 0.5149523097199341
1 0.3091822495881384 0.47421004283360796 0.3009763624382208 0.47349212108731464 0.2961400601317957 0.4767899135090609 0.29431437973640856 0.48820636326194405 0.3006073583196046 0.49661218945634267 0.3133623789126853 0.49731467462932455 0.31449561779242174 0.4796361210873146 0.3091822495881384 0.47421004283360796
1 0.3021350815485997 0.44134557660626034 0.2931086054365733 0.4405558624382208 0.2844874019769357 0.44931060708401976 0.28348231136738056 0.46079884843492586 0.28849307331136737 0.464958147446458 0.299160726523888 0.4658914456342669 0.3038071334431631 0.4505874291598023 0.3021350815485997 0.44134557660626034
1 0.3241312108731466 0.37422636738056014 0.3223055313014827 0.38564281713344317 0.3247827347611203 0.3904073278418451 0.33821476029654035 0.39282278253706754 0.3428457298187809 0.3729696317957166 0.33567580807248765 0.36986173558484353 0.3241312108731466 0.37422636738056014
1 0.31547373970345965 0.3503165848434926 0.314078813014827 0.3568095024711697 0.3178382331136738 0.3658205403624382 0.3332703970345964 0.3642766359143328 0.3377577817133443 0.34606466309719935 0.3314084489291598 0.34302855930807247 0.31547373970345965 0.3503165848434926
3 0.5678269003294893 0.060251307248764416 0.5575182084019769 0.05521506425041186 0.5393934645799011 0.05445622487644152 0.5343672652388798 0.04574779242174629 0.5086109719934102 0.037706320428336076 0.4827728426688633 0.04950256260296541 0.4542266968698517 0.05444692586490939 0.4260449052718287 0.07885460378912686 0.42393205683690277 0.09355340856672158 0.41629046457990115 0.10528790197693574 0.41377773723228994 0.13400850658978583 0.39792021334431626 0.16404220263591432 0.3900223261943987 0.18815731878088962 0.38826843904448105 0.1987531795716639 0.3925458410214168 0.20656923146622735 0.3729852528830313 0.22222216556836905 0.36720021416803955 0.2316384769357496 0.3673746729818781 0.23909556754530478 0.3747754085667216 0.24429083113673808 0.4271495016474464 0.2505267100494234 0.43639135420098846 0.24885465815485996 0.45380821993410214 0.23880226029654034 0.5038332570016475 0.23408331713344316 0.5508221902800658 0.2357137075782537 0.5742294275123558 0.23280035667215818 0.6759824275123558 0.24170259060955518 0.749045697693575 0.25719036573311366 0.8036970551894563 0.27520165485996706 0.8521735378912686 0.29763393163097196 0.8586664555189456 0.29902885831960463 0.8605230090609556 0.296710676276771 0.841018032125206 0.2408442454695222 0.8111480074135091 0.18531129489291598 0.7907560428336079 0.15375991927512356 0.7491260444810544 0.10505336655683689 0.6897356573311367 0.07505128995057661 0.6179854785831961 0.07290831136738056 0.6004350724876442 0.0655847611202636 0.5678269003294893 0.060251307248764416
3 0.6094087298187808 0.8419736499176277 0.5932432067545305 0.8471743080724877 0.570871934925865 0.8476976845140033 0.5675023500823724 0.8436819703459638 0.570148618616145 0.832337313014827 0.5608604546952224 0.8203619621087315 0.5305395897858319 0.8077867940691928 0.5053885090609556 0.8022788805601317 0.4653024151565074 0.7690044917627678 0.44999839868204283 0.7643580848434925 0.43748423476112025 0.7467258434925865 0.4202209975288303 0.736119939044481 0.40060870345963756 0.7145592125205931 0.35698396128500826 0.6933782775947281 0.34628543327841843 0.6833467108731466 0.31700053377265236 0.668381568369028 0.29663944398682046 0.6459284612850082 0.28625895963756176 0.6417128072487644 0.2770171070840198 0.6433848591433278 0.27337579159802305 0.6472006342668862 0.26963180889621086 0.6427387289950577 0.2681087347611203 0.6554219579901154 0.25643599093904446 0.6659769011532125 0.25392326359143325 0.6946975065897858 0.25762632784184514 0.7090782677100494 0.2570519909390445 0.7156429777594728 0.2515541202635914 0.7217769341021417 0.2516158690280066 0.7399734703459638 0.262201686985173 0.7607444827018122 0.2611965963756178 0.7722327240527184 0.2707873665568369 0.7854748533772652 0.2683564744645799 0.7943577454695223 0.27234670840197694 0.8054561515650741 0.28424022240527186 0.8160057009884678 0.32754692257001644 0.8313707224052718 0.351923726523888 0.8504542454695222 0.3429999176276771 0.8579422108731467 0.35100586490939045 0.8656710329489291 0.3808241836902801 0.8839903228995057 0.41471457248764415 0.8935703047775947 0.4295469176276771 0.9130591013179572 0.4632937215815486 0.9242802611202636 0.5272278492586491 0.9307006416803953 0.5433524546952224 0.9354188410214168 0.5614771985172982 0.9361776812191103 0.5991216128500824 0.9312024431630972 0.6515057495881384 0.918421197693575 0.6738461466227348 0.9087995527182866 0.6843956960461285 0.8969060378912685 0.6854725799011533 0.8845972075782538 0.6935757998352554 0.8770374505766063 0.6949552891268533 0.8659953986820429 0.6870365708401978 0.8619951219110379 0.6737635675453048 0.8624876235584843 0.6497102001647447 0.8727862726523888 0.6124556210873147 0.882756834431631 0.6127991449752883 0.8741047570016474 0.6343598714991763 0.8544924637561779 0.6265693006589785 0.8443018756177925 0.6094087298187808 0.8419736499176277
3 0.23361704036243822 0.5345753912685337 0.2251957759472817 0.5363192347611202 0.21418459884678748 0.5440380140032949 0.212748755354201 0.5604497883031301 0.2051071622734761 0.5721842817133443 0.21177453871499177 0.5810362981878089 0.215262226523888 0.5978788261943987 0.2216987891268534 0.6046434752883032 0.2358078187808896 0.608771899505766 0.21664710955518945 0.6104030329489292 0.21842182784184516 0.6279225650741351 0.22471480642504116 0.6363283912685338 0.22960746375617794 0.6276608764415157 0.26035908154859966 0.6353125131795717 0.26592874382207576 0.6283579678747941 0.2705496705107084 0.627521942339374 0.26889305518945633 0.622829223228995 0.2566560172981878 0.6209317512355849 0.23685922158154862 0.6109310593080725 0.24916805189456345 0.612007942339374 0.2756013500823723 0.6217623838550247 0.2922285008237232 0.6207364621087315 0.2855047693574959 0.6172541672158155 0.2809811161449753 0.6028016136738056 0.28797657907742996 0.5984524192751236 0.2810220337726524 0.5928827570016475 0.2801396960461285 0.5746144291598023 0.26632787891268533 0.5481865247116968 0.24264351565074135 0.5353651054365732 0.23361704036243822 0.5345753912685337
0 0.17553751070840198 0.3194691820428336 0.18642054118616144 0.3179407149917628 0.19093880065897859 0.30882700988467876 0.2002524456342669 0.3063343690280066 0.19813420263591433 0.2974669151565074 0.21565373476112026 0.2956921968698517 0.22331076523887974 0.28850683772652386 0.22418770840197694 0.28320890691927514 0.24199440939044478 0.27815183360790774 0.2519541836902801 0.2682738945634267 0.2866443294892916 0.24981027677100495 0.3093027701812191 0.24600454530477758 0.3358742586490939 0.230551550247117 0.34633657907743 0.21492949011532125 0.34688004200988465 0.19926651235584844 0.3538755049423394 0.1949173179571664 0.3586654967051071 0.17797212355848435 0.36594812850082375 0.1703405741350906 0.36741484678747943 0.163027068369028 0.3763386556836903 0.1555391029654036 0.3753590453047776 0.15255935420098846 0.3664043616144975 0.1509490510708402 0.3672095131795717 0.14647170922570016 0.38690364250411863 0.14819472240527182 0.38569321828665565 0.1431276054365733 0.39608374629324544 0.12832613426688633 0.3957657034596376 0.12251022158154859 0.4049048887973641 0.11256049011532125 0.40598177182866557 0.10025165980230642 0.413797823723229 0.09597425700164745 0.4167312611202636 0.08134724464579901 0.4256550700164745 0.07385927924217463 0.4269782042833608 0.06818695057660626 0.4419333031301483 0.057919176276771005 0.4431846457990115 0.053067436573311366 0.4495903336079078 0.05073381713344317 0.4570165494233937 0.04146109060955519 0.4532725675453047 0.03699918616144975 0.4310448797364086 0.03588138467874794 0.3656749077429983 0.045872778418451395 0.30469039950576604 0.09552416144975288 0.2633127899505766 0.14317001235584842 0.2147860906095552 0.2158233599670511 0.18206595222405272 0.28737899341021417 0.17553751070840198 0.3194691820428336
0 0.3641661589785832 0.8759179761120264 0.3479697611202636 0.8720203657331137 0.34959550164744646 0.8676148163097198 0.34041000411861616 0.8639171457990116 0.3371122116968699 0.8590808426688632 0.3420766622734761 0.8495927388797364 0.33503488714991764 0.840294532125206 0.3209822125205931 0.830796384678748 0.27207497611202636 0.8132876408566722 0.26225339209225695 0.7979581433278419 0.2644380329489292 0.7824387495881383 0.261586431630972 0.7772280485996705 0.2527598953871499 0.7694274341021418 0.23918428500823724 0.7686531573311368 0.2383227784184514 0.7785002215815486 0.24765725453047777 0.8041229744645799 0.25455544481054365 0.8150623591433279 0.26045858731466226 0.8184728607907743 0.2627204143327842 0.8256991375617793 0.2672695477759473 0.8256837009884679 0.26954681219110377 0.8374591112026358 0.29535481054365736 0.8827142438220758 0.28104584184514003 0.885596719934102 0.2859848113673806 0.8905766079077431 0.29015954695222407 0.8901149802306425 0.2936163607907743 0.8978592397034597 0.30599698352553545 0.8981155337726523 0.30699203047775947 0.9056444168039539 0.3136285329489292 0.9053981655683692 0.32454243739703464 0.9129679662273475 0.3639615700164745 0.9255122602965403 0.40373966309719933 0.933953611202636 0.41469448517298185 0.9316045543657331 0.41940264085667217 0.9344970741350906 0.42386454612850083 0.9307530914332783 0.4190382866556837 0.915033758649094 0.40857057248764417 0.9070895601317956 0.401441568369028 0.8940628072487645 0.3931638887973641 0.8941654736408566 0.38941990691927514 0.8897035691927512 0.3848144176276771 0.8950887289950578 0.380783266062603 0.893909179571664 0.3641661589785832 0.8759179761120264
0 0.2267512125205931 0.6650335593080725 0.21283133443163094 0.6067617174629325 0.20915914415156506 0.6014792240527183 0.20546612355848437 0.5680813377265239 0.2071891359143328 0.548387208401977 0.19774195057660626 0.5335039019769358 0.19125907660626032 0.5130918509060955 0.18551495551894565 0.5125893047775947 0.18074505107084018 0.49150024958813837 0.18288877347611202 0.4858997133443163 0.1792165831960461 0.4806172199341021 0.17915483443163097 0.46242068369028005 0.1712770345963756 0.4485015494233937 0.16113201317957165 0.4037898805601318 0.15843943327841845 0.40148713591433277 0.13517578006589787 0.40275930889621087 0.12723158154859968 0.4132270230642504 0.12135466392092256 0.46149817215815486 0.1234729060955519 0.47036562685337724 0.14161308731466227 0.47567360049423396 0.14075158072487645 0.48552066474464584 0.12130370263591433 0.49043415403624385 0.11903722652388797 0.5257912611202636 0.12362262850082371 0.5584403509060956 0.14238345881383854 0.5708310172981877 0.13868578830313014 0.5800165140032949 0.12659233360790775 0.5764778649093905 0.12489480148270181 0.5817040032948929 0.13667095634266888 0.6455763822075783 0.15335985584843492 0.6627469958813839 0.14329741515650743 0.6643472561779242 0.14514392586490937 0.6810461993410214 0.15544257413509063 0.7050995658978583 0.17869618369028006 0.722844518121911 0.19344669357495883 0.7621710271828666 0.2031810485996705 0.7737719794069193 0.20349909143327843 0.7795878929159803 0.21355148929159803 0.7970047578253706 0.23843623311367382 0.8339104192751235 0.24801156589785833 0.8426034143327842 0.2601768121911038 0.84532147446458 0.263920794892916 0.8497833797364086 0.2684544917627677 0.8452188080724876 0.2375021902800659 0.7784284299835256 0.23761490032948931 0.7676889843492587 0.2502981293245469 0.7692120576606261 0.2533496696869852 0.7674118583196047 0.25295983443163095 0.7624165345963756 0.2435844406919275 0.7467126383855025 0.2265975848434926 0.6856918616144976 0.2267512125205931 0.6650335593080725