1 0.874135446570973 0.6662362041467305 0.8765448062200957 0.656121759170654 0.8520536523125998 0.634883889154705 0.8441773500797448 0.6336364059011165 0.8372880414673046 0.6490967097288676 0.8672106626794259 0.6691763684210527 0.874135446570973 0.6662362041467305
1 0.623251976076555 0.6317481905901117 0.6373547049441787 0.6166229920255183 0.6492620956937799 0.5975168373205741 0.6506343277511961 0.5888529043062202 0.6468637288676236 0.58462245215311 0.6375369146730462 0.582337841307815 0.6286198205741627 0.590210480063796 0.6088287990430622 0.6234083708133972 0.6166194928229666 0.630294014354067 0.623251976076555 0.6317481905901117
1 0.6258117328548645 0.567158846092504 0.6382572575757576 0.5497527001594896 0.6473027639553429 0.5334228213716109 0.6425806459330143 0.5250047208931419 0.6331290829346092 0.523507740829346 0.6216387416267942 0.5374319242424243 0.6109323668261563 0.559150466507177 0.615323043062201 0.5671123771929825 0.6258117328548645 0.567158846092504
1 0.7068678644338118 0.4657514090909091 0.7135859553429027 0.4615674250398724 0.7254150661881977 0.43276021052631575 0.727535788676236 0.4193704960127591 0.7183373867623605 0.4086286451355661 0.7100440342902711 0.4125631323763955 0.695516928229665 0.44820952232854866 0.694807577352472 0.4577858341307815 0.7010230111642743 0.46442198086124403 0.7068678644338118 0.4657514090909091
1 0.7498132830940989 0.47497546012759173 0.7539189872408293 0.47199249202551835 0.7623872200956938 0.44911207416267945 0.7661296706539075 0.42548316666666663 0.7581322846889953 0.4173537033492823 0.754069384370016 0.41751759170653907 0.7495894354066985 0.4228634513556619 0.7384623468899522 0.45743357416267943 0.7385406267942584 0.46713463397129185 0.7439684306220096 0.4736460326953748 0.7498132830940989 0.47497546012759173
1 0.7471311100478469 0.3619199561403509 0.7533612009569378 0.33787766347687404 0.7499648468899521 0.3312843205741627 0.7417999074960128 0.32676156698564596 0.7332888708133972 0.35246106459330145 0.7408300677830941 0.36092196889952155 0.7471311100478469 0.3619199561403509
1 0.76317718261563 0.2708043429027113 0.7647597711323764 0.25571461961722486 0.7597881570972888 0.24887177990430623 0.7514984696969698 0.24513665709728866 0.7475101858054227 0.2626712153110048 0.7587400374800638 0.2733311220095694 0.76317718261563 0.2708043429027113
1 0.3600512280701754 0.34622997368421055 0.3680559433811802 0.3390202169059011 0.37175192663476875 0.32587999920255184 0.36574318580542264 0.32048767224880387 0.3378018811802233 0.31848436921850076 0.3301714114832536 0.32333123524720897 0.3241125374800638 0.3360972073365231 0.32788313636363636 0.34032765948963317 0.3392414011164275 0.34253032615629986 0.3600512280701754 0.34622997368421055
1 0.3097285007974482 0.3326079170653907 0.314871331738437 0.32817443700159493 0.3203920717703349 0.3137084553429027 0.3147967153110048 0.3108037671451356 0.2943574688995215 0.3124108389154705 0.2838651148325359 0.320033980861244 0.28054337719298245 0.33081130701754385 0.3097285007974482 0.3326079170653907
1 0.2531365422647528 0.33817762360446574 0.2615155023923445 0.3286049768740032 0.26301248245614034 0.3191534138755981 0.25729237878787875 0.317036355661882 0.24000365311004784 0.3191424210526316 0.23303606459330142 0.3249016650717703 0.22958957894736842 0.3364666220095694 0.2531365422647528 0.33817762360446574
1 0.5235019098883573 0.8129521164274323 0.5322514505582137 0.8086861881977672 0.5551428612440191 0.7941455909090909 0.5579656052631579 0.7865187854864434 0.545281576555024 0.7824913612440191 0.5392691714513557 0.7847686435406699 0.5123540015948964 0.8043236586921849 0.5110673779904307 0.8073494314194578 0.5160817966507176 0.8113731913875598 0.5235019098883573 0.8129521164274323
1 0.5474047974481658 0.8506482767145136 0.566981798245614 0.8315457862838914 0.5520987671451356 0.8312070167464115 0.5309465063795853 0.8500600103668262 0.5474047974481658 0.8506482767145136
1 0.4548240151515152 0.8642435175438596 0.467640120414673 0.8521440909090909 0.4637447735247209 0.8487012687400319 0.4484055534290271 0.8486939409888357 0.4376637025518341 0.8578923429027113 0.4423038755980861 0.8642789936204146 0.4548240151515152 0.8642435175438596
1 0.22173792503987239 0.6307272177033493 0.22116065151515152 0.6241766794258373 0.20798862200956936 0.6002909465709729 0.19932835326953746 0.5912491044657098 0.19497315311004784 0.5958073333333334 0.19571431499202552 0.6064207719298246 0.2037080374800638 0.6222198452950558 0.2146883923444976 0.6344550127591706 0.22173792503987239 0.6307272177033493
1 0.21832325039872408 0.6624819250398725 0.2195707336523126 0.6546056228070175 0.20387192583732058 0.626282744816587 0.1961631754385965 0.6214285510366826 0.1916832264752791 0.6267744098883572 0.19159761802232855 0.6324125701754385 0.21164796331738436 0.6638468285486444 0.21832325039872408 0.6624819250398725
1 0.8431192384370017 0.3319092280701755 0.8432513149920255 0.31578237799043063 0.836790048644338 0.3030518811802233 0.8329766459330143 0.301640509569378 0.8319749944178627 0.31561116108452947 0.8374810781499202 0.33182362041467306 0.8431192384370017 0.3319092280701755
1 0.16863642264752793 0.5326966475279107 0.16959527033492824 0.5215450757575757 0.16433868341307817 0.5037573564593302 0.1577918086124402 0.49666501993620416 0.15177573923444976 0.5066119122807018 0.16262401754385966 0.5349739298245614 0.16863642264752793 0.5326966475279107
1 0.16683614912280703 0.5695513811802233 0.16833312918660287 0.5600998181818182 0.1606745119617225 0.5370873237639554 0.155578149122807 0.5310321148325359 0.15043531897926635 0.5354655948963317 0.14918783492822968 0.5433418979266348 0.16173612200956938 0.5711657814992026 0.16683614912280703 0.5695513811802233
3 0.6399509385964912 0.2153584370015949 0.6656149601275917 0.2113493341307815 0.6714206730462521 0.20782823205741627 0.6736624792663477 0.2013204976076555 0.7000676626794259 0.20792483333333336 0.7092305893141946 0.20614654465709728 0.7255714601275918 0.19218322089314194 0.7141813843700159 0.16979080462519935 0.7040277998405103 0.16253091547049442 0.6807731371610846 0.15642557336523125 0.6562709904306221 0.15819653349282298 0.6437471866028708 0.16590161961722488 0.6320966212121213 0.16809329346092505 0.6242985980861244 0.1765468692185008 0.5945288732057417 0.18353894098883575 0.6005767543859649 0.19378179824561403 0.6325308253588517 0.21377951275917062 0.6399509385964912 0.2153584370015949
3 0.6524164465709729 0.8503253301435407 0.6593412304625199 0.8473851658692185 0.6778309712918661 0.8478914880382775 0.7195827033492823 0.8391639322169059 0.7359627145135567 0.8300511379585327 0.7447978644338118 0.8201470502392344 0.7484938468899521 0.8070068325358852 0.7713497814992025 0.7799460956937799 0.7943696036682616 0.7569482583732058 0.8088893819776715 0.7366410885167464 0.8231131945773525 0.7283978692185008 0.8394185901116428 0.7019144051036682 0.8391727575757576 0.6958200558213716 0.8232954043062201 0.6941127185007974 0.797545774322169 0.7037599816586921 0.7335545215311005 0.7509493437001595 0.6750412049441786 0.7864918038277512 0.6126643524720894 0.838781192185008 0.6238978692185008 0.8417714888357257 0.6321447519936204 0.848325692185008 0.6524164465709729 0.8503253301435407
3 0.26298833094098883 0.8035826626794259 0.260297663476874 0.7950826180223285 0.24447044258373207 0.775216980861244 0.23684363636363634 0.7723942368421053 0.22581314912280703 0.7783173692185008 0.22427702791068582 0.7829184027113237 0.2285001523125997 0.7944870239234451 0.2613666020733652 0.8138218564593301 0.26298833094098883 0.8035826626794259
3 0.21757359409888358 0.7564239465709729 0.23250309250398724 0.7462740255183413 0.20516471132376396 0.6971339920255183 0.18871008452950558 0.6888761156299841 0.18709201993620414 0.6914456993620415 0.19230946650717703 0.7043828883572568 0.1876191610845295 0.716154538277512 0.18480374481658693 0.7084421236044658 0.18331042822966506 0.7102240773524721 0.182725826953748 0.7190127583732058 0.190267023923445 0.7274736626794258 0.19337107655502392 0.738461346092504 0.20911635326953745 0.756295533492823 0.21757359409888358 0.7564239465709729
3 0.18692080303030303 0.7027220199362041 0.1853064027113238 0.6976219928229666 0.1889167775119617 0.6901199354066986 0.18104780303030302 0.6735332320574163 0.18718495693779905 0.6704683189792664 0.18354277033492822 0.6577806267942583 0.18466550558213718 0.6506919545454546 0.1802356897926635 0.6378795135566188 0.16258371132376395 0.6193396395534291 0.15864189633173845 0.6263855079744817 0.1604984649122807 0.6452494944178628 0.15734427990430622 0.652420110845295 0.15228705741626794 0.6512154314194577 0.15245094577352472 0.6552783309409889 0.16768990031897926 0.6916022591706539 0.18103314593301437 0.7042116714513557 0.18692080303030303 0.7027220199362041
3 0.11738665948963316 0.5504159130781499 0.12464654864433812 0.5402623285486443 0.13137563237639555 0.513069514354067 0.12756589393939394 0.5039885318979266 0.12254781100478469 0.5076343827751196 0.12499631020733652 0.5023704673046252 0.11906951355661884 0.4990095901116427 0.11497480223285488 0.4789837280701754 0.10830317942583731 0.4726790223285487 0.10253660685805423 0.481050653907496 0.10057977272727273 0.49850326794258376 0.1124113811802233 0.5512426834130781 0.11738665948963316 0.5504159130781499
3 0.15323957655502393 0.30620772966507176 0.16767374641148325 0.2915387200956938 0.21001007974481659 0.27402248245614036 0.22074826714513557 0.27249369059011164 0.24384636921850078 0.25919691307814996 0.2643748883572568 0.2442820709728868 0.2780214282296651 0.22948831259968103 0.2781070366826156 0.2238501523125997 0.26819928389154707 0.22268461323763955 0.22532481658692186 0.23850084130781501 0.208652504784689 0.2520079752791069 0.18431424641148325 0.2578418357256778 0.15233819059011164 0.28386178149920255 0.14449369936204146 0.30280404784688997 0.14726997527910685 0.3056659322169059 0.15323957655502393 0.30620772966507176
1 0.19379029266347686 0.29486778628389154 0.20602912440191387 0.2762178213716108 0.16676136762360447 0.29220160207336526 0.1613690398724083 0.2982103429027113 0.15908442902711323 0.30753715789473685 0.19379029266347686 0.29486778628389154
3 0.14773249202551833 0.639190620414673 0.1522625741626794 0.6156864609250399 0.1316887527910686 0.5518737535885168 0.12895528070175438 0.5461927894736842 0.12277898724082936 0.5444071722488039 0.1168876658692185 0.5535664338118023 0.11961014513556618 0.5822562288676236 0.13306348245614036 0.6247564505582137 0.14217994019138755 0.6334668516746411 0.14300671052631578 0.638442129984051 0.14773249202551833 0.639190620414673
0 0.936940341307815 0.585756014354067 0.9413456738437002 0.563039485645933 0.9462646578947368 0.5064939960127591 0.9476980151515152 0.45666293301435407 0.9436106323763954 0.42129785087719296 0.9339633692185008 0.39554822089314196 0.9365366164274322 0.38949667623604467 0.9343840829346093 0.3826966403508772 0.928578370015949 0.38621774242424245 0.9239810007974482 0.37701201196172246 0.932192408293461 0.3710460749601276 0.9302502312599681 0.35782024880382773 0.9234110558213716 0.35512225279106857 0.923250831738437 0.34338974322169064 0.9188528269537481 0.3507670526315789 0.9125945893141946 0.34694998564593305 0.9146297033492822 0.3391984314194577 0.9190668476874004 0.3366716523125997 0.918240077352472 0.3316963740031898 0.908620961722488 0.3338061036682616 0.9021988357256778 0.3259261363636363 0.9089597312599681 0.3189230725677831 0.9041128652312599 0.3112926028708134 0.9012509816586922 0.3140688787878788 0.8881107639553429 0.31037289553429026 0.8798675446570973 0.29614908293460923 0.8722407384370016 0.29332633811802233 0.8659360326953748 0.29999796172248805 0.8721368094098884 0.33731254864433813 0.8705249066985645 0.4137591515151515 0.8813193883572568 0.46794907974481653 0.8832542368421052 0.496514125199362 0.9034684704944179 0.5320112838915471 0.9033828620414672 0.5376494441786284 0.9218188062200957 0.5639836762360447 0.9243382567783094 0.5837600406698564 0.9317547057416269 0.5930085757575757 0.936940341307815 0.585756014354067
0 0.626871846092504 0.1704953245614035 0.639352846092504 0.16560931818181818 0.6345487846889952 0.1551597687400319 0.6455866004784689 0.13389741547049444 0.6179804019138756 0.12468069298245615 0.6088174752791069 0.12645898165869218 0.5611462751196172 0.11648643939393939 0.54767095215311 0.12000387719298244 0.5228018891547049 0.10879850877192983 0.506261653907496 0.10617879266347686 0.4487181770334928 0.10756085167464113 0.4148855518341308 0.11471681100478469 0.4155875733652313 0.12047971929824562 0.4222591961722488 0.12678442583732058 0.5268501315789473 0.1393130606060606 0.5489429194577352 0.1476565446570973 0.5855872958532695 0.1558826092503987 0.6083429649122807 0.16513847208931418 0.6143517057416268 0.17053079984051037 0.626871846092504 0.1704953245614035
0 0.18553724720893144 0.21443656299840513 0.20813635645933015 0.20429030701754386 0.23537563875598086 0.20053070095693779 0.2623727519936204 0.18300713476874003 0.2919357854864434 0.17477124401913877 0.35495353429027116 0.16941189473684212 0.4114782049441786 0.13113229824561404 0.41616484688995214 0.12703025837320572 0.41517418819776714 0.11799208054226476 0.41099020414673043 0.11127398883572567 0.4061396746411483 0.11131312918660288 0.3511621164274322 0.12198286204146731 0.30198660685805423 0.13680110366826156 0.222827350877193 0.17270681658692183 0.17534452232854866 0.20232614433811802 0.15755313875598087 0.215252341307815 0.15589227033492825 0.22064100398724085 0.18553724720893144 0.21443656299840513
1 0.6917121850079745 0.6022217998405104 0.7045282902711324 0.5901223732057417 0.7240306754385966 0.5536492137161084 0.7358597854864434 0.5248419992025518 0.7264118867623605 0.5156754082934609 0.7183680318979266 0.5180346347687401 0.7069987743221691 0.538840798245614 0.7006047958532695 0.5588201913875599 0.6826385318979267 0.5906923189792663 0.6817652926634769 0.5962057304625199 0.6849549537480063 0.6015552535885167 0.6917121850079745 0.6022217998405104
0 0.6159213014354067 0.8768406052631579 0.6250842272727273 0.8750623165869218 0.647312755183413 0.859609341307815 0.654572644338118 0.8494557559808612 0.6415143716108453 0.8477912224880383 0.633014326953748 0.8504818907496012 0.6045238963317384 0.869787409090909 0.6037754066985646 0.8745131905901117 0.6159213014354067 0.8768406052631579