1 0.53671875 0.519921875 0.5375 0.481640625 0.54375 0.444921875 0.54140625 0.432421875 0.533984375 0.425 0.518359375 0.4203125 0.481640625 0.42265625 0.46328125 0.439453125 0.47109375 0.447265625 0.4609375 0.500390625 0.4640625 0.520703125 0.469921875 0.52734375 0.506640625 0.528125 0.5265625 0.531640625 0.53515625 0.525390625 0.53671875 0.519921875
1 0.403125 0.388671875 0.40625 0.373828125 0.41796875 0.349609375 0.41953125 0.326171875 0.415234375 0.321875 0.389453125 0.321875 0.3734375 0.330078125 0.3578125 0.357421875 0.346875 0.386328125 0.351171875 0.39765625 0.36328125 0.400390625 0.384765625 0.3984375 0.403125 0.388671875
1 0.66328125 0.455078125 0.65859375 0.399609375 0.648828125 0.38671875 0.639453125 0.38203125 0.608203125 0.37890625 0.59609375 0.391796875 0.60234375 0.465234375 0.608203125 0.471875 0.65234375 0.473828125 0.65859375 0.469140625 0.66328125 0.455078125
1 0.630859375 0.2625 0.608984375 0.2546875 0.590625 0.255859375 0.590625 0.280859375 0.593359375 0.2875 0.619140625 0.29453125 0.63203125 0.294921875 0.634375 0.289453125 0.630859375 0.2625
1 0.82578125 0.408203125 0.815625 0.384765625 0.791015625 0.3625 0.769921875 0.3546875 0.762109375 0.3546875 0.76015625 0.374609375 0.76640625 0.395703125 0.781640625 0.409375 0.792578125 0.40703125 0.82109375 0.417578125 0.825 0.416015625 0.82578125 0.408203125
1 0.8078125 0.489453125 0.80234375 0.446484375 0.792578125 0.42890625 0.776171875 0.42421875 0.7703125 0.430859375 0.76953125 0.441796875 0.778125 0.491796875 0.784765625 0.5015625 0.7984375 0.503515625 0.8046875 0.501953125 0.8078125 0.489453125
1 0.73984375 0.298828125 0.730859375 0.29140625 0.715234375 0.2890625 0.7140625 0.296484375 0.72578125 0.322265625 0.744140625 0.33203125 0.74921875 0.331640625 0.75 0.321484375 0.73984375 0.298828125
1 0.18515625 0.464453125 0.184375 0.441796875 0.176953125 0.43828125 0.16484375 0.451953125 0.153125 0.497265625 0.15234375 0.516015625 0.16484375 0.519921875 0.1734375 0.512109375 0.18515625 0.464453125
1 0.20546875 0.406640625 0.21640625 0.392578125 0.22265625 0.377734375 0.222265625 0.365625 0.208984375 0.36796875 0.2 0.376953125 0.18828125 0.396484375 0.17890625 0.421484375 0.180078125 0.42890625 0.1875 0.429296875 0.2 0.421484375 0.20546875 0.406640625
1 0.28359375 0.315234375 0.303125 0.290234375 0.30546875 0.283203125 0.303515625 0.2796875 0.291796875 0.28046875 0.2703125 0.293359375 0.253125 0.320703125 0.253125 0.326953125 0.25703125 0.327734375 0.270703125 0.32421875 0.28359375 0.315234375
1 0.31015625 0.255859375 0.308984375 0.2484375 0.296484375 0.25 0.28203125 0.260546875 0.26484375 0.286328125 0.27265625 0.287890625 0.29140625 0.279296875 0.31015625 0.255859375
3 0.1234375 0.487890625 0.14296875 0.471484375 0.1453125 0.451171875 0.15234375 0.445703125 0.15390625 0.423828125 0.16640625 0.399609375 0.1703125 0.384765625 0.1703125 0.366796875 0.17734375 0.341796875 0.1765625 0.336328125 0.171875 0.333984375 0.169140625 0.3125 0.1640625 0.323046875 0.15703125 0.356640625 0.153515625 0.3578125 0.14921875 0.348828125 0.15390625 0.346484375 0.15859375 0.335546875 0.1609375 0.319140625 0.158984375 0.3140625 0.1265625 0.356640625 0.11015625 0.387109375 0.1046875 0.408984375 0.08671875 0.453515625 0.08359375 0.466015625 0.08359375 0.505859375 0.08671875 0.519140625 0.09921875 0.526171875 0.1125 0.516015625 0.1234375 0.487890625
3 0.271484375 0.2515625 0.28828125 0.236328125 0.2921875 0.226953125 0.284375 0.216015625 0.2875 0.208203125 0.286328125 0.18828125 0.274609375 0.1921875 0.2625 0.208203125 0.26328125 0.212109375 0.2546875 0.214453125 0.255078125 0.2171875 0.26484375 0.219921875 0.2625 0.223828125 0.263671875 0.2328125 0.25625 0.229296875 0.25625 0.223046875 0.252734375 0.21875 0.244140625 0.21953125 0.21796875 0.241796875 0.21015625 0.264453125 0.1953125 0.290234375 0.196484375 0.3 0.208203125 0.29921875 0.2125 0.305078125 0.256640625 0.25703125 0.271484375 0.2515625
3 0.319921875 0.21796875 0.3203125 0.212109375 0.331640625 0.20625 0.346484375 0.1890625 0.368359375 0.17890625 0.3734375 0.172265625 0.37421875 0.165234375 0.380078125 0.159375 0.40546875 0.144921875 0.4046875 0.133984375 0.351171875 0.15078125 0.344921875 0.15703125 0.329296875 0.16171875 0.275390625 0.19375 0.26640625 0.205078125 0.25859375 0.223828125 0.27109375 0.235546875 0.2671875 0.240234375 0.272265625 0.24765625 0.27578125 0.247265625 0.290234375 0.23515625 0.319921875 0.21796875
1 0.15390625 0.686328125 0.14453125 0.667578125 0.133203125 0.66015625 0.13046875 0.673046875 0.1375 0.708984375 0.14296875 0.719921875 0.153515625 0.7296875 0.15859375 0.730078125 0.16015625 0.723828125 0.15390625 0.686328125
1 0.12265625 0.612109375 0.116796875 0.60859375 0.1109375 0.619140625 0.1125 0.644140625 0.11875 0.661328125 0.128125 0.665234375 0.128125 0.623828125 0.12265625 0.612109375
3 0.83359375 0.761328125 0.8359375 0.753515625 0.8328125 0.749609375 0.840234375 0.7390625 0.84609375 0.737890625 0.8421875 0.736328125 0.843359375 0.73046875 0.86015625 0.730078125 0.853125 0.722265625 0.85234375 0.711328125 0.8578125 0.698046875 0.86640625 0.690234375 0.8671875 0.683203125 0.8765625 0.673828125 0.88359375 0.656640625 0.88359375 0.647265625 0.89453125 0.622265625 0.886328125 0.58203125 0.876953125 0.58125 0.8703125 0.591796875 0.8671875 0.604296875 0.85 0.616015625 0.853125 0.620703125 0.838671875 0.65390625 0.828515625 0.65703125 0.8234375 0.655078125 0.826171875 0.65078125 0.835546875 0.64921875 0.8375 0.645703125 0.835546875 0.64140625 0.82265625 0.639453125 0.82109375 0.635546875 0.82734375 0.631640625 0.81953125 0.623046875 0.81953125 0.635546875 0.81171875 0.663671875 0.80546875 0.705859375 0.784375 0.785546875 0.7796875 0.792578125 0.78125 0.798046875 0.802734375 0.7859375 0.83359375 0.761328125
3 0.88515625 0.527734375 0.88203125 0.471484375 0.87578125 0.426953125 0.8703125 0.412890625 0.87109375 0.392578125 0.86796875 0.384765625 0.858984375 0.3734375 0.839453125 0.3734375 0.831640625 0.3765625 0.83046875 0.380078125 0.8328125 0.432421875 0.8390625 0.449609375 0.8484375 0.507421875 0.84453125 0.542578125 0.853125 0.573046875 0.859375 0.576953125 0.86796875 0.569921875 0.88515625 0.527734375