1 0.540234375 0.56875 0.54375 0.564453125 0.54765625 0.541796875 0.553125 0.533984375 0.5546875 0.501953125 0.541015625 0.4921875 0.530078125 0.490625 0.498046875 0.490625 0.477734375 0.49453125 0.475 0.498046875 0.4765625 0.512890625 0.47109375 0.544921875 0.47109375 0.565234375 0.475390625 0.56953125 0.483203125 0.57109375 0.515625 0.572265625 0.530859375 0.571875 0.540234375 0.56875
3 0.353125 0.732421875 0.371875 0.658984375 0.40625 0.544921875 0.43515625 0.462890625 0.4859375 0.337890625 0.490625 0.333203125 0.51875 0.269921875 0.56171875 0.192578125 0.565625 0.180859375 0.556640625 0.1765625 0.519140625 0.17421875 0.503515625 0.18046875 0.429296875 0.2421875 0.3640625 0.310546875 0.31328125 0.388671875 0.2796875 0.450390625 0.23828125 0.554296875 0.21796875 0.641015625 0.21171875 0.680859375 0.21015625 0.766015625 0.2125 0.802734375 0.21953125 0.845703125 0.223828125 0.85234375 0.243359375 0.8671875 0.287109375 0.89140625 0.3265625 0.905859375 0.3328125 0.848828125 0.353125 0.732421875
3 0.8953125 0.475390625 0.8953125 0.424609375 0.9015625 0.408203125 0.909375 0.401171875 0.9078125 0.388671875 0.8953125 0.362890625 0.89609375 0.353515625 0.90234375 0.345703125 0.8984375 0.338671875 0.8984375 0.326171875 0.8921875 0.314453125 0.8734375 0.285546875 0.848046875 0.25625 0.839453125 0.25625 0.833203125 0.2484375 0.818359375 0.23984375 0.816015625 0.234375 0.812109375 0.2390625 0.80546875 0.235546875 0.81484375 0.232421875 0.81328125 0.227734375 0.80703125 0.223828125 0.806640625 0.21953125 0.794921875 0.221875 0.780859375 0.20546875 0.773046875 0.2015625 0.76015625 0.203515625 0.761328125 0.20625 0.765625 0.205859375 0.765234375 0.21015625 0.757421875 0.20859375 0.748046875 0.20078125 0.744140625 0.20078125 0.743359375 0.19765625 0.737890625 0.19765625 0.720703125 0.18671875 0.709765625 0.18359375 0.7109375 0.196484375 0.765625 0.267578125 0.79921875 0.327734375 0.8203125 0.377734375 0.82578125 0.398046875 0.8359375 0.413671875 0.83671875 0.435546875 0.84765625 0.474609375 0.855078125 0.48203125 0.878125 0.483203125 0.882421875 0.47578125 0.8953125 0.475390625
3 0.851171875 0.79921875 0.8953125 0.751171875 0.91484375 0.721484375 0.94296875 0.648828125 0.95859375 0.584765625 0.957421875 0.57421875 0.95 0.596484375 0.945703125 0.59921875 0.9453125 0.566796875 0.94375 0.560546875 0.9375 0.558203125 0.9390625 0.528515625 0.933984375 0.51875 0.920703125 0.52734375 0.912890625 0.5265625 0.903515625 0.540625 0.894140625 0.5421875 0.89140625 0.547265625 0.87265625 0.605859375 0.8671875 0.657421875 0.8609375 0.666796875 0.86015625 0.675390625 0.8390625 0.703515625 0.83046875 0.744921875 0.81953125 0.764453125 0.80625 0.799609375 0.78046875 0.846484375 0.77890625 0.852734375 0.78203125 0.852734375 0.806640625 0.83671875 0.851171875 0.79921875
3 0.0890625 0.623828125 0.09296875 0.602734375 0.094921875 0.6 0.098828125 0.60390625 0.103125 0.598046875 0.1 0.548828125 0.09453125 0.544921875 0.09765625 0.534765625 0.0953125 0.517578125 0.0984375 0.491015625 0.110546875 0.46875 0.119140625 0.475 0.13046875 0.474609375 0.14140625 0.432421875 0.16015625 0.399609375 0.19765625 0.373828125 0.20390625 0.359765625 0.21640625 0.346484375 0.22421875 0.326171875 0.2609375 0.281640625 0.26953125 0.262109375 0.285546875 0.246875 0.306640625 0.23359375 0.318359375 0.2296875 0.325390625 0.22265625 0.369140625 0.19609375 0.398828125 0.17265625 0.430078125 0.16015625 0.455078125 0.14296875 0.475390625 0.14375 0.491015625 0.1375 0.49609375 0.132421875 0.494921875 0.12421875 0.459765625 0.12421875 0.368359375 0.13359375 0.337890625 0.14140625 0.290234375 0.1640625 0.270703125 0.18359375 0.251953125 0.18984375 0.222265625 0.21328125 0.17890625 0.258984375 0.1546875 0.294140625 0.1421875 0.305859375 0.13125 0.326171875 0.122265625 0.3359375 0.11796875 0.333203125 0.10859375 0.345703125 0.10703125 0.357421875 0.08203125 0.419921875 0.074609375 0.43046875 0.07265625 0.423828125 0.06875 0.423828125 0.06015625 0.468359375 0.05078125 0.470703125 0.0484375 0.486328125 0.05 0.552734375 0.0578125 0.584765625 0.0578125 0.597265625 0.08046875 0.640234375 0.086328125 0.64765625 0.090625 0.648046875 0.0921875 0.636328125 0.0890625 0.623828125
1 0.61484375 0.313671875 0.611328125 0.31015625 0.598828125 0.3078125 0.574609375 0.31015625 0.57109375 0.313671875 0.57265625 0.322265625 0.56640625 0.335546875 0.56875 0.348828125 0.575390625 0.35234375 0.61328125 0.355859375 0.61796875 0.348828125 0.61484375 0.313671875
1 0.678125 0.384765625 0.67265625 0.376953125 0.648828125 0.37109375 0.637109375 0.37265625 0.63125 0.396484375 0.634375 0.419921875 0.654296875 0.42578125 0.6796875 0.427734375 0.68125 0.408203125 0.678125 0.384765625
1 0.60078125 0.206640625 0.596484375 0.19921875 0.587109375 0.19609375 0.5765625 0.198046875 0.575 0.208984375 0.577734375 0.21171875 0.596875 0.215234375 0.60078125 0.212109375 0.60078125 0.206640625
1 0.22421875 0.468359375 0.224609375 0.42890625 0.203125 0.435546875 0.190625 0.474609375 0.18984375 0.490234375 0.194921875 0.49375 0.20859375 0.493359375 0.21640625 0.487109375 0.22421875 0.468359375
1 0.2171875 0.553515625 0.2125 0.526171875 0.203515625 0.51796875 0.193359375 0.52109375 0.18828125 0.528515625 0.1828125 0.548046875 0.18203125 0.565234375 0.187890625 0.5796875 0.2078125 0.583203125 0.21328125 0.576953125 0.2171875 0.553515625
1 0.1734375 0.660546875 0.168359375 0.6546875 0.156640625 0.65 0.15390625 0.653515625 0.15390625 0.664453125 0.1578125 0.685546875 0.169140625 0.69921875 0.18203125 0.703515625 0.1828125 0.687890625 0.1734375 0.660546875
1 0.1359375 0.650390625 0.128515625 0.63984375 0.122265625 0.6390625 0.11953125 0.648046875 0.125 0.671484375 0.136328125 0.68515625 0.1421875 0.685546875 0.1421875 0.669140625 0.1359375 0.650390625
1 0.17890625 0.751171875 0.166796875 0.740625 0.159765625 0.73828125 0.159375 0.749609375 0.16875 0.769921875 0.179296875 0.78125 0.19296875 0.786328125 0.1921875 0.772265625 0.17890625 0.751171875
1 0.196875 0.816015625 0.176171875 0.7953125 0.167578125 0.7921875 0.1671875 0.804296875 0.1734375 0.814453125 0.186328125 0.8265625 0.20078125 0.833984375 0.2015625 0.826171875 0.196875 0.816015625
1 0.55703125 0.898046875 0.546484375 0.89453125 0.519921875 0.8953125 0.503515625 0.89765625 0.4921875 0.902734375 0.48984375 0.910546875 0.491796875 0.9171875 0.5234375 0.918359375 0.546484375 0.91484375 0.55703125 0.898046875
1 0.4328125 0.921484375 0.425390625 0.91484375 0.387890625 0.90703125 0.37734375 0.908984375 0.38203125 0.920703125 0.390234375 0.9265625 0.43046875 0.933203125 0.43359375 0.931640625 0.4328125 0.921484375