1 0.43802205 0.6061638306451613 0.4474467564516129 0.588341020967742 0.4685744032258064 0.5825452185483871 0.49229693870967745 0.5673568798387096 0.5009288274193548 0.5574164298387096 0.5102273774193549 0.5387970975806451 0.5137845282258064 0.5251696338709677 0.5123102282258064 0.5107060653225807 0.49338417741935486 0.4736949548387097 0.42820910322580646 0.4256376266129032 0.4003233919354839 0.4145407112903226 0.3664043870967742 0.4117479120967742 0.2917365588709677 0.4145925895161291 0.266121670967742 0.41783308467741936 0.2526673572580645 0.4256795677419355 0.23167698387096772 0.45554050080645164 0.22469625080645161 0.4991043548387097 0.22751869354838708 0.527234968548387 0.23344065403225805 0.5491591379032258 0.24585354193548387 0.555358170967742 0.2511447177419355 0.5732997258064516 0.25626274354838713 0.5798376475806452 0.2622601612903226 0.5841950266129032 0.27286727177419356 0.5841480338709678 0.28518617419354836 0.5691328451612904 0.39436420967741936 0.5779688758064516 0.416094175 0.6043295879032258 0.4290512725806452 0.6088094185483871 0.43802205 0.6061638306451613
1 0.11884899112903226 0.5293412322580645 0.1260102862903226 0.5126934161290322 0.147177514516129 0.5019923193548387 0.1589992008064516 0.49930344354838707 0.1673033177419355 0.5053367379032259 0.17912500403225806 0.5026478629032258 0.1863691677419355 0.48394566129032257 0.19919269677419355 0.4721165637096774 0.2058097822580645 0.45718795 0.2039496008064516 0.4248224088709678 0.19857926129032258 0.4166914411290323 0.1734257129032258 0.4202671201612903 0.14441200161290324 0.4175139032258064 0.1330949427419355 0.42338887016129034 0.11105202741935483 0.44402671129032256 0.10368170725806451 0.4619323903225806 0.09980049032258063 0.49928980080645163 0.10358519516129032 0.5231854862903226 0.11147125967741936 0.5317345064516129 0.11884899112903226 0.5293412322580645
1 0.8846611661290322 0.44642419354838714 0.8992904733870968 0.44084112258064523 0.9023071201612903 0.43668906370967747 0.889587514516129 0.40277747016129034 0.8843433314516128 0.395443025 0.8743632991935484 0.39171643064516126 0.8629126725806452 0.38128246935483867 0.8573370129032258 0.38216556693548387 0.8498368298387097 0.3915185209677419 0.8377232483870968 0.3975196443548387 0.833870495967742 0.4067031540322581 0.8415190693548387 0.44468393709677423 0.8520470169354839 0.45444753225806456 0.8846611661290322 0.44642419354838714
2 0.8615534129032257 0.34434681693548386 0.8456910032258065 0.3137907580645162 0.8476736354838709 0.3391966201612903 0.8515770862903225 0.34837642419354836 0.8615534129032257 0.34434681693548386
2 0.7788833008064516 0.2708910379032258 0.7692310403225806 0.2511906983870968 0.7562702379032258 0.23895466612903227 0.7550989499999999 0.2444474564516129 0.7611000733870967 0.2565610379032258 0.7773768298387097 0.2768451685483871 0.7788833008064516 0.2708910379032258
2 0.4023070370967742 0.7930844508064516 0.41202734435483873 0.7797055951612903 0.41156229919354836 0.7716142096774193 0.3966262741935484 0.7494847201612903 0.3770372693548387 0.728908693548387 0.36387114596774195 0.7256867258064517 0.36165102096774193 0.7297126274193548 0.36643756935483873 0.7444680911290322 0.3602385362903226 0.7568809798387097 0.3641815693548387 0.761155489516129 0.3613739483870968 0.764049685483871 0.3721900846774194 0.7627448298387096 0.37579793467741934 0.7674806790322581 0.3703917185483871 0.7720112080645162 0.36230033306451614 0.7724762540322581 0.3633924572580645 0.7767940508064516 0.39333625967741936 0.7957300387096774 0.4023070370967742 0.7930844508064516
2 0.5706057983870968 0.9019682314516129 0.5788196354838709 0.894543506451613 0.5781888508064515 0.8905608927419355 0.5723175903225807 0.8870000362903226 0.5501806887096774 0.8864236564516129 0.5413793556451613 0.8927166750000001 0.5355155056451613 0.9046682233870967 0.5537959491935485 0.906671910483871 0.5706057983870968 0.9019682314516129
1 0.5916448459677419 0.1841948572580645 0.5914754024193548 0.1805474258064516 0.5816574032258065 0.16495585725806453 0.5611494241935484 0.15146566693548388 0.5329322354838709 0.1485862935483871 0.5211105491935484 0.1512751685483871 0.5167531701612903 0.1572725870967742 0.5165874314516129 0.16138135806451614 0.5333255282258065 0.18200067177419355 0.5873270491935484 0.18528698064516128 0.5916448459677419 0.1841948572580645
1 0.6999039072580645 0.20011672338709677 0.6982242870967742 0.19466722016129032 0.6680244653225806 0.16638198467741935 0.6442475258064516 0.15545080806451614 0.6325915782258065 0.1540309120967742 0.6261365258064516 0.15709455241935485 0.6301661330645162 0.16707087903225806 0.6572194451612904 0.19095544758064514 0.69604745 0.2015440306451613 0.6999039072580645 0.20011672338709677
1 0.6500322120967742 0.15330984758064514 0.6449141862903226 0.1467719258064516 0.6038153580645161 0.1218459314516129 0.5843599209677419 0.11757883306451612 0.5761856661290323 0.12009826370967742 0.587975181451613 0.1378270870967742 0.614145395967742 0.15613599596774194 0.6202256830645161 0.15843898951612903 0.6333881008064516 0.15390475483870966 0.6472245911290323 0.1562040427419355 0.6500322120967742 0.15330984758064514
1 0.5330472758064516 0.12611420967741935 0.5324164911290323 0.12213159516129031 0.5150550217741936 0.11304207177419355 0.49702689112903226 0.11263143064516129 0.4851223362903226 0.11737469112903225 0.48785079354838706 0.12429108387096775 0.49464473387096775 0.1285223056451613 0.5293169750000001 0.12833803951612904 0.5330472758064516 0.12611420967741935
1 0.4117593637096774 0.13103550483870968 0.41502832500000003 0.12847649193548386 0.4140190701612903 0.12210430967741936 0.40588439758064515 0.11971844596774193 0.3838340709677419 0.12484388306451612 0.37721327983870967 0.13201629435483872 0.3814086266129032 0.13788385 0.4117593637096774 0.13103550483870968
1 0.31417293467741936 0.1644547677419355 0.32012335967741934 0.1582050362903226 0.32217403951612905 0.15053170322580645 0.3149620459677419 0.1488162064516129 0.2950093927419355 0.15687542096774193 0.28558098145161287 0.16694202822580645 0.2829860919354839 0.1763345637096774 0.31417293467741936 0.1644547677419355
2 0.26069692741935485 0.38358260161290325 0.26693924758064513 0.37402062177419354 0.2721290266129032 0.3552355508064516 0.26956630806451615 0.3442103879032258 0.28150673951612903 0.3268056306451613 0.2797442491935484 0.3234105129032258 0.2700165306451613 0.32127696370967745 0.26737094274193546 0.3123061862903226 0.25957515887096777 0.31721518548387095 0.25157775967741935 0.33889445241935484 0.25158517096774197 0.3544068572580645 0.25787818951612906 0.36320819112903224 0.2539029862903226 0.3793513798387097 0.2563791298387097 0.3846747258064516 0.26069692741935485 0.38358260161290325
2 0.22951261129032258 0.31299507983870967 0.22983667741935485 0.2892651330645161 0.22740382096774192 0.28679269516129036 0.2219976056451613 0.2913232241935484 0.22019923951612902 0.30058960322580647 0.21001759193548386 0.313633275 0.20784075483870967 0.32051008548387094 0.21011157822580648 0.33484749677419356 0.22951261129032258 0.31299507983870967
3 0.1890590548387097 0.8489052250000001 0.19459142741935484 0.8451712185483871 0.1892210879032258 0.8370402508064516 0.09269966370967742 0.7302603750000001 0.10244220483870968 0.7634187338709677 0.12220435967741937 0.795398393548387 0.1366357572580645 0.8143417919354838 0.18587666854838708 0.8571660540322581 0.1890590548387097 0.8489052250000001
3 0.9422469564516129 0.5805999758064516 0.9497397282258064 0.5557346177419354 0.9521614677419354 0.5349384483870968 0.9498288298387098 0.47896911693548383 0.943784418548387 0.4640046266129032 0.9431177580645161 0.4726835088709678 0.9347814701612903 0.4870679137096774 0.9303708661290322 0.557169335483871 0.9302521201612903 0.5718852177419355 0.9375543943548387 0.5870587338709677 0.9422469564516129 0.5805999758064516