1 0.576171875 0.85859375 0.58046875 0.847265625 0.565625 0.825390625 0.5671875 0.800390625 0.560546875 0.79921875 0.551171875 0.790625 0.541015625 0.78984375 0.484765625 0.79296875 0.462890625 0.803125 0.46171875 0.805859375 0.46796875 0.811328125 0.4671875 0.822265625 0.47109375 0.835546875 0.4796875 0.838671875 0.4890625 0.862109375 0.4953125 0.866015625 0.538671875 0.86484375 0.576171875 0.85859375
2 0.30703125 0.633203125 0.305078125 0.6296875 0.291015625 0.6265625 0.2875 0.630078125 0.28984375 0.653515625 0.2984375 0.667578125 0.30234375 0.685546875 0.31015625 0.686328125 0.3109375 0.662109375 0.30703125 0.633203125
2 0.31953125 0.631640625 0.31796875 0.625390625 0.310546875 0.621875 0.30546875 0.630859375 0.30859375 0.660546875 0.31796875 0.677734375 0.32265625 0.679296875 0.31875 0.663671875 0.31953125 0.631640625
2 0.38671875 0.555859375 0.38125 0.537109375 0.371484375 0.52578125 0.367578125 0.52578125 0.36015625 0.548828125 0.3609375 0.562890625 0.36640625 0.572265625 0.36953125 0.593359375 0.3734375 0.595703125 0.38125 0.590234375 0.38671875 0.555859375
2 0.509375 0.501953125 0.5015625 0.490234375 0.50234375 0.486328125 0.498828125 0.484375 0.48359375 0.501953125 0.48359375 0.514453125 0.4875 0.520703125 0.50625 0.518359375 0.509375 0.501953125
2 0.428125 0.416015625 0.423046875 0.41484375 0.4125 0.436328125 0.409375 0.451953125 0.41484375 0.462890625 0.423828125 0.46484375 0.425 0.470703125 0.42890625 0.471484375 0.43203125 0.425390625 0.428125 0.416015625
2 0.375 0.391796875 0.367578125 0.38828125 0.36171875 0.398046875 0.359375 0.410546875 0.363671875 0.4234375 0.3734375 0.423828125 0.37578125 0.416015625 0.375 0.391796875
1 0.23671875 0.576953125 0.228515625 0.5546875 0.216015625 0.54921875 0.191015625 0.5453125 0.18828125 0.533203125 0.183984375 0.52890625 0.171875 0.533203125 0.16796875 0.573046875 0.173046875 0.5796875 0.192578125 0.58359375 0.208984375 0.58359375 0.217578125 0.58046875 0.223046875 0.584375 0.23046875 0.583984375 0.2359375 0.582421875 0.23671875 0.576953125
3 0.0953125 0.601953125 0.0984375 0.586328125 0.09375 0.573046875 0.09375 0.562109375 0.106640625 0.56015625 0.11484375 0.553515625 0.1171875 0.535546875 0.126953125 0.53359375 0.134375 0.526953125 0.14140625 0.505859375 0.1453125 0.458984375 0.14140625 0.439453125 0.15859375 0.334765625 0.1578125 0.325390625 0.148828125 0.30546875 0.141796875 0.30546875 0.1328125 0.313671875 0.104296875 0.371875 0.09921875 0.369921875 0.0984375 0.355859375 0.090625 0.357421875 0.08515625 0.372265625 0.07421875 0.429296875 0.0703125 0.475390625 0.07421875 0.566796875 0.0890625 0.634765625 0.09765625 0.657421875 0.10234375 0.658203125 0.103125 0.640234375 0.0953125 0.601953125
0 0.319921875 0.2171875 0.330078125 0.2171875 0.345703125 0.21171875 0.353515625 0.20546875 0.361328125 0.2046875 0.369140625 0.2109375 0.376953125 0.21015625 0.38671875 0.192578125 0.3875 0.167578125 0.379296875 0.16484375 0.349609375 0.17265625 0.337109375 0.1796875 0.310546875 0.18203125 0.29140625 0.204296875 0.28203125 0.226953125 0.2875 0.228515625 0.302734375 0.22578125 0.319921875 0.2171875
0 0.109765625 0.35390625 0.11484375 0.346484375 0.12890625 0.316015625 0.141015625 0.303125 0.149609375 0.3 0.15703125 0.316015625 0.160546875 0.31796875 0.17734375 0.304296875 0.1984375 0.269140625 0.20703125 0.262890625 0.203125 0.258984375 0.2078125 0.244921875 0.22265625 0.219921875 0.220703125 0.2171875 0.194140625 0.225 0.166015625 0.23828125 0.11796875 0.282421875 0.10078125 0.326171875 0.1015625 0.354296875 0.10625 0.356640625 0.10546875 0.353515625 0.109765625 0.35390625
0 0.88671875 0.398046875 0.88359375 0.369921875 0.87890625 0.360546875 0.87265625 0.321484375 0.86640625 0.314453125 0.8546875 0.280078125 0.8359375 0.241015625 0.812109375 0.21953125 0.791796875 0.209375 0.788671875 0.20390625 0.766796875 0.19296875 0.764453125 0.18828125 0.754296875 0.1859375 0.733203125 0.17265625 0.722265625 0.17109375 0.709765625 0.1625 0.669140625 0.1484375 0.647265625 0.14765625 0.621484375 0.140625 0.606640625 0.14375 0.630078125 0.1953125 0.658203125 0.20390625 0.659765625 0.209375 0.678515625 0.21953125 0.68203125 0.226953125 0.698828125 0.24296875 0.708984375 0.24453125 0.718359375 0.2421875 0.737109375 0.25546875 0.741796875 0.2515625 0.749609375 0.25234375 0.753125 0.259765625 0.765234375 0.26640625 0.769140625 0.271875 0.781640625 0.27265625 0.78984375 0.281640625 0.79140625 0.287890625 0.8203125 0.314453125 0.827734375 0.325 0.836328125 0.3265625 0.839453125 0.33203125 0.841796875 0.32890625 0.84453125 0.330078125 0.8453125 0.337890625 0.8421875 0.341796875 0.84609375 0.344921875 0.846875 0.357421875 0.85234375 0.358984375 0.85703125 0.369140625 0.8609375 0.390234375 0.871875 0.412890625 0.878125 0.401171875 0.88671875 0.398046875
3 0.836328125 0.45703125 0.843359375 0.45 0.847265625 0.45234375 0.86015625 0.437890625 0.86015625 0.416015625 0.8546875 0.382421875 0.83125 0.331640625 0.7921875 0.291015625 0.780859375 0.27421875 0.776953125 0.27734375 0.757421875 0.2703125 0.718359375 0.24453125 0.707421875 0.24765625 0.699609375 0.24609375 0.671484375 0.21796875 0.647265625 0.2 0.620703125 0.196875 0.608203125 0.1921875 0.584765625 0.19453125 0.562890625 0.18828125 0.53125 0.196484375 0.525 0.204296875 0.52578125 0.213671875 0.544921875 0.2265625 0.553515625 0.2375 0.608203125 0.2625 0.617578125 0.2734375 0.633984375 0.28203125 0.650390625 0.29765625 0.661328125 0.303125 0.684765625 0.328125 0.700390625 0.33671875 0.728515625 0.36796875 0.753515625 0.3765625 0.76484375 0.393359375 0.76953125 0.394921875 0.7734375 0.408984375 0.80078125 0.431640625 0.8109375 0.458203125 0.8203125 0.461328125 0.826953125 0.45625 0.836328125 0.45703125
3 0.454296875 0.2171875 0.479296875 0.2125 0.514453125 0.2125 0.51875 0.209765625 0.52421875 0.196484375 0.490234375 0.19375 0.474609375 0.1984375 0.439453125 0.20078125 0.425390625 0.19609375 0.416015625 0.2015625 0.407421875 0.19609375 0.388671875 0.2015625 0.3796875 0.212109375 0.3890625 0.219140625 0.40078125 0.241015625 0.422265625 0.2265625 0.454296875 0.2171875
3 0.173828125 0.3625 0.207421875 0.34921875 0.212109375 0.34921875 0.216015625 0.35390625 0.222265625 0.34375 0.233984375 0.33828125 0.308203125 0.31328125 0.36015625 0.260546875 0.36953125 0.240234375 0.3671875 0.227734375 0.351171875 0.2203125 0.345703125 0.2140625 0.320703125 0.21875 0.293359375 0.23203125 0.274609375 0.2328125 0.254296875 0.23828125 0.216796875 0.2671875 0.200390625 0.27109375 0.1625 0.323828125 0.15546875 0.365234375 0.15625 0.371484375 0.16015625 0.372265625 0.169921875 0.36796875 0.173828125 0.3625
3 0.39765625 0.241015625 0.396875 0.233984375 0.38828125 0.217578125 0.380859375 0.21171875 0.352734375 0.20703125 0.346875 0.212109375 0.3484375 0.219921875 0.365234375 0.22578125 0.36875 0.237109375 0.3609375 0.259765625 0.37265625 0.262109375 0.3921875 0.251171875 0.39765625 0.241015625