1 0.7389602953020135 0.4479051744966443 0.7740858968120805 0.451650100671141 0.8035768162751677 0.44848275838926177 0.8145986501677852 0.4333380545302013 0.8141035939597315 0.37539957718120803 0.8011973296979865 0.3363347533557047 0.7754460100671141 0.31654815268456377 0.7292267156040269 0.2939482013422819 0.7250399656040268 0.28163015268456376 0.718971437919463 0.2751224530201342 0.7131025318791947 0.2749175067114094 0.7098899370805369 0.28277997651006714 0.703470072147651 0.2863332592281879 0.6828610310402685 0.2755403255033557 0.6554568347315436 0.2670284119127517 0.6278769697986577 0.26354698909395974 0.6034750973154362 0.26521316946308726 0.5912049546979866 0.2920664068791946 0.5897650025167784 0.3453204060402684 0.5901296434563759 0.3709359840604027 0.601212687080537 0.4141343271812081 0.6154311409395974 0.4276421283557047 0.6931695226510067 0.4370723129194631 0.7159238439597315 0.43450916107382553 0.7225380058724833 0.4494302894295302 0.73201875 0.4543782709731544 0.7389602953020135 0.4479051744966443
1 0.6994695687919463 0.7734870486577181 0.7158199991610739 0.7379622046979866 0.7247710838926175 0.6979817810402684 0.7061556073825503 0.6901964958053691 0.7017878632550335 0.6950805956375838 0.6385553917785235 0.7029457197986577 0.6281723515100671 0.7118169488255034 0.5697947021812081 0.7248882323825503 0.5085025637583892 0.7252661761744966 0.5010100587248322 0.7354975008389262 0.4983324479865772 0.7761167172818791 0.5009781098993288 0.8085274513422819 0.5070466375838926 0.8150351501677852 0.5212411384228188 0.8172097080536913 0.5842101065436242 0.8168903204697986 0.6596488397651007 0.7960204479865771 0.670577514261745 0.795562648489933 0.6928740352348993 0.782070822147651 0.6994695687919463 0.7734870486577181
1 0.8701868833892616 0.5842794018456375 0.8218994941275168 0.5968636065436241 0.8052722567114095 0.6042576275167785 0.8029513087248322 0.6226442038590605 0.787750702181208 0.6733190771812081 0.7736573389261745 0.7043058338926175 0.7963823817114094 0.7025810964765101 0.8366076795302013 0.6804815444630873 0.8506025587248321 0.6763533498322148 0.8621753515100672 0.6574504169463087 0.8734074572147652 0.624265149328859 0.879579793624161 0.5917426283557047 0.878805260067114 0.5778648615771812 0.8701868833892616 0.5842794018456375
1 0.9183385503355705 0.4193325436241611 0.9029649471476511 0.40284637248322147 0.9018976317114095 0.39735275671140935 0.8812007567114094 0.38907506795302016 0.8673815461409397 0.38817277181208054 0.8664206937919463 0.4036688129194631 0.8697078020134229 0.48982594882550334 0.8733489186241611 0.4937305679530201 0.899310509228188 0.4954766040268456 0.9025763355704697 0.4981089622483222 0.9153867869127517 0.49184081291946313 0.9211146275167785 0.4840661770134228 0.9225492541946309 0.44298383557046983 0.9183385503355705 0.4193325436241611
1 0.7228814001677852 0.12709826677852348 0.7199083548657719 0.11608175755033556 0.692802264261745 0.08701403523489933 0.6732073070469798 0.0712198884228188 0.6278557063758389 0.047810799496644296 0.6162642852348994 0.04320883053691275 0.5845216224832215 0.03874260234899329 0.5700636191275168 0.04411378020134228 0.5630049605704698 0.053940536912751684 0.5686689194630872 0.060014389261744974 0.5927780117449665 0.06673235989932885 0.6215902105704698 0.09502022399328859 0.6202833456375839 0.10840558808724832 0.6354573271812081 0.11858900671140939 0.6902949974832214 0.13477441862416106 0.7172706719798657 0.13151924244966443 0.7228814001677852 0.12709826677852348
1 0.8864947684563758 0.24949358892617451 0.8732078884228187 0.22132816275167785 0.8216812969798658 0.17042171812080537 0.7829491828859061 0.14976209983221478 0.7713284832214765 0.1459985461409396 0.7695052625838926 0.1501320654362416 0.7831967105704698 0.1787313389261745 0.8004467667785236 0.2015788187919463 0.8251307701342282 0.21587180369127515 0.8405336518456376 0.2315195595637584 0.8708230587248322 0.2535632273489933 0.8798992348993289 0.2580773624161074 0.8870696803691275 0.25706860318791946 0.8864947684563758 0.24949358892617451
1 0.0983738850671141 0.3785269018456376 0.11867151677852349 0.37419908557046977 0.13223787416107383 0.3583038020134228 0.16411096979865772 0.26288151761744966 0.15980710654362415 0.2539171291946309 0.13615581459731543 0.2581278330536913 0.1304279739932886 0.2659024697986577 0.10712534815436242 0.3322437265100671 0.0983738850671141 0.3785269018456376
1 0.16270556711409395 0.6997596778523489 0.13790445134228188 0.6888203540268456 0.13362454110738253 0.6911892088926175 0.15661573993288588 0.7419386124161074 0.18493021140939597 0.784479533557047 0.22623612667785237 0.8035501560402685 0.2294141191275168 0.8086977592281879 0.24254130453020134 0.805378702181208 0.2332708322147651 0.7823901560402684 0.19776196224832215 0.7295247508389262 0.16270556711409395 0.6997596778523489
1 0.8917487810402684 0.6639394882550336 0.9077425494966443 0.6506472835570469 0.9130950989932887 0.6416003859060402 0.9245028733221476 0.6033846275167785 0.924537476510067 0.5903745536912751 0.8990576384228188 0.6108904354026846 0.8824383800335571 0.6661326744966444 0.8917487810402684 0.6639394882550336
1 0.9236485008389262 0.5076589127516778 0.9398365662751678 0.5128411191275167 0.949123014261745 0.4993146895973155 0.9495728355704699 0.4623951459731544 0.9389129882550336 0.44313555117449666 0.9262782055369128 0.4443732097315436 0.9242793162751678 0.4535372197986577 0.9236485008389262 0.5076589127516778
1 0.9717016661073825 0.50178202852349 0.972755677852349 0.47159908389261745 0.9635384362416107 0.45910536661073825 0.9587954018456376 0.46271720469798655 0.9577360654362417 0.5050718078859061 0.9643555520134228 0.5078212776845638 0.9717016661073825 0.50178202852349
1 0.9542572961409397 0.5926715486577181 0.9612094916107382 0.5618551359060403 0.9595379865771811 0.5496249219798658 0.9487210989932886 0.5589007189597316 0.9402331384228187 0.5976381585570469 0.9434696870805369 0.6011089312080536 0.9542572961409397 0.5926715486577181
3 0.8800269974832216 0.2303803850671141 0.8951424228187919 0.24224063422818792 0.9146388951342282 0.2848933431208054 0.9363977609060402 0.31083630536912754 0.9440792374161073 0.3312510494966443 0.9463496082214766 0.36238952097315436 0.9509994840604027 0.37346458640939595 0.9629954731543624 0.3785004018456376 0.9710575654362417 0.38801574916107384 0.9647468347315437 0.34036715268456375 0.9390514186241611 0.2588838456375839 0.9085198078859061 0.19569928104026846 0.8710173733221477 0.13982622651006713 0.8502965453020135 0.12021529530201341 0.8198314697986577 0.1032021182885906 0.8018840645973154 0.08830494295302013 0.7128284144295302 0.04238373657718121 0.6677296661073826 0.03577222818791946 0.6541686342281879 0.03949585402684564 0.6523161350671141 0.044467788590604025 0.6950939345637583 0.06946587332214765 0.7314571946308724 0.0858455822147651 0.7513928389261745 0.11592206375838926 0.7774316140939598 0.1394961711409396 0.7889937575503355 0.14493655536912753 0.7912747776845638 0.15173171140939598 0.8241672642617449 0.17134796812080538 0.8800269974832216 0.2303803850671141