1 0.35073416746411484 0.4739741044657097 0.3534517216905901 0.4865547639553429 0.3918195980861244 0.4980310574162679 0.43733029984051036 0.4988152894736842 0.4438779513556618 0.5080664960127591 0.44785548006379583 0.5083446315789474 0.45155759808612445 0.4954134840510367 0.46556511244019144 0.47800688915470496 0.46713939872408294 0.46692543779904305 0.47661311403508777 0.4571957639553429 0.4792832177033493 0.4190114936204147 0.4682795701754386 0.39346078468899526 0.4567363763955343 0.3870578381180223 0.4531676897926635 0.3752170566188198 0.4478578349282297 0.37684424401913874 0.4446007344497607 0.38341134688995215 0.41720305502392346 0.37510035087719296 0.37674352232854863 0.3706723540669856 0.3620712073365231 0.38043820414673046 0.35844416746411484 0.3865797408293461 0.35314558692185005 0.43377325757575763 0.35073416746411484 0.4739741044657097
1 0.21684490829346093 0.605305255183413 0.22137325598086124 0.6320019585326954 0.23522243779904306 0.6797350215311004 0.2670593875598086 0.6931528141945773 0.30515185406698564 0.6914198237639554 0.2938031698564593 0.6250758197767144 0.27771217623604466 0.5979702751196172 0.2711256228070176 0.6007072807017544 0.24367231578947368 0.5931917902711324 0.2180492543859649 0.5937982376395534 0.21684490829346093 0.605305255183413
1 0.6175992312599681 0.7216619250398725 0.6225391467304625 0.7196091714513557 0.6406688939393939 0.7232751132376395 0.6777627974481658 0.7186744122807017 0.6904936132376396 0.7023776355661883 0.6964904449760765 0.6852102751196172 0.7008406379585327 0.6687271658692184 0.6961621331738437 0.6556096858054227 0.6835814736842105 0.6583272400318979 0.6703916411483254 0.6526085438596492 0.6376813811802233 0.6631115470494418 0.6387522974481659 0.6763764577352471 0.6309586706539075 0.7078072926634769 0.6218548947368421 0.7179625326953748 0.6172487432216907 0.7152422527910686 0.6146397177033492 0.7182573939393939 0.6175992312599681 0.7216619250398725
1 0.7454251283891546 0.6770408875598086 0.7625757639553429 0.6718450127591706 0.7774705877192982 0.6588971403508772 0.7869108524720893 0.6267820542264753 0.7817511547049442 0.614830019138756 0.7775511180223285 0.6177339059011164 0.7656741602870814 0.6161039920255184 0.752704110845295 0.6243900861244019 0.740023471291866 0.6742649800637959 0.7454251283891546 0.6770408875598086
1 0.8336897057416268 0.5637033277511961 0.8369079043062201 0.5691244362041468 0.8416809385964912 0.5694581993620415 0.8528207432216907 0.553050168261563 0.8524535295055822 0.5354377902711324 0.8469600685805422 0.528258788676236 0.8399117719298246 0.5261671331738437 0.8357284601275916 0.540263725677831 0.8336897057416268 0.5637033277511961
1 0.6900194848484849 0.3090419186602871 0.7033011212121212 0.31916370893141943 0.7068336315789474 0.32580588915470493 0.7247408708133971 0.33265385406698567 0.7342507623604465 0.3281227799043062 0.7372491778309409 0.31953909968102073 0.7331825717703349 0.297671057416268 0.7279672464114832 0.2865145279106858 0.7122796427432216 0.28221996172248803 0.6994235733652313 0.27172823205741625 0.6889151188197766 0.2733915956937799 0.6851768245614035 0.28112414354066984 0.6900194848484849 0.3090419186602871
1 0.7848962599681021 0.3812267759170654 0.7951433038277512 0.3947336467304625 0.8080188237639553 0.3992312703349282 0.811609687400319 0.3878911339712919 0.8082996858054227 0.3780669306220096 0.7871186204146731 0.36659336283891547 0.7845095948963318 0.3696085039872408 0.7848962599681021 0.3812267759170654
1 0.7389514433811802 0.3180593429027113 0.7515072001594897 0.35570951754385965 0.7660460845295056 0.37071559569377993 0.7825848205741627 0.3742702830940989 0.7809409082934609 0.3577677224880383 0.7693253620414673 0.34096757575757575 0.7575262081339713 0.31536123923444975 0.7497574848484848 0.3064243452950558 0.7403226714513557 0.30416580781499203 0.7393602846889952 0.3064966977671451 0.7389514433811802 0.3180593429027113
1 0.4143820534290271 0.19823669218500797 0.45017980622009574 0.20073991467304625 0.48716245454545454 0.19773022567783094 0.5021101802232855 0.201173658692185 0.5097703755980861 0.19451475279106858 0.5216667838915471 0.19015055980861245 0.524314711323764 0.17514720733652314 0.5197836371610846 0.16563731658692185 0.5090359481658693 0.15928999681020733 0.49329271770334926 0.15579093620414672 0.4351651802232855 0.152525658692185 0.4278192966507177 0.16040563636363636 0.41621502392344495 0.1891718181818182 0.4106270334928229 0.19477653429027114 0.4143820534290271 0.19823669218500797
1 0.34221355023923444 0.18999259728867623 0.352722004784689 0.1883292336523126 0.3756804130781499 0.19153343301435408 0.40720577751196174 0.18654334210526316 0.4175668014354067 0.18127238915470495 0.42385849362041467 0.17132020653907498 0.42968844417862834 0.15653936283891548 0.42950483732057415 0.14773317384370016 0.42543550558213716 0.1430519433811802 0.3848647192982456 0.1402149577352472 0.36135003827751194 0.14496581419457735 0.3617923301435407 0.1557885813397129 0.34994882376395536 0.1765440797448166 0.3409563022328549 0.18510830940988837 0.34221355023923444 0.18999259728867623
1 0.15288667942583734 0.38819366985645937 0.15536499920255184 0.3927636459330144 0.19573272807017542 0.39278854864433815 0.20746498086124404 0.37362406140350873 0.21044667145135565 0.35384767464114836 0.2202930510366826 0.3273567551834131 0.22242633492822966 0.2911334362041467 0.21550601834130784 0.29864347527910684 0.19051158054226475 0.30169206618819777 0.17498813317384368 0.3121977950558214 0.16468001036682617 0.33386005342902714 0.15431353429027114 0.3735046291866029 0.15288667942583734 0.38819366985645937
1 0.20668855582137163 0.2532607527910686 0.23038956858054227 0.24012927272727275 0.2572586044657097 0.19884078468899521 0.2629772998405104 0.18565095215311006 0.26225687240829343 0.17880571371610846 0.23476466427432216 0.1832784346092504 0.21594793939393941 0.1951526658692185 0.19905326315789476 0.21955192982456143 0.18713467783094098 0.2470970398724083 0.20668855582137163 0.2532607527910686
1 0.1032599370015949 0.5605904298245614 0.11229990829346093 0.602791129984051 0.12223264035087719 0.6150769282296651 0.1424707687400319 0.6228872799043061 0.14668753110047847 0.6311760988835725 0.1510182735247209 0.6206870948963318 0.1400589792663477 0.5487745510366826 0.13395634449760765 0.5331592998405104 0.1075572288676236 0.527716014354067 0.10261731339712918 0.5297687679425837 0.1032599370015949 0.5605904298245614
1 0.0743568572567783 0.36231774561403507 0.08159148564593302 0.35602877910685804 0.09404689154704944 0.32652271850079745 0.10714764593301435 0.31065150797448166 0.10474440430622009 0.2992919210526316 0.10707801993620414 0.28306749601275916 0.09910351275917066 0.2885053301435407 0.09099829984051037 0.3015282814992026 0.07224847607655502 0.358173336523126 0.0743568572567783 0.36231774561403507
3 0.6035509609250398 0.17948885247208932 0.6035871371610846 0.18468745295055822 0.6178117097288677 0.19847245933014354 0.620398558213716 0.21863823524720893 0.6403780023923444 0.224432009569378 0.6593756076555024 0.23855077830940988 0.6628330406698565 0.2519825709728868 0.6749854074960128 0.2668217679425837 0.6979994433811803 0.2692304609250399 0.7131307759170654 0.2814800837320574 0.7280785007974482 0.2849235167464115 0.7404895534290271 0.30177929106858054 0.7508673022328548 0.30770104465709724 0.749941091706539 0.3152305342902711 0.7602270374800638 0.31674919298245613 0.7628333373205741 0.33092086363636364 0.7711388819776714 0.33789680781499204 0.7722848755980861 0.34437210685805425 0.7811077894736842 0.3553812057416268 0.7828629569377991 0.37029275518341304 0.7916135183413078 0.370904653907496 0.8021943253588517 0.37963849043062203 0.8141825374800639 0.3796773923444976 0.8248913237639554 0.3980129234449761 0.8326071459330144 0.3905585119617225 0.842097586124402 0.3920215438596491 0.8461669178628389 0.39670277432216905 0.8464617791068579 0.40391795215311005 0.8524002575757575 0.4047329082934609 0.8557658867623604 0.413761606060606 0.8599102966507177 0.4116532248803828 0.8632202982456141 0.42147742822966505 0.8701767910685806 0.4191659896331738 0.8718985079744817 0.41169212759170654 0.8766159146730462 0.4128213955342903 0.8785406889952153 0.4081596164274322 0.889530336523126 0.40533080781499203 0.8912158771929826 0.39265834529505583 0.887499759968102 0.3772099752791068 0.8745546124401914 0.3451283397129186 0.8717452551834132 0.3281445861244019 0.8599461020733652 0.30253824960127595 0.8422446459330144 0.2813155574162679 0.8163878022328549 0.23953769776714512 0.7779502990430622 0.2004773923444976 0.7223427097288676 0.1726070677830941 0.6973871738437002 0.16366744736842107 0.6883584768740032 0.16703307655502392 0.6848259657097289 0.16039089553429026 0.683585442583732 0.1666993133971292 0.6739281212121212 0.1676227990430622 0.6567051331738437 0.16242147288676234 0.6517652177033493 0.1644742264752791 0.6496012097288676 0.16112532296650717 0.6438101618819777 0.1639179553429027 0.6469003803827751 0.15973736921850082 0.6410731562998405 0.15733140111642743 0.6382416220095694 0.16352856459330142 0.6328399641148326 0.16075265789473683 0.628639927432217 0.16365654465709728 0.6251435933014354 0.16221296331738436 0.6301947623604466 0.1585691985645933 0.6251630438596492 0.15621885805422647 0.6239225207336523 0.1625272759170654 0.6012589736842106 0.1665382543859649 0.5990755143540669 0.16918345614035088 0.6028305334928229 0.1726436140350877 0.5966139194577352 0.17580618580542265 0.6035509609250398 0.17948885247208932
3 0.8250025781499203 0.3964219122807017 0.8301455510366825 0.39718124162679425 0.8324013628389154 0.4049332408293461 0.8387292312599681 0.40017965789473686 0.8367488301435406 0.40563694258373206 0.8464952288676235 0.4263033636363637 0.8590175358851676 0.4415681267942584 0.8623275374800637 0.45139233014354063 0.8706330821371612 0.45836827432216903 0.8753115869218502 0.47148575438596496 0.8902231363636364 0.46973058692185005 0.8987204641148326 0.4339522854864434 0.8922117145135566 0.41271286762360443 0.8931017496012759 0.3999847775119617 0.889958629186603 0.3877740574162679 0.8725493086124402 0.39095335406698567 0.8737509298245614 0.3966331475279107 0.8545475406698564 0.39688910685805423 0.8486646889952153 0.395278644338118 0.8464088771929824 0.38752664593301434 0.8335139059011164 0.3890231283891547 0.8299257679425837 0.3831764529505582 0.822081966507177 0.38102916985645935 0.8186774346092505 0.3839886834130782 0.8250025781499203 0.3964219122807017
1 0.8543503046251993 0.474016976076555 0.8583083819776713 0.4802892177033493 0.8646724266347687 0.48073423524720893 0.8686526810207336 0.4638255590111643 0.858758850877193 0.43955154944178626 0.8543363054226476 0.4456374585326954 0.8543503046251993 0.474016976076555
0 0.9138607153110048 0.6232686236044657 0.9170983644338119 0.6226956267942584 0.9389135055821372 0.6022377153110048 0.9513576371610846 0.5271653253588517 0.9504450550239235 0.44876075757575756 0.9318730159489634 0.4342720486443381 0.9254895199362041 0.4398211371610845 0.9251001291866029 0.44538967623604464 0.9296841052631578 0.47129087400318975 0.9284883062200956 0.5455510326953747 0.9117523341307815 0.6191242145135566 0.9138607153110048 0.6232686236044657
1 0.43351271929824564 0.07326995693779904 0.43902563157894736 0.07445485326953749 0.47771054625199366 0.06996540669856459 0.49008814752791063 0.06443576953748006 0.496749779106858 0.05490915311004784 0.4919405693779904 0.049376789473684214 0.46892653349282293 0.0469680956937799 0.4500736323763955 0.053643727272727273 0.43310660366826154 0.06764579106858054 0.43351271929824564 0.07326995693779904
1 0.6079033779904306 0.848887197767145 0.6461265494417863 0.8395690901116428 0.6648320199362041 0.829285870015949 0.6731041140350876 0.8138764027113238 0.6560841842105263 0.8114871594896332 0.6161031196172249 0.8230805295055822 0.6017062145135565 0.846055663476874 0.6079033779904306 0.848887197767145
1 0.3173909441786284 0.8593493141945773 0.3275461842105263 0.8684530901116428 0.3619365326953748 0.8796512472089314 0.40781717384370014 0.8808610462519937 0.4069493157894737 0.8704082185007974 0.39992047049441787 0.8623224569377991 0.33102851913875597 0.8415171531100478 0.3025571985645933 0.8371280582137162 0.3173909441786284 0.8593493141945773
1 0.2719553197767145 0.8517754712918661 0.2983906124401914 0.8624173564593303 0.3194993245614035 0.8634937240829347 0.31237867623604465 0.8510048676236045 0.2977285374800638 0.8375898006379585 0.2454865773524721 0.8187481738437001 0.24134216746411483 0.8208565542264753 0.2719553197767145 0.8517754712918661
1 0.2081896164274322 0.8205367910685806 0.22437513875598086 0.8348586180223285 0.24751715470494418 0.8468690063795853 0.26442583014354065 0.850849259968102 0.26037594976076556 0.8401739242424243 0.2442460542264753 0.825056590909091 0.2042704409888357 0.8022763381180223 0.19716651754385967 0.800980187400319 0.2081896164274322 0.8205367910685806
1 0.15115789712918662 0.7901686945773525 0.17736795454545454 0.8211794146730463 0.19420155263157896 0.8319492799043061 0.2051717496012759 0.8351145773524721 0.20974172567783092 0.8326362567783094 0.20415646092503986 0.8210541602870813 0.1912085885167464 0.806159336523126 0.16618070015948963 0.7868225167464115 0.15617289074960128 0.7813263293460926 0.1505487240829346 0.7817324449760766 0.15115789712918662 0.7901686945773525
1 0.41697112599681024 0.9042839226475279 0.42777444098883577 0.9098357368421052 0.473563279106858 0.9066424409888357 0.4798911475279107 0.9018888580542266 0.4728066754385965 0.8945986020733653 0.4538814218500797 0.8908770334928229 0.41882354784688997 0.8892249433811803 0.4129768724082935 0.8928130813397129 0.41697112599681024 0.9042839226475279
1 0.47269542105263157 0.8961896132376395 0.47940995454545454 0.9030543030303031 0.48492286682615626 0.9042391985645932 0.530878586124402 0.8986593859649122 0.5399267344497608 0.8892996507177033 0.5310287424242424 0.8850801626794258 0.5103455956937799 0.8836338564593301 0.4782472352472089 0.8853862974481659 0.4716050542264753 0.8889188086124401 0.47269542105263157 0.8961896132376395
1 0.5113192567783094 0.9268692958532695 0.5377934513556618 0.9255229704944178 0.5525019425837321 0.9209557200956938 0.5565545486443381 0.9144442440191387 0.5396458732057416 0.910463990430622 0.5169266977671452 0.9152704744816587 0.5085266244019139 0.9210782480063795 0.5113192567783094 0.9268692958532695
1 0.5456038022328549 0.905284841307815 0.568044841307815 0.9044558851674641 0.5876376212121212 0.8986313867623605 0.5918014816586922 0.8905289003189792 0.5560955318979266 0.8924287719298245 0.5487134728867623 0.8951101499202552 0.5451420598086125 0.9004561802232854 0.5456038022328549 0.905284841307815
1 0.3429167503987241 0.8887133955342903 0.3536644385964912 0.8950607153110047 0.3610075964912281 0.9043675486443381 0.39674972169059014 0.9076662775119617 0.40291070893141945 0.9052992113237639 0.4026158484848485 0.8980840334928231 0.3931448588516746 0.8906268963317384 0.3696690805422647 0.8833895414673046 0.33790448245614035 0.8803689489633173 0.3429167503987241 0.8887133955342903
1 0.30434309011164273 0.8916118309409888 0.3206036905901117 0.8991440462519936 0.3395289441786284 0.902865615629984 0.35915790031897926 0.9022397169059012 0.3521846818181818 0.8933584497607656 0.3289314122807017 0.882939072567783 0.30238486523125996 0.8738881985645932 0.2864747527910686 0.8727756547049442 0.30434309011164273 0.8916118309409888
1 0.24142851913875601 0.8596332719298246 0.2544320199362041 0.873732590909091 0.26893472727272727 0.8835400685805421 0.2970722854864434 0.8927021977671452 0.3016422615629984 0.8902238771929826 0.2977954385964912 0.8823606244019139 0.2818129736842105 0.8708508803827751 0.24128108931419456 0.8560256834130782 0.24142851913875601 0.8596332719298246
1 0.7342327934609251 0.7913711881977671 0.7382103213716108 0.7916493245614035 0.7548992145135566 0.781624788676236 0.7665563883572568 0.7692499130781499 0.7686480446570972 0.7622016164274322 0.7636163261562998 0.7598512759170655 0.7505544728867624 0.7637342751196172 0.7424687113237639 0.7707631204146731 0.7337710510366826 0.7865425271132377 0.7342327934609251 0.7913711881977671
1 0.7751595199362041 0.7662542232854864 0.7882964513556618 0.7555816124401914 0.7946993979266348 0.7440384186602871 0.7938120893141947 0.7395796969696969 0.7875036714513556 0.7383391738437002 0.7762358875598087 0.7451455103668262 0.7661864497607656 0.7688243468899522 0.7751595199362041 0.7662542232854864
1 0.8182529800637958 0.7272993500797448 0.8218049417862838 0.7279474250398724 0.827281677830941 0.723933720893142 0.8354425175438597 0.710115263955343 0.8346108357256777 0.7048610366826157 0.8260077049441786 0.7078567264752791 0.8189010558213716 0.7237473883572567 0.8182529800637958 0.7272993500797448
1 0.6479178931419458 0.859679240031898 0.6593887344497608 0.8556849864433811 0.6772986993620415 0.8453461387559809 0.6829061411483254 0.8337473173843699 0.666681716108453 0.8314137025518342 0.6568018859649123 0.8355192097288677 0.6429807033492824 0.8445451818181817 0.6361521905901116 0.8564583149920254 0.6479178931419458 0.859679240031898
1 0.32454231738437 0.9114103939393938 0.33375462121212124 0.9168509537480064 0.3700697440191387 0.9233873317384369 0.37389984210526317 0.9200578787878788 0.367610874800638 0.9128232496012759 0.3544210422647528 0.9071045542264753 0.3196413038277512 0.9014749362041468 0.32454231738437 0.9114103939393938
1 0.3733435701754386 0.9280129346092504 0.37820840749601276 0.9327497918660288 0.3922493724082935 0.9377286092503987 0.4216830805422647 0.9397868149920255 0.4247732998405103 0.9356062288676237 0.41052927671451356 0.9278153285486445 0.3739916451355662 0.9244609728867623 0.3733435701754386 0.9280129346092504
2 0.4366892902711324 0.10786608931419457 0.4720253006379585 0.10554065071770334 0.49119251355661886 0.10008609170653908 0.46621752711323766 0.09714057735247209 0.42975224880382773 0.10418342185007974 0.4366892902711324 0.10786608931419457
2 0.6638401515151515 0.3176034218500798 0.6761037735247208 0.3308516076555024 0.6857054681020733 0.3307236283891547 0.6922002185007975 0.323583528708134 0.6882059649122807 0.31211268660287084 0.6794748540669856 0.30550668181818186 0.6668580183413079 0.3030256363636364 0.6625467272727272 0.3075205342902711 0.6638401515151515 0.3176034218500798