1 0.6965341553819444 0.833605578125 0.6825992456597222 0.8538296085069444 0.6732773359375 0.8948554730902778 0.6742278932291668 0.9008570512152778 0.6805010590277778 0.9016212317708333 0.7255302118055555 0.8835033645833333 0.7512006796875 0.8680121744791667 0.7683360807291666 0.8402502282986111 0.7759938359374999 0.8109133272569444 0.7826238003472222 0.8028322369791667 0.7789653446180556 0.7963806710069444 0.7565845677083334 0.8021226276041666 0.6965341553819444 0.833605578125
1 0.05346691579861111 0.4718503454861111 0.05802534548611111 0.47288611284722226 0.09925626041666666 0.4391106223958333 0.10547086631944444 0.41176004600694444 0.103705546875 0.40061425781250004 0.09896472916666667 0.39565243489583335 0.07622316493055555 0.40189097309027777 0.05885878211805556 0.42265817881944445 0.050708434895833335 0.45998298177083335 0.05346691579861111 0.4718503454861111
1 0.46725909809027777 0.21559601475694445 0.46436482204861107 0.20287128385416667 0.4431050243055556 0.19349480295138888 0.36702024565972224 0.1958778125 0.33999184027777773 0.20279531944444443 0.28382088715277776 0.2310271953125 0.2693854079861111 0.24254174913194446 0.25847657899305554 0.2679991892361111 0.25501247743055555 0.2905197482638889 0.2708564774305555 0.29899625434027777 0.2925622734375 0.2973161458333333 0.3057369921875 0.2917139722222222 0.3152146380208334 0.2932889262152778 0.3288859375 0.28804753906249997 0.3412884991319445 0.27202115104166663 0.36578740538194443 0.2602310217013889 0.41947944097222223 0.2385438984375 0.4289104921875 0.23705016666666667 0.43816314496527775 0.23997907031250001 0.4547673368055556 0.23383372135416666 0.46725909809027777 0.21559601475694445
1 0.7016814444444445 0.1780277248263889 0.6183649661458334 0.15694759548611112 0.5895286354166667 0.1579993177083333 0.5787010286458334 0.16454805989583335 0.5735221901041666 0.18734020659722223 0.5780885972222223 0.20507335416666667 0.5861270824652778 0.21698332291666667 0.5850992925347223 0.2382391328125 0.5889441241319444 0.2569654427083333 0.6052500772569445 0.2877801206597222 0.6131061753472222 0.29576403472222224 0.6298967439236111 0.3018934296875 0.7046315607638889 0.3076341171875 0.7148347699652777 0.31656459895833333 0.7296390147569444 0.32125084461805553 0.7452074383680556 0.31966392447916664 0.7513874166666666 0.3142907326388889 0.7837464088541667 0.31883320746527777 0.8588033967013888 0.33770600781250004 0.8721218862847222 0.34965858159722224 0.8845750303819444 0.3450495694444444 0.9024479600694444 0.3496892213541667 0.9061916267361111 0.34558077864583336 0.8958366692708333 0.3023981684027778 0.8871618203125 0.28092135416666664 0.8705416736111111 0.2536719435763889 0.862685576388889 0.2456880286458333 0.8016100920138889 0.20965988454861112 0.7376057048611111 0.1828843923611111 0.7016814444444445 0.1780277248263889
1 0.8888392092013889 0.3913940546875 0.8966140850694444 0.4182866666666667 0.9064565069444446 0.42771373003472224 0.9150767847222223 0.42942447829861113 0.9215243611111111 0.41741733246527774 0.9369103975694445 0.4119043576388889 0.9373098012152778 0.3977790824652778 0.9285417638888889 0.37016489583333334 0.9081819401041668 0.35537261805555553 0.9015945807291667 0.3581737048611111 0.8900959817708333 0.3771329861111111 0.8888392092013889 0.3913940546875
3 0.07246735243055555 0.6639514383680556 0.06497204253472222 0.6554709435763889 0.05408188715277778 0.6255562395833334 0.04988424479166667 0.6240238906250001 0.05418305208333333 0.6483909913194444 0.06132156423611111 0.6657167578125001 0.07030262934027778 0.6669309253472222 0.07246735243055555 0.6639514383680556
3 0.057367589409722225 0.6074583159722222 0.07472526475694445 0.6671093246527778 0.08032743923611112 0.6802840425347223 0.09183800347222222 0.6863708324652777 0.09409192621527779 0.6811800277777778 0.10235141666666667 0.6833873567708334 0.10587009027777777 0.6806328637152778 0.10125310069444445 0.6514823402777777 0.07143430381944443 0.5797429635416667 0.06867981076388889 0.5762242907986111 0.05482612326388889 0.5775396232638889 0.057367589409722225 0.6074583159722222
3 0.11032862326388888 0.7559494739583333 0.12269256770833332 0.7535517795138889 0.11573245486111111 0.7318033776041667 0.09829754600694444 0.6994097569444445 0.07445367708333334 0.6653945876736111 0.06316810590277779 0.6579538489583334 0.056270542534722225 0.6726688932291667 0.06793285503472223 0.7130078107638889 0.1004435954861111 0.7518024149305556 0.11032862326388888 0.7559494739583333
3 0.13352144357638887 0.8441186319444445 0.17270475520833334 0.8695521397569445 0.15549085069444446 0.8274558793402778 0.12879531163194444 0.7754359748263888 0.10161914583333334 0.7564500434027778 0.09909762413194444 0.7682748012152777 0.08776545833333332 0.7577653758680555 0.09147848524305556 0.7839830078125 0.12791926909722223 0.8309439131944445 0.13352144357638887 0.8441186319444445
3 0.9405541675347222 0.48207675694444446 0.9345565781249999 0.4913760043402778 0.9255142335069445 0.5508139852430555 0.9238234288194445 0.6011777126736111 0.9243666041666666 0.6046071866319445 0.9299181953125001 0.6063645286458333 0.9323079123263889 0.6020310928819445 0.9390310659722222 0.6000873741319445 0.9447570677083333 0.589073390625 0.9516506432291667 0.56600965625 0.9568374583333333 0.5599148897569445 0.9586800121527779 0.5438032899305556 0.9552266067708334 0.4942543246527778 0.9405541675347222 0.48207675694444446
3 0.9460564461805555 0.5695323177083333 0.9446212743055555 0.5882160225694445 0.9379021093750001 0.5985084314236111 0.9286534461805557 0.6039282170138889 0.9153828203125001 0.6921599236111111 0.9171015451388889 0.7002370260416666 0.9260360164930554 0.6983825069444445 0.9339773246527778 0.6958064131944445 0.9348307048611111 0.6873219296874999 0.9476832526041667 0.6685876423611111 0.9690003411458333 0.6089632847222223 0.9670406675347222 0.5688453715277778 0.9567482586805556 0.5621262074652777 0.9531829921874999 0.5618120138888889 0.9460564461805555 0.5695323177083333
3 0.9378687508680554 0.7176014097222222 0.9410186597222222 0.6986461171875 0.9346562934027778 0.7000932552083333 0.9317194131944445 0.6926485277777777 0.9116045251736112 0.7182457499999999 0.8995747170138889 0.7588216276041666 0.9012468489583334 0.7638300442708333 0.9378687508680554 0.7176014097222222
2 0.32803527690972223 0.2077651189236111 0.3377805217013889 0.20270611979166667 0.3331289045138889 0.19553298003472222 0.3370935755208333 0.18172189756944446 0.33280274565972223 0.17405217708333331 0.3268477612847222 0.17807141927083334 0.3205825720486111 0.19400461979166667 0.3227552734375 0.20772251302083333 0.32803527690972223 0.2077651189236111
2 0.14033542621527778 0.37108300260416666 0.1461120112847222 0.37148639583333337 0.15184599045138888 0.3771697925347222 0.1593333237847222 0.36895290798611113 0.16194005729166666 0.3465681423611111 0.16112529427083333 0.3414239322916667 0.154355546875 0.34029896440972224 0.1497039296875 0.33312582465277774 0.14208479166666665 0.34883403125 0.13952066319444445 0.3659387925347222 0.14033542621527778 0.37108300260416666
3 0.08512844618055555 0.24448002951388886 0.07958483159722222 0.2594200668402778 0.06934699479166667 0.27246696875000004 0.04977927083333333 0.30984235503472224 0.04631516927083333 0.33236291406249996 0.058271731770833335 0.3273931145833333 0.05895468923611111 0.3400286467013889 0.06251995659722222 0.3403428394097222 0.06837776388888889 0.3218375347222222 0.09029658767361111 0.29375740624999996 0.10075543055555555 0.2710078654513889 0.1025047951388889 0.2487588940972222 0.10732683506944445 0.23481201822916667 0.10402916666666667 0.2278638715277778 0.09730601388888889 0.22980759027777775 0.08512844618055555 0.24448002951388886
3 0 0.5393508515625 0.014914530381944445 0.6335174913194445 0.01169808420138889 0.607660646701389 0.01593434375 0.5955643012152777 0.011072417534722222 0.5260242769097222 0.012949598958333332 0.48793529340277775 0.007195676215277778 0.44050844618055557 0.002904845486111111 0.4328387256944444 0 0.4338085494791667 0 0.5393508515625
1 0.13093374479166667 0.24513506684027778 0.14780553559027776 0.23235576388888887 0.16336598263888888 0.21407146354166665 0.16994935243055556 0.2029216857638889 0.168413015625 0.19877063802083333 0.15171962413194442 0.20712730555555556 0.13475863368055557 0.2221179262152778 0.13033998697916668 0.2302882170138889 0.13093374479166667 0.24513506684027778
3 0.2284128454861111 0.15587031163194445 0.25570885069444443 0.1423188515625 0.2691125512152778 0.14371141753472222 0.29455403645833333 0.12122548697916666 0.296400578125 0.11346257725694445 0.2762271310763889 0.11094504340277778 0.22813726909722223 0.1458068845486111 0.2245759904513889 0.15384138194444444 0.2284128454861111 0.15587031163194445
3 0.2026185494791667 0.19555020399305556 0.18628594531249998 0.20341028993055554 0.16648525086805555 0.22544224565972223 0.15616220312499998 0.24904915538194444 0.15900589583333333 0.2503565104166667 0.17389136197916666 0.23613405815972222 0.1886450234375 0.2294029279513889 0.1946039965277778 0.23373237500000002 0.19861925 0.23133866927083332 0.2285219887152778 0.1954024435763889 0.22960036111111112 0.18556401041666667 0.2088411328125 0.18489700781249999 0.2026185494791667 0.19555020399305556
3 0.2605428559027778 0.15341804600694445 0.2594099114583333 0.14349041232638887 0.2432557065972222 0.14692786371527777 0.22331522916666666 0.15975376041666667 0.20460088541666666 0.18864466232638888 0.22111587760416668 0.18471063107638888 0.2315866857638889 0.1870071597222222 0.2605428559027778 0.15341804600694445
1 0.27919990972222225 0.19352798177083333 0.28533728125 0.19343479340277778 0.34124063541666666 0.17183687065972222 0.35363920746527777 0.14746179166666665 0.3524596684027778 0.1344654730902778 0.34243884722222223 0.1294610451388889 0.31554623524305553 0.13723592013888888 0.28609348437500004 0.17046424739583332 0.27838514670138886 0.18838377170138887 0.27919990972222225 0.19352798177083333
1 0.4118164279513889 0.16241651475694444 0.46975668836805556 0.1536791171875 0.4732287673611111 0.14785593836805555 0.4724992152777777 0.13215171961805555 0.46337836805555555 0.12173149479166666 0.4499746675347222 0.1203389279513889 0.41522994618055553 0.1284785798611111 0.40864657552083333 0.13962835677083332 0.4060824479166667 0.15673311805555556 0.4118164279513889 0.16241651475694444
1 0.35616073003472226 0.13563703472222222 0.36540540538194444 0.12186855815972224 0.36246852430555554 0.11442383072916666 0.35727771961805554 0.11216990711805555 0.33097088888888887 0.11809425173611111 0.31563543489583334 0.13502460243055556 0.3164036041666667 0.1371001267361111 0.3415814791666667 0.12959683940972222 0.35616073003472226 0.13563703472222222
1 0.30399306597222225 0.1364291345486111 0.3423030538194445 0.1286036770833333 0.3560249357638889 0.13477966579861111 0.36499802343750004 0.11929645312500001 0.352494296875 0.11248808854166666 0.3510471597222222 0.10612572309027778 0.34305925694444445 0.10563313107638889 0.32203242881944444 0.11160008072916666 0.3079577369791667 0.12261805295138889 0.3013743663194444 0.1337678298611111 0.30399306597222225 0.1364291345486111
1 0.3722097803819444 0.10101614149305554 0.3796505190972222 0.08973057031250001 0.3699012855902778 0.08644087934027778 0.3554618177083333 0.0896067421875 0.337282671875 0.10522973784722223 0.3434666380208333 0.10820523611111112 0.3568237439236111 0.10652911631944445 0.3722097803819444 0.10101614149305554
1 0.36389571875000004 0.07904274565972222 0.3657502378472222 0.08797721701388889 0.3923752508680555 0.08683629513888888 0.3994125972222222 0.08132730902777778 0.3935428237847222 0.07478654340277778 0.36389571875000004 0.07904274565972222
1 0.36118781944444445 0.07859275868055556 0.3418291354166667 0.08121943576388889 0.331498109375 0.08812896527777778 0.3301015546875 0.09318397569444443 0.34494840364583335 0.09259021701388888 0.36033444010416665 0.08707724305555556 0.36118781944444445 0.07859275868055556
1 0.4506802873263889 0.08595100607638889 0.4146708168402778 0.09165434548611112 0.4056085295138889 0.1093488767361111 0.4081420173611111 0.12257018923611113 0.46436754166666666 0.11410437934027777 0.46390957725694437 0.10011489756944444 0.4506802873263889 0.08595100607638889
1 0.6063072378472223 0.13908264236111112 0.6062140494791666 0.13294526996527778 0.5947421024305556 0.11322978645833334 0.5594036232638888 0.10652258854166667 0.5383302013888889 0.10942085243055556 0.5432960121527778 0.11302872482638888 0.5465976692708333 0.12832556163194445 0.5514742803819445 0.1341447517361111 0.6063072378472223 0.13908264236111112