3 0.1977205998427673 0.7226751297169811 0.20446615251572325 0.7417284913522013 0.22556920440251574 0.7845686257861635 0.2400722830188679 0.7984589221698114 0.25253972405660374 0.8042629866352201 0.2643497531446541 0.8038121965408805 0.346930697327044 0.8449337067610064 0.3608374064465409 0.8569104496855346 0.3852792287735849 0.8638274378930818 0.393283284591195 0.8610099426100629 0.3891298317610063 0.8440556218553459 0.3725911147798742 0.8220790935534591 0.3164289504716981 0.7765998694968553 0.2684351941823899 0.7298668639937107 0.19996994182389935 0.6801472885220126 0.19665702751572328 0.6824717248427673 0.1987537075471698 0.6948992578616352 0.19548070125786163 0.7051244386792452 0.1977205998427673 0.7226751297169811
0 0.16496951100628932 0.6968691320754717 0.16961838286163522 0.7034949614779874 0.18827727594339624 0.7193199465408805 0.19901665015723272 0.7237246501572328 0.19805166666666665 0.7107829237421384 0.19064634119496857 0.7004943396226415 0.1676672822327044 0.6811709536163522 0.16297614150943396 0.6816640117924528 0.16496951100628932 0.6968691320754717
1 0.24280546776729559 0.5574662507861635 0.25839797484276733 0.5779612421383648 0.2738472633647799 0.5933330762578616 0.2801842948113208 0.5934575212264152 0.2845678639937107 0.5862775911949686 0.28304641902515726 0.5793230566037736 0.25745648663522014 0.5464404394654088 0.24768445676100628 0.5399578294025157 0.24225136635220124 0.5484338089622641 0.24280546776729559 0.5574662507861635
1 0.19582132389937107 0.5015364504716981 0.20133422955974845 0.5088619606918239 0.20137413757861633 0.5167627051886793 0.2088193710691824 0.5349520338050314 0.21727421619496853 0.5439445683962264 0.22118350078616353 0.5435336855345912 0.22671990172955975 0.5322801187106918 0.20222411949685534 0.47596293081761004 0.19710096147798742 0.4761061493710692 0.1941566603773585 0.48945875786163523 0.19582132389937107 0.5015364504716981
1 0.3139707389937107 0.7080852657232704 0.34308020754716984 0.7330882720125786 0.3530377248427673 0.7375751517295598 0.36104178066037734 0.7347576572327045 0.3603021926100629 0.7277209457547169 0.32419828066037737 0.6963386399371069 0.31535132625786166 0.6948970102201257 0.31045356367924526 0.7009452437106918 0.3139707389937107 0.7080852657232704
1 0.42741259984276725 0.888647317610063 0.43922262893081765 0.8881965275157233 0.45319746305031444 0.8594556729559748 0.45237569811320755 0.8516371045597484 0.43589566273584907 0.8490215094339623 0.4230102570754717 0.8843670589622642 0.42741259984276725 0.888647317610063
0 0.5364945 0.9261929716981132 0.5903604449685534 0.9197409386792453 0.6367787963836478 0.9101192099056603 0.6832394166666667 0.8933785927672957 0.7046806179245283 0.8792676226415094 0.7095361116352201 0.8803382775157232 0.7285072979559749 0.8728108687106919 0.7448863836477988 0.8631844174528303 0.7428296108490566 0.8586576297169811 0.7520475400943396 0.8561077987421384 0.7539000518867924 0.8511701281446542 0.7647028286163522 0.8448964999999999 0.7586545959119497 0.8399987374213836 0.7598285613207547 0.8323656564465409 0.7678513907232704 0.8410083498427674 0.7673583317610063 0.8363172091194968 0.7721316493710693 0.8366060070754717 0.7829766949685535 0.8232134905660377 0.7825658128930818 0.8193042067610062 0.7758789410377358 0.8196117783018868 0.7733901517295597 0.8147351501572326 0.7860243066037735 0.8070832955974843 0.7854913396226415 0.794491409591195 0.7806569803459119 0.7898613105345912 0.77510180581761 0.7896546886792453 0.7302870762578616 0.8070128097484276 0.6609882547169811 0.8245728301886792 0.6144853663522013 0.8484323356918239 0.5953498278301886 0.854396031446541 0.5469920668238993 0.8982128396226415 0.5364968608490566 0.911173338836478 0.5214349591194969 0.9182898663522013 0.5190471202830189 0.925655283018868 0.5364945 0.9261929716981132
0 0.8476879119496855 0.5401344394654088 0.8554665731132076 0.5314119300314465 0.8752172547169812 0.5388219764150943 0.8802582358490566 0.5378969009433962 0.8820309316037735 0.5171577413522013 0.8756986226415095 0.4869940306603774 0.8764852004716981 0.45687258805031444 0.8676406069182391 0.44041132625786167 0.8727872602201258 0.4216890306603774 0.8709394701257862 0.3965874355345912 0.8550229787735849 0.3429257507861635 0.8463850062893082 0.32090931446540877 0.8398225801886793 0.31487985455974843 0.8316940794025157 0.32403438050314465 0.8456688003144655 0.4269107775157233 0.8404070322327043 0.523508823899371 0.8476879119496855 0.5401344394654088
0 0.6923100849056604 0.12604136163522012 0.7037068710691824 0.13670091981132074 0.7153478254716981 0.16472568238993712 0.745218016509434 0.19320595597484277 0.7574764748427674 0.21958482704402515 0.7739282932389937 0.27081876493710694 0.798696460691824 0.29588281289308177 0.8283412570754717 0.31845807232704404 0.8405222602201258 0.31401582154088054 0.842888965408805 0.31020984827044024 0.8414496965408805 0.30403716981132073 0.8162330998427673 0.25214345990566034 0.7776028522012578 0.19296414779874216 0.7193862759433962 0.12793850314465408 0.67834469418239 0.0947036855345912 0.6923100849056604 0.12604136163522012
1 0.4724809418238994 0.8285758687106919 0.49003163207547173 0.8263359701257861 0.48962075 0.8224266855345911 0.472443394654088 0.8056554913522013 0.45742376179245287 0.8056531305031447 0.4554068977987421 0.809027087264151 0.4724809418238994 0.8285758687106919
1 0.6106798459119497 0.319596625 0.6211515566037736 0.3252152028301887 0.6306160149371068 0.3250109418238994 0.6343820801886793 0.3194769017295597 0.6307240471698113 0.292194088836478 0.6158499937106918 0.2822952531446541 0.6077637617924528 0.28433089150943397 0.6087263844339623 0.31229225 0.6106798459119497 0.319596625
1 0.6117575833333334 0.2696822327044025 0.6298835094339622 0.2729153317610063 0.6308931218553459 0.2637185369496855 0.6243940982704402 0.2470107452830189 0.6137580353773585 0.23982845440251574 0.6035117201257862 0.240114891509434 0.6117575833333334 0.2696822327044025
1 0.5910677743710692 0.21573174999999997 0.5982477044025157 0.22011531996855346 0.6093580534591194 0.2205285628930818 0.6104498419811321 0.212113625 0.6041973482704402 0.1977514040880503 0.5912978915094339 0.19159749921383648 0.58660675 0.19209055817610063 0.5855360951257862 0.19694605188679246 0.5910677743710692 0.21573174999999997
1 0.6335322122641509 0.22865942452830187 0.6449501320754717 0.2357595393081761 0.6536327342767295 0.23563745518867923 0.6530786328616351 0.22660501336477987 0.6425881493710691 0.2095262468553459 0.6328982955974843 0.2038254929245283 0.6235160133647798 0.2048116108490566 0.6335322122641509 0.22865942452830187
1 0.5876422185534591 0.1492950534591195 0.6024763647798742 0.15129314465408805 0.6001730628930817 0.144420786163522 0.5892082932389937 0.1341110676100629 0.5781801210691824 0.13447968160377358 0.5876422185534591 0.1492950534591195
1 0.6217339874213836 0.1540120503144654 0.6372255448113208 0.1622649968553459 0.6419166855345911 0.16177193789308178 0.6400454001572327 0.15524941902515724 0.6156482075471698 0.1261939103773585 0.6108960243710692 0.12234566823899372 0.5972757523584905 0.12061524056603773 0.6217339874213836 0.1540120503144654
3 0.5987572893081761 0.11966903144654088 0.6155660306603774 0.12541205345911952 0.6401275770440252 0.15603127594339622 0.6428417610062893 0.16681291902515724 0.6729584811320755 0.1976387633647799 0.694662625 0.21235318553459118 0.7075010400943397 0.2141657893081761 0.7092502405660377 0.21200570597484278 0.6892976595911949 0.1801115676100629 0.6772434614779874 0.16319715408805033 0.6611555345911949 0.15303065487421383 0.6556848977987422 0.1385862570754717 0.6449056163522012 0.12628080896226415 0.6310599488993711 0.11864536635220127 0.6195809866352202 0.10720395125786164 0.6002411871069182 0.10370318867924529 0.5912697877358492 0.10859859040880503 0.5987572893081761 0.11966903144654088
3 0.5998937075471699 0.08911557232704402 0.6087594363207547 0.10201739072327044 0.6315553687106918 0.108316875 0.6348682830188679 0.1059924386792453 0.6298930660377359 0.08121954952830189 0.6267045959119496 0.07720695440251572 0.6008634127358491 0.07201803301886793 0.599421783018868 0.08086498742138365 0.5998937075471699 0.08911557232704402
3 0.2955564677672956 0.1831564787735849 0.31329264622641506 0.1789208498427673 0.34675049764150945 0.15880391509433964 0.35924143396226416 0.14602890251572326 0.3502512602201258 0.13946411556603774 0.3272064378930818 0.14583869418238996 0.30029223820754714 0.16052489937106917 0.285805572327044 0.1731144245283019 0.2955564677672956 0.1831564787735849
3 0.22913146226415093 0.2431011218553459 0.24460424606918238 0.23989387893081762 0.24810264779874214 0.23557371226415094 0.2791726603773585 0.22282219496855343 0.29112826886792453 0.21247493003144652 0.299031375 0.1974153891509434 0.2916049150943396 0.19068624921383648 0.2809054488993711 0.19418229009433963 0.2831899772012579 0.18959445990566037 0.27444633333333335 0.18537524371069183 0.23353852672955977 0.2173421147798742 0.2172815251572327 0.2356511666666667 0.22913146226415093 0.2431011218553459
3 0.19071008411949686 0.2949642539308176 0.1951335613207547 0.2956850683962264 0.23468427594339622 0.25832737578616355 0.2443365825471698 0.24110775235849055 0.23341172091194967 0.2386987783018868 0.229049286163522 0.2423192649371069 0.22114854088050315 0.24235917295597484 0.22005911242138365 0.2357544779874214 0.21649966902515724 0.23573334355345915 0.19040723427672956 0.25823811713836475 0.18085823820754718 0.2726801540880503 0.19071008411949686 0.2949642539308176
3 0.13710472012578614 0.34526131210691824 0.14052094575471696 0.3401592885220126 0.1499854040880503 0.33995502751572326 0.16860911006289309 0.3178400023584906 0.17173889858490565 0.30249166352201257 0.1633662287735849 0.2942809866352201 0.1448669677672956 0.3100589811320755 0.13451262028301886 0.34316227044025155 0.13710472012578614 0.34526131210691824
3 0.3572057955974843 0.13794267059748427 0.3708260676100629 0.13967309827044025 0.4130486973270441 0.12021593632075471 0.426568019654088 0.10970431839622641 0.41790655267295596 0.10626695833333333 0.39687859433962264 0.10926758018867924 0.3542849897798742 0.13271620204402515 0.3572057955974843 0.13794267059748427
1 0.45925806682389936 0.13116901493710692 0.4709859190251573 0.12993636792452828 0.4815421666666666 0.12131716902515723 0.4695889190251572 0.11664480110062893 0.4555554040880503 0.12602472248427674 0.45925806682389936 0.13116901493710692
1 0.3439024253144654 0.21443783490566037 0.35163881682389936 0.21283421305031447 0.3736975220125786 0.19707735298742138 0.37738141116352203 0.19076145597484276 0.3710655141509434 0.18707756682389937 0.35802047798742137 0.19082013757861635 0.33958225864779873 0.21093943317610062 0.3439024253144654 0.21443783490566037
1 0.32476924764150944 0.20538189779874214 0.33501556289308176 0.20509546069182388 0.3584736289308176 0.18761053380503145 0.35989412342767296 0.18232302358490565 0.34905143867924526 0.18069590644654088 0.3242761886792453 0.20069075707547168 0.32476924764150944 0.20538189779874214
1 0.3015529889937107 0.2552516603773585 0.3100712382075472 0.2535658624213836 0.33548512657232704 0.22836567845911948 0.3342102106918239 0.223756713836478 0.3204866281446541 0.22480387342767297 0.30320123977987423 0.2408495314465409 0.2978503262578616 0.25010736871069184 0.3015529889937107 0.2552516603773585
1 0.2720067822327044 0.25993808018867925 0.2791256705974843 0.2599803490566038 0.3072561037735849 0.23054217452830186 0.30172206367924526 0.22677610849056604 0.29546720911949687 0.22743352044025156 0.26978565723270437 0.2538475786163522 0.2720067822327044 0.25993808018867925
1 0.6349874402515723 0.7877809300314464 0.6482790062893082 0.7863839300314466 0.6730941643081761 0.7742898246855346 0.6758318435534592 0.7664923907232705 0.6705443333333334 0.7650718954402516 0.6329306682389937 0.783254141509434 0.6349874402515723 0.7877809300314464
1 0.7412377932389937 0.7758230738993711 0.7573280809748428 0.7709699402515723 0.7663206155660377 0.7625150951257862 0.7658275566037736 0.7578239536163522 0.7448606407232704 0.7651658757861635 0.739181021226415 0.7712962853773585 0.7412377932389937 0.7758230738993711