1 0.541015625 0.3875 0.56953125 0.383203125 0.571875 0.366015625 0.5671875 0.308984375 0.57890625 0.301953125 0.56640625 0.294921875 0.56171875 0.272265625 0.553515625 0.2578125 0.528515625 0.25 0.493359375 0.24921875 0.476171875 0.25078125 0.4625 0.258984375 0.453125 0.275390625 0.45 0.287890625 0.43828125 0.294921875 0.44609375 0.308984375 0.440625 0.327734375 0.4375 0.376171875 0.4484375 0.388671875 0.452734375 0.384375 0.541015625 0.3875
1 0.477734375 0.24921875 0.528515625 0.24765625 0.53125 0.237890625 0.5296875 0.221484375 0.5375 0.212109375 0.5296875 0.206640625 0.52265625 0.180078125 0.505859375 0.17578125 0.464453125 0.178125 0.4484375 0.208203125 0.4375 0.212109375 0.44375 0.221484375 0.43828125 0.235546875 0.4359375 0.254296875 0.437890625 0.2578125 0.4421875 0.257421875 0.459765625 0.25625 0.477734375 0.24921875
1 0.534375 0.145703125 0.522265625 0.1375 0.489453125 0.1375 0.478125 0.145703125 0.47421875 0.156640625 0.478515625 0.16328125 0.487109375 0.16015625 0.53359375 0.162890625 0.5359375 0.158984375 0.534375 0.145703125
1 0.528515625 0.1109375 0.509765625 0.11015625 0.49921875 0.116796875 0.501171875 0.12265625 0.5375 0.123828125 0.53828125 0.116796875 0.528515625 0.1109375
1 0.482421875 0.1140625 0.48515625 0.108203125 0.482421875 0.1046875 0.456640625 0.10546875 0.4421875 0.114453125 0.442578125 0.11796875 0.45703125 0.117578125 0.476953125 0.11640625 0.482421875 0.1140625
2 0.375 0.289453125 0.37578125 0.276953125 0.385546875 0.28125 0.38984375 0.274609375 0.37890625 0.262890625 0.378125 0.257421875 0.371484375 0.25546875 0.33984375 0.283203125 0.341796875 0.28671875 0.353515625 0.28671875 0.365234375 0.29375 0.3734375 0.294921875 0.375 0.306640625 0.37109375 0.325390625 0.37734375 0.328515625 0.3796875 0.314453125 0.375 0.289453125
1 0.84375 0.335546875 0.82734375 0.304296875 0.809765625 0.28515625 0.791015625 0.28046875 0.78984375 0.285546875 0.79375 0.295703125 0.81015625 0.317578125 0.8171875 0.333984375 0.84609375 0.351953125 0.84765625 0.348828125 0.84375 0.335546875
1 0.85390625 0.298828125 0.844921875 0.28984375 0.830859375 0.2828125 0.834375 0.302734375 0.8421875 0.319140625 0.856640625 0.3359375 0.86328125 0.337109375 0.8625 0.320703125 0.85390625 0.298828125
2 0.8455951015625001 0.6440475078125 0.85078125 0.627734375 0.8546875 0.605078125 0.8546875 0.594921875 0.851953125 0.5921875 0.84453125 0.610546875 0.83359375 0.623828125 0.83203125 0.631640625 0.82735516953125 0.64610771171875 0.81875 0.658984375 0.828125 0.658984375 0.84265320703125 0.65317127421875 0.8455951015625001 0.6440475078125
1 0.89453125 0.704296875 0.9109375 0.675390625 0.9171875 0.652734375 0.916015625 0.64609375 0.908984375 0.64921875 0.89765625 0.661328125 0.8578125 0.712890625 0.840625 0.748046875 0.841796875 0.753125 0.846875 0.752734375 0.85625 0.746484375 0.89453125 0.704296875
1 0.425 0.886328125 0.425 0.883203125 0.408203125 0.871875 0.381640625 0.86328125 0.321484375 0.8328125 0.226171875 0.78046875 0.211328125 0.778125 0.20546875 0.780859375 0.2078125 0.788671875 0.231640625 0.81484375 0.291015625 0.853125 0.341796875 0.8796875 0.380859375 0.890625 0.4015625 0.891796875 0.419921875 0.8890625 0.425 0.886328125
3 0.109375 0.455078125 0.1140625 0.451171875 0.11171875 0.439453125 0.11484375 0.430859375 0.125 0.415234375 0.13203125 0.395703125 0.15859375 0.364453125 0.16875 0.340234375 0.17421875 0.334765625 0.18828125 0.306640625 0.20703125 0.282421875 0.2296875 0.225390625 0.275390625 0.18125 0.317578125 0.1484375 0.33359375 0.130078125 0.339453125 0.11640625 0.323828125 0.11796875 0.290234375 0.13125 0.228515625 0.1640625 0.203515625 0.18046875 0.192578125 0.19296875 0.18515625 0.196484375 0.184765625 0.20078125 0.180859375 0.2 0.175390625 0.20390625 0.16328125 0.223046875 0.15625 0.227734375 0.153125 0.239453125 0.1484375 0.243359375 0.14765625 0.249609375 0.14140625 0.257421875 0.14140625 0.263671875 0.103125 0.339453125 0.09609375 0.369140625 0.0890625 0.378515625 0.084375 0.394921875 0.08359375 0.420703125 0.089453125 0.4234375 0.098828125 0.41484375 0.10234375 0.423046875 0.1046875 0.438671875 0.10234375 0.451953125 0.1046875 0.456640625 0.1015625 0.475390625 0.10625 0.482421875 0.1109375 0.467578125 0.109375 0.455078125