1 0.393067068852459 0.3490625147540984 0.36742713852459014 0.345260356557377 0.36239469918032785 0.34032149344262297 0.3558413967213115 0.3456386016393443 0.3226030639344262 0.35066709999999995 0.31642899180327866 0.36049508278688525 0.315805968852459 0.4018046245901639 0.3207906344262295 0.40883270409836064 0.32909972540983606 0.4111130131147541 0.3688426016393443 0.40993149016393443 0.3998971573770492 0.4019587836065574 0.4032693549180328 0.3951217975409836 0.4039362106557377 0.38002250901639345 0.4000463893442623 0.3532419319672131 0.393067068852459 0.3490625147540984
1 0.2205131950819672 0.37116524918032784 0.2143391229508197 0.3809932319672131 0.21296059508196724 0.39205642295081966 0.2147124418032787 0.42795330983606555 0.22150165409836065 0.43341472377049184 0.2501813393442623 0.43085467213114753 0.26941227213114755 0.4266314229508196 0.2916829606557377 0.4160459647540984 0.2944390319672131 0.4009944491803279 0.2920700737704918 0.3639579008196721 0.25370474016393446 0.36115109918032784 0.2205131950819672 0.37116524918032784
1 0.31104440327868854 0.497528343442623 0.2676456450819672 0.49685754672131144 0.2470849426229508 0.5029799032786886 0.24399741393442625 0.5114313286885246 0.24693669590163933 0.5446218885245901 0.25543293852459015 0.5668448032786885 0.27295290081967216 0.5741595221311475 0.3140255467213115 0.5710788909836065 0.3273212737704918 0.5662375450819672 0.3399531016393442 0.5552708852459016 0.33445081229508195 0.5146252426229508 0.3244814803278689 0.5005690844262295 0.31104440327868854 0.497528343442623
1 0.4721061106557377 0.4857751565573771 0.44095797950819676 0.4837765606557377 0.43255432786885245 0.4785998155737705 0.4090494163934426 0.48690595081967214 0.38402561311475414 0.49131832213114757 0.3807489614754098 0.4939768762295082 0.38046232213114756 0.5065121721311475 0.38501604262295086 0.539418062295082 0.39185105819672134 0.5569399950819672 0.40139437213114754 0.5614996278688524 0.4223820778688525 0.5577989295081967 0.4482598893442623 0.5582298745901639 0.48263886967213115 0.5455093975409836 0.48596427950819676 0.5336867598360656 0.4788475508196722 0.4933257860655737 0.4721061106557377 0.4857751565573771
1 0.47963604836065576 0.6276059311475409 0.42640832213114754 0.6278359295081968 0.37849770409836064 0.6346192303278688 0.3745561680327869 0.6382273393442622 0.3760272868852459 0.6442103180327869 0.3873702213114754 0.6825776221311475 0.39529909590163936 0.6874219237704918 0.43613386065573767 0.6877125049180328 0.44187994426229504 0.6825377311475409 0.48774911885245903 0.6736174409836065 0.49302042459016393 0.6681102245901639 0.48756492295081966 0.6324502336065574 0.47963604836065576 0.6276059311475409
1 0.27669447540983605 0.6425820836065574 0.2674348450819672 0.6467117573770491 0.24036959918032785 0.6489871393442623 0.23794695491803278 0.6564890106557377 0.2411260893442623 0.6721586229508196 0.2537052172131148 0.6986555163934426 0.27070262868852457 0.7077270090163935 0.2990020975409836 0.7077309508196722 0.3218421237704918 0.7003743696721312 0.332336962295082 0.6914491532786885 0.3178129237704918 0.6515619713114754 0.2926009836065574 0.6431066049180327 0.27669447540983605 0.6425820836065574
1 0.5808719098360655 0.6022644655737706 0.5551832213114755 0.6076263909836066 0.5530920352459017 0.6217283524590164 0.5570764172131147 0.6514053655737705 0.5645305155737704 0.655917224590164 0.5830965631147541 0.6526435295081967 0.5966769598360655 0.6494166229508197 0.6155764352459017 0.6385932827868852 0.6224153918032787 0.6278157459016394 0.6199976745901639 0.5999432803278688 0.5954974073770491 0.5955240114754099 0.5808719098360655 0.6022644655737706
1 0.6400309008196722 0.6309520336065574 0.6516166418032787 0.6305737885245902 0.6930714745901639 0.6107794295081967 0.695778787704918 0.6048919975409837 0.6956871827868852 0.5807709598360655 0.6685273754098361 0.580149906557377 0.6396565967213115 0.5910668221311476 0.6373295 0.5943902614754099 0.6400309008196722 0.6309520336065574
1 0.7141547278688525 0.6029002983606557 0.7299208721311475 0.5884678655737705 0.7298770401639344 0.562257612295082 0.7191462909836066 0.560404306557377 0.6995351426229508 0.5671915491803279 0.6957827295081966 0.5765925278688525 0.6965382336065574 0.6068388786885246 0.7141547278688525 0.6029002983606557
1 0.6647419680327868 0.48551709180327873 0.6703875778688524 0.5198950868852459 0.687148093442623 0.525262924590164 0.6950779540983606 0.5230323590163934 0.7050980155737705 0.5137746999999999 0.7119369721311475 0.5029971631147541 0.7084741540983607 0.4786382442622951 0.6916190770491804 0.47037397131147535 0.6668799426229508 0.4764007819672131 0.6647419680327868 0.48551709180327873
1 0.5398652500000001 0.8134126852459016 0.5461787008196721 0.8256165237704918 0.5642221983606558 0.8240996024590164 0.5910515336065574 0.8110456975409835 0.5948994934426229 0.7974662868852459 0.5879201729508197 0.7932868696721311 0.5722983344262296 0.794376787704918 0.540625681147541 0.8082846991803279 0.5398652500000001 0.8134126852459016
1 0.1521896131147541 0.687008206557377 0.15280573934426228 0.6952227360655737 0.16581187049180326 0.724141287704918 0.18181096967213115 0.7417119786885246 0.20365268278688525 0.7428545967213115 0.2205584893442623 0.7278050516393443 0.21362891229508196 0.7073866836065573 0.1963488024590164 0.6825510172131147 0.17446030081967212 0.6764227483606557 0.1521896131147541 0.687008206557377
2 0.2014349270491803 0.6429514606557377 0.19678270409836066 0.6354486040983607 0.1908952713114754 0.6327412918032788 0.1713328819672131 0.6303644508196721 0.16843546065573772 0.6375338786885246 0.17688590081967215 0.647696275409836 0.2014349270491803 0.6429514606557377
2 0.26833614918032783 0.31196144098360656 0.2793525524590164 0.3083543180327869 0.294976362295082 0.2931146655737705 0.2960692360655738 0.2875119024590164 0.28424659918032785 0.2841864926229508 0.26492011967213114 0.29258817377049184 0.2646802680327869 0.3101091213114754 0.26833614918032783 0.31196144098360656
2 0.3036725663934426 0.2433069106557377 0.3147845163934426 0.2355213557377049 0.3158773901639344 0.2299185926229508 0.2994961049180328 0.22906162868852462 0.2856778270491803 0.23565974836065573 0.2787920827868853 0.2414516344262295 0.27641622704918034 0.25393915655737703 0.3036725663934426 0.2433069106557377
2 0.2204880844262295 0.2105325155737705 0.19892906967213114 0.2251540713114754 0.19683886803278688 0.23218116557377053 0.22632774344262294 0.2153290442622951 0.2298422762295082 0.20929927786885247 0.2204880844262295 0.2105325155737705
1 0.6299734278688525 0.22697095081967214 0.6244204090163935 0.2096391262295082 0.5926591065573771 0.17820139918032787 0.5829724729508197 0.17990941393442622 0.5814048221311475 0.1851797344262295 0.5834452795081967 0.19439159098360656 0.5894272729508196 0.1999953393442623 0.5961677270491803 0.21462083606557378 0.5980180770491803 0.22511468934426232 0.611406394262295 0.2373195131147541 0.623561474590164 0.24017014590163938 0.6290696762295083 0.23836658442622952 0.6299734278688525 0.22697095081967214