1 0.508984375 0.71171875 0.533984375 0.71484375 0.5421875 0.702734375 0.5421875 0.616015625 0.53515625 0.596484375 0.53125 0.573046875 0.533984375 0.56875 0.545703125 0.5703125 0.54609375 0.565234375 0.541796875 0.5609375 0.527734375 0.559375 0.51953125 0.538671875 0.502734375 0.52890625 0.473828125 0.5234375 0.399609375 0.5265625 0.39296875 0.533203125 0.38984375 0.558984375 0.3765625 0.566015625 0.38984375 0.572265625 0.3953125 0.641796875 0.40859375 0.698828125 0.419921875 0.7109375 0.445703125 0.71015625 0.455859375 0.7125 0.462109375 0.71875 0.4921875 0.719140625 0.500390625 0.71328125 0.508984375 0.71171875
1 0.2828125 0.499609375 0.27890625 0.466796875 0.28046875 0.458984375 0.2890625 0.451171875 0.287890625 0.446875 0.283203125 0.44765625 0.28046875 0.444140625 0.28125 0.398828125 0.278125 0.358984375 0.274609375 0.35234375 0.244140625 0.359375 0.23125 0.369140625 0.21953125 0.400390625 0.21171875 0.451953125 0.2078125 0.456640625 0.2109375 0.467578125 0.21015625 0.530078125 0.2125 0.544921875 0.228515625 0.55390625 0.26484375 0.555859375 0.28359375 0.548046875 0.2828125 0.499609375
1 0.4671875 0.184765625 0.4671875 0.172265625 0.4625 0.164453125 0.465625 0.160546875 0.451171875 0.15625 0.423828125 0.159375 0.406640625 0.16484375 0.4015625 0.169140625 0.396875 0.196484375 0.464453125 0.1890625 0.4671875 0.184765625
1 0.5609375 0.888671875 0.5578125 0.866796875 0.56796875 0.862890625 0.556640625 0.86171875 0.548828125 0.8546875 0.519921875 0.853125 0.457421875 0.8546875 0.446875 0.863671875 0.45703125 0.870703125 0.46875 0.898046875 0.473828125 0.90234375 0.493359375 0.90546875 0.52265625 0.905078125 0.555859375 0.89921875 0.5609375 0.888671875
1 0.69765625 0.238671875 0.69140625 0.234765625 0.690625 0.227734375 0.675390625 0.215625 0.655078125 0.209375 0.644140625 0.2015625 0.6203125 0.210546875 0.61953125 0.216015625 0.634375 0.228515625 0.6390625 0.239453125 0.644140625 0.24375 0.703125 0.258203125 0.7046875 0.251953125 0.69765625 0.238671875
3 0.85625 0.403515625 0.86015625 0.389453125 0.8546875 0.383203125 0.8515625 0.365234375 0.8546875 0.344921875 0.8609375 0.334765625 0.86015625 0.321484375 0.83984375 0.275390625 0.82890625 0.259765625 0.815625 0.249609375 0.79453125 0.212890625 0.76484375 0.179296875 0.702734375 0.1296875 0.676953125 0.11875 0.649609375 0.11171875 0.612109375 0.1078125 0.605078125 0.11171875 0.586328125 0.1140625 0.5796875 0.117578125 0.571484375 0.13046875 0.541015625 0.14140625 0.560546875 0.1609375 0.568359375 0.1640625 0.584765625 0.1640625 0.60546875 0.192578125 0.610546875 0.20546875 0.623828125 0.21171875 0.630859375 0.21015625 0.644140625 0.21796875 0.651953125 0.21640625 0.666015625 0.21953125 0.675390625 0.22890625 0.683203125 0.23046875 0.690625 0.236328125 0.69921875 0.246484375 0.698828125 0.25078125 0.690625 0.251953125 0.700390625 0.253125 0.70703125 0.262890625 0.70703125 0.267578125 0.698046875 0.271875 0.69453125 0.279296875 0.70703125 0.296484375 0.7125 0.311328125 0.721484375 0.31640625 0.730859375 0.309375 0.740234375 0.3125 0.755078125 0.32421875 0.780859375 0.334375 0.78984375 0.345703125 0.79140625 0.357421875 0.796484375 0.3671875 0.8 0.366015625 0.79921875 0.361328125 0.802734375 0.35859375 0.809375 0.362109375 0.81328125 0.369921875 0.8125 0.373828125 0.8078125 0.376171875 0.8078125 0.383984375 0.815625 0.407421875 0.828125 0.415234375 0.835546875 0.43671875 0.84921875 0.440234375 0.85078125 0.447265625 0.8484375 0.451171875 0.8515625 0.452734375 0.85625 0.432421875 0.85625 0.403515625
1 0.820703125 0.5453125 0.82578125 0.529296875 0.82578125 0.512890625 0.8171875 0.478515625 0.808203125 0.47578125 0.8046875 0.468359375 0.80078125 0.466796875 0.8015625 0.462890625 0.796484375 0.459375 0.79609375 0.464453125 0.8 0.467578125 0.78984375 0.476953125 0.78828125 0.485546875 0.78984375 0.549609375 0.79296875 0.554296875 0.798046875 0.54921875 0.820703125 0.5453125
1 0.8609375 0.639453125 0.879296875 0.621875 0.891015625 0.62109375 0.896875 0.612109375 0.90234375 0.587109375 0.90234375 0.568359375 0.897265625 0.5609375 0.890234375 0.56171875 0.887109375 0.55625 0.879296875 0.55625 0.868359375 0.5625 0.8546875 0.575390625 0.846875 0.590234375 0.8375 0.626171875 0.8375 0.643359375 0.84296875 0.654296875 0.84921875 0.655859375 0.8578125 0.647265625 0.8609375 0.639453125
2 0.15703125 0.373046875 0.155078125 0.36484375 0.1484375 0.375390625 0.1421875 0.398046875 0.14375 0.412890625 0.14609375 0.413671875 0.15390625 0.396484375 0.15703125 0.373046875
3 0.12890625 0.341796875 0.15390625 0.313671875 0.16015625 0.294921875 0.19296875 0.249609375 0.20546875 0.219921875 0.205078125 0.21171875 0.196484375 0.2140625 0.176171875 0.23359375 0.162890625 0.24140625 0.1234375 0.291015625 0.10078125 0.346484375 0.1015625 0.359765625 0.10703125 0.366015625 0.11875 0.359765625 0.12890625 0.341796875
1 0.471875 0.130859375 0.471875 0.124609375 0.466015625 0.12109375 0.440234375 0.1234375 0.43203125 0.128515625 0.43125 0.136328125 0.440625 0.136328125 0.468359375 0.134375 0.471875 0.130859375
2 0.569140625 0.165625 0.56796875 0.177734375 0.57265625 0.190234375 0.576953125 0.19453125 0.58359375 0.194921875 0.58203125 0.176171875 0.569140625 0.165625
2 0.603125 0.219921875 0.60234375 0.216015625 0.58984375 0.197265625 0.584765625 0.19609375 0.58359375 0.201171875 0.57578125 0.205859375 0.57890625 0.219921875 0.596484375 0.23828125 0.60078125 0.238671875 0.59765625 0.223828125 0.603125 0.219921875
1 0.3890625 0.123828125 0.384765625 0.121875 0.364453125 0.128125 0.353125 0.141015625 0.36015625 0.141015625 0.385546875 0.134375 0.3890625 0.123828125
1 0.39140625 0.105078125 0.383984375 0.10390625 0.373828125 0.10703125 0.36484375 0.113671875 0.36953125 0.115234375 0.388671875 0.1109375 0.39140625 0.105078125
1 0.3890625 0.112109375 0.366015625 0.11640625 0.35859375 0.123828125 0.359765625 0.12734375 0.365625 0.126953125 0.387109375 0.12109375 0.3890625 0.112109375