1 0.729296875 0.84453125 0.76015625 0.803515625 0.7765625 0.762890625 0.78515625 0.753515625 0.78125 0.741796875 0.694140625 0.778125 0.682421875 0.784375 0.662109375 0.803125 0.644921875 0.8078125 0.6421875 0.816015625 0.652734375 0.81640625 0.6546875 0.820703125 0.63046875 0.855078125 0.63046875 0.867578125 0.62578125 0.880078125 0.634375 0.880859375 0.684765625 0.865625 0.729296875 0.84453125
1 0.440625 0.910546875 0.4390625 0.906640625 0.443359375 0.90234375 0.301171875 0.8609375 0.29296875 0.862890625 0.349609375 0.91328125 0.404296875 0.928125 0.45625 0.933203125 0.45859375 0.929296875 0.440625 0.910546875
1 0.9046875 0.433984375 0.890625 0.383984375 0.875 0.356640625 0.867578125 0.35 0.851171875 0.34140625 0.831640625 0.340625 0.82890625 0.343359375 0.828125 0.354296875 0.84140625 0.406640625 0.847265625 0.41640625 0.85546875 0.418359375 0.8640625 0.433203125 0.87421875 0.474609375 0.90234375 0.476953125 0.90546875 0.466015625 0.9046875 0.433984375
1 0.223046875 0.475 0.250390625 0.47109375 0.309765625 0.465625 0.335546875 0.46640625 0.362890625 0.475 0.369140625 0.475 0.37421875 0.470703125 0.37734375 0.434765625 0.3828125 0.417578125 0.3875 0.378515625 0.38515625 0.288671875 0.391015625 0.28125 0.401953125 0.27890625 0.402734375 0.2734375 0.383203125 0.2734375 0.366796875 0.2609375 0.327734375 0.26796875 0.263671875 0.28984375 0.237890625 0.3171875 0.228125 0.322265625 0.22890625 0.341796875 0.21640625 0.400390625 0.21171875 0.448046875 0.21640625 0.487109375 0.21875 0.478515625 0.223046875 0.475
1 0.15625 0.444140625 0.1640625 0.377734375 0.17109375 0.353515625 0.172265625 0.315625 0.158203125 0.321875 0.14140625 0.337109375 0.1234375 0.384765625 0.11484375 0.456640625 0.121484375 0.46328125 0.1359375 0.465234375 0.14765625 0.458203125 0.15625 0.444140625
1 0.083203125 0.5109375 0.076953125 0.51015625 0.071875 0.516015625 0.0703125 0.549609375 0.07421875 0.587890625 0.08203125 0.619921875 0.090234375 0.63203125 0.10234375 0.638671875 0.0859375 0.516796875 0.083203125 0.5109375
1 0.06484375 0.462890625 0.062890625 0.44375 0.05546875 0.449609375 0.05078125 0.479296875 0.05078125 0.523828125 0.05234375 0.529296875 0.05703125 0.531640625 0.06171875 0.526953125 0.06484375 0.462890625
1 0.11015625 0.741015625 0.07734375 0.664453125 0.06328125 0.611328125 0.050390625 0.59453125 0.04921875 0.603515625 0.05625 0.643359375 0.06875 0.692578125 0.0796875 0.720703125 0.1078125 0.769140625 0.12734375 0.796484375 0.153515625 0.8234375 0.1578125 0.824609375 0.1390625 0.795703125 0.11015625 0.741015625
1 0.57265625 0.130859375 0.565625 0.119921875 0.553515625 0.11015625 0.538671875 0.1046875 0.482421875 0.103125 0.459765625 0.109375 0.45703125 0.114453125 0.4578125 0.124609375 0.473046875 0.13671875 0.528515625 0.13515625 0.56953125 0.140234375 0.57265625 0.137109375 0.57265625 0.130859375
1 0.34296875 0.157421875 0.35 0.137890625 0.35625 0.133203125 0.346484375 0.13046875 0.337109375 0.1328125 0.290234375 0.153125 0.28046875 0.161328125 0.26328125 0.187890625 0.2578125 0.199609375 0.2609375 0.202734375 0.328515625 0.175 0.34296875 0.157421875
1 0.132421875 0.29375 0.1234375 0.298828125 0.10703125 0.319921875 0.090625 0.362890625 0.0859375 0.382421875 0.0875 0.389453125 0.1046875 0.371484375 0.132421875 0.29375
1 0.21484375 0.188671875 0.212890625 0.18671875 0.200390625 0.19296875 0.18046875 0.213671875 0.15703125 0.247265625 0.16171875 0.248828125 0.18984375 0.227734375 0.21484375 0.188671875
1 0.41640625 0.091015625 0.412109375 0.0875 0.387890625 0.08984375 0.358203125 0.09921875 0.3484375 0.105859375 0.350390625 0.109375 0.35859375 0.109765625 0.408203125 0.0984375 0.41640625 0.091015625
1 0.4515625 0.066796875 0.453125 0.061328125 0.444140625 0.0578125 0.415234375 0.0609375 0.385546875 0.06796875 0.37421875 0.076953125 0.376171875 0.08125 0.38984375 0.080859375 0.444140625 0.071875 0.4515625 0.066796875
1 0.3375 0.094140625 0.326953125 0.09453125 0.312109375 0.10078125 0.29765625 0.110546875 0.30234375 0.112890625 0.330078125 0.10234375 0.3375 0.094140625
1 0.134375 0.264453125 0.133984375 0.259375 0.12421875 0.266796875 0.1046875 0.293359375 0.09609375 0.312890625 0.09375 0.325390625 0.09609375 0.326171875 0.1125 0.309765625 0.134375 0.264453125
1 0.460546875 0.96484375 0.440234375 0.96015625 0.380859375 0.94921875 0.3625 0.949609375 0.368359375 0.95390625 0.393359375 0.9609375 0.443359375 0.96953125 0.4640625 0.969921875 0.46640625 0.969140625 0.460546875 0.96484375
3 0.97578125 0.535546875 0.98125 0.530078125 0.98359375 0.482421875 0.97734375 0.419140625 0.9609375 0.349609375 0.9453125 0.307421875 0.9234375 0.262109375 0.88359375 0.208984375 0.835546875 0.16015625 0.804296875 0.13359375 0.749609375 0.09765625 0.691796875 0.06953125 0.632421875 0.04921875 0.576953125 0.0375 0.530078125 0.0328125 0.458203125 0.03359375 0.426953125 0.0390625 0.424609375 0.04453125 0.421484375 0.04140625 0.40234375 0.043359375 0.411328125 0.05078125 0.416015625 0.04609375 0.419921875 0.05078125 0.42578125 0.051171875 0.403515625 0.053125 0.4 0.055078125 0.402734375 0.05703125 0.429296875 0.05546875 0.432421875 0.05 0.435546875 0.05625 0.451171875 0.05078125 0.451171875 0.05703125 0.473046875 0.05546875 0.486328125 0.0578125 0.494921875 0.04609375 0.5046875 0.050390625 0.4984375 0.055078125 0.501171875 0.059375 0.548828125 0.06484375 0.590234375 0.07578125 0.601953125 0.07578125 0.603515625 0.07109375 0.623046875 0.07578125 0.62734375 0.079296875 0.628515625 0.0890625 0.641015625 0.0921875 0.657421875 0.1015625 0.658984375 0.10625 0.672265625 0.1078125 0.690234375 0.121875 0.695703125 0.12265625 0.741796875 0.1515625 0.753515625 0.16484375 0.765234375 0.17109375 0.76875 0.178515625 0.781640625 0.18671875 0.828125 0.235546875 0.86015625 0.280078125 0.890625 0.330078125 0.921875 0.408984375 0.93984375 0.465234375 0.94609375 0.471484375 0.953125 0.494140625 0.9578125 0.530859375 0.965625 0.548046875 0.97265625 0.544921875 0.97578125 0.535546875