1 0.40098951311475406 0.5940208983606557 0.3873377327868852 0.6044247713114754 0.38736052786885244 0.6282517139344262 0.39135734508196723 0.650157418852459 0.3960174967213115 0.6580482868852459 0.4075993008196721 0.6650443081967213 0.42517072704918035 0.6695673098360656 0.4382535344262295 0.6686524704918033 0.4459556786885246 0.6730439262295083 0.4539037229508197 0.6692014508196722 0.5086308008196722 0.6645528868852458 0.5137455704918032 0.6613193696721311 0.5108838967213115 0.6027698081967213 0.5066783631147541 0.5837545565573771 0.5019238491803278 0.5803894926229508 0.4438688926229508 0.5844490909836065 0.43610957131147543 0.5792399598360656 0.4328960467213115 0.5802863450819672 0.4292650893442623 0.5871136352459017 0.41536460655737706 0.5880856516393443 0.40098951311475406 0.5940208983606557
1 0.3216557631147541 0.3584072278688525 0.32869177049180326 0.3591477327868852 0.33903566393442625 0.3543160483606557 0.34511964836065573 0.34731722540983606 0.3776551336065574 0.3425771016393443 0.38541165327868854 0.3301204442622951 0.3950666163934426 0.2978108672131147 0.3923277024590164 0.2938940221311475 0.37989103852459016 0.2922986573770492 0.3677002754098361 0.2824693606557377 0.3379037032786885 0.2911263295081967 0.3284546557377049 0.3028796655737705 0.3237601213114754 0.3179980655737705 0.3176989319672131 0.3488238319672131 0.3216557631147541 0.3584072278688525
2 0.370032962295082 0.36283026393442624 0.3936883729508197 0.36035444344262296 0.3948663049180328 0.35369868442622954 0.3904920401639344 0.34989619426229507 0.3758310598360656 0.3517430639344262 0.35831681065573767 0.348037737704918 0.3343583213114754 0.35792981475409835 0.3333891065573771 0.3616951204918033 0.3466634393442623 0.369394462295082 0.3515694918032787 0.36905139836065576 0.370032962295082 0.36283026393442624
1 0.3485719467213115 0.772702786885246 0.3840006868852459 0.7858371680327869 0.3989475549180328 0.7880786762295082 0.4103950106557377 0.7872781918032786 0.4137028967213115 0.7817060032786886 0.4128652286885246 0.7756020262295081 0.40871687213114755 0.7574044491803278 0.3990734975409836 0.7428778163934426 0.3488694213114754 0.7299549540983606 0.3283703581967213 0.7305667147540983 0.3248909393442623 0.7336858770491803 0.326680631147541 0.7475291819672131 0.3334335532786885 0.7618470983606557 0.3485719467213115 0.772702786885246
1 0.3342540303278689 0.7794557090163935 0.3243447614754098 0.7670018540983606 0.29230107786885245 0.7552741139344262 0.27904673852459017 0.7537359262295081 0.2763849950819672 0.7567979114754099 0.28336662704918036 0.7743865295081968 0.3145554508196721 0.7915149262295081 0.33301892131147537 0.7852937926229508 0.3342540303278689 0.7794557090163935
1 0.2848276442622951 0.7541533598360656 0.2861771073770492 0.7499506278688525 0.2785293393442623 0.7287110590163934 0.27168205573770493 0.7189189467213114 0.2447731344262295 0.710118843442623 0.23294542950819672 0.7113567540983606 0.2357243286885246 0.7275959081967214 0.24536770409836064 0.7421225409836065 0.2700523081967213 0.7543648778688524 0.2848276442622951 0.7541533598360656
1 0.17285245901639343 0.5746418270491803 0.1789536344262295 0.5561383696721311 0.1770867713114754 0.5353162344262296 0.1721979106557377 0.5241546655737706 0.16411551721311476 0.5202006360655738 0.15283959344262296 0.5234541467213115 0.15090396557377048 0.5486505467213114 0.1539687524590164 0.5689780778688525 0.15959811885245903 0.5731036393442622 0.17285245901639343 0.5746418270491803
1 0.1327435737704918 0.5474554237704918 0.1334696893442623 0.5695898385245901 0.1385100893442623 0.5770432795081967 0.14952011967213114 0.5758625459016394 0.14708148278688526 0.5468636565573771 0.14521742213114755 0.5437073090163934 0.1327435737704918 0.5474554237704918
1 0.13402987540983607 0.6246028032786884 0.13003585983606558 0.6203628868852459 0.12425495491803279 0.6199454532786884 0.12159321147540983 0.6230074385245902 0.12541849672131147 0.6424601172131147 0.13367242131147541 0.6488671729508196 0.13834976393442622 0.6452534065573771 0.13402987540983607 0.6246028032786884
1 0.15858853770491804 0.682046 0.14554291475409836 0.6776173598360655 0.1432814131147541 0.6864030729508197 0.14805591967213114 0.6959292909836066 0.15992361147540984 0.7070136901639344 0.16602758852459018 0.7061760213114754 0.16518992049180328 0.7000720442622951 0.15858853770491804 0.682046
1 0.11770514590163934 0.5674055081967213 0.11388266229508197 0.5656186180327869 0.10817892786885247 0.5721800147540984 0.10920812131147542 0.5868981721311475 0.11512337459016393 0.5951121114754099 0.12029532213114753 0.5926962696721311 0.12038968360655738 0.5881704655737705 0.11770514590163934 0.5674055081967213
1 0.11748484098360655 0.6171321713114755 0.11257878852459018 0.6174752360655738 0.11067754344262294 0.6196623680327868 0.10927090245901638 0.6230474245901639 0.11066035245901638 0.6311670016393442 0.11153520491803277 0.6319275 0.11269594508196723 0.636776375409836 0.11362797540983606 0.6383545483606557 0.11931451885245903 0.6432977852459016 0.12100704754098361 0.644001106557377 0.1254756737704918 0.6432777926229508 0.12469518278688524 0.6379914909836065 0.12408622377049179 0.6351582155737705 0.1232113713114754 0.6343977172131147 0.12281112868852459 0.6286739893442623 0.1219362762295082 0.6279134909836065 0.12153603442622951 0.622189763114754 0.12066118114754097 0.6214292647540983 0.1205468262295082 0.6197939139344263 0.11748484098360655 0.6171321713114755
1 0.10633485983606558 0.5751848221311476 0.10388183360655738 0.5753563540983606 0.10218930491803278 0.5746530336065574 0.10028805983606558 0.5768401663934426 0.10040241475409836 0.5784755172131147 0.09964191721311476 0.5793503696721312 0.10027086885245902 0.5883448 0.10114572213114753 0.5891052975409836 0.10137443114754098 0.592376 0.10224928442622952 0.5931364975409836 0.10236363934426229 0.5947718483606558 0.10717533032786886 0.598954587704918 0.11208138278688524 0.5986115229508197 0.11234727704918034 0.5965387459016394 0.11310777459016394 0.5956638926229508 0.11249881639344263 0.5928306172131147 0.11188985737704918 0.5899973418032787 0.11002579672131148 0.5868409950819672 0.10985426475409835 0.584387968852459 0.10897941147540983 0.5836274704918033 0.10863634672131146 0.5787214180327869 0.10776149426229507 0.5779609196721311 0.10764713934426229 0.576325568852459 0.10633485983606558 0.5751848221311476
3 0.7879895368852459 0.7584091893442624 0.774506487704918 0.7536003008196721 0.758421674590164 0.7703368606557377 0.7486667467213115 0.7718406647540984 0.738551562295082 0.7799430508196722 0.7241192918032786 0.7850606221311476 0.7102188090163934 0.7860326385245902 0.6730459663934426 0.8067088377049181 0.6377143901639345 0.8067144409836066 0.6385692491803279 0.8013137844262295 0.6283569024590164 0.7962761860655738 0.6180473909836066 0.7780986024590164 0.6020341450819673 0.7664824155737705 0.5912328319672131 0.7647726959016393 0.5742331795081967 0.7684264483606558 0.5713055426229507 0.7735612106557377 0.5621595729508198 0.7778982909836066 0.5592519295081968 0.7891942073770492 0.5190143 0.7895428762295081 0.5015972139344262 0.7989775336065574 0.47356753934426227 0.7976508647540983 0.44103205327868855 0.8023909885245901 0.4170335778688524 0.7999607573770492 0.388700824590164 0.8060503450819673 0.35981348770491806 0.7924585442622951 0.34836603114754094 0.7932590286885246 0.3365755106557377 0.7891534598360656 0.31461262786885247 0.7923326016393443 0.2823402352459016 0.7773341598360656 0.269274618852459 0.7667443647540984 0.24651125245901637 0.75847605 0.2078861795081967 0.7348834204918033 0.195392337704918 0.7324703803278689 0.1718284868852459 0.7127546090163934 0.1525073549180328 0.7067106114754098 0.14533699918032786 0.6981736008196722 0.11994907459016393 0.6876237926229508 0.11353921721311475 0.6782119286885245 0.10831009262295083 0.6798100950819672 0.1057255204918033 0.6898509106557377 0.1090362081967213 0.7019445098360656 0.11917418688524589 0.7176690672131147 0.15917151885245903 0.7608859081967213 0.18830755819672132 0.7839095647540983 0.2036546680327869 0.7918748008196721 0.20995017049180328 0.7996513131147541 0.2569807081967213 0.8259428704918033 0.30399405409836067 0.8637390614754098 0.32915326967213115 0.8710181680327869 0.33691259098360654 0.8762272999999999 0.35642244672131146 0.8732196901639344 0.39285758606557375 0.877245286885246 0.42060137377049184 0.8744835778688526 0.4726695106557377 0.890562787704918 0.5005276532786885 0.8894364303278688 0.5065944459016393 0.8939422409836065 0.5657529655737705 0.8939138426229509 0.5816318639344262 0.8977335245901639 0.6298747155737705 0.8943600557377048 0.6459823237704918 0.9014504385245901 0.670758487704918 0.8915011836065575 0.6822059442622951 0.8907006991803279 0.6882155598360655 0.8943888344262295 0.7141524647540983 0.8892884549180327 0.7186410836065573 0.8947262959016393 0.7267606606557377 0.8933368459016393 0.7704177295081968 0.8713855516393443 0.8171339819672131 0.8344302114754099 0.8326670131147541 0.8156780524590164 0.8612400647540983 0.766022955737705 0.8733108696721311 0.7388853254098361 0.8745259852459017 0.726886087704918 0.870360437704918 0.7201931442622951 0.8702632737704917 0.7070531598360656 0.856685863114754 0.7067700745901639 0.8504875237704919 0.7121335467213115 0.8367585737704918 0.7155585893442623 0.8186209762295081 0.7381904098360655 0.8057668786885246 0.7423759508196721 0.7879895368852459 0.7584091893442624
1 0.45563267377049177 0.8995600196721312 0.4588262049180328 0.8923524795081966 0.4451716237704918 0.8850905639344263 0.4259648459016393 0.8806819172131148 0.4202411180327869 0.8810821590163934 0.4147089155737705 0.8900965819672132 0.42003520327868854 0.9016384008196722 0.4473443663934426 0.916162231147541 0.4599325696721312 0.9140494680327869 0.45563267377049177 0.8995600196721312
3 0.444733681147541 0.16204834344262295 0.4609728352459016 0.15926944426229508 0.46557580983606556 0.16634263606557378 0.4740384508196721 0.16985923852459017 0.5008330172131148 0.17702399098360655 0.5362217713114754 0.17783606311475408 0.5648803983606557 0.18815716147540984 0.5829836131147541 0.18853460901639343 0.6055926385245902 0.1828452631147541 0.6249709483606557 0.1897069368852459 0.626300418852459 0.17934305 0.6397062975409836 0.17717310901639344 0.6438118663934426 0.16538258852459017 0.6148845434426229 0.13946847868852458 0.5435524524590164 0.11816294590163934 0.4818265516393443 0.11672752622950819 0.41470279590163933 0.1321030336065574 0.40753524180327866 0.14123181229508197 0.40921057868852456 0.15343976639344262 0.42318823196721306 0.1594465795081967 0.444733681147541 0.16204834344262295
3 0.6137953704918032 0.10626685655737705 0.6377222786885246 0.1370498344262295 0.6722017975409836 0.1601106762295082 0.7019068098360656 0.17364529918032787 0.7142691049180329 0.1859276229508197 0.7268201237704918 0.18915833852459019 0.7452492122950819 0.20594647213114753 0.7744224360655738 0.22362665 0.8016344352459016 0.22501049590163935 0.8052082155737704 0.21736553032786884 0.8133849704918032 0.21679375573770493 0.8162554303278688 0.21084131803278688 0.8010198729508197 0.18684564426229508 0.7635899229508196 0.14509262213114754 0.7229492491803279 0.12205177377049181 0.6730482524590164 0.10171265491803279 0.6446183352459016 0.09466225737704918 0.6315927049180328 0.09639477213114754 0.6291224877049181 0.10807093770491803 0.6137953704918032 0.10626685655737705
3 0.2434995639344262 0.23363716229508194 0.2167277918032787 0.2502993532786885 0.1815361663934426 0.2934330385245902 0.1745029606557377 0.31035832213114756 0.1661946606557377 0.32079937950819676 0.1633641868852459 0.3390741262295082 0.17047736475409836 0.34679346147540985 0.17249576639344263 0.363907468852459 0.17987483852459016 0.36955402622950817 0.19459299672131147 0.36852483196721314 0.21676179344262295 0.34478944918032783 0.24199537786885245 0.34138159836065574 0.28184995655737705 0.3238045680327869 0.324000418852459 0.2744325573770492 0.32930391229508194 0.26214743278688524 0.3582828090163934 0.25354764098360655 0.3867870942622951 0.24991107950819674 0.38965755409836067 0.2439586418032787 0.38288744098360655 0.24114535983606558 0.3295498131147541 0.2539135008196721 0.3181767254098361 0.24402702622950817 0.29645974426229504 0.23897223606557377 0.2833769368852459 0.2398870754098361 0.26551962295081966 0.23127569590163932 0.2531401368852459 0.23049800655737704 0.2434995639344262 0.23363716229508194
3 0.1223032786885246 0.3041483950819672 0.12158276639344262 0.31734555737704917 0.10257591967213114 0.37454845655737706 0.10602095573770491 0.3944385614754098 0.11828608688524589 0.3935809 0.12271472704918032 0.38053527704918033 0.14887754016393442 0.3610398106557377 0.15043572049180326 0.35394662540983607 0.1616716581967213 0.33837080573770495 0.16250652540983607 0.3268089950819672 0.18172489016393442 0.28438143114754094 0.18548739426229507 0.2676848573770492 0.19286366475409836 0.25566562704918033 0.19387006393442624 0.2465568418032787 0.1883922368852459 0.2387231524590164 0.18892402540983608 0.2345775975409836 0.19706079344262295 0.22168351393442623 0.19947383360655738 0.20918967213114753 0.20654702540983605 0.20458669836065574 0.21179334098360655 0.19148389836065574 0.20688728852459015 0.19182696229508198 0.197209531147541 0.20030959754098362 0.19559417295081966 0.20658510655737705 0.18656255901639346 0.21255753770491803 0.18234263524590164 0.2227127081967213 0.1585384868852459 0.2465624459016393 0.12874751803278686 0.2905509909836066 0.1223032786885246 0.3041483950819672
3 0.062000448360655734 0.522822012295082 0.05750024098360656 0.5642203819672131 0.059181181147540986 0.6117599131147541 0.06985655163934426 0.6586704918032786 0.08035758852459017 0.685462256557377 0.0821788606557377 0.658630505737705 0.07772462459016394 0.6301833975409836 0.07737595655737706 0.5899457680327869 0.08431199836065573 0.5598805 0.08527841147540983 0.538449405737705 0.0960741213114754 0.5048275491803278 0.09460469918032786 0.4720633532786885 0.10972029754098361 0.45909209918032784 0.11209615327868852 0.4519417368852459 0.12964478524590164 0.43263779590163937 0.13070836147540985 0.42434668688524585 0.13705824016393442 0.4152750860655738 0.13133451147540984 0.4156753278688525 0.11558715983606557 0.4019863639344262 0.10986343196721311 0.4023866057377049 0.09012766803278688 0.4197893016393443 0.08239114098360656 0.4384071139344262 0.07543790737704917 0.4799770155737705 0.07034313114754098 0.489371687704918 0.062000448360655734 0.522822012295082
1 0.44116270245901634 0.18735909836065573 0.457327487704918 0.19526715655737706 0.45417114098360656 0.19713121721311477 0.45381088524590163 0.20372979836065574 0.4602007491803279 0.20698050737704918 0.48397051475409836 0.2061400368852459 0.49758511065573774 0.20107964344262294 0.5064823770491803 0.18731070737704916 0.5027542557377049 0.1809980131147541 0.49189576475409835 0.17847061803278688 0.48489694180327864 0.17238663360655737 0.4742099836065573 0.1723122655737705 0.4603266918032787 0.16177964754098362 0.44583724344262293 0.16607954344262293 0.43861251229508197 0.17439064590163933 0.44116270245901634 0.18735909836065573
3 0.3478789360655738 0.23989586147540984 0.3567218262295082 0.24297503770491805 0.4265445098360656 0.2191940655737705 0.4510919647540983 0.2059741081967213 0.45548342049180324 0.19827196475409836 0.46588449180327873 0.19425795573770493 0.4543798573770492 0.19424076475409838 0.43062728360655733 0.18357660163934428 0.3850089901639344 0.18923156393442622 0.34918561147540983 0.205705031147541 0.3419037032786885 0.2131984581967213 0.3407257721311476 0.21985421721311477 0.35110965163934427 0.22734484262295082 0.3478789360655738 0.23989586147540984
1 0.39114735 0.16538462786885247 0.39036685901639345 0.1600983262295082 0.37711251967213116 0.15856013934426227 0.34999768360655736 0.17031627704918031 0.33341826639344263 0.18585491229508197 0.32889526475409836 0.2034263393442623 0.341655 0.2037666024590164 0.35924361803278687 0.19678497049180327 0.3853492532786885 0.17647182868852457 0.39114735 0.16538462786885247
1 0.37632922704918037 0.13560804918032787 0.35634475983606556 0.14357888852459016 0.34579215 0.15130102540983606 0.3410976155737705 0.16641942540983606 0.3578313737704918 0.16483845 0.3823216508196721 0.1508008180327869 0.3895835663934426 0.13714623606557377 0.37632922704918037 0.13560804918032787
1 0.2957680114754098 0.19382855409836064 0.2759550770491803 0.20425241967213115 0.26312097295081965 0.2145991155737705 0.25825490573770493 0.2272644893442623 0.2749314868852459 0.22486583852459016 0.29778641311475407 0.2109425606557377 0.3055801172131148 0.19314242459016392 0.2957680114754098 0.19382855409836064
1 0.2627579147540984 0.20353190819672132 0.25773750737704915 0.2022396213114754 0.23271544180327872 0.2204228090163934 0.22320921639344263 0.23135846967213117 0.2213851418032787 0.2405244319672131 0.22994214590163936 0.23951523114754097 0.2542037131147541 0.2222068967213115 0.2620174098360656 0.2105679155737705 0.2627579147540984 0.20353190819672132
1 0.29967925327868855 0.15575806393442623 0.29220581885245905 0.15463730983606558 0.2772417598360656 0.16390043524590164 0.2656255729508197 0.1799136819672131 0.2659114598360656 0.18400205901639347 0.274582818852459 0.18462820901639346 0.2855728557377049 0.1772863213114754 0.30045974426229505 0.1610443655737705 0.29967925327868855 0.15575806393442623