2 0.24921875 0.444921875 0.2578125 0.419921875 0.25703125 0.408203125 0.251171875 0.39609375 0.246875 0.398046875 0.24453125 0.407421875 0.23359375 0.423828125 0.240234375 0.42421875 0.2421875 0.427734375 0.2390625 0.443359375 0.24296875 0.446484375 0.2421875 0.459765625 0.24453125 0.460546875 0.24765625 0.458984375 0.24921875 0.444921875
2 0.45859375 0.567578125 0.462890625 0.57578125 0.465625 0.573046875 0.46015625 0.537890625 0.44921875 0.519140625 0.44609375 0.505078125 0.435546875 0.5015625 0.43203125 0.505078125 0.4296875 0.522265625 0.4234375 0.530859375 0.42109375 0.541015625 0.41875 0.575390625 0.423828125 0.57734375 0.428125 0.569140625 0.434375 0.614453125 0.43359375 0.628515625 0.436328125 0.634375 0.440625 0.633984375 0.4484375 0.628515625 0.45859375 0.567578125
2 0.5828125 0.651953125 0.5890625 0.639453125 0.590625 0.609765625 0.5953125 0.596484375 0.59453125 0.580859375 0.58515625 0.569921875 0.58515625 0.555859375 0.580078125 0.55 0.5703125 0.553515625 0.5703125 0.568359375 0.5578125 0.578515625 0.55390625 0.589453125 0.5578125 0.639453125 0.56484375 0.666015625 0.56328125 0.680078125 0.566796875 0.684375 0.57421875 0.685546875 0.57734375 0.683203125 0.5828125 0.651953125
2 0.5125 0.604296875 0.522265625 0.578125 0.5265625 0.586328125 0.52734375 0.612109375 0.5375 0.612109375 0.53515625 0.603515625 0.53828125 0.528515625 0.53125 0.516796875 0.53359375 0.501171875 0.526171875 0.49609375 0.5171875 0.500390625 0.5171875 0.515234375 0.5078125 0.520703125 0.50390625 0.532421875 0.50703125 0.570703125 0.5015625 0.616015625 0.50859375 0.619921875 0.515625 0.616015625 0.5125 0.604296875
2 0.55390625 0.591796875 0.55625 0.580859375 0.56796875 0.569921875 0.56953125 0.555078125 0.58515625 0.545703125 0.58125 0.524609375 0.577734375 0.51953125 0.56640625 0.513671875 0.5671875 0.498828125 0.561328125 0.4921875 0.55078125 0.496484375 0.5515625 0.514453125 0.5390625 0.526171875 0.5359375 0.549609375 0.53671875 0.570703125 0.54296875 0.573828125 0.5453125 0.585546875 0.5453125 0.623828125 0.54140625 0.628515625 0.5546875 0.630078125 0.55703125 0.610546875 0.55390625 0.591796875
2 0.63046875 0.545703125 0.62578125 0.523046875 0.619921875 0.5203125 0.615625 0.533984375 0.6125 0.621484375 0.62421875 0.622265625 0.63046875 0.619921875 0.63046875 0.545703125
2 0.6375 0.709765625 0.6421875 0.676171875 0.64140625 0.655078125 0.6453125 0.643359375 0.6546875 0.636328125 0.651953125 0.63046875 0.642578125 0.63515625 0.61640625 0.666015625 0.6203125 0.704296875 0.6109375 0.721484375 0.6109375 0.730859375 0.60390625 0.740234375 0.605078125 0.74375 0.6109375 0.744140625 0.62578125 0.733984375 0.6375 0.709765625
2 0.6390625 0.724609375 0.6546875 0.698046875 0.659765625 0.69453125 0.666796875 0.70390625 0.6734375 0.700390625 0.6703125 0.663671875 0.67421875 0.654296875 0.679296875 0.6515625 0.689453125 0.65859375 0.691796875 0.6640625 0.70078125 0.659765625 0.691015625 0.6453125 0.671875 0.631640625 0.67421875 0.616796875 0.668359375 0.61171875 0.6578125 0.616015625 0.65546875 0.619921875 0.65625 0.635546875 0.647265625 0.64140625 0.64296875 0.648828125 0.64140625 0.686328125 0.6375 0.706640625 0.6265625 0.737890625 0.6203125 0.745703125 0.621484375 0.74921875 0.62578125 0.748828125 0.63125 0.744921875 0.6390625 0.724609375
2 0.7734375 0.773046875 0.78125 0.757421875 0.7796875 0.751171875 0.783203125 0.73828125 0.775 0.741796875 0.76484375 0.757421875 0.753125 0.766796875 0.7390625 0.784765625 0.725 0.810546875 0.71328125 0.823828125 0.71015625 0.835546875 0.715625 0.835546875 0.72734375 0.829296875 0.7734375 0.773046875
2 0.46796875 0.481640625 0.46328125 0.471484375 0.45390625 0.464453125 0.4546875 0.451171875 0.446484375 0.4484375 0.4421875 0.453515625 0.440625 0.467578125 0.43203125 0.474609375 0.4328125 0.499609375 0.4453125 0.503515625 0.4515625 0.523046875 0.459375 0.530859375 0.46328125 0.521484375 0.46796875 0.481640625
2 0.496875 0.537890625 0.503125 0.519140625 0.503125 0.486328125 0.4953125 0.475390625 0.49765625 0.462890625 0.487890625 0.45703125 0.48203125 0.460546875 0.46796875 0.494140625 0.46875 0.530078125 0.47578125 0.538671875 0.47890625 0.576953125 0.48515625 0.577734375 0.4953125 0.570703125 0.496875 0.537890625
3 0.212109375 0.3125 0.209375 0.314453125 0.21328125 0.317578125 0.21484375 0.314453125 0.212109375 0.3125
2 0.6984375 0.392578125 0.694140625 0.390625 0.68828125 0.397265625 0.6875 0.415234375 0.69140625 0.440234375 0.6953125 0.441015625 0.70078125 0.416015625 0.6984375 0.392578125
2 0.63359375 0.366796875 0.63359375 0.348046875 0.627734375 0.34296875 0.6234375 0.354296875 0.628125 0.376953125 0.634375 0.378515625 0.63671875 0.373046875 0.63359375 0.366796875
2 0.46171875 0.323046875 0.455859375 0.31640625 0.45078125 0.323828125 0.4515625 0.338671875 0.45546875 0.341015625 0.46171875 0.332421875 0.46171875 0.323046875
2 0.46875 0.294921875 0.462890625 0.2890625 0.458984375 0.2890625 0.4546875 0.294921875 0.45546875 0.304296875 0.458984375 0.3109375 0.4640625 0.310546875 0.46484375 0.300390625 0.46875 0.294921875