1 0.29609375 0.357421875 0.30390625 0.315234375 0.303125 0.258984375 0.298828125 0.2515625 0.266796875 0.26484375 0.253125 0.276171875 0.246875 0.286328125 0.24296875 0.303515625 0.23828125 0.364453125 0.2390625 0.376953125 0.2453125 0.378515625 0.283984375 0.365625 0.29609375 0.357421875
1 0.20234375 0.309765625 0.2328125 0.248046875 0.232421875 0.23671875 0.212890625 0.246875 0.19453125 0.271484375 0.175 0.311328125 0.17109375 0.323828125 0.17421875 0.330859375 0.184765625 0.3265625 0.20234375 0.309765625
1 0.1515625 0.463671875 0.14453125 0.439453125 0.13203125 0.419921875 0.128515625 0.41875 0.1171875 0.426171875 0.11171875 0.436328125 0.1078125 0.463671875 0.13125 0.513671875 0.13828125 0.516015625 0.15078125 0.489453125 0.1515625 0.463671875
1 0.228125 0.715234375 0.19375 0.646484375 0.188671875 0.63984375 0.171484375 0.63515625 0.16640625 0.639453125 0.17109375 0.659765625 0.21796875 0.749609375 0.236328125 0.76640625 0.249609375 0.77109375 0.26171875 0.771484375 0.26171875 0.762890625 0.228125 0.715234375
1 0.68828125 0.851171875 0.674609375 0.8515625 0.641796875 0.8640625 0.62265625 0.894140625 0.63046875 0.895703125 0.668359375 0.88203125 0.68828125 0.851171875
2 0.69921875 0.322265625 0.69765625 0.311328125 0.69375 0.301953125 0.682421875 0.2890625 0.678515625 0.2890625 0.67578125 0.300390625 0.68359375 0.333203125 0.691015625 0.34375 0.69453125 0.343359375 0.69453125 0.328515625 0.69921875 0.322265625
2 0.796875 0.392578125 0.783984375 0.36640625 0.7796875 0.387109375 0.7859375 0.419921875 0.78984375 0.424609375 0.79375 0.420703125 0.796875 0.392578125
2 0.79140625 0.545703125 0.79140625 0.535546875 0.785546875 0.521875 0.78203125 0.523046875 0.775 0.535546875 0.7671875 0.583984375 0.76953125 0.584765625 0.77734375 0.580078125 0.79140625 0.545703125
2 0.816796875 0.6984375 0.803125 0.715234375 0.80234375 0.722265625 0.8046875 0.723828125 0.81796875 0.705078125 0.816796875 0.6984375
2 0.66953125 0.330078125 0.66328125 0.291015625 0.648828125 0.27421875 0.643359375 0.27421875 0.63359375 0.278515625 0.63828125 0.298046875 0.65 0.318359375 0.65078125 0.333984375 0.66328125 0.338671875 0.665625 0.331640625 0.66953125 0.330078125
1 0.701953125 0.1921875 0.651953125 0.165625 0.598046875 0.1515625 0.585546875 0.15390625 0.5796875 0.158203125 0.583203125 0.16484375 0.599609375 0.17421875 0.610546875 0.17421875 0.632421875 0.18046875 0.664453125 0.19453125 0.681640625 0.20625 0.691015625 0.20546875 0.701953125 0.2109375 0.7078125 0.210546875 0.7109375 0.203515625 0.701953125 0.1921875
1 0.819921875 0.2578125 0.792578125 0.23828125 0.773046875 0.23046875 0.7671875 0.231640625 0.76875 0.240234375 0.785546875 0.26328125 0.815234375 0.28046875 0.832421875 0.2953125 0.840625 0.295703125 0.834375 0.276171875 0.819921875 0.2578125
1 0.87734375 0.353515625 0.8578125 0.325390625 0.842578125 0.31328125 0.821484375 0.309375 0.8234375 0.323828125 0.834375 0.345703125 0.844140625 0.3546875 0.851171875 0.35390625 0.870703125 0.36953125 0.8765625 0.370703125 0.8796875 0.366796875 0.87734375 0.353515625
2 0.868359375 0.528125 0.8640625 0.531640625 0.859375 0.557421875 0.85859375 0.573046875 0.8609375 0.573046875 0.8703125 0.548046875 0.868359375 0.528125
2 0.851953125 0.42265625 0.8484375 0.432421875 0.85 0.467578125 0.851171875 0.471875 0.85546875 0.472265625 0.8578125 0.433203125 0.851953125 0.42265625
2 0.839453125 0.41328125 0.8359375 0.423828125 0.8375 0.455078125 0.840625 0.462890625 0.8453125 0.463671875 0.846875 0.429296875 0.839453125 0.41328125
2 0.83203125 0.404296875 0.828515625 0.40390625 0.82578125 0.412109375 0.82734375 0.441796875 0.83125 0.446484375 0.83125 0.455078125 0.83359375 0.455078125 0.83828125 0.423828125 0.83203125 0.404296875