1 0.592328565 0.7588045141666667 0.6013842775 0.7464326291666666 0.5976485450000001 0.7119281633333333 0.594592925 0.7027594141666667 0.5861061758333334 0.7005888833333334 0.5363658016666667 0.7111063633333333 0.5025644324999999 0.7359286908333333 0.5073576424999999 0.75622025 0.5155033908333333 0.7610038558333333 0.5507684175 0.7677319183333334 0.592328565 0.7588045141666667
1 0.41575248666666664 0.7413426608333333 0.4414292041666667 0.7380494741666667 0.44651933250000003 0.7336643308333334 0.43167228333333335 0.6987728941666667 0.4272756483333333 0.6958073258333334 0.3596077308333333 0.6970756083333334 0.3507684891666667 0.6996427133333333 0.3478029208333333 0.7040393491666667 0.35618623666666666 0.7253309233333334 0.36610405333333335 0.7348636583333333 0.41575248666666664 0.7413426608333333
1 0.44123712666666665 0.1693033225 0.46126813333333333 0.152251265 0.4576454383333333 0.1270630625 0.4534193025 0.12279095666666667 0.4405129333333333 0.12190397833333333 0.42415248 0.12508412833333332 0.3990888075 0.13589852666666669 0.38839705 0.1485884266666667 0.39171322249999996 0.1700160225 0.40949325000000003 0.1763226375 0.44123712666666665 0.1693033225
1 0.5715747725 0.1541554175 0.5931843616666667 0.14740814666666668 0.5760422525000001 0.113811755 0.5626703533333334 0.10834614833333334 0.5165660550000001 0.1113654025 0.4990465783333334 0.11731763499999999 0.49444496500000007 0.12203228583333332 0.5034643108333333 0.14659595083333335 0.5329916858333333 0.15656162583333333 0.5715747725 0.1541554175
1 0.6432140999999999 0.23446143666666666 0.65739253 0.24189259583333333 0.6843642916666667 0.24089447000000003 0.7004297150000001 0.23182915333333332 0.7016117233333333 0.22480795 0.6817205158333334 0.185803415 0.6639864583333334 0.17099855916666667 0.6151560475000001 0.16436054833333333 0.5917169283333333 0.17698149166666666 0.5945790625 0.19170589999999998 0.6100966191666667 0.22349574583333331 0.6364879258333334 0.239164595 0.6432140999999999 0.23446143666666666
1 0.7914581924999999 0.20224998166666666 0.7921401933333333 0.19702383083333333 0.7562984883333334 0.14583900833333333 0.7401545058333334 0.13921437833333333 0.7175908716666667 0.14105351333333332 0.7188514391666666 0.149722255 0.7399361466666666 0.17958102583333332 0.7618848475 0.2007825483333333 0.7821189433333333 0.20661214 0.7914581924999999 0.20224998166666666
1 0.9364497233333333 0.5900424675 0.9201678299999999 0.6089125625 0.9053055108333332 0.6372694216666667 0.8931693049999999 0.6752835458333333 0.8954298875000001 0.6803621816666666 0.9042921141666667 0.6735459558333333 0.9247100916666666 0.6453825816666667 0.9348462675 0.6145486691666666 0.9364497233333333 0.5900424675
1 0.23432951250000003 0.6530883158333333 0.20805124333333333 0.6467357308333334 0.20767576499999998 0.6557224875 0.22369332916666665 0.6857172808333333 0.24717653083333332 0.6951599633333333 0.2515961516666667 0.6938764108333334 0.25097161416666663 0.68847976 0.23432951250000003 0.6530883158333333
1 0.18924238833333334 0.5587072991666666 0.18477868583333332 0.5379272258333333 0.1772919525 0.5321665891666667 0.17320183916666668 0.5329616266666667 0.16594117916666667 0.5458335191666667 0.17023438166666668 0.56792013 0.18601437916666666 0.5814069558333333 0.19291105333333333 0.57539726 0.18924238833333334 0.5587072991666666
1 0.1358045375 0.4672228958333333 0.13081595333333332 0.48304886333333336 0.13476815583333335 0.5077485508333334 0.14323191916666667 0.5141682025000001 0.14881056333333334 0.5101125666666667 0.14983356333333334 0.50227334 0.14530279416666667 0.46367876083333337 0.1358045375 0.4672228958333333
1 0.30870455583333334 0.7714889075 0.29173105833333335 0.7671478458333333 0.2850163766666667 0.7697264433333334 0.2848113991666667 0.7774066625 0.29781931333333334 0.789734465 0.32408609083333334 0.79821161 0.32754017333333335 0.7941444825 0.30870455583333334 0.7714889075
1 0.36868233 0.37908504416666666 0.37239696499999997 0.38727676333333333 0.4252504225 0.37530523083333334 0.43867978500000004 0.37014803583333333 0.44394041416666663 0.364456355 0.44237332416666664 0.3520270075 0.4352390833333333 0.34152873499999997 0.4267197458333334 0.3151700175 0.42662969333333334 0.3016046325 0.43551490583333335 0.2905392858333334 0.4345493675 0.28775571083333334 0.429823225 0.2852786575 0.390081115 0.29045694916666664 0.36040433666666666 0.30811055916666663 0.3493945641666667 0.3191644125 0.34773553333333335 0.32373154833333334 0.35098463916666667 0.3273446391666667 0.3550039075 0.3698588325 0.36868233 0.37908504416666666
2 0.649767725 0.08038003666666667 0.6278860908333334 0.07699302083333334 0.6185583341666666 0.07923061833333334 0.622295955 0.08317321666666667 0.6431775733333334 0.09015033833333334 0.6812146825000001 0.09803742416666666 0.6858048033333334 0.09544733333333333 0.649767725 0.08038003666666667
2 0.64402047 0.05518034249999999 0.633091145 0.05136227333333333 0.6182307149999999 0.049157265 0.603835815 0.051530885000000005 0.6075734358333333 0.05547348333333333 0.6464055825 0.06745068166666666 0.6580169066666667 0.0660426 0.64402047 0.05518034249999999
2 0.21141117666666667 0.3277336591666667 0.205207995 0.32639264333333334 0.19159663999999998 0.3349809366666667 0.18533599583333335 0.34426272333333335 0.18629004083333334 0.3491708591666666 0.19232272166666667 0.3518184125 0.20477505416666666 0.3460022016666667 0.21053569083333334 0.33851546833333335 0.21141117666666667 0.3277336591666667
0 0.13773529166666668 0.1102967525 0.0970698375 0.1653169625 0.06539113916666667 0.22071265166666668 0.05457296333333333 0.256772715 0.07299090999999999 0.23578955166666665 0.08064814416666666 0.24024365083333332 0.0867153025 0.23651752250000002 0.13375443833333334 0.18153179 0.15422799 0.17330748166666665 0.19269992833333333 0.13102314083333333 0.19742607166666665 0.13350019333333332 0.20856037333333333 0.12963804333333334 0.21992263916666668 0.11384655333333332 0.2272848425 0.11241548583333333 0.23025041083333334 0.10801885000000001 0.22863735083333334 0.10408774416666666 0.23882910083333334 0.09319289833333334 0.29675159 0.050523475 0.3011597183333333 0.051364483333333336 0.30430727916666667 0.043536749166666666 0.2945025 0.04332027916666667 0.30350074916666664 0.041571196666666664 0.3137039916666667 0.028551789166666664 0.3179531125 0.028574774166666667 0.3197858008333333 0.025671744166666666 0.20990611083333335 0.0470301925 0.17291215416666667 0.07289756166666667 0.13773529166666668 0.1102967525