1 0.651953125 0.6671875 0.737109375 0.64375 0.747265625 0.646875 0.758203125 0.64453125 0.7859375 0.616015625 0.79140625 0.587109375 0.7890625 0.575390625 0.780859375 0.5703125 0.765234375 0.57109375 0.746484375 0.559375 0.687109375 0.56640625 0.641796875 0.58671875 0.619140625 0.60625 0.573046875 0.6171875 0.553515625 0.62578125 0.540625 0.639453125 0.53515625 0.660546875 0.5359375 0.667578125 0.542578125 0.67734375 0.561328125 0.68046875 0.600390625 0.6765625 0.606640625 0.68125 0.6171875 0.682421875 0.631640625 0.6796875 0.651953125 0.6671875
1 0.362109375 0.46640625 0.37265625 0.455859375 0.3765625 0.444921875 0.385546875 0.43828125 0.396484375 0.4390625 0.404296875 0.4296875 0.4125 0.430078125 0.43203125 0.396484375 0.4296875 0.369921875 0.427734375 0.36484375 0.42265625 0.363671875 0.416015625 0.34296875 0.408203125 0.33984375 0.358203125 0.35625 0.341796875 0.3546875 0.333984375 0.3578125 0.31640625 0.373046875 0.28828125 0.415234375 0.28046875 0.435546875 0.28203125 0.466015625 0.287109375 0.47265625 0.29375 0.473046875 0.350390625 0.471875 0.362109375 0.46640625
1 0.50546875 0.385546875 0.517578125 0.37578125 0.530078125 0.3765625 0.534375 0.373828125 0.540625 0.333984375 0.53671875 0.319140625 0.524609375 0.30859375 0.509765625 0.30390625 0.476171875 0.30078125 0.451953125 0.303125 0.436328125 0.309375 0.415625 0.326171875 0.41328125 0.330859375 0.41875 0.337890625 0.42265625 0.358203125 0.43046875 0.366796875 0.434375 0.395703125 0.45859375 0.398046875 0.498828125 0.396875 0.50546875 0.385546875
1 0.628515625 0.33671875 0.63125 0.333984375 0.6375 0.304296875 0.6328125 0.290234375 0.608203125 0.271875 0.576953125 0.265625 0.548046875 0.2671875 0.533203125 0.275 0.5203125 0.286328125 0.51953125 0.302734375 0.5359375 0.317578125 0.544140625 0.33671875 0.592578125 0.3421875 0.61484375 0.341796875 0.623828125 0.334375 0.628515625 0.33671875
1 0.7734375 0.330078125 0.75703125 0.301171875 0.730078125 0.2875 0.715234375 0.2875 0.70234375 0.308984375 0.70234375 0.317578125 0.709375 0.336328125 0.713671875 0.340625 0.741015625 0.35 0.765625 0.354296875 0.77265625 0.345703125 0.7734375 0.330078125
1 0.703125 0.298046875 0.7015625 0.286328125 0.69453125 0.270703125 0.681640625 0.26015625 0.641796875 0.24765625 0.626171875 0.24921875 0.609375 0.259765625 0.609375 0.273046875 0.630078125 0.28515625 0.640234375 0.30234375 0.666015625 0.31015625 0.6828125 0.311328125 0.699609375 0.3046875 0.703125 0.298046875
1 0.8234375 0.369140625 0.815625 0.346484375 0.796484375 0.32578125 0.780078125 0.32421875 0.7734375 0.343359375 0.7765625 0.356640625 0.7890625 0.368359375 0.796484375 0.384375 0.81328125 0.389453125 0.821875 0.376953125 0.8234375 0.369140625
1 0.80078125 0.294140625 0.787109375 0.27734375 0.773046875 0.26875 0.765234375 0.26796875 0.759375 0.283203125 0.76640625 0.302734375 0.796875 0.317578125 0.80390625 0.305078125 0.80078125 0.294140625
1 0.740625 0.266015625 0.728515625 0.25390625 0.712890625 0.2453125 0.694921875 0.240625 0.689453125 0.24140625 0.68203125 0.248046875 0.68125 0.258203125 0.69453125 0.269921875 0.702734375 0.284375 0.710546875 0.2875 0.726953125 0.2859375 0.74609375 0.292578125 0.7484375 0.286328125 0.740625 0.266015625
1 0.765625 0.257421875 0.748046875 0.2375 0.728515625 0.2296875 0.71640625 0.233203125 0.71640625 0.244921875 0.719921875 0.2484375 0.741796875 0.265625 0.76171875 0.271484375 0.76640625 0.265234375 0.765625 0.257421875
1 0.79296875 0.265234375 0.78359375 0.243359375 0.773046875 0.23359375 0.757421875 0.22890625 0.750390625 0.2296875 0.74921875 0.240234375 0.76484375 0.255859375 0.76875 0.263671875 0.7890625 0.273046875 0.79296875 0.271484375 0.79296875 0.265234375
1 0.83125 0.326171875 0.812890625 0.3125 0.800390625 0.3109375 0.79765625 0.316796875 0.8 0.329296875 0.815625 0.347265625 0.82265625 0.364453125 0.82890625 0.366015625 0.83359375 0.349609375 0.83125 0.326171875
1 0.66484375 0.216015625 0.6640625 0.205078125 0.658984375 0.19921875 0.641015625 0.19296875 0.641015625 0.18828125 0.630078125 0.18984375 0.592578125 0.1859375 0.585546875 0.1875 0.58046875 0.194921875 0.58203125 0.206640625 0.588671875 0.2109375 0.601171875 0.2109375 0.611328125 0.2171875 0.625390625 0.21171875 0.637890625 0.215625 0.643359375 0.22109375 0.653125 0.220703125 0.660546875 0.2203125 0.66484375 0.216015625
1 0.68125 0.212109375 0.671484375 0.1953125 0.647265625 0.18515625 0.628125 0.184765625 0.62890625 0.188671875 0.641015625 0.19609375 0.642578125 0.20078125 0.659765625 0.20234375 0.66328125 0.212109375 0.6703125 0.215234375 0.679296875 0.21484375 0.68125 0.212109375
1 0.45078125 0.830859375 0.438671875 0.81796875 0.430078125 0.81328125 0.351171875 0.79140625 0.311328125 0.76953125 0.248046875 0.74609375 0.221875 0.747265625 0.225 0.760546875 0.230078125 0.76484375 0.320703125 0.81015625 0.403515625 0.83984375 0.44375 0.840234375 0.4515625 0.835546875 0.45078125 0.830859375
1 0.4171875 0.855859375 0.415625 0.851171875 0.404296875 0.84140625 0.383984375 0.83203125 0.323046875 0.8125 0.242578125 0.7734375 0.223828125 0.76015625 0.203125 0.753515625 0.2015625 0.761328125 0.21171875 0.780859375 0.229296875 0.79921875 0.267578125 0.82578125 0.373046875 0.859375 0.396875 0.864453125 0.413671875 0.86015625 0.4171875 0.855859375
1 0.09609375 0.677734375 0.07421875 0.642578125 0.068359375 0.63984375 0.0671875 0.648046875 0.07109375 0.663671875 0.09921875 0.696484375 0.10078125 0.690234375 0.09609375 0.677734375
1 0.10703125 0.666796875 0.10703125 0.659765625 0.086328125 0.640625 0.08359375 0.643359375 0.0859375 0.658203125 0.09921875 0.687109375 0.128515625 0.71484375 0.13359375 0.716015625 0.13046875 0.701953125 0.10703125 0.666796875
1 0.071875 0.565234375 0.065234375 0.5609375 0.06015625 0.572265625 0.0625 0.590234375 0.08125 0.604296875 0.078125 0.576171875 0.071875 0.565234375
1 0.07421875 0.533203125 0.066796875 0.5265625 0.059375 0.541796875 0.059375 0.551171875 0.062890625 0.5609375 0.067578125 0.56015625 0.07578125 0.565234375 0.07734375 0.555859375 0.07421875 0.533203125
1 0.053125 0.541015625 0.047265625 0.5375 0.04296875 0.551953125 0.04453125 0.566796875 0.047265625 0.571875 0.0546875 0.573828125 0.05625 0.548828125 0.053125 0.541015625
1 0.857421875 0.62890625 0.8875 0.609765625 0.8953125 0.592578125 0.896875 0.579296875 0.896875 0.569140625 0.887890625 0.559375 0.879296875 0.55859375 0.869140625 0.56484375 0.85859375 0.583203125 0.84453125 0.594921875 0.8359375 0.607421875 0.82734375 0.630078125 0.828125 0.636328125 0.83359375 0.641796875 0.848046875 0.63984375 0.857421875 0.62890625
1 0.87265625 0.663671875 0.8828125 0.637890625 0.8828125 0.630859375 0.876953125 0.6234375 0.873828125 0.62265625 0.861328125 0.63125 0.85390625 0.638671875 0.8515625 0.647265625 0.83359375 0.663671875 0.8234375 0.688671875 0.8234375 0.693359375 0.828125 0.697265625 0.845703125 0.690625 0.87265625 0.663671875
1 0.8984375 0.665234375 0.901953125 0.66640625 0.916796875 0.65546875 0.9375 0.631640625 0.9484375 0.575390625 0.945703125 0.55625 0.8921875 0.602734375 0.88359375 0.630859375 0.884375 0.637109375 0.878125 0.648046875 0.86484375 0.689453125 0.865625 0.694921875 0.871875 0.698046875 0.89296875 0.678515625 0.8984375 0.665234375
1 0.769140625 0.834375 0.8125 0.795703125 0.821875 0.781640625 0.821875 0.774609375 0.808203125 0.7703125 0.785546875 0.79453125 0.726171875 0.8390625 0.709375 0.856640625 0.70546875 0.862890625 0.7078125 0.864453125 0.727734375 0.859375 0.769140625 0.834375
2 0.46875 0.473828125 0.4671875 0.439453125 0.4609375 0.419921875 0.455078125 0.41484375 0.446875 0.417578125 0.443359375 0.42890625 0.429296875 0.43359375 0.4234375 0.439453125 0.41171875 0.458984375 0.41953125 0.466796875 0.412890625 0.48359375 0.4515625 0.484765625 0.466796875 0.4828125 0.46875 0.473828125
2 0.59140625 0.466796875 0.59609375 0.452734375 0.60234375 0.447265625 0.603125 0.423046875 0.600390625 0.41484375 0.596484375 0.4125 0.592578125 0.415625 0.5890625 0.408203125 0.581640625 0.40625 0.5796875 0.400390625 0.574609375 0.39765625 0.565625 0.401953125 0.5671875 0.416015625 0.5640625 0.433984375 0.553125 0.446484375 0.553125 0.466796875 0.55859375 0.472265625 0.5609375 0.501953125 0.568359375 0.509375 0.578125 0.509765625 0.58984375 0.505859375 0.59140625 0.466796875
2 0.15859375 0.526171875 0.15625 0.483203125 0.1546875 0.471484375 0.151953125 0.46953125 0.14375 0.481640625 0.146875 0.501953125 0.14453125 0.539453125 0.149609375 0.54453125 0.16171875 0.545703125 0.1640625 0.540234375 0.15859375 0.526171875
2 0.7625 0.423828125 0.7578125 0.405859375 0.751953125 0.40234375 0.75 0.412109375 0.75390625 0.437109375 0.75234375 0.464453125 0.75703125 0.478515625 0.7625 0.482421875 0.76484375 0.479296875 0.7625 0.423828125
2 0.62109375 0.425390625 0.6265625 0.411328125 0.6203125 0.383984375 0.61171875 0.359765625 0.600390625 0.35546875 0.5984375 0.362109375 0.60234375 0.373046875 0.60078125 0.391015625 0.60546875 0.426171875 0.62421875 0.453515625 0.6265625 0.447265625 0.62109375 0.425390625
2 0.6875 0.423046875 0.703125 0.407421875 0.70390625 0.398828125 0.7 0.387890625 0.68671875 0.372265625 0.6828125 0.361328125 0.676171875 0.35859375 0.67265625 0.361328125 0.6703125 0.384765625 0.678125 0.398046875 0.6703125 0.412890625 0.6703125 0.419140625 0.675 0.455859375 0.6796875 0.456640625 0.68828125 0.440234375 0.6875 0.423046875
2 0.73125 0.437109375 0.7296875 0.416796875 0.7359375 0.408203125 0.7359375 0.398828125 0.71796875 0.360546875 0.713671875 0.35859375 0.7125 0.364453125 0.71640625 0.374609375 0.71640625 0.433984375 0.718359375 0.43828125 0.7265625 0.433984375 0.72890625 0.451953125 0.734375 0.460546875 0.73515625 0.446484375 0.73125 0.437109375
2 0.73359375 0.474609375 0.7265625 0.438671875 0.710546875 0.43359375 0.709375 0.437890625 0.71484375 0.440234375 0.7171875 0.447265625 0.7140625 0.455078125 0.715625 0.459765625 0.6984375 0.487109375 0.715625 0.489453125 0.730078125 0.4828125 0.73359375 0.474609375
2 0.7921875 0.372265625 0.78515625 0.358984375 0.776171875 0.353125 0.77421875 0.358984375 0.77890625 0.378515625 0.78515625 0.390234375 0.7890625 0.412890625 0.796875 0.420703125 0.79921875 0.408203125 0.7921875 0.372265625
2 0.815234375 0.475 0.819921875 0.4765625 0.8203125 0.472265625 0.81640625 0.465234375 0.81484375 0.435546875 0.80703125 0.416796875 0.800390625 0.4109375 0.7953125 0.471484375 0.804296875 0.48359375 0.80859375 0.483984375 0.80625 0.478515625 0.815234375 0.475
2 0.63515625 0.359765625 0.643359375 0.35859375 0.64609375 0.349609375 0.6328125 0.316015625 0.619921875 0.30859375 0.6078125 0.315234375 0.60625 0.337890625 0.61171875 0.351953125 0.60625 0.353515625 0.608203125 0.35546875 0.61640625 0.350390625 0.6140625 0.361328125 0.6171875 0.373046875 0.619921875 0.37734375 0.6296875 0.380859375 0.63515625 0.373828125 0.63515625 0.359765625