1 0.17578125 0.541796875 0.175 0.536328125 0.181640625 0.52890625 0.237109375 0.51484375 0.240234375 0.51484375 0.246875 0.525390625 0.257421875 0.5328125 0.266796875 0.5328125 0.2796875 0.523828125 0.28671875 0.500390625 0.294140625 0.49609375 0.30390625 0.483203125 0.30390625 0.442578125 0.2953125 0.419921875 0.278515625 0.39765625 0.266796875 0.39375 0.248828125 0.39453125 0.231640625 0.39921875 0.215234375 0.3953125 0.203515625 0.39609375 0.179296875 0.4078125 0.14140625 0.437890625 0.13359375 0.485546875 0.13515625 0.522265625 0.1375 0.530859375 0.1484375 0.537890625 0.15390625 0.552734375 0.160546875 0.5578125 0.165625 0.557421875 0.1703125 0.554296875 0.17578125 0.541796875
1 0.25078125 0.749609375 0.24375 0.734765625 0.216015625 0.696875 0.208203125 0.690625 0.192578125 0.6859375 0.169140625 0.66484375 0.144140625 0.65 0.128515625 0.6453125 0.11875 0.650390625 0.12421875 0.674609375 0.1328125 0.694140625 0.150390625 0.7171875 0.168359375 0.73203125 0.201171875 0.74921875 0.211328125 0.7515625 0.229296875 0.76484375 0.23828125 0.767578125 0.253125 0.765234375 0.25078125 0.749609375
2 0.31796875 0.619921875 0.321484375 0.61171875 0.323828125 0.6140625 0.328125 0.612109375 0.328125 0.589453125 0.32265625 0.568359375 0.3125 0.558203125 0.30859375 0.543359375 0.304296875 0.5390625 0.298828125 0.5390625 0.29453125 0.557421875 0.28671875 0.565234375 0.28671875 0.592578125 0.28984375 0.604296875 0.29765625 0.609765625 0.3015625 0.619921875 0.30625 0.641796875 0.30546875 0.655078125 0.313671875 0.6671875 0.31796875 0.666796875 0.3203125 0.643359375 0.31796875 0.619921875
2 0.42109375 0.167578125 0.42265625 0.158203125 0.416015625 0.14921875 0.408984375 0.15 0.39375 0.163671875 0.39296875 0.184765625 0.396875 0.186328125 0.413671875 0.17734375 0.42109375 0.167578125
2 0.53828125 0.841796875 0.534765625 0.83828125 0.518359375 0.8421875 0.51171875 0.859765625 0.513671875 0.8640625 0.5296875 0.866015625 0.5390625 0.851953125 0.53828125 0.841796875
2 0.583984375 0.853125 0.59296875 0.851953125 0.59765625 0.841796875 0.61015625 0.829296875 0.608203125 0.82109375 0.597265625 0.81953125 0.5796875 0.830078125 0.5703125 0.855078125 0.575 0.857421875 0.580859375 0.85078125 0.583984375 0.853125
2 0.6234375 0.850390625 0.62890625 0.840234375 0.63828125 0.831640625 0.637890625 0.82421875 0.627734375 0.82421875 0.6109375 0.836328125 0.60625 0.844921875 0.60546875 0.855859375 0.60078125 0.859765625 0.6046875 0.861328125 0.612890625 0.859375 0.6234375 0.850390625
2 0.404296875 0.86015625 0.384765625 0.85234375 0.377734375 0.853125 0.3734375 0.857421875 0.382421875 0.87578125 0.388671875 0.878125 0.396484375 0.87421875 0.399609375 0.87890625 0.40625 0.880078125 0.41015625 0.866796875 0.404296875 0.86015625
2 0.56875 0.891015625 0.56640625 0.883203125 0.560546875 0.88203125 0.538671875 0.89375 0.528515625 0.8953125 0.521875 0.904296875 0.5296875 0.905078125 0.563671875 0.89765625 0.56875 0.891015625
2 0.59296875 0.878515625 0.587890625 0.87421875 0.580078125 0.8734375 0.559375 0.883203125 0.565234375 0.8921875 0.56953125 0.891796875 0.588671875 0.88515625 0.59296875 0.878515625
1 0.746875 0.227734375 0.7265625 0.194140625 0.694140625 0.1765625 0.642578125 0.159375 0.619921875 0.15546875 0.587890625 0.159375 0.5796875 0.166796875 0.58203125 0.180859375 0.599609375 0.19296875 0.651171875 0.203125 0.701171875 0.221875 0.723046875 0.23359375 0.74609375 0.238671875 0.74921875 0.235546875 0.746875 0.227734375
1 0.84765625 0.250390625 0.831640625 0.23359375 0.805078125 0.215625 0.79453125 0.212890625 0.79375 0.216015625 0.805859375 0.2328125 0.859375 0.276171875 0.86015625 0.271484375 0.84765625 0.250390625
1 0.5546875 0.111328125 0.534765625 0.1046875 0.497265625 0.1 0.441015625 0.10625 0.428515625 0.11015625 0.41953125 0.116796875 0.423046875 0.1203125 0.486328125 0.1171875 0.505859375 0.121875 0.53203125 0.121484375 0.553515625 0.11875 0.5546875 0.111328125
1 0.090625 0.366015625 0.090234375 0.35625 0.081640625 0.35703125 0.07265625 0.369921875 0.06640625 0.392578125 0.06640625 0.401953125 0.06875 0.402734375 0.0828125 0.390234375 0.090625 0.366015625
2 0.1484375 0.409765625 0.15546875 0.388671875 0.153125 0.376953125 0.150390625 0.37578125 0.14140625 0.406640625 0.140625 0.433203125 0.14296875 0.435546875 0.14921875 0.431640625 0.1484375 0.409765625
2 0.16953125 0.409765625 0.1734375 0.369140625 0.17265625 0.357421875 0.169921875 0.35546875 0.159375 0.380859375 0.1578125 0.423046875 0.16484375 0.419140625 0.16953125 0.409765625