2 0.5466080414507772 0.6471758523316061 0.5204705492227979 0.6368169136442141 0.5123469982728843 0.6378770181347151 0.49885538514680483 0.6484503255613127 0.48835353367875645 0.6481684145077721 0.48426793955094993 0.6442952322970639 0.48352547495682213 0.6322746813471503 0.47674394041450774 0.6309564844559585 0.4584719058721935 0.6344425267702936 0.4495483013816926 0.6441443246977547 0.4336307487046632 0.6445691493955095 0.42893369430051814 0.6528932020725389 0.43304310708117444 0.6611696183074266 0.4405075595854922 0.6635002815198618 0.4533638929188256 0.660720974956822 0.46257136701208984 0.6721876554404146 0.47359136096718485 0.674329725388601 0.4831978834196891 0.6656403946459414 0.5250405146804836 0.667615732297064 0.5360366908462867 0.6653545682210709 0.5479976943005181 0.6536040189982729 0.5466080414507772 0.6471758523316061
2 0.0963169274611399 0.5288578981001727 0.08543788860103627 0.521464902417962 0.07664333074265976 0.5237141571675302 0.07414789291882556 0.5320263013816926 0.08249576511226252 0.5411265898100173 0.09876668480138169 0.5434096157167531 0.0963169274611399 0.5288578981001727
2 0.09663652417962004 0.5566312271157168 0.0874409602763385 0.5473661632124353 0.07912881606217617 0.544870725388601 0.07202964162348878 0.5474495293609671 0.07120576856649397 0.5516879887737478 0.07974223402417961 0.5643438195164076 0.0987210043177893 0.5662734775474957 0.09663652417962004 0.5566312271157168
3 0.501488030224525 0.3837262366148532 0.49789675993091537 0.3773099792746114 0.48242589464594127 0.36638526079447326 0.4224045466321244 0.35383857167530225 0.4090657979274611 0.3613625708117444 0.3949865431778929 0.3885363480138169 0.39138532037996543 0.4115888031088083 0.3946589507772021 0.42190206131260793 0.41946633678756473 0.43684091796200347 0.44779353626943 0.4449863298791019 0.47656742227979276 0.4417821986183074 0.49347362176165804 0.4362712236614853 0.5025620017271157 0.4257217340241796 0.501488030224525 0.3837262366148532
3 0.22095161744386874 0.3696626390328152 0.21243896977547494 0.36141004231433504 0.1912704922279793 0.3616939110535406 0.17644877288428323 0.37684713730569946 0.168138585492228 0.40602202849740937 0.17782847409326424 0.4127440164075993 0.2045536079447323 0.4065024861830743 0.2154902366148532 0.39323323661485315 0.2208225708117444 0.3771151822107081 0.22095161744386874 0.3696626390328152
3 0.2959233989637306 0.7352442797927461 0.2895409127806563 0.7137700708117444 0.28269983074265975 0.7014437892918826 0.2534534827288428 0.6799239006908463 0.24412887219343696 0.6781113799654577 0.23347415457685664 0.6808787772020726 0.22996625043177896 0.6898738385146805 0.23107399222797928 0.7068038575129534 0.247452097582038 0.7289014360967184 0.26956354231433505 0.7463952772020725 0.27905292746113985 0.7473601062176165 0.29459329274611395 0.7398241977547495 0.2959233989637306 0.7352442797927461
3 0.7820045397236615 0.4567272599309154 0.7717131433506045 0.4327337944732297 0.7563475051813472 0.409953298791019 0.7471876692573403 0.40729308635578587 0.7382521545768567 0.4147932668393782 0.7270931614853196 0.4495724525043178 0.7285304525043178 0.4648070872193437 0.7354072633851468 0.48373821934369604 0.7447914205526771 0.49655882556131264 0.7714232366148531 0.504374688255613 0.7858796787564767 0.4843119948186529 0.7820045397236615 0.4567272599309154
3 0.1828012366148532 0.6745478428324697 0.16077120034542314 0.6407949905008636 0.14581847668393783 0.6317304300518135 0.1354933091537133 0.6328024438687392 0.1277945829015544 0.6497801001727115 0.13759165544041452 0.6763166407599309 0.14902456476683937 0.6921746450777202 0.16974635664939552 0.7032403203799655 0.17701030656303973 0.6998138246977548 0.18368465630397235 0.6813174689119171 0.1828012366148532 0.6745478428324697
3 0.23057966839378238 0.709346932642487 0.23075439550949914 0.6790305284974093 0.16586926079447323 0.643985255613126 0.16572830483592402 0.6492361813471503 0.1778322219343696 0.6639050354058722 0.17941046891191711 0.6738887443868739 0.17832850345423143 0.6930322892918825 0.1717831994818653 0.7040761027633851 0.1738795889464594 0.7159199697754749 0.2011724602763385 0.7520153946459414 0.20018381260794474 0.7571015466321244 0.20973274525043178 0.7690744602763385 0.22730995250431776 0.7623743333333334 0.2247430578583765 0.7574767763385146 0.23404384974093265 0.7548860630397236 0.23317233937823836 0.750318054404145 0.24162543868739206 0.7475625664939551 0.24412087651122627 0.7392504222797928 0.25206774352331607 0.7368363929188255 0.23057966839378238 0.709346932642487
3 0.12678015889464594 0.6187926873920553 0.10734083592400691 0.5943406269430052 0.09427208981001726 0.589161158031088 0.08912834887737478 0.6088347547495683 0.0936744956822107 0.6352303393782384 0.11235944559585491 0.6454602314335061 0.11963530397236614 0.6442353531951641 0.12215456131260795 0.6403264430051814 0.12678015889464594 0.6187926873920553
3 0.869668213298791 0.4447365647668394 0.8670775 0.43543577288428326 0.8618027547495682 0.4308915837651123 0.8651458851468048 0.42274421416234886 0.8615883860103627 0.3912624775474957 0.845208323834197 0.33749456994818655 0.8168334861830743 0.3205426899827289 0.792226603626943 0.3113609922279793 0.7853974309153713 0.3012363272884283 0.7712923989637306 0.2923365414507772 0.7443072150259067 0.28181282815198616 0.7321794792746114 0.26274074006908466 0.7274466960276339 0.2644599421416235 0.7197936502590673 0.25857373661485317 0.7020159395509499 0.2595167037996546 0.695446816925734 0.2661572832469775 0.6898187046632125 0.25890524352331606 0.6589484291882556 0.2502655069084629 0.6501419611398963 0.2503131450777202 0.644914854058722 0.2545754231433506 0.621344256476684 0.24911404231433507 0.5989985379965458 0.25092851986183073 0.588143317789292 0.24793875820379968 0.5686702236614853 0.2485521761658031 0.5522821666666666 0.25592331001727114 0.5390248272884283 0.247188298791019 0.5165143333333333 0.2498504689119171 0.5013968359240069 0.24163360017271157 0.4839486744386874 0.24088118307426595 0.47883870466321243 0.23548930224525044 0.44594349654576854 0.22821540069084628 0.4207013341968912 0.22682770379965456 0.3976965164075993 0.23203294991364423 0.39429383937823836 0.2291722340241796 0.3954353523316062 0.22103677374784111 0.38441535837651125 0.21889470379965456 0.36885117443868737 0.22202737910189985 0.34273750086355786 0.21607167443868738 0.31092621588946456 0.22132455699481865 0.2948200699481865 0.21819383937823833 0.2561339317789292 0.23618591968911914 0.212421189119171 0.2641974369602763 0.20923092487046632 0.2692954974093264 0.20229652417962005 0.271026609671848 0.18055231433506044 0.2901125647668394 0.17259353799654575 0.2903249766839378 0.16873226511226252 0.2966121873920553 0.16415234715025906 0.29528208117443866 0.15844282642487045 0.3042890526770293 0.1489653506044905 0.3055258402417962 0.15206229706390328 0.31448517357512956 0.16560154835924007 0.3127183333333334 0.16953427720207254 0.3196408238341969 0.1896902884283247 0.320039872193437 0.20633839550949915 0.32943398272884283 0.19329346804835923 0.32865774697754746 0.1913042633851468 0.33662843264248704 0.19875680656303973 0.3367574784110536 0.20354913644214162 0.3460463609671848 0.20086510535405872 0.35080296286701207 0.2054688419689119 0.3565363031088083 0.21632406131260795 0.3595260647668394 0.2238123324697755 0.36625996200345423 0.2317472901554404 0.3616443160621762 0.2442740742659758 0.3605603929188256 0.2498307305699482 0.354602731433506 0.2588019732297064 0.3537074015544041 0.27236504317789295 0.35634379533678756 0.28590429360967184 0.3545769550949914 0.3335636321243523 0.3673598756476684 0.3674236692573402 0.36514439205526766 0.3726507763385147 0.36088211312607943 0.39092281001727114 0.35739607081174435 0.40432110535405874 0.36088015630397235 0.40740614248704665 0.36763787219343697 0.4109259568221071 0.36084442832469776 0.42073298186528496 0.35791225647668395 0.44533986442141626 0.36709395336787565 0.480260006044905 0.37300202072538857 0.49641378842832473 0.38493920639032814 0.4881373730569948 0.3890486191709845 0.5022543134715026 0.4001500224525043 0.5106597763385147 0.3885880664939551 0.5403051727115717 0.3899519438687392 0.5463799715025907 0.3858544404145078 0.5660416588946459 0.38879656390328154 0.5696210198618307 0.39301120466321243 0.5741890284974093 0.3921396943005181 0.5750605388601037 0.3967077029360967 0.5928858868739206 0.4045712029360967 0.6243914421416235 0.4054169378238342 0.6275936165803109 0.40252049395509504 0.6408033177892919 0.40244903799654574 0.6628433065630397 0.40673317789291885 0.6752529542314335 0.41530341450777203 0.6925601597582037 0.4213067564766839 0.7173079982728843 0.4252375284974093 0.727621256476684 0.4219638981001727 0.7307062936096718 0.4287216139896373 0.7413252823834197 0.41934936614853197 0.7543702098445596 0.42012560103626945 0.7689933834196891 0.43088554576856647 0.7763406986183075 0.44287036873920554 0.7851471666666667 0.44282273143350603 0.8012771312607945 0.4503566822107082 0.8148163816925734 0.44858984196891194 0.8314883082901555 0.46238718652849736 0.8550827245250432 0.4722518005181347 0.8632539127806562 0.479998164939551 0.8673156882556131 0.47946811226252156 0.8699878100172711 0.47250989378238345 0.869668213298791 0.4447365647668394
3 0.788972378238342 0.8055713894645942 0.7860640259067357 0.8001675984455958 0.7697931053540588 0.7978845725388601 0.7651655500863558 0.7877479982728842 0.7678495811744387 0.7829913963730569 0.7591959784110536 0.7799897253886011 0.7268665509499136 0.7833824499136443 0.7226519101899828 0.7869618108808291 0.69978804835924 0.7869161303972366 0.6947495345423143 0.7947339507772021 0.690487256476684 0.7895068436960276 0.6847896450777202 0.8007154309153713 0.6813869680483592 0.7978547158894645 0.6849186908462868 0.7932628886010363 0.6828580302245251 0.788023872193437 0.6728743212435233 0.7896021191709844 0.6683301312607944 0.7948768635578584 0.6650565008635579 0.7845636053540588 0.645206219343696 0.7780659395509499 0.6118881442141624 0.7865448151986183 0.585280146804836 0.7831321856649396 0.5819131986183075 0.7868763212435232 0.5774861459412781 0.7824969067357513 0.5210679775474957 0.778568091537133 0.4708893825561312 0.7696940820379965 0.47632890155440416 0.7733905794473229 0.4868307530224525 0.7736724913644214 0.49414234024179615 0.7790524637305699 0.48518300690846283 0.7821494101899827 0.47670608894645944 0.7805016640759931 0.4692178177892919 0.7737677668393782 0.4548546934369602 0.7797730664939551 0.4507095518134715 0.7648917996545768 0.44461093436960275 0.7645860690846287 0.43865327288428324 0.7590294127806563 0.4116919075993092 0.7529089335060449 0.399800402417962 0.7461988549222798 0.3633496519861831 0.7391135466321244 0.3285466476683938 0.7235513203799655 0.297346822970639 0.7166069680483592 0.2932850483592401 0.7171370198618308 0.2930507737478411 0.7364453393782384 0.2854572754749568 0.7415672184801382 0.272082798791019 0.7424863670120898 0.26737383506044904 0.7486088039723662 0.2422964464594128 0.74637341537133 0.2398010086355786 0.7546855595854922 0.2325013316062176 0.7515072046632125 0.23331329447322974 0.7450671286701209 0.22805045941278065 0.7427245552677029 0.22469542055267702 0.7486703082901554 0.21522985405872194 0.7521087132987909 0.2227776718480138 0.769850695164076 0.23043071761658032 0.7757369006908462 0.24331087046632124 0.7773608281519863 0.24473625215889466 0.7903938454231434 0.25460282383419686 0.7984697590673575 0.25208356735751297 0.8023786692573402 0.2602904835924007 0.8167298834196891 0.2658947780656304 0.8195786899827289 0.2711933411053541 0.8285261131260794 0.2909026666666667 0.8402747055267703 0.2990976735751295 0.8524243031088083 0.31539241278065633 0.8591105621761658 0.3234802348877375 0.8514456079447323 0.3207485656303972 0.8473957417962004 0.32292636355785836 0.8429805984455958 0.3526193981001727 0.8531509438687392 0.3700675595854922 0.853903360103627 0.3819590647668394 0.860613438687392 0.387422402417962 0.8687131701208981 0.4040466908462867 0.8737040457685665 0.4354827461139896 0.893010408462867 0.4715801286701209 0.8973878661485318 0.533038767702936 0.9251691899827288 0.5472371174438688 0.9200115820379965 0.5777302055267702 0.9215402340241796 0.5912218186528497 0.910966926597582 0.5947892702936097 0.9129799499136443 0.591763780656304 0.9172303186528497 0.6078461070811745 0.9159578022452505 0.6312519300518135 0.9222668747841105 0.665794884283247 0.9210638575129533 0.7111216018998273 0.9096409006908462 0.7587651165803109 0.8568815449050087 0.7869831735751295 0.8135420742659758 0.788972378238342 0.8055713894645942