1 0.5489790460069445 0.8307571866319444 0.5597180859375 0.8389670425347222 0.5740999843750001 0.8390158463541666 0.596751125 0.833984328125 0.6051879487847223 0.8258395451388889 0.6012318828125001 0.8105009713541667 0.5903415303819445 0.8005616111111111 0.5634585520833333 0.8020421953125001 0.5471633012152778 0.8100031310763889 0.5446878203125 0.8215475355902778 0.5489790460069445 0.8307571866319444
1 0.4683569618055556 0.8504455902777778 0.47715011371527777 0.8762531163194445 0.4850841970486111 0.8773017170138888 0.5183393342013889 0.8739565842013889 0.5218146111111112 0.868859993923611 0.5180098576388888 0.8552509244791666 0.5090003220486111 0.8468897569444445 0.49918542274305555 0.8442629644097221 0.48354422395833335 0.8447600199652778 0.4780205503472222 0.8513428784722222 0.4683569618055556 0.8504455902777778
1 0.4074134817708333 0.8610056822916667 0.4322480642361111 0.8610113663194444 0.43611788975694443 0.855444572048611 0.4352856727430556 0.845932296875 0.4193906545138889 0.8285884453125001 0.3929184921875 0.8248048602430555 0.3823738845486111 0.8287771935763888 0.3872703585069444 0.8449048637152778 0.4001928394097222 0.8581519210069444 0.4074134817708333 0.8610056822916667
1 0.4364538342013889 0.7796058706597222 0.4449931649305555 0.7875724895833334 0.44255022048611115 0.7895289618055555 0.4440202204861111 0.7963713246527777 0.4484952942708333 0.7977225494791667 0.4481332821180556 0.7886048220486112 0.4890036102430556 0.7876432456597222 0.49341929600694445 0.7833357517361111 0.4917979835069445 0.7747638845486111 0.46777445052083333 0.7441892447916667 0.4302118194444444 0.7431186918402778 0.4242935972222222 0.7501717543402777 0.4364538342013889 0.7796058706597222
1 0.5169197057291667 0.7133127647569445 0.5250156848958334 0.7361314852430555 0.53836525 0.7393204071180555 0.5654158090277778 0.7347753611111112 0.5706962473958334 0.7303922109375001 0.5701235347222222 0.7138862604166667 0.5643623090277778 0.6978342465277777 0.560206126736111 0.6951480651041666 0.5288480746527777 0.6952774253472223 0.5168765859375 0.7028600798611111 0.5169197057291667 0.7133127647569445
1 0.47766010677083337 0.7028055920138888 0.4771630503472222 0.6871643940972222 0.4641811814236111 0.6682586180555555 0.46099794357638885 0.6567736015625001 0.42768341927083336 0.6544600164930556 0.4163497144097222 0.6593727586805556 0.4235484053819445 0.6918550677083333 0.4290232751736111 0.6996541067708333 0.47766010677083337 0.7028055920138888
1 0.33279331336805557 0.6405418550347223 0.3399057638888889 0.6521187951388889 0.3494774279513889 0.6569452977430555 0.3778466753472222 0.657513109375 0.3825812526041667 0.6518706597222222 0.38027903645833333 0.6355160208333334 0.3684645434027778 0.6199935989583333 0.3668432309027778 0.6114217317708334 0.35200739670138886 0.6061844131944444 0.3288860520833333 0.6108213828125 0.32698896701388885 0.61403715625 0.33279331336805557 0.6405418550347223
1 0.2569440277777778 0.6201652942708333 0.26926126041666665 0.6264943333333333 0.28702651128472223 0.6253757604166666 0.29255018576388886 0.6187929019097222 0.2911883767361111 0.6032273602430556 0.28242207725694446 0.5926664835069445 0.2776769157986111 0.5782683177083334 0.26889434809027773 0.572501407986111 0.2541935581597222 0.5737875598958334 0.24715107986111112 0.5879099539930556 0.2569440277777778 0.6201652942708333
1 0.25874507291666665 0.5062937578125 0.2772994201388889 0.5042347769097222 0.28582816753472223 0.4921607803819444 0.27641350000000003 0.4642292013888889 0.27086297395833336 0.45556540972222226 0.25789168836805554 0.45670025000000003 0.25347600260416664 0.4610077439236111 0.24908716927083333 0.4805618871527778 0.25161635416666667 0.4995107829861111 0.25874507291666665 0.5062937578125
1 0.3741524661458333 0.42605152256944445 0.38357281857638886 0.4291485199652778 0.40645092708333336 0.42671125868055554 0.4105477213541667 0.4237387213541666 0.41009378472222224 0.4185502074652778 0.398387484375 0.39430460590277777 0.38975622916666663 0.3902672005208333 0.3727638064236111 0.3952393298611111 0.36928852864583334 0.4003359201388889 0.3686182083333333 0.4125937647569444 0.3741524661458333 0.42605152256944445
1 0.3349783229166667 0.5061594973958333 0.3464308029513889 0.5125641927083333 0.3658499027777778 0.5104295555555556 0.3697953845486111 0.5057275138888889 0.37102783333333333 0.48993500347222224 0.3647695503472222 0.4582417907986111 0.3570787039930556 0.4549934817708334 0.3458369236111111 0.4559770104166667 0.3364003038194444 0.45767397829861106 0.32568811545138887 0.4647107734375 0.3349783229166667 0.5061594973958333
1 0.5153317135416667 0.6254431857638889 0.5246601414930556 0.6324693967013889 0.5565965902777777 0.6240114053819444 0.5698761831597222 0.6015009921875 0.5686656866319445 0.5876649548611111 0.5458201137152777 0.5805142838541667 0.5328488289930555 0.5816491241319445 0.521985328125 0.5869564140625001 0.5129538411458333 0.6082237951388889 0.5153317135416667 0.6254431857638889
1 0.5814954592013889 0.6745510052083333 0.5820250520833333 0.6806042717013888 0.5930179123263889 0.7066550338541666 0.6191117942708333 0.7061148576388888 0.6322506597222222 0.7019155564236111 0.6380175694444444 0.6931329887152777 0.6369583854166667 0.6810264557291666 0.6283002777777777 0.6617424001736111 0.6241440963541667 0.6590562196180555 0.6085028984374999 0.6595532751736112 0.5873380260416667 0.6666331901041667 0.5814954592013889 0.6745510052083333
3 0.7865809244791666 0.7777289748263888 0.7800574539930555 0.7778640190972221 0.7754741875 0.7852359739583333 0.7711504262152777 0.7856142534722221 0.7690426414930556 0.7814418038194444 0.7649458480902778 0.7844143411458333 0.7629299869791667 0.7763126779513888 0.7783010972222222 0.7627686805555556 0.7796685894097223 0.7534996414930555 0.8087244253472222 0.7370156432291667 0.8237009869791667 0.7239418498263889 0.8181341927083333 0.7200720243055555 0.8165885364583334 0.7123649088541666 0.8263171961805555 0.6940863342013889 0.8203290017361111 0.6754400625 0.8220910425347223 0.6657008185763889 0.8088716215277778 0.6241601701388889 0.7817405069444444 0.582965265625 0.7750714088541666 0.5565362230902777 0.7681102699652778 0.5466887873263889 0.7605764192708333 0.5203354010416666 0.7587606744791667 0.49958134461805553 0.7523616640625 0.48619924305555556 0.7402713993055555 0.4824644618055556 0.7362339930555556 0.4910957170138889 0.7355954244791667 0.5634754097222223 0.7308063585069444 0.6083343394097223 0.7321681675347222 0.6238998819444445 0.7402535625 0.6266779869791667 0.7299359227430555 0.6332445772569444 0.7274010529513889 0.6391302638888888 0.717380353298611 0.6739904453125001 0.7160397126736111 0.6985061354166667 0.7037599157986111 0.7274643628472223 0.7072783133680556 0.7328204565972222 0.7124668272569444 0.7323665208333333 0.7186551371527777 0.7383603993055555 0.7209573541666666 0.7547150373263889 0.7330313515625 0.7632437847222222 0.7258212925347222 0.7804306397569445 0.7099637100694445 0.7983740546875 0.709066421875 0.8080376423611111 0.7219889027777778 0.8212846996527777 0.7447588194444444 0.8275706180555555 0.7812785338541667 0.811740671875 0.7973036961805556 0.7907327960069445 0.8159719201388889 0.7551160538194445 0.8181285086805556 0.7449066059027778 0.804519439236111 0.748711359375 0.8028924427083334 0.7649740737847223 0.7880997291666667 0.7701894401041667 0.7865809244791666 0.7777289748263888
3 0.6606816475694445 0.4990127482638889 0.6528394887152777 0.49403493402777776 0.6523098958333333 0.4879816675347223 0.6599738914930556 0.4759833272569445 0.657412170138889 0.46662236371527777 0.6633303923611111 0.45956930034722226 0.6814145355902778 0.45711577170138884 0.7008930234375 0.4606398532986111 0.7266842821180556 0.45664066753472216 0.7240631727430555 0.4416209861111111 0.7029959088541666 0.4199371050347222 0.6702329279513889 0.3940482387152778 0.6672929262152778 0.3803635130208333 0.6572673263888889 0.3703484973958333 0.6227097690972223 0.3637868064236111 0.592292125 0.36470526302083334 0.5839472256944445 0.3689208324652778 0.5721701692708333 0.3886856762152778 0.5672192065972221 0.4117744852430556 0.5665594704861111 0.44407294618055554 0.5714234079861111 0.46978854861111113 0.5765037300347222 0.4780577916666667 0.5885020711805555 0.48572178645833336 0.5930959210069444 0.4983904479166667 0.6017109079861112 0.5072218194444444 0.5922092161458333 0.5280946510416666 0.6050178211805556 0.5748994696180555 0.6159838298611111 0.5857035824652779 0.6291820824652778 0.5871629991319445 0.6567890859375001 0.6039178697916667 0.6679820616319445 0.6173162387152779 0.6771591779513888 0.6226129453125 0.6791587699652778 0.6355085746527778 0.6922919513888889 0.6561438541666667 0.6960210486111111 0.6688881718749999 0.7040901762152778 0.6764602421875 0.7124188072916666 0.6770386388888889 0.7211208185763889 0.6370655989583334 0.7293151901041667 0.5614107447916666 0.7280729418402778 0.48745286024305556 0.7143288289930555 0.4847341423611111 0.7079404019097222 0.4913926571180556 0.686926842013889 0.5002020763888889 0.6787657907986111 0.4965592196180555 0.6606816475694445 0.4990127482638889
3 0.5399326649305556 0.2542650989583333 0.5048560989583334 0.2616907578125 0.4934630060763889 0.26094478125 0.48652871961805555 0.2663439956597222 0.47770793229166664 0.29499959895833333 0.47703761197916666 0.3072574435763889 0.48193408593750003 0.3233851137152778 0.5085412916666666 0.3336921701388889 0.5242581458333333 0.33405986631944445 0.5434502777777778 0.32933097309027776 0.5572529947916667 0.40741818750000003 0.5590369878472222 0.3680503958333333 0.5527355850694444 0.3259044991319444 0.5546814739583333 0.308306828125 0.5507254088541667 0.2929682543402778 0.5558976545138888 0.2973082838541667 0.564183165798611 0.2874339965277778 0.5570275954861111 0.2654043715277778 0.5399326649305556 0.2542650989583333
3 0.4618844539930556 0.1639355234375 0.46779699218750004 0.18171704166666666 0.47656329166666667 0.19227791840277778 0.48003288541666667 0.2120159097222222 0.4843403784722222 0.2164315954861111 0.49847904079861105 0.21868010850694444 0.5124989262152778 0.20961118489583333 0.5265619314236111 0.21099494618055556 0.5335881423611111 0.20166651822916667 0.5379119045138889 0.20128823784722222 0.539549484375 0.20506613975694443 0.5370308836805555 0.20615786024305555 0.5426139461805556 0.20523371961805556 0.5486346762152778 0.2142920590277778 0.5564499835069445 0.20402322309027776 0.5692699565972222 0.20115887847222222 0.5958177751736111 0.20580721614583333 0.6119722977430555 0.21615739236111112 0.6171770789930555 0.2109094904513889 0.631953525173611 0.2104880902777778 0.6380230598958333 0.20516453211805555 0.622922822048611 0.1620456909722222 0.6149293506944444 0.15533837239583334 0.5292757491319445 0.1523756345486111 0.4645706354166667 0.15977934114583334 0.4618844539930556 0.1639355234375
3 0.46060888541666667 0.16927534895833332 0.42974298958333335 0.14017070920138888 0.38958610156249995 0.139327125 0.37383671180555555 0.14854736024305554 0.36765898524305557 0.16259409809027778 0.3705233298611111 0.17541407118055555 0.38335388715277774 0.1925903420138889 0.3771924288194445 0.20184311371527777 0.37772202083333334 0.20789638020833334 0.3821808263888889 0.21404157031249998 0.39951899305555555 0.2229811345486111 0.4247481232638889 0.22251661371527776 0.4325577465277778 0.23708236024305554 0.43710847569444444 0.23929833680555557 0.4396596128472222 0.2286186848958333 0.4345906597222222 0.17068027777777778 0.43993048524305556 0.17195584635416666 0.44223270225694444 0.18831048437499998 0.4501505173611111 0.19415305121527776 0.45800894444444445 0.19433689930555553 0.46486757552083335 0.18807293229166666 0.46060888541666667 0.16927534895833332
0 0.8656847934027777 0.23273645138888888 0.8586317309027778 0.22681822916666666 0.8560700095486111 0.217457265625 0.8483954305555556 0.2094149904513889 0.8451796571180555 0.20751790538194445 0.8429636805555556 0.21206863541666665 0.8368347578124999 0.21173347569444445 0.8235933854166667 0.19982137413194445 0.8046013697916666 0.191897875 0.7945001137152778 0.18101810677083333 0.7895117152777779 0.1688196501736111 0.7832152135416667 0.1715489513888889 0.7878415989583334 0.17462968055555556 0.7863227942708333 0.18216921527777777 0.7416045928819445 0.15906903819444446 0.6805317526041667 0.13827107725694446 0.6315329097222222 0.12600186458333332 0.6025421458333333 0.12330999913194446 0.5793020251736112 0.11662953298611112 0.5653903315972222 0.11697527690972222 0.5614773854166667 0.11208938715277778 0.5531487543402778 0.11151099045138887 0.5472956041666667 0.09938819010416666 0.5478089279513889 0.110235421875 0.5449714348958333 0.11266209895833335 0.5095165894097222 0.11576399652777779 0.5036902907986112 0.11888784548611112 0.5000474331597222 0.12704889670138889 0.4920970824652778 0.13079426215277778 0.4908971701388889 0.13699884027777778 0.4989337612847222 0.15415884288194445 0.5831930182291667 0.1511439704861111 0.6201178645833333 0.15488443576388888 0.6428764131944444 0.21083951822916666 0.6637004418402778 0.2347231076388889 0.7287944192708333 0.2516837786458333 0.7403713602430556 0.24457132812500001 0.7613198480902779 0.25493777170138887 0.7753071979166667 0.2554567803819444 0.7942235572916667 0.26251552690972224 0.7982878151041667 0.269130921875 0.8303267717013889 0.2767843333333333 0.831175256076389 0.2815026432291667 0.8436438003472222 0.2895611857638889 0.8580256979166667 0.2896099904513889 0.862987243923611 0.286561796875 0.8643547369791666 0.27729275694444444 0.8829090842013889 0.2752337769097222 0.8795151467013889 0.25636053732638886 0.8814285 0.24835079774305557 0.8709326953125001 0.23794123350694443 0.8722839201388889 0.2334661597222222 0.8656847934027777 0.23273645138888888
0 0.9628096909722222 0.4913144539930555 0.9591676180555555 0.4297657256944445 0.955649220486111 0.4244096319444444 0.94905009375 0.4236799236111111 0.9548007361111112 0.4196913220486111 0.9558493368055555 0.41175723871527775 0.9481535894097222 0.36363373177083336 0.9396467942708333 0.3460791805555556 0.9391497378472222 0.3304379826388889 0.9344045763888889 0.3160398168402778 0.9120023559027778 0.2940370442708333 0.9040682725694444 0.2929884435763889 0.8899621467013888 0.28115199913194444 0.8705593151041666 0.2784926701388889 0.8633224045138889 0.28043287413194445 0.8627440078124999 0.2887615060763889 0.8531560763888888 0.28872896961805555 0.8202849036458333 0.27156328298611115 0.8025359201388889 0.26788788975694444 0.7932831484374999 0.26172643055555556 0.7548883020833332 0.25114360243055556 0.7483810989583334 0.24648468055555556 0.740522671875 0.24630083246527779 0.7381122630208333 0.23866937326388887 0.7363770746527778 0.2636552673611111 0.7551307534722222 0.3186536736111111 0.7693442864583333 0.39147671788194444 0.7664035017361112 0.4475017725694445 0.7707158949652778 0.4967926553819445 0.7754179366319445 0.5007381371527777 0.76579746875 0.5102935329861111 0.7674619019097223 0.5293180842013889 0.7766064809027777 0.5442027222222222 0.7830486119791666 0.5680375078125 0.7993056423611111 0.5944990868055555 0.7999108897569445 0.6014171050347222 0.8071315329861111 0.6042708663194445 0.808904157986111 0.6145722387152778 0.8169570164930556 0.6269382751736111 0.8261121805555556 0.6618635295138888 0.824652763888889 0.6750617821180556 0.8300519774305556 0.6819960694444445 0.8357863524305555 0.6828014331597223 0.8330082465277777 0.6908868289930555 0.8347052152777779 0.7003234487847222 0.8404395894097223 0.7011288124999999 0.8395154496527778 0.6955457508680555 0.8439311354166666 0.6912382569444444 0.8513624782986111 0.7014802413194444 0.8520433819444445 0.7092630121527779 0.8455036440972222 0.7141920217013888 0.8431038185763888 0.7266011788194445 0.8369423602430556 0.7358539505208334 0.8367259765625 0.7533003090277778 0.8318563541666667 0.7524192890625 0.8293214852430555 0.7583049756944444 0.8344937309027778 0.7626450052083333 0.8436114592013889 0.7622829930555555 0.8540804105902777 0.7574459071180555 0.8566315477430556 0.7467662552083333 0.8628361267361111 0.7479661675347222 0.8945187552083333 0.7216672690972222 0.9271149401041667 0.6809108168402778 0.9470481484375001 0.6199136328125 0.9593824331597222 0.5517389262152778 0.9628096909722222 0.4913144539930555
1 0.23138875260416666 0.786218912326389 0.23401554600694446 0.7764040121527778 0.21956367621527778 0.7506558741319445 0.21141889322916665 0.7422190503472222 0.19626416666666666 0.7383166892361112 0.19550192274305556 0.7545037473958334 0.20502478211805555 0.7737121467013889 0.2158394782986111 0.7827867543402778 0.23138875260416666 0.786218912326389
0 0.07269885937500001 0.5360769487847222 0.08254629513888889 0.5291158098958334 0.08148711024305555 0.5170092769097222 0.09291273871527778 0.5081673220486111 0.11318110763888889 0.4410412152777778 0.1211477265625 0.43250188368055553 0.12456361631944445 0.42174657552083333 0.12952516145833334 0.4186983828125 0.13871364583333334 0.3743259253472222 0.1395678142361111 0.3542096527777778 0.14843172135416668 0.33600673350694443 0.15066965104166666 0.3018274565972222 0.16545746440972223 0.25173689236111113 0.16597647309027777 0.23774954340277776 0.16166897916666667 0.23333385763888892 0.15734521788194444 0.23371213715277778 0.12013891493055555 0.26659389409722223 0.09935232204861111 0.27799757118055557 0.09790917361111112 0.28640185850694444 0.0844351484375 0.29673008246527777 0.06619400954861111 0.3222886883680556 0.05878951822916667 0.32729335416666666 0.038559369791666666 0.35999694704861107 0.02589070920138889 0.364590796875 0.02074531510416667 0.37549741666666664 0.015497413194444445 0.3702926345486111 0.009119570312499999 0.396991765625 0.004027880208333333 0.43839168576388887 0.003562575520833333 0.4828723350694444 0.007388497395833334 0.5365626362847222 0.014705963541666665 0.5803623819444444 0.025817599826388888 0.6177305807291666 0.02864940885416667 0.6401384852430555 0.041263581597222224 0.6747611154513888 0.05688282812499999 0.7038926067708333 0.07719353211805555 0.7169289644097222 0.07940950868055556 0.712378234375 0.07732367621527778 0.6785772369791666 0.08280423090277778 0.6615416944444444 0.08297749479166666 0.6336426510416666 0.07849183680555555 0.6122508107638889 0.08323778298611112 0.5569391970486112 0.07345541927083334 0.5447244722222222 0.07269885937500001 0.5360769487847222