1 0.7259016101398601 0.9145895620629371 0.745951312937063 0.903518819055944 0.7627913103146853 0.8849786643356643 0.7797638592657342 0.8503209694055944 0.7797644073426573 0.8444898225524475 0.7517873907342657 0.8510390445804196 0.7195490236013986 0.8857608234265735 0.7015943933566433 0.913014833916084 0.7025112954545454 0.9168149938811188 0.7259016101398601 0.9145895620629371
1 0.1735940716783217 0.7713797377622378 0.17923022727272728 0.7547385673076923 0.1747771722027972 0.7312825244755246 0.16704704195804196 0.7200781337412588 0.1374345 0.7006818741258741 0.1327146993006993 0.7269543505244755 0.1363823076923077 0.7421549886363636 0.14692941958041958 0.7567010874125875 0.16894219055944057 0.7721000043706294 0.1735940716783217 0.7713797377622378
1 0.2720202858391609 0.5859716171328672 0.2758215410839161 0.5733924213286713 0.28637139335664336 0.5587827867132867 0.2915501923076923 0.5285792421328671 0.279496270979021 0.5127881503496503 0.24968599825174825 0.5059059064685314 0.23717143444055944 0.5115393216783216 0.23612198164335663 0.5238567019230769 0.22478449125874125 0.5535355201048952 0.22537330244755246 0.5626426468531468 0.22897627884615387 0.5684086136363636 0.25839328059440564 0.5769943024475525 0.2654683243006993 0.5871503347902097 0.2720202858391609 0.5859716171328672
1 0.4852361809440559 0.3871429886363636 0.5169465332167832 0.39356678146853147 0.5265772919580419 0.39848157430069925 0.5335230716783217 0.38976826573426576 0.5469550856643357 0.3821038627622378 0.5532474222027972 0.3548487561188811 0.5412586809440559 0.3426611879370629 0.49637922639860144 0.33499130594405596 0.48432311363636366 0.3425248015734266 0.47233163286713287 0.3594929676573427 0.4659089361888112 0.3795410262237762 0.4694461844405594 0.38753461625874125 0.4852361809440559 0.3871429886363636
1 0.3688109746503497 0.37461801573426573 0.3830936145104895 0.378812541958042 0.39947461363636366 0.36420345454545455 0.40779738986013986 0.34369694405594403 0.39430184003496505 0.3302643828671329 0.3625252124125874 0.3318993601398601 0.34371940646853144 0.35312558828671325 0.33677307867132866 0.3676700437062937 0.3369034388111888 0.3748770917832168 0.3688109746503497 0.37461801573426573
1 0.5155810419580419 0.2829058986013986 0.5221335506993007 0.27589603496503495 0.5254763548951049 0.2614167596153846 0.5186631258741258 0.25401252797202795 0.49212828583916085 0.2523720725524476 0.483413881993007 0.2570885856643357 0.4762057386363636 0.26888123951048953 0.4765979134615385 0.2788400891608392 0.5155810419580419 0.2829058986013986
1 0.9264128802447552 0.6522723085664336 0.9327687534965035 0.646114166958042 0.9350632001748252 0.6322899781468532 0.9242553680069929 0.6033297832167832 0.9120694431818183 0.5978250839160839 0.9065001118881119 0.6005763382867133 0.8968008863636363 0.6270449020979021 0.9090525393356643 0.630321979020979 0.9127858750000001 0.643294993006993 0.9216300909090909 0.6516166748251748 0.9264128802447552 0.6522723085664336
1 0.8555698645104896 0.8386657980769231 0.8717542272727272 0.8249084326923077 0.8818456284965035 0.8083987176573426 0.8878766975524476 0.7725606625874126 0.8757554055944056 0.7764906337412588 0.8645504667832168 0.7900519117132867 0.8427294012237763 0.8262815944055945 0.8404349545454546 0.8401057832167832 0.8555698645104896 0.8386657980769231
2 0.8612114982517483 0.7637131590909091 0.8665190139860139 0.7582101031468531 0.8822465699300699 0.7250592176573427 0.8832302954545455 0.7149694606643356 0.8801509501748251 0.714707097027972 0.8720910847902098 0.7263031153846153 0.8564287089160839 0.7630575244755244 0.8612114982517483 0.7637131590909091
1 0.5830029248251748 0.2473356853146853 0.5864755410839161 0.2458946048951049 0.5886385323426573 0.2365256617132867 0.5754047980769231 0.22584490209790206 0.5630874178321679 0.2247954493006993 0.5495896756993007 0.23468747465034964 0.5522752019230769 0.2424844291958042 0.5830029248251748 0.2473356853146853
1 0.5174855043706293 0.23579827272727272 0.5255448225524476 0.2300334020979021 0.5275111774475525 0.22151618094405595 0.523908201923077 0.21575021416083914 0.5001251634615385 0.21384794318181818 0.4916725743006993 0.22131625874125874 0.4897713986013986 0.2334370034965035 0.5174855043706293 0.23579827272727272
1 0.8924935323426574 0.44752379545454546 0.8930182587412587 0.4413651048951049 0.8869280358391608 0.409457020979021 0.87507075 0.39281420716783216 0.861116201048951 0.3833127124125874 0.8591492980769231 0.3976610804195804 0.8626854501748251 0.4173169641608392 0.8789317062937063 0.4421500034965035 0.8869899283216783 0.44804742657342655 0.8924935323426574 0.44752379545454546
1 0.9253694536713286 0.6004470734265734 0.9302842465034964 0.5908163155594406 0.9291718041958041 0.5762055839160839 0.9152188994755245 0.5492106494755244 0.8995609064685315 0.5393158837412587 0.8956950192307692 0.5424604090909091 0.8888790506993006 0.5642119125874127 0.8920219326923077 0.5855712403846154 0.8972631722027972 0.5881269545454545 0.9057152132867133 0.5864897858391608 0.9192107631118882 0.599922347027972 0.9253694536713286 0.6004470734265734
1 0.18063790384615386 0.4164011416083916 0.19426710052447554 0.40205386975524476 0.2029831486013986 0.3798439160839161 0.1983318146853147 0.37473303496503496 0.1841143548951049 0.3741420332167832 0.1694368006993007 0.3891443916083916 0.1625556520979021 0.4072923706293706 0.17094141783216785 0.41371397202797205 0.18063790384615386 0.4164011416083916
1 0.15147778671328674 0.46304757779720285 0.1637973583916084 0.4407724431818182 0.1697616048951049 0.41882430506993007 0.16353828234265735 0.40886490734265735 0.1480101013986014 0.41200833653846153 0.13221736538461537 0.44155569842657344 0.12992291958041957 0.4553798872377623 0.14492582517482516 0.4642262945804196 0.15147778671328674 0.46304757779720285
2 0.1687740437062937 0.469732090034965 0.17873618094405594 0.43435303321678326 0.17781982692307693 0.4247217272727273 0.1702189597902098 0.4323866783216783 0.16222208304195804 0.47091080769230764 0.1687740437062937 0.469732090034965
1 0.6424323138111888 0.20364042657342657 0.6456431145104895 0.19944754370629372 0.6381747989510489 0.19099495541958042 0.6271024125874126 0.1884386931818182 0.6194363653846154 0.19250012062937064 0.6211392622377622 0.19872453846153845 0.6333909143356643 0.2020016145104895 0.6424323138111888 0.20364042657342657
1 0.557584909965035 0.21365678583916084 0.5624339746503497 0.20625365034965035 0.5543757526223776 0.20035622814685314 0.5341962377622378 0.1983887770979021 0.526333555944056 0.20330192657342658 0.5283639956293706 0.21005052272727273 0.557584909965035 0.21365678583916084
1 0.3167315944055944 0.29127358479020976 0.3245948243006993 0.28052928846153846 0.3275449055944056 0.2619223103146853 0.3181759624125874 0.25975931993006995 0.3088064711538462 0.26342747552447554 0.2968149912587413 0.2803956416083916 0.29766561713286716 0.2922545708041958 0.3167315944055944 0.29127358479020976
1 0.2790558994755245 0.3184602246503496 0.2956340821678322 0.2971682683566434 0.29655262762237766 0.2834749868881119 0.27571747902097904 0.2862903251748252 0.2624158251748252 0.30116177534965033 0.25553467657342654 0.31930975524475524 0.2790558994755245 0.3184602246503496
1 0.21687361363636362 0.37407959265734264 0.23699123513986015 0.3374566381118881 0.23692660314685315 0.32802196765734265 0.22546094493006993 0.32716915034965033 0.21143847727272727 0.3432198662587413 0.20848894405594404 0.35599569755244753 0.19558056118881118 0.36916370367132867 0.20147634003496503 0.3785989222027972 0.21687361363636362 0.37407959265734264