1 0.5484375 0.631640625 0.546875 0.593359375 0.5359375 0.560546875 0.5359375 0.555078125 0.54140625 0.549609375 0.53359375 0.544140625 0.523046875 0.52421875 0.498046875 0.52109375 0.469921875 0.5234375 0.45703125 0.532421875 0.45390625 0.553515625 0.45859375 0.579296875 0.4703125 0.615234375 0.47265625 0.636328125 0.476953125 0.6421875 0.485546875 0.64609375 0.5109375 0.646484375 0.541796875 0.640625 0.5484375 0.631640625
1 0.48046875 0.357421875 0.4796875 0.333203125 0.475 0.314453125 0.46796875 0.298828125 0.460546875 0.29375 0.443359375 0.29296875 0.427734375 0.29609375 0.416796875 0.3015625 0.4140625 0.307421875 0.41484375 0.335546875 0.41953125 0.361328125 0.427734375 0.36640625 0.4421875 0.366015625 0.473828125 0.3625 0.48046875 0.357421875
1 0.540625 0.258203125 0.527734375 0.2328125 0.501171875 0.23046875 0.49375 0.235546875 0.49609375 0.241796875 0.49296875 0.251953125 0.501953125 0.2703125 0.5375 0.269921875 0.540625 0.267578125 0.540625 0.258203125
1 0.746875 0.503515625 0.7421875 0.470703125 0.73203125 0.439453125 0.719140625 0.41875 0.698828125 0.4125 0.686328125 0.4140625 0.68125 0.421484375 0.68046875 0.439453125 0.68984375 0.455859375 0.69921875 0.483203125 0.7015625 0.501171875 0.710546875 0.51171875 0.7265625 0.511328125 0.742578125 0.509375 0.746875 0.503515625
1 0.45625 0.236328125 0.4578125 0.223046875 0.454296875 0.21484375 0.442578125 0.2125 0.41953125 0.219140625 0.41875 0.239453125 0.4296875 0.241796875 0.447265625 0.240625 0.45625 0.236328125
1 0.22265625 0.404296875 0.23203125 0.365234375 0.231640625 0.3421875 0.216796875 0.346875 0.21015625 0.356640625 0.19609375 0.401171875 0.1953125 0.412109375 0.2015625 0.419140625 0.214453125 0.41328125 0.22265625 0.404296875
1 0.5875 0.870703125 0.5796875 0.851171875 0.575390625 0.84765625 0.564453125 0.84609375 0.523046875 0.853125 0.51953125 0.856640625 0.51953125 0.863671875 0.52734375 0.878515625 0.5359375 0.880859375 0.583984375 0.875 0.5875 0.870703125
1 0.68125 0.337890625 0.67421875 0.294140625 0.665625 0.276171875 0.616015625 0.21953125 0.596484375 0.2125 0.580859375 0.20078125 0.562109375 0.19921875 0.557421875 0.2015625 0.55546875 0.215234375 0.5515625 0.220703125 0.55625 0.223828125 0.55703125 0.232421875 0.56640625 0.251171875 0.584375 0.278515625 0.584375 0.284765625 0.5921875 0.290234375 0.5984375 0.309765625 0.61953125 0.341796875 0.635546875 0.3484375 0.67265625 0.350390625 0.6796875 0.346484375 0.68125 0.337890625
1 0.1578125 0.698046875 0.1421875 0.671484375 0.134765625 0.66875 0.13359375 0.675390625 0.13828125 0.698046875 0.1453125 0.718359375 0.160546875 0.7375 0.1671875 0.739453125 0.16953125 0.733203125 0.1578125 0.698046875
1 0.13359375 0.582421875 0.1296875 0.570703125 0.125390625 0.56796875 0.1203125 0.575390625 0.125 0.630078125 0.133203125 0.6421875 0.1390625 0.641796875 0.140625 0.631640625 0.13359375 0.582421875
1 0.415625 0.203515625 0.395703125 0.196875 0.372265625 0.203125 0.36484375 0.208203125 0.367578125 0.21328125 0.383203125 0.21875 0.390625 0.218359375 0.414453125 0.21171875 0.415625 0.203515625
1 0.36484375 0.196484375 0.351953125 0.1921875 0.328515625 0.19921875 0.31953125 0.205859375 0.320703125 0.21015625 0.34140625 0.210546875 0.358984375 0.2046875 0.36484375 0.196484375
1 0.28203125 0.256640625 0.283203125 0.23828125 0.268359375 0.24375 0.26171875 0.251171875 0.25234375 0.270703125 0.254296875 0.27421875 0.259375 0.273828125 0.273828125 0.26640625 0.28203125 0.256640625
1 0.30390625 0.204296875 0.301953125 0.19921875 0.291796875 0.20234375 0.28203125 0.212109375 0.2765625 0.223828125 0.2828125 0.223828125 0.2984375 0.215234375 0.30390625 0.204296875
3 0.73359375 0.354296875 0.728125 0.349609375 0.73125 0.344921875 0.733203125 0.325 0.737109375 0.3265625 0.742578125 0.32265625 0.762109375 0.32890625 0.777734375 0.32890625 0.78515625 0.326171875 0.7875 0.318359375 0.76953125 0.274609375 0.761328125 0.26640625 0.75234375 0.262890625 0.74921875 0.253515625 0.7421875 0.245703125 0.7390625 0.228515625 0.705859375 0.20859375 0.685546875 0.1859375 0.657421875 0.175 0.643359375 0.1640625 0.598828125 0.15390625 0.576953125 0.15625 0.57421875 0.168359375 0.56796875 0.176953125 0.58046875 0.197265625 0.596484375 0.2109375 0.635546875 0.221875 0.646875 0.230078125 0.65 0.241015625 0.64453125 0.247265625 0.6453125 0.252734375 0.679296875 0.2890625 0.71171875 0.310546875 0.7234375 0.339453125 0.73046875 0.372265625 0.73515625 0.369921875 0.73359375 0.354296875
3 0.48984375 0.870703125 0.46953125 0.827734375 0.44609375 0.760546875 0.41953125 0.662890625 0.40625 0.595703125 0.38828125 0.465234375 0.384375 0.401953125 0.38359375 0.269140625 0.374609375 0.2578125 0.336328125 0.2609375 0.298046875 0.278125 0.27578125 0.299609375 0.25859375 0.353515625 0.25 0.394921875 0.2421875 0.448046875 0.2390625 0.530078125 0.2453125 0.615234375 0.2578125 0.677734375 0.26640625 0.710546875 0.2890625 0.773046875 0.331640625 0.8515625 0.367578125 0.8640625 0.373828125 0.86328125 0.384765625 0.86796875 0.423046875 0.875 0.48828125 0.879296875 0.490625 0.878515625 0.48984375 0.870703125