1 0.6704651619273302 0.5780264052132701 0.6765331777251185 0.5698372211690363 0.6807143775671406 0.5339647606635071 0.6752824921011059 0.5283398791469194 0.6650430647709321 0.5265811295418641 0.6397015260663507 0.5300888396524487 0.6327472424960505 0.5437926232227488 0.630754140600316 0.567458125592417 0.634565131121643 0.5754247440758293 0.6459409628751974 0.5799683633491312 0.6704651619273302 0.5780264052132701
1 0.6535689407582939 0.6634475371248025 0.657584714849921 0.6370523064770932 0.6537323680884676 0.6314549960505529 0.6435480821484991 0.6265371698262243 0.6142025560821485 0.6331350292259084 0.6089243088467615 0.641338 0.6084969597156399 0.6658208420221169 0.6293224502369669 0.6721094257503949 0.647528496050553 0.6700571840442339 0.6535689407582939 0.6634475371248025
1 0.5401670442338073 0.5749620339652448 0.5453625781990522 0.5714976785150079 0.5479918104265402 0.5340181090047393 0.5369901848341232 0.5306660363349132 0.5211120900473933 0.5351289415481832 0.5132557551342812 0.5326217796208531 0.5104433143759873 0.5353377219589258 0.5071739541864139 0.5416007330173775 0.5067328191153239 0.5668733443917852 0.5117491413902053 0.5736759873617694 0.5401670442338073 0.5749620339652448
1 0.4510038483412322 0.5461503483412322 0.45186054660347547 0.5196999755134281 0.44325579936808845 0.5148097211690363 0.42187689099526066 0.5175965900473933 0.4141741951026856 0.5289172796208531 0.41400876935229064 0.538394509478673 0.4185957440758294 0.547164682464455 0.4213116872037914 0.5499771232227488 0.448163836492891 0.5504458293838862 0.4510038483412322 0.5461503483412322
1 0.4157930916271722 0.5040602314375987 0.4339991374407583 0.5020079897314376 0.4758293293838863 0.504318157977883 0.48455814612954184 0.502100490521327 0.4870515221169036 0.4950339249605055 0.48711845102685625 0.4685697669826225 0.4836816666666667 0.4617946951026856 0.47582533175355446 0.4592875331753555 0.42133126303317536 0.45833633570300153 0.41577530884676145 0.4598193751974724 0.4113281872037915 0.4656668238546603 0.41004214139020534 0.4940847259083728 0.4157930916271722 0.5040602314375987
1 0.8103014423380726 0.4872461082148499 0.8147623483412323 0.4806088902053713 0.8146638515007899 0.4636219620853081 0.8125978246445498 0.4462056848341232 0.8055588301737757 0.4421327701421801 0.7873527843601896 0.4441850118483412 0.7829056627172196 0.45003245971563977 0.7818126137440758 0.4673935947867298 0.7869963601895735 0.4872343206951027 0.7992033183254345 0.48942241864139024 0.8103014423380726 0.4872461082148499
1 0.7752347401263823 0.6632011927330174 0.7758984415481832 0.6478075876777252 0.7641621887835703 0.6412826524486572 0.7450698751974724 0.6488494928909952 0.7349978720379147 0.6601288262243286 0.7307733167456556 0.6758552812006319 0.7322563570300158 0.6814112361769352 0.7443668159557661 0.6891277172195893 0.7674217606635072 0.6808400355450237 0.7752347401263823 0.6632011927330174
1 0.7186822290679306 0.4181010560821485 0.7184320924170616 0.4098015876777251 0.7168229842022117 0.38883824249605053 0.7118066619273302 0.38203559952606636 0.6817678641390206 0.3830912898894155 0.6789554233807267 0.38580723222748814 0.6784867172195893 0.4126593823064771 0.684958509478673 0.42659751816745656 0.7142213222748816 0.42473827330173775 0.7186822290679306 0.4181010560821485
3 0.4609277993680884 0.2717951879936809 0.42601253238546605 0.28066585624012635 0.4207756421800948 0.286499518957346 0.41987558925750396 0.2928038862559242 0.39186146287519746 0.31364516113744073 0.3868747093206951 0.3277782922590837 0.37763383175355447 0.3367021042654028 0.35985713428120064 0.3367868151658768 0.35883301184834127 0.3501991050552922 0.3658995774091627 0.3526924818325435 0.3647651714060032 0.3724229241706161 0.37600314928909956 0.3848642345971564 0.3893878672985782 0.38746789494470774 0.4112808349131122 0.40049019352290677 0.42397228278041077 0.39755168483412323 0.43652587598736176 0.4025108672985782 0.44490805687203794 0.3975221153238546 0.44823255924170613 0.38810002764612955 0.4670885205371248 0.3714439502369668 0.4987619984202212 0.36725675434439176 0.5109256003159558 0.3492988467614534 0.5203339028436018 0.3534131184834123 0.5193077819905214 0.3443100955766193 0.5284245900473934 0.34249420537124803 0.5234634091627172 0.3325324857819905 0.5259843570300158 0.3238863823064771 0.520552471563981 0.31826150000000003 0.5175588206951027 0.3087291287519747 0.5226696429699842 0.2874880758293839 0.5220866563981043 0.27562775355450236 0.5154494383886256 0.2711668467614534 0.4609277993680884 0.2717951879936809
3 0.20524959399684042 0.41387911453396525 0.19630021011058452 0.4287330876777251 0.1952898728278041 0.44135560742496055 0.191701448657188 0.4432679960505529 0.1854246516587678 0.44078840442338074 0.1809775308056872 0.44663585308056875 0.18161565955766193 0.45533709873617695 0.1773339644549763 0.451707317535545 0.17363525592417062 0.45993785860979464 0.17945513349131123 0.46596451816745654 0.19368476224328593 0.4654228870458136 0.20741411769352291 0.4482823199052132 0.28511477093206955 0.4322583759873618 0.29274853949447077 0.42488653080568717 0.29852506161137443 0.4107671856240126 0.3041499439178515 0.4053353001579779 0.2988007717219589 0.39497180331753556 0.3107575916271722 0.38886043206951026 0.31620126382306474 0.37118023301737757 0.31392845497630334 0.3656104928909953 0.30913469826224327 0.36868685624012637 0.2800235252764613 0.361858640600316 0.2561374549763033 0.37250184439178513 0.2432530110584518 0.3864971208530806 0.23050642180094785 0.39259470616113745 0.21762197709320696 0.4065899826224329 0.20524959399684042 0.41387911453396525
3 0.6498902187993681 0.8968312030015797 0.6958071105845182 0.8913126074249605 0.711561136650869 0.8939576240126382 0.7313605063191154 0.8911431840442338 0.7694328507109005 0.8598123451816746 0.7911839660347552 0.8357017101105845 0.7933031366508689 0.8274435979462876 0.7790735071090047 0.8279852290679305 0.7535665426540284 0.8409701690363349 0.7371192456556082 0.8327829826224328 0.7092291887835703 0.8465163349131122 0.6806872164296998 0.852338210900474 0.6272074818325435 0.8837951184834123 0.6242985426540284 0.8920394447077409 0.6498902187993681 0.8968312030015797
3 0.5034716579778831 0.8215945616113745 0.4989556097946288 0.831390855450237 0.5062860979462875 0.8413939312796209 0.5290101911532386 0.8520607077409162 0.5636635331753554 0.8581956524486571 0.5865668372827804 0.8585954312796208 0.6198336390205371 0.8536460371248026 0.642916154028436 0.8437788175355451 0.6557316706161137 0.8337323862559242 0.6652089004739337 0.8338978120063191 0.6760155308056872 0.8257913404423382 0.6764724502369669 0.8222442725118483 0.6576696311216429 0.8132259605055292 0.6103110552922592 0.8108192938388625 0.6001129842022117 0.806691237756714 0.5756577132701421 0.804684349921011 0.5526441248025277 0.8106027235387047 0.5432082519747236 0.808067990521327 0.5312238609794628 0.8157588996840442 0.5034716579778831 0.8215945616113745
3 0.23057755213270142 0.5695581287519748 0.226738990521327 0.5631710489731437 0.214157827014218 0.5597914044233807 0.20815873854660347 0.5640317440758293 0.2139943996840442 0.5917839462875197 0.22164395260663508 0.6061376453396524 0.2442715473933649 0.6223328064770932 0.2578394739336493 0.6597000932069511 0.27802883412322277 0.6798027432859399 0.2899738672985782 0.6969964533965245 0.3118668349131122 0.7100187527646129 0.32371337203791467 0.7102255347551343 0.32893647709320695 0.7051816413902053 0.33155192417061613 0.6684918412322275 0.3160460363349131 0.6516309802527647 0.3074137180094787 0.6483202638230647 0.27699871642969986 0.6256690947867298 0.2666470063191153 0.607713186413902 0.255714308056872 0.6004122677725119 0.24579194628751974 0.5804888285939969 0.23530238151658767 0.5704306105845182 0.23057755213270142 0.5695581287519748
1 0.5770953988941547 0.76757898657188 0.5817926571879937 0.7700310071090047 0.5889281508688784 0.7685755379146919 0.6003019842022117 0.7506038451816746 0.5986515197472354 0.7320098072669826 0.5959493625592417 0.7284075971563981 0.5888552259083728 0.7274937590837283 0.5850580205371247 0.7187373712480253 0.5803194060031596 0.7186546579778831 0.5702887590837283 0.7275646848341233 0.5635708278041075 0.750357705371248 0.5770953988941547 0.76757898657188
1 0.5488822804107425 0.7319310916271722 0.5580542306477093 0.7269561255924171 0.559702695892575 0.7230348507109005 0.5535223981042654 0.7150268759873618 0.5250217827804108 0.7184794447077409 0.5182191398104266 0.7234957669826224 0.5180123578199052 0.735342304107425 0.5325059091627172 0.7423103728278041 0.5459319842022117 0.7425447259083728 0.5487306398104266 0.7406185521327014 0.5488822804107425 0.7319310916271722
1 0.45016114139020535 0.7302079075829384 0.44984207661927333 0.725857285150079 0.44726398894154823 0.7151471524486572 0.4414165402843602 0.7107000315955766 0.41455060505529223 0.7110210947867298 0.40932750078988944 0.7160649881516588 0.41506466508688783 0.726830262243286 0.4244729668246446 0.7309445339652448 0.44574159083728276 0.734475817535545 0.45016114139020535 0.7302079075829384
1 0.42693477488151654 0.6804268815165877 0.42593622511848345 0.6697443199052132 0.4162640007898894 0.6581203499210111 0.39847351737756714 0.6589948301737757 0.3966734123222749 0.6716035647709321 0.401662163507109 0.6799857464454976 0.4188992290679305 0.6881867180094786 0.42524495339652446 0.6867174636650869 0.42693477488151654 0.6804268815165877
1 0.4256211579778831 0.7104243222748815 0.42652121090047396 0.7041199549763033 0.4180129620853081 0.6937013159557662 0.4022865071090047 0.6894767614533965 0.3872808941548183 0.6892148372827804 0.3844270963665087 0.6943000876777251 0.38510658214849924 0.7006320252764613 0.39013669036334914 0.7066448996840442 0.406570201421801 0.7156218546603476 0.4256211579778831 0.7104243222748815
1 0.7387085718799369 0.7869901595576619 0.728455359399684 0.7860211793048973 0.7085594913112164 0.7943640031595577 0.6961595371248026 0.8032326729857819 0.692059051342812 0.8118512061611375 0.6987238396524487 0.814732574249605 0.7217098570300158 0.8103937385466035 0.7341511674565561 0.7991557606635071 0.7387085718799369 0.7869901595576619
0 0.5374908688783571 0.8640588846761452 0.4975848522906793 0.8420320600315956 0.4834379352290679 0.8378350758293839 0.4733501477093207 0.8273888665086887 0.4646764731437598 0.8264474573459716 0.4569028515007899 0.8192016800947867 0.4466496382306477 0.8182326998420221 0.4463030031595576 0.8154616153238546 0.45508696129541865 0.8100848720379147 0.4484773151658768 0.8040444273301738 0.43582722353870457 0.8046136287519747 0.4248945252764613 0.7973127101105845 0.40513651263823064 0.7977578420221169 0.39335890284360187 0.793602214849921 0.39345540126382306 0.788073830963665 0.3894651990521327 0.7903742109004739 0.38581963428120064 0.7729303633491311 0.3818018609794629 0.7768102812006319 0.3802912503949447 0.77283386492891 0.3638439533965245 0.7646466785150079 0.33905383333333333 0.7365636248025277 0.3343152187993681 0.7364809123222749 0.3258207551342812 0.7252725039494471 0.3164124533965245 0.7211582330173776 0.2708795552922591 0.6820479810426541 0.25394577014218006 0.6564720892575039 0.24177817061611373 0.6293993720379147 0.2215612393364929 0.6108762598736177 0.21618449605055293 0.6020923017377567 0.20117488546603476 0.556799752764613 0.183687682464455 0.5402993127962085 0.16796122748815165 0.5360747575039495 0.16121372669826223 0.5379320039494471 0.15701674249605055 0.5520789210110585 0.16393166824644548 0.5632597575039494 0.1671912401263823 0.602817140600316 0.17105737282780412 0.607624682464455 0.1753962085308057 0.6306106998420221 0.17927612717219588 0.6346284723538705 0.18124565560821485 0.6575731327014218 0.18719160110584518 0.679007182464455 0.19410652606635073 0.6901880197472354 0.217541672985782 0.7506378214849921 0.24816745418641392 0.8064730781990521 0.23632091785150078 0.8062662962085307 0.2609180410742496 0.8454061176935229 0.3078374802527646 0.8956007085308056 0.3258643151658768 0.9038154652448658 0.33974930805687203 0.9230180624012637 0.37585811927330176 0.9362885000000001 0.412063429699842 0.9440305537124802 0.46726455450236964 0.9497341508688784 0.5154404699842022 0.9505750647709321 0.5518387764612954 0.9472603507109005 0.566927102685624 0.9427836603475513 0.5464482480252765 0.9392661619273303 0.5344205015797788 0.9268110655608215 0.5368725213270142 0.9221138072669826 0.5338650853080569 0.9133712053712482 0.5387139834123222 0.9071357654028436 0.5397381058451817 0.893723475513428 0.5401378846761453 0.8708201714060032 0.5374908688783571 0.8640588846761452
0 0.7135414273301738 0.10161242259083728 0.7034536398104265 0.09116621327014218 0.6978838996840443 0.09343902211690364 0.6955697345971564 0.09023858925750394 0.6751322361769352 0.08435178357030015 0.6713212448657188 0.07638516508688784 0.6515632314375988 0.07683029699842023 0.648500654028436 0.07124677172195892 0.6405891769352291 0.07189868641390205 0.6398683349131121 0.06793605529225909 0.6358781334913112 0.07023643522906793 0.6264422606635072 0.06770170221169036 0.6241418807266983 0.0637115 0.6201378933649289 0.06680164928909953 0.6122677725118483 0.06508425592417062 0.6028456856240126 0.061759754344391786 0.6005453056872038 0.05776955213270142 0.5965413175355451 0.06085970142180095 0.5926476145339652 0.057631697472353874 0.5878814289099525 0.05912852290679305 0.5848188507109005 0.05354499684044234 0.5808424336492891 0.05505560821484992 0.5643262101105845 0.050817267772511845 0.561236060821485 0.046813280410742494 0.5376394857819905 0.04087133254344392 0.4815796642969984 0.03910279462875197 0.42540955924170615 0.043652409952606636 0.34687778041074246 0.06203187598736177 0.3181428120063191 0.07891051974723538 0.31106246129541865 0.07720691232227488 0.3161201398104265 0.08164024802527646 0.2768011074249605 0.11650436966824644 0.27793751184834126 0.1192892401263823 0.2937604652448657 0.11798541074249605 0.2964626224328594 0.12158762164296998 0.2770256721958926 0.1488986887835703 0.26741058846761456 0.1566309541864139 0.26809007345971564 0.16296289257503951 0.26241004976303317 0.17155385466034756 0.24324880884676145 0.1830695402843602 0.2082410410742496 0.24249921721958925 0.20736855924170616 0.2472240466034755 0.21643022590837285 0.2485672330173776 0.21677686097946286 0.251338317535545 0.2096137969984202 0.25437332464454976 0.19009413428120064 0.28642300710900476 0.19462596682464456 0.29835225671406 0.18294685466034755 0.31118355766192735 0.17137802606635072 0.317696705371248 0.16644641469194313 0.3286707606635071 0.1669466887835703 0.34526969747235386 0.16295648657187994 0.3475700774091627 0.1628324178515008 0.3546779992101106 0.15801109004739336 0.3593339012638231 0.15777673696682465 0.37275997630331753 0.15369003712480253 0.38058874012638233 0.1492586998420221 0.40816173143759876 0.16423674170616112 0.41000319352290676 0.16319883412322275 0.42420525197472353 0.16969819747235387 0.43656384992101105 0.18237585939968404 0.4344151097946287 0.1943602503949447 0.4267242006319115 0.20131453396524487 0.41302041785150084 0.21572337440758294 0.4022117890995261 0.2231759336492891 0.38259163033175353 0.2337186413902054 0.3669754589257504 0.2966184644549763 0.3163277417061611 0.30871313981042653 0.30231868009478674 0.3238428222748815 0.2954726816745656 0.35024983965244866 0.27618337440758295 0.37010435150078985 0.27020985860979463 0.3973287085308057 0.24935479857819906 0.4666313965244866 0.2165940624012638 0.47271319826224334 0.20761510900473934 0.4680435110584518 0.2035835505529226 0.4736408214849921 0.1997312030015798 0.4761479842022117 0.19187486887835703 0.4707574549763033 0.1838806793048973 0.4775463120063191 0.17965412559241706 0.5115339549763033 0.1786673625592417 0.5306124826224329 0.17189029225908373 0.5677592022116903 0.17095867061611372 0.5868377298578199 0.16418160031595577 0.6073992977883096 0.16296048420221168 0.6106410868878357 0.15827701105845182 0.6216978546603475 0.15847000789889415 0.6265053965244866 0.15460387519747237 0.6366207551342812 0.16347054660347551 0.642218066350711 0.1596181990521327 0.6500192590837283 0.16528443759873618 0.6713430252764613 0.16565664533965246 0.6725759281200632 0.1629131319115324 0.6664783428120064 0.15016654265402843 0.6732671998420221 0.1459399889415482 0.6871226232227489 0.1442068120063191 0.6871915505529226 0.14025796603475513 0.6740273996840442 0.125018 0.672544359399684 0.11946204502369667 0.6896691429699842 0.11146585703001581 0.69519752685624 0.11156235545023697 0.6982463191153239 0.11793565007898894 0.7187527456556082 0.11987361058451818 0.7335240055292259 0.13356160979462875 0.7437772187993681 0.13453059004739337 0.7442617085308056 0.1294039834123223 0.7486261169036335 0.12829515007898895 0.7544597796208531 0.1335320402843602 0.751231775671406 0.1374257440758294 0.7656288293838863 0.14992219589257505 0.7696052464454977 0.14841158530805687 0.777420224328594 0.15328805450236968 0.7790962606635071 0.14778724170616114 0.7620108357030017 0.13089881042654028 0.7502194407582938 0.12753295181674565 0.7393970260663507 0.11391387993680883 0.7291989549763034 0.10978582385466035 0.7269261461295419 0.10421608293838862 0.7229635150078989 0.10493692496050552 0.7183076129541864 0.1001155971563981 0.7135414273301738 0.10161242259083728
1 0.4056697385466035 0.4051323104265403 0.38776897156398105 0.4123249439178515 0.385927509478673 0.42730298578199055 0.39090247551342816 0.43647493601895737 0.4043009794628752 0.438288827014218 0.412641804107425 0.43566938309636655 0.4150918262243286 0.4084568120063191 0.4056697385466035 0.4051323104265403
1 0.39243666034755137 0.3938411895734597 0.38776697314375985 0.38980963112164296 0.37195780489731434 0.39032369115323856 0.3675106840442338 0.39617113902053713 0.3672901169036335 0.4088074447077409 0.3755068720379147 0.41329592259083725 0.3873947654028436 0.411133397314376 0.3909969755134281 0.40843124012638227 0.39243666034755137 0.3938411895734597
1 0.3739273341232227 0.4132683515007899 0.36730390205371244 0.4080176761453397 0.3663191374407583 0.39654534518167456 0.35842144628751976 0.396407490521327 0.35163258925750396 0.4006340442338073 0.35056711058451817 0.4164156413902053 0.35403146603475516 0.4216111745655608 0.3706441879936809 0.42032113191153236 0.3739273341232227 0.4132683515007899
1 0.33463187519747234 0.4015223104265403 0.33154172590837283 0.3975183230647709 0.321329868878357 0.3941800355450237 0.3093730489731437 0.40029140600315954 0.3016841382306477 0.41082232701421795 0.3029879668246445 0.4266452804107425 0.3254894944707741 0.4274330505529226 0.3291192748815166 0.42315135545023697 0.33463187519747234 0.4015223104265403
2 0.6270552266982622 0.41729171011058447 0.6328751042654028 0.4233183696682465 0.6494602551342812 0.42360786492890995 0.6637174557661928 0.4214866958925751 0.6661832614533966 0.41599966824644546 0.6338440845181674 0.41306515718799364 0.6270552266982622 0.41729171011058447
2 0.6627878333333334 0.40685528909952606 0.6625239107424961 0.39934559004739334 0.656164401263823 0.4016046129541864 0.6506911595576619 0.3983490387045814 0.6325264699842021 0.3980319731437599 0.6261669605055292 0.4002909960505529 0.6249064873617693 0.40461404818325436 0.6417831319115324 0.4108337045813586 0.6576060853080569 0.40952987519747236 0.6627878333333334 0.40685528909952606
2 0.7530996303317535 0.7319406753554503 0.7483748009478673 0.7310681927330174 0.7348384423380727 0.7371519928909952 0.7264286903633491 0.7437202827804108 0.7263735481832544 0.7468793593996841 0.7314725837282781 0.748943387835703 0.7465746951026856 0.7436769281200633 0.7525875687203791 0.7386468199052133 0.7530996303317535 0.7319406753554503
2 0.8532286808846761 0.517225766192733 0.8420616295418641 0.5233509218009479 0.8360073988941549 0.5307503380726698 0.835924686413902 0.5354889526066351 0.8497387527646129 0.5361250829383887 0.855017 0.5279221129541863 0.8555704170616113 0.5188466603475513 0.8532286808846761 0.517225766192733
1 0.3604936745655608 0.6397666611374409 0.35867778436018954 0.6306498522906793 0.3528854778830964 0.6230436548183255 0.3426322654028436 0.6220746745655609 0.3366469620853081 0.6255252448657188 0.3403200979462875 0.6413895537124803 0.35006125039494473 0.6490646793048973 0.3595246943127962 0.6500198736176935 0.3604936745655608 0.6397666611374409
1 0.3780518033175356 0.6748335679304898 0.3762083420221169 0.6672962969984202 0.3719266469194313 0.6636665165876777 0.3640427409162717 0.6627388925750395 0.35646411453396526 0.6669516603475514 0.3562849036334913 0.6772186587677725 0.36680203870458133 0.6856973388625592 0.37629305371248023 0.6850729952606636 0.3780518033175356 0.6748335679304898
1 0.3013770655608215 0.5415635789889416 0.30146177725118484 0.5593402764612954 0.3073092251184834 0.5637873981042655 0.31757622353870457 0.5639666090047393 0.31943147156398105 0.5481987977883096 0.31563426619273305 0.5394424099526066 0.3013770655608215 0.5415635789889416
1 0.289055827014218 0.500663009478673 0.2873797906793049 0.5061638222748815 0.2907476477093207 0.5168877401263823 0.30299596208530805 0.5167065300157978 0.3037148048973144 0.4981538483412322 0.29504113033175355 0.49721243917851504 0.289055827014218 0.500663009478673
1 0.28809663507109007 0.46509582859399684 0.28704494233807265 0.48008765639810425 0.2897470995260663 0.4836898665086888 0.301233214849921 0.48191533254344393 0.3019520584518167 0.4633626516587678 0.29803078357030016 0.4617141856240127 0.28809663507109007 0.46509582859399684
1 0.8861742140600316 0.3270134802527646 0.8693920687203791 0.29275012875197476 0.8504218254344392 0.27069373380726697 0.8505754644549763 0.28452158609794626 0.8826291437598737 0.3490718736176935 0.8923427251184833 0.3583265371248025 0.8932152069510269 0.35360170774091626 0.8861742140600316 0.3270134802527646
1 0.8013774249605056 0.3196082740916272 0.7806444360189573 0.262760682464455 0.7623812496050553 0.2454566879936809 0.7497587290679305 0.24444635071090048 0.7469325023696682 0.24795206319115323 0.7491639549763033 0.2558911105845182 0.7821728293838863 0.3109779541864139 0.7974010086887836 0.32111888467614536 0.8013774249605056 0.3196082740916272