1 0.7309541358609795 0.48327102527646126 0.7269649928909953 0.47932197946287525 0.6928130805687204 0.486882691943128 0.6853301895734597 0.48369797314375984 0.6842332259083729 0.49215279304897314 0.6654811587677725 0.5064344399684044 0.6569414020537124 0.5196427298578199 0.6609045663507109 0.5573497211690364 0.6668564289099526 0.5686377606635071 0.6765922061611375 0.5743655315955766 0.697719823064771 0.5713506895734597 0.7324520687203792 0.5541980971563981 0.7353678546603475 0.5479348333333334 0.7327092543443918 0.4961915205371248 0.7309541358609795 0.48327102527646126
1 0.7674862274881517 0.5890365157977884 0.7575428499210111 0.5888902464454976 0.7358348996840443 0.6014969684044235 0.7277315789889416 0.5999659407582938 0.7217348751974724 0.6109213443917851 0.7034994375987361 0.6263400521327014 0.6969861034755135 0.6361583949447077 0.6929733546603475 0.6508764778830964 0.69173012164297 0.6692746753554503 0.6954904289099526 0.6823815363349132 0.7055989383886256 0.6840989304897315 0.724825167456556 0.6781069707740917 0.7590620173775672 0.6562410047393364 0.7680169763033176 0.631869710900474 0.7692413467614534 0.6019570110584518 0.7674862274881517 0.5890365157977884
1 0.6556580718799369 0.530102737756714 0.6509659328593997 0.5270218199052132 0.6211971303317535 0.5309448870458137 0.6093712266982623 0.5393360031595577 0.5963893996840443 0.5367292464454977 0.5910956927330173 0.5468165213270142 0.5594419921011058 0.5743677898894155 0.5575783285939969 0.5944196777251185 0.5618741287519747 0.620178102685624 0.5797132266982623 0.627436901263823 0.6049337875197472 0.6255803538704582 0.6342897598736177 0.6177294755134282 0.6473565244865719 0.6060309786729858 0.6550470157977883 0.6036341943127962 0.6589134960505529 0.5988594889415482 0.65560848657188 0.5825278120063192 0.6563799304897314 0.540749112164297 0.6556580718799369 0.530102737756714
1 0.6760873222748816 0.6300154218009478 0.6698028238546604 0.630675948657188 0.6369318696682464 0.6428674691943128 0.628663416271722 0.6397653167456556 0.6193593317535545 0.649479859399684 0.5789630173775672 0.6656392883096367 0.5750965371248026 0.6704139936808846 0.5738132077409163 0.6808740015797788 0.5795150007898894 0.7048961698262243 0.6303076192733017 0.7007490110584518 0.6745491785150078 0.683391190363349 0.6770096658767772 0.6803527417061611 0.6742448933649289 0.6464909960505529 0.6789394052132701 0.6344810979462875 0.6760873222748816 0.6300154218009478
1 0.5591871785150079 0.6172835505529225 0.5556368436018957 0.5835043712480253 0.5475547567140601 0.5783970300157978 0.5310579486571879 0.5801309146919431 0.5228720616113745 0.5778143246445497 0.5157595315955766 0.5857100450236967 0.49984068483412325 0.5929428657187994 0.46988551579778826 0.59887112164297 0.4725677227488152 0.6319473048973144 0.4748819407582939 0.638852233807267 0.479574079778831 0.6419331516587677 0.5308408593996841 0.6460756800947868 0.5548630276461295 0.6403738870458136 0.56834262164297 0.6326032022116904 0.5591871785150079 0.6172835505529225
1 0.6192059462875197 0.7046956848341231 0.6154645007898893 0.7031033262243286 0.5800316303317536 0.7060332306477093 0.5744737353870457 0.6871585 0.5704845916271721 0.6832094541864139 0.5611404099526066 0.6849858072669827 0.543959467614534 0.6991023230647709 0.5470144067930489 0.7281681287519748 0.5558820552922591 0.7331929036334913 0.5767195055292259 0.7349740015797788 0.5818881777251185 0.7312537906793048 0.6022302322274882 0.7283215142180095 0.6175286492890996 0.7227423838862559 0.6195975410742496 0.7121998104265402 0.6192059462875197 0.7046956848341231
1 0.5339618744075829 0.6493217298578199 0.530923425750395 0.6468612424960506 0.5094655450236967 0.6467338357030016 0.477134827014218 0.6413952875197473 0.4710178325434439 0.6285361232227488 0.4579109707740916 0.6322964312796209 0.45325892812006313 0.6371537022116903 0.45685173222748815 0.6637802551342812 0.47291210426540287 0.6767856887835704 0.4920132977883096 0.6771607930489731 0.5253796484992102 0.6696826469194312 0.5324709431279621 0.6653632401263824 0.5343534691943128 0.6568258546603475 0.5339618744075829 0.6493217298578199
1 0.5460637124802528 0.726679570300158 0.5430913388625592 0.6983993262243285 0.5402180221169036 0.6975099636650869 0.5142944660347551 0.7002346390205372 0.5068941413902054 0.6978354834123223 0.49184342180094787 0.705771300157978 0.4677386879936809 0.7106875308056873 0.4623010829383887 0.7156273680884676 0.46895357030015794 0.7411380955766194 0.47616752843601895 0.7455424399684044 0.5175121650868878 0.7459623854660348 0.5204067164296999 0.7432754352290679 0.5471158349131121 0.7404681935229068 0.5552616248025277 0.7348465939968405 0.5460637124802528 0.726679570300158
1 0.47752167851500793 0.6790810442338072 0.46968728909952606 0.6763303902053712 0.46040681121642973 0.6673778033175356 0.45344529462875194 0.6351485134281201 0.43521222906793056 0.6354764052132702 0.4291754289099526 0.6384936200631912 0.42413179067930484 0.635846766192733 0.40562742180094785 0.6524851003159557 0.4117420442338073 0.6804350797788309 0.42660402448657186 0.6895952669826224 0.4583567812006319 0.6894348799368089 0.4774178775671406 0.6818717954186414 0.47752167851500793 0.6790810442338072
1 0.5032069115323854 0.7458774478672986 0.4720745853080569 0.744384144549763 0.46095642180094787 0.7217255007898894 0.44303238625592417 0.7287719549763033 0.4475357867298578 0.7489488775671406 0.45822225829383884 0.7561652077409163 0.46884739810426534 0.7590196619273302 0.49869876619273296 0.7558821571879937 0.506224125592417 0.7519142488151659 0.5032069115323854 0.7458774478672986
1 0.572183009478673 0.793827471563981 0.5682764328593997 0.7906639881516587 0.5260211990521327 0.796693672985782 0.5209138586097947 0.8047757590837282 0.5238886034755135 0.8179651864139021 0.5321358222748815 0.8246436524486571 0.5634757488151658 0.8205554533965245 0.5740607914691943 0.815471718799368 0.572183009478673 0.793827471563981
1 0.6877479802527646 0.7522942109004739 0.6840891011058451 0.7514874139020536 0.6436102211690363 0.7668612804107424 0.63411977014218 0.7785810118483413 0.6344476619273302 0.7968140774091627 0.642902481042654 0.7979110410742496 0.6819753680884676 0.7842734304897314 0.6879744439178515 0.7582272116903633 0.6877479802527646 0.7522942109004739
1 0.771012842022117 0.7737238546603475 0.7682220908372828 0.7736200545023697 0.731918720379147 0.7909377780410742 0.7189958530805687 0.8077837132701422 0.7163065308056872 0.819979977093207 0.7216191003159558 0.8214072045813586 0.7555657843601896 0.804337178515008 0.7637328088467614 0.795139266192733 0.7709916074249605 0.7773001682464454 0.771012842022117 0.7737238546603475
1 0.8105296232227489 0.30335138941548184 0.794905686413902 0.2756066390205371 0.7891802867298578 0.2702516003159558 0.7687155695102685 0.2644601248025276 0.738743910742496 0.24378306240126385 0.7422352859399685 0.25810955055292256 0.7992392116903634 0.3243940687203791 0.8075689960505529 0.33185809636650865 0.815094355450237 0.32789018799368086 0.8105296232227489 0.30335138941548184
1 0.9136245394944708 0.42277109399684043 0.9119095173775671 0.41778878830963667 0.9046743246445498 0.41696075671405997 0.893612748815166 0.4288456200631911 0.8999703246445497 0.48933391864139025 0.9127256887835703 0.4860076753554502 0.918948855450237 0.48098527172195893 0.9195079549763032 0.474969705371248 0.9136245394944708 0.42277109399684043
1 0.6184609360189574 0.1837523214849921 0.6090153254344393 0.17322860979462876 0.6026482614533966 0.17310357503949447 0.5934055078988941 0.18717999289099527 0.5943962985781991 0.19660674091627173 0.6081613159557662 0.21422174802527644 0.6374913096366508 0.24012881358609797 0.6465453246445497 0.24314840047393366 0.6527472575039495 0.24170231042654025 0.6184609360189574 0.1837523214849921
1 0.4541651224328594 0.2641626145339652 0.44010756714060034 0.2664343633491311 0.4111219549763033 0.2853656808846761 0.4033677598736177 0.29849140521327017 0.40493414060031596 0.32850790521327017 0.4153729139020537 0.33336754818325437 0.44183433570300157 0.32820362006319115 0.44468878988941546 0.3175784802527646 0.46046373933649287 0.30519822116903633 0.45908372511848344 0.2731765323854661 0.4541651224328594 0.2641626145339652
1 0.3129454139020537 0.4394419541864139 0.2977083285939969 0.4493829597156398 0.30715393917851497 0.45990667140600316 0.3212114944707741 0.45763492259083727 0.3281376579778831 0.4517443909952607 0.3358092867298578 0.43783310426540284 0.3129454139020537 0.4394419541864139
1 0.33587773459715636 0.39692253238546604 0.3220891113744076 0.39797465481832545 0.3079065205371248 0.40661346840442336 0.29858120063191157 0.4199043246445498 0.297050172985782 0.4280076453396524 0.30095675039494474 0.43117112954186415 0.31054863033175356 0.4317514628751975 0.3346533641390205 0.4268352322274882 0.33789941390205375 0.42371421721958924 0.33701242338072673 0.41149671879936806 0.33587773459715636 0.39692253238546604
1 0.3599869849921011 0.6263067298578199 0.35488201579778833 0.619298 0.33131514691943126 0.6217749778830963 0.3221974281200632 0.6294843317535544 0.32128683096366506 0.6359339620853081 0.32632809636650867 0.6536716319115323 0.3356085750394945 0.6626242187993681 0.3588027116903634 0.6641576184834123 0.3662455055292259 0.6594041477093207 0.3599869849921011 0.6263067298578199
1 0.4296424739336493 0.6920557543443918 0.41070878436018954 0.6781609589257505 0.40345710110584515 0.6507276090047394 0.3829499146919431 0.6520887606635071 0.3634948507109005 0.667238536334913 0.3616736563981043 0.6801377969984203 0.36725278672985784 0.6954362140600315 0.38219733333333333 0.7053819636650869 0.39439359794628753 0.7080712859399684 0.41332965955766193 0.706875266192733 0.42970380489731436 0.6964176303317535 0.4296424739336493 0.6920557543443918
1 0.4456343988941548 0.7459717598736177 0.44232938941548183 0.7296400829383886 0.43755468404423375 0.7257736026856241 0.40290737598736176 0.7286209415481832 0.3826266532385466 0.735915093206951 0.3883709154818325 0.7527846350710901 0.3942614470774092 0.759710798578199 0.4369696066350711 0.7655471145339652 0.4518952906793049 0.7639783617693523 0.4531361516587678 0.7606709810426541 0.4456343988941548 0.7459717598736177
1 0.38629027646129543 0.7065402582938388 0.3691541753554502 0.6984133309636651 0.3583875102685624 0.6753206224328594 0.3506144526066351 0.6769318443917851 0.3429852930489731 0.6836905039494471 0.34802655845181674 0.7014281737756713 0.35383452369668245 0.7075687748815166 0.3719425545023697 0.7136079470774092 0.3883567969984202 0.7110885007898894 0.38629027646129543 0.7065402582938388
1 0.3391612819905213 0.6813125821484992 0.3184889636650869 0.6811026097946288 0.3123483625592417 0.6869105750394945 0.31714193048973144 0.7022915576619273 0.3230324612954186 0.7092177211690364 0.33303717061611376 0.7137258665086887 0.35118766982622435 0.7126124123222749 0.3391612819905213 0.6813125821484992
1 0.32702160426540283 0.7131667669826225 0.3210272725118483 0.7090313546603475 0.31214076145339653 0.6924920774091627 0.3024875505529226 0.6875498680884676 0.2932447969984202 0.7016262859399683 0.2996094897314376 0.7168421366508689 0.3125700813586098 0.7230252069510269 0.32749576540284364 0.7214564541864139 0.32702160426540283 0.7131667669826225
1 0.336483705371248 0.7502957969984202 0.3305931737756714 0.7433696334913112 0.3176939131121643 0.7415484391785151 0.3105200521327014 0.7450822835703002 0.31636811453396524 0.7591610734597157 0.3338557140600316 0.7668539368088467 0.3417113372827804 0.7660282780410742 0.336483705371248 0.7502957969984202
1 0.3701614565560822 0.734445397314376 0.35168069352290676 0.7324166018957345 0.34399020221169035 0.7348133862559242 0.34012372195892576 0.7395880916271722 0.34537258846761454 0.7517442590837282 0.35825061532385466 0.7571417669826225 0.3623647930489731 0.7547237480252765 0.36215956398104265 0.7452144344391785 0.3728484075829384 0.737339948657188 0.3701614565560822 0.734445397314376
1 0.39043743522906793 0.7573328767772511 0.3798359020537125 0.7358112930489732 0.35939004739336494 0.7415343206951027 0.36252992496050557 0.756294872827804 0.371562705371248 0.7628907725118483 0.3895881698262243 0.7681443830963665 0.41733054897314376 0.7676112630331753 0.39043743522906793 0.7573328767772511
1 0.43673602764612957 0.8048865616113744 0.4310931935229068 0.8003170853080568 0.4047568072669826 0.7991139494470775 0.39948433491311214 0.8056249107424961 0.4056225639810426 0.8149077614533966 0.4164128357030015 0.819333340442338 0.43481103238546603 0.8205765734597157 0.4417159612954186 0.818262355450237 0.43673602764612957 0.8048865616113744
1 0.3861934786729858 0.7962995916271722 0.36841571169036336 0.7934026682464455 0.3602911563981043 0.7954479541864139 0.36475446050552923 0.8076866872037914 0.37283654739336497 0.8127940284360189 0.38747206477093205 0.8160212156398106 0.3968162464454976 0.8142448617693523 0.3861934786729858 0.7962995916271722
1 0.3422043609794629 0.785832467614534 0.32922253396524487 0.783225710900474 0.32510835624012635 0.7856437290679305 0.32845583412322277 0.794822779620853 0.3340986674565561 0.7993922559241706 0.3439382456556082 0.8023292764612955 0.3508431745655608 0.8000150584518168 0.3422043609794629 0.785832467614534
1 0.35270209399684044 0.8101448025276461 0.3370946477093207 0.8090053704581358 0.34348057424960504 0.8206449075829384 0.35662753317535545 0.824822789099526 0.3612583412322275 0.8235418309636651 0.35270209399684044 0.8101448025276461
1 0.32287433175355446 0.7946151785150078 0.31524754423380724 0.7862830221169036 0.30871534755134283 0.7845868625592417 0.30224448262243286 0.7872525789889415 0.30586089336492894 0.7952120023696683 0.3240514897314376 0.802036737756714 0.32287433175355446 0.7946151785150078
1 0.2795127606635071 0.737221916271722 0.272381368878357 0.7336031334913112 0.26539387361769357 0.7351317898894154 0.2695056793048973 0.7478045868878357 0.27845589415481836 0.7536149241706162 0.28639408293838864 0.7535748278041073 0.2795127606635071 0.737221916271722
1 0.24991146287519744 0.7276252922590838 0.24145664296998418 0.7265283285939969 0.24288149842022116 0.7363065750394945 0.25418840047393365 0.741869214849921 0.24991146287519744 0.7276252922590838
3 0.7905834526066351 0.8125702780410743 0.7615152748815166 0.8307160339652448 0.735030247235387 0.8545470916271722 0.734615045813586 0.8657100955766193 0.7405480458135861 0.8654836327014219 0.7608500031595576 0.8546131666666666 0.7698238246445497 0.8417563751974724 0.7858677069510268 0.8281564897314376 0.7933529691943128 0.8162503925750394 0.7905834526066351 0.8125702780410743
3 0.8386301611374407 0.7860758767772512 0.8029047519747236 0.8088925363349131 0.7674671374407582 0.8420040726698261 0.7603333736176935 0.8534761066350711 0.7609939004739337 0.8597606050552923 0.7639497835703002 0.8614355300157979 0.7777596413902054 0.8568070939968405 0.793183093206951 0.8448608996840442 0.8253958925750394 0.811294064770932 0.8427231042654028 0.7872341714060032 0.8386301611374407 0.7860758767772512
3 0.6033841248025277 0.3576871129541864 0.5943513436018958 0.35109121327014214 0.5702890789889415 0.34885481753554504 0.553584669036335 0.3561702037914692 0.543372359399684 0.357243560821485 0.538515087677725 0.35259151816745654 0.5387863925750395 0.3362810758293839 0.5338253206951027 0.3344197843601896 0.5142688285939968 0.3372694952606635 0.4868968104265403 0.34888305371248024 0.47062409241706166 0.3716407551342812 0.4700012898894154 0.3883852614533965 0.4668165718799368 0.39586815165876776 0.4731812646129541 0.4110840023696683 0.4694162124802528 0.4281587725118483 0.4895671563981043 0.45741331674565555 0.516026205371248 0.4673402045813586 0.527809640600316 0.46610171563981045 0.5414543665086887 0.4599021548183254 0.5536129060031595 0.43956247235387047 0.6039762045813586 0.40488218404423376 0.6114614668246445 0.39297608609794626 0.6033841248025277 0.3576871129541864
3 0.46030798183254346 0.3755048625592417 0.4419498823064771 0.38219981911532386 0.42009566271721954 0.4047499186413902 0.4317752969984202 0.4063021808846761 0.4685315939968404 0.40085045813586095 0.46989986176935233 0.37608519668246443 0.46030798183254346 0.3755048625592417
3 0.4856605797788309 0.45424983333333335 0.4813624075829384 0.443582224328594 0.47044947314375984 0.43043289415481834 0.4696662827804108 0.4154246437598736 0.4644362788309636 0.41478297867298575 0.4115134368088467 0.4251108357030016 0.4056205331753554 0.4332754881516587 0.39474057898894155 0.47333679462875194 0.40002954265402846 0.4934311508688784 0.4118507022116904 0.5152216674565561 0.425554387835703 0.5284747977883096 0.4409353704581359 0.5236812306477093 0.45573839178515 0.5133887259083728 0.47765394312796206 0.4952005023696683 0.49936189336492887 0.48259378041074247 0.511395397314376 0.4686211619273302 0.4856605797788309 0.45424983333333335
3 0.40519584360189576 0.5048017559241706 0.39663959557661926 0.49140472748815167 0.39151576382306474 0.4728814960505529 0.39635891706161136 0.4358374036334913 0.3917493436018957 0.43354204818325437 0.3764509265402844 0.4391211785150079 0.35978898657187997 0.4392839383886256 0.35083639968404423 0.4485644170616114 0.3421928420221169 0.464563458135861 0.338345224328594 0.4808526658767772 0.3444197496050553 0.5008644565560821 0.3374298830963665 0.5174839281200632 0.3386683720379147 0.5292673625592417 0.34528076224328597 0.5468399004739336 0.3638204842022117 0.568321387835703 0.3746933222748815 0.5735325292259084 0.3858563262243286 0.5739477306477093 0.40163127646129543 0.5615674715639811 0.41302548815165874 0.537734041864139 0.40519584360189576 0.5048017559241706
3 0.35739208846761455 0.5638344770932069 0.34433006793048976 0.5453513420221169 0.33883350394944706 0.5308384873617693 0.33718218562401264 0.5151272409162717 0.3404494691943128 0.5084299131121643 0.3188052227488152 0.5103076943127962 0.3084466429699842 0.5213244296998419 0.3096426627172196 0.5402604913112165 0.3045966532385466 0.5527044533965245 0.3121172685624013 0.5789181769352291 0.3242498301737757 0.592336439178515 0.34078673538704585 0.5985407440758294 0.35356333333333334 0.5916381872037915 0.3598077345971564 0.5830394707740917 0.35739208846761455 0.5638344770932069
3 0.46912627330173773 0.1684726532385466 0.45337493048973143 0.16218578278041074 0.4513508791469194 0.1504849139020537 0.4413674044233807 0.14240045497630333 0.43326408293838864 0.1408694273301738 0.405148971563981 0.14541292575039494 0.39596992180094787 0.1487604036334913 0.37719662006319116 0.16661836413902054 0.3615254699842022 0.17620787124802526 0.3569347590837283 0.18542701895734598 0.3296453072669826 0.19782613981042654 0.3173004012638231 0.2201710110584518 0.32364623143759874 0.22387235939968406 0.33700079067930494 0.22246873854660348 0.34936218641390204 0.22672918562401265 0.40848696129541867 0.21495523933649288 0.4264298601895734 0.2194232875197472 0.445283355450237 0.21744170537124805 0.47133194707740916 0.2083499652448657 0.47354473617693527 0.20295482938388626 0.4661043151658768 0.1926174842022117 0.4759250300157978 0.18404000236966825 0.46912627330173773 0.1684726532385466
3 0.43366505292259083 0.22025131832543443 0.40604770853080574 0.21441737440758296 0.354075560821485 0.22623378988941548 0.34872052211690363 0.2319591895734597 0.34656906398104265 0.24171620142180097 0.3316410078988941 0.2583757701421801 0.337550401263823 0.27681643601895733 0.3464180505529226 0.2818412109004739 0.37982449684044234 0.28230125355450236 0.3948964510268562 0.27078912322274884 0.3971304747235387 0.26181767377567144 0.40159615086887834 0.2589655916271722 0.39797974091627175 0.2510061674565561 0.4353564684044234 0.24390075434439176 0.43827225434439177 0.2376374897314376 0.43808825987361766 0.22455186255924173 0.43366505292259083 0.22025131832543443
3 0.37114321484992097 0.27527128988941546 0.3605581721958926 0.2803550244865719 0.34389623143759873 0.2805177843601896 0.3391215260663507 0.27665130410742494 0.3359816484992101 0.26189075197472356 0.3280646943127962 0.2583545355450237 0.30461811532385463 0.28464608056872037 0.29299981279620857 0.2874556943127962 0.28107010821484996 0.298637560821485 0.277760355450237 0.31248751579778833 0.26911679778830966 0.3284865568720379 0.2698598909952607 0.3355566176935229 0.27558529067930493 0.3409116563981043 0.29274262638230647 0.3454622709320695 0.31151355608214853 0.3426951263823065 0.32114790521327014 0.3361228325434439 0.34132482780410744 0.3316194320695103 0.3488714218009479 0.32407521011058454 0.3486661927330174 0.31456589573459715 0.3530705371248025 0.3073519375987362 0.36898938467614534 0.3001191169036335 0.3914852693522907 0.27233901342812006 0.37114321484992097 0.27527128988941546
3 0.33148287835703005 0.34377322748815164 0.315151201421801 0.34707823617693523 0.3084538728278041 0.34381095181674565 0.28951781121642967 0.34500697235387046 0.27558529067930493 0.3409116563981043 0.265250317535545 0.33326126224328595 0.2553871334913112 0.34899137124802526 0.25021608925750394 0.367802397314376 0.26193581990521325 0.3772928491311216 0.27830759399684046 0.38192602922590835 0.2907940252764613 0.37981941153238546 0.2978853206951027 0.37550000473933653 0.2995814802527646 0.36896780884676145 0.30905069668246443 0.36082439099526065 0.3104779241706161 0.3555118206951027 0.33338426619273304 0.34675034439178515 0.33148287835703005 0.34377322748815164
3 0.2790105908372828 0.3810579004739337 0.2561066200631911 0.374728560821485 0.24837603238546602 0.36918715560821486 0.2426057914691943 0.3860755600315956 0.24260104739336494 0.41625719194312794 0.25122099842022116 0.41892527962085313 0.26809053949447076 0.41318101816745656 0.27431370695102686 0.40815861453396524 0.2789256524486572 0.395363154028436 0.3056371437598736 0.3774650971563981 0.2790105908372828 0.3810579004739337
3 0.7379985592417062 0.11956278830963665 0.7282840165876777 0.11025870300157976 0.6839056761453396 0.07719663823064771 0.6288785884676146 0.059947248025276456 0.5673594020537125 0.048939887835703 0.542594140600316 0.04757161927330174 0.5118321753554502 0.057158755134281196 0.5098057519747236 0.06054870221169036 0.49268851263823066 0.06393627725118484 0.4637453696682464 0.07571496840442338 0.45723203633491316 0.08553331121642971 0.47416053712480255 0.09924174091627172 0.513353714849921 0.10941869826224328 0.5348115947867298 0.10954610505529226 0.5640826295418642 0.1160004794628752 0.5892206240126382 0.11335836966824644 0.6038561413902054 0.11658555687203792 0.6268025805687204 0.11576226935229068 0.6626883767772512 0.12469836571879937 0.6743066800947867 0.12188875276461296 0.6735848214849921 0.11124237835703002 0.6769960023696683 0.10969248815165876 0.7261938902053712 0.12437759004739336 0.7379773246445498 0.12313910110584518 0.7379985592417062 0.11956278830963665
3 0.7374087377567141 0.18951793127962085 0.7288312559241706 0.17969721642969985 0.7126246137440758 0.17663516113744077 0.7037970616113743 0.17954857503949445 0.707951336492891 0.1850687456556082 0.7378003325434439 0.1970220560821485 0.7374087377567141 0.18951793127962085
3 0.7860191753554503 0.25906736097946287 0.7696922424960506 0.2321907385466035 0.7578899454976303 0.22191472511848342 0.7088784241706161 0.20522443364928913 0.7253704889415482 0.23367218088467615 0.7389090426540285 0.24535418720379149 0.7728910789889415 0.26640398262243287 0.7850047780410743 0.26830774249605055 0.7861630726698262 0.26421479936808845 0.7860191753554503 0.25906736097946287
3 0.8011147353870458 0.22888810110584518 0.7897889715639811 0.2118109589257504 0.771888541864139 0.20019028436018957 0.7472719218009478 0.17378782227488151 0.7321811058451817 0.17378545023696684 0.7309190102685624 0.18066914533965245 0.7362929115323855 0.18645824802527647 0.7403834834123222 0.20270735860979464 0.7573733151658768 0.22077766429699844 0.802081920221169 0.2569819786729858 0.806877859399684 0.2572721453396525 0.8096072796208531 0.253014070300158 0.8011147353870458 0.22888810110584518
3 0.8378285631911533 0.2305890047393365 0.8274534936808847 0.2150004218009479 0.7909119131121644 0.16959819510268564 0.7908694439178515 0.1767508214849921 0.7978758017377567 0.1867366682464455 0.7887392203791469 0.1829315197472354 0.7705085276461295 0.16816859557661928 0.7675502725118484 0.18158448657187995 0.7862763609794629 0.2010607843601896 0.8097535489731438 0.24307069194312794 0.8187863293838863 0.2496665916271722 0.8265593870458136 0.24805537045813586 0.8389231548183255 0.2372250015797788 0.8378285631911533 0.2305890047393365
3 0.2390011279620853 0.4349030860979463 0.24140028357030013 0.4275027622432859 0.23809527409162715 0.4111710853080569 0.2236885924170616 0.3987860821484992 0.21347628199052132 0.399859439178515 0.19534227330173776 0.42757821169036336 0.18028681042654027 0.46569566034755133 0.17999189968404422 0.5006732322274882 0.1834219439178515 0.5106378443917851 0.19406594549763034 0.5250068017377567 0.21395270142180095 0.5252993404423381 0.22195459399684042 0.5145303033175356 0.2247264826224329 0.5031196011058452 0.23891144549763033 0.479389971563981 0.240194775671406 0.46892996366508694 0.23455194154818326 0.4643604873617693 0.22661375276461296 0.46440058451816746 0.2238654707740916 0.45714415718799367 0.24348566587677725 0.44356550631911534 0.2390011279620853 0.4349030860979463
3 0.19807632306477094 0.5253795347551343 0.184103705371248 0.5133460300157978 0.18009332780410742 0.5129732969984203 0.17692984439178513 0.5168798744075829 0.17518884360189574 0.5456555134281201 0.177625724328594 0.5612841935229068 0.17303501342812008 0.5705033404423381 0.1786990813586098 0.5714965039494471 0.1806405671406003 0.5824118104265402 0.1848986421800948 0.5851412298578199 0.18495997393364927 0.5895031058451816 0.1888052195892575 0.5883047140600316 0.19192623380726698 0.5915507638230648 0.1929382598736177 0.5974011974723539 0.19783799999999999 0.5949006137440759 0.20015459004739336 0.5867147266982622 0.1894468838862559 0.5830747101105845 0.18800079462875197 0.5768727772511848 0.19622915007898895 0.5720367401263824 0.19408006398104266 0.5667029360189574 0.19699584992101107 0.5604396721958925 0.20704302843601893 0.5577951903633491 0.21801966666666667 0.5602155805687205 0.22103925276461295 0.5511615655608215 0.21905767061611375 0.5323080695102685 0.22156062717219588 0.5221169944707741 0.19807632306477094 0.5253795347551343
3 0.30219986966824647 0.5450139620853081 0.29916142101105847 0.5425534747235388 0.2937639131121643 0.5554315007898895 0.29359640916271723 0.5689511919431279 0.3067646018957346 0.5695527598736178 0.30219986966824647 0.5450139620853081
3 0.2768495308056872 0.583419205371248 0.27302551895734595 0.5810412843601895 0.26140721642969983 0.5838508981042655 0.2562998751974723 0.5919329842022117 0.2567528017377567 0.6037989849921012 0.26877919036334913 0.6350988151658769 0.27466972195892575 0.6420249786729858 0.2853774273301738 0.6456649952606635 0.2901946018957346 0.6423788483412323 0.2901332701421801 0.6380169731437598 0.2768495308056872 0.583419205371248
3 0.31116657503949446 0.5774296176935229 0.29353270537124804 0.5796801327014218 0.29259850157977885 0.6047968917851501 0.297142 0.6329120039494471 0.300180448657188 0.6353724913112164 0.30551425276461297 0.6332234052132701 0.3292910955766193 0.6100741090047394 0.31116657503949446 0.5774296176935229
3 0.2732849636650869 0.6401849218009479 0.26861405845181674 0.6335276903633491 0.2599351477093207 0.6114069107424961 0.2598549541864139 0.595530532385466 0.2708952954186414 0.5872219826224329 0.270130967614534 0.5837282345971564 0.2629783412322275 0.583685766192733 0.2603527219589257 0.5851530900473934 0.26155111374407586 0.5889983357030015 0.2507584699842022 0.5996635726698262 0.24629042180094787 0.6176064707740917 0.23830976382306476 0.6247991943127962 0.23747936018957344 0.6471252030015797 0.24256309478672985 0.6577102464454976 0.25626678041074247 0.6709633767772512 0.27255836018957347 0.6597201793048973 0.283888868878357 0.6466156895734597 0.2732849636650869 0.6401849218009479
2 0.5544576556082149 0.19445053870458137 0.5453423088467615 0.1870690766192733 0.5186945213270142 0.1942381935229068 0.5347973625592417 0.200091 0.5561726777251185 0.19943284518167456 0.5544576556082149 0.19445053870458137