1 0.5774675454545455 0.4139341660839161 0.5622017281468531 0.4138700812937063 0.5240056896853147 0.4271739265734266 0.4971449493006993 0.4468320017482518 0.49203461713286717 0.4480118146853147 0.48764455157342657 0.4445397465034965 0.4834516687062937 0.4477505472027972 0.48476293706293705 0.4573161258741259 0.48076723776223773 0.4672097954545455 0.4940069991258741 0.5206716512237762 0.4974149833916084 0.531547402972028 0.5099306424825174 0.548843111888112 0.5209378496503496 0.549890374125874 0.552713381993007 0.5398630576923077 0.5573647159090909 0.5347521765734266 0.5562500821678322 0.5260383208041958 0.5609014160839161 0.5209274405594406 0.5960832893356643 0.5042824344405594 0.5827756092657342 0.42526836800699297 0.5774675454545455 0.4139341660839161
1 0.6693456328671329 0.6389815970279721 0.6599098662587413 0.6272546704545454 0.6405820743006992 0.629025486013986 0.6253830804195805 0.6428513190559441 0.6181130437062937 0.6696490699300699 0.6118239938811189 0.6773808444055944 0.5955793811188811 0.7197073251748252 0.599314361013986 0.7242277508741258 0.6039684335664336 0.7482726048951049 0.6186459886363636 0.7632749632867133 0.6328634484265734 0.7626839606643356 0.6450493732517482 0.7571792613636363 0.666537416958042 0.7356216547202796 0.6627361617132868 0.7230424589160839 0.66430705506993 0.7065316486013986 0.6677769318181819 0.6788169947552447 0.6745238846153846 0.6633539938811189 0.6693456328671329 0.6389815970279721
1 0.7408218208041959 0.591080854020979 0.7330900463286714 0.5847918041958042 0.727585347027972 0.5726058793706293 0.7201159361888112 0.5693961748251748 0.6878830480769231 0.5929858645104895 0.6774022115384616 0.6155907333916084 0.679894388986014 0.641928937937063 0.6751795192307691 0.6681367832167832 0.6814718566433566 0.6953918898601399 0.6895317220279721 0.7069879082167833 0.7130545882867133 0.7253308793706295 0.7302856660839161 0.7222498907342657 0.7423401346153846 0.7122899449300699 0.7498736302447552 0.7002338321678322 0.755375041958042 0.6774328758741258 0.7479039877622378 0.6567297307692308 0.7400374702797202 0.6109985533216783 0.7428539038461539 0.6018256984265734 0.7408218208041959 0.591080854020979
1 0.9313879222027972 0.301274604020979 0.911929222027972 0.3044213208041958 0.9063609860139861 0.31333236013986016 0.9076070751748252 0.32650146241258743 0.9212401075174824 0.38166676223776225 0.9253026302447553 0.38566300961538463 0.9319197709790209 0.38323820279720283 0.9465288583916083 0.36685720454545456 0.9456754930069929 0.3495603994755245 0.9313879222027972 0.301274604020979
1 0.8766268505244755 0.43323401748251744 0.8710575192307692 0.4304827631118881 0.8464227587412587 0.43258166958041955 0.8368577281468531 0.4397240856643357 0.8305697736013986 0.45911815384615384 0.8306371451048951 0.47883921765734266 0.8318191494755245 0.5072741372377622 0.8382412989510489 0.5214910498251749 0.8680515716783217 0.514608805944056 0.8778784178321678 0.5047145882867133 0.8822011127622378 0.48846559265734263 0.8799039265734265 0.4454856695804196 0.8766268505244755 0.43323401748251744
1 0.8307801057692307 0.6057485472027972 0.822852791958042 0.610270069055944 0.7810554213286713 0.6468333216783216 0.7708374956293705 0.6783486818181819 0.7699216888111887 0.6938111354895105 0.7761461066433567 0.6955140314685314 0.7984212412587413 0.6831944597902099 0.8138825987762237 0.6724479729020979 0.8244954388111888 0.6601294965034965 0.8296704029720279 0.6495150122377622 0.8349083566433567 0.6119724169580419 0.8307801057692307 0.6057485472027972
1 0.3158886223776224 0.10471140122377623 0.3041611486013986 0.1083160201048951 0.272976618006993 0.1325607972027972 0.25286502272727274 0.1600804589160839 0.24998395716783217 0.17868798426573426 0.26387387412587415 0.17862116083916085 0.29708993968531466 0.1592900812937063 0.3069814178321678 0.13996119318181818 0.3196252456293706 0.12672526748251747 0.31955842132867135 0.11283535052447552 0.3158886223776224 0.10471140122377623
2 0.49370465734265734 0.7894285856643357 0.4688732613636364 0.7906757701048951 0.454393986013986 0.7940185743006993 0.4521011826923077 0.797687826048951 0.47162615909090916 0.8025998793706294 0.49462265559440555 0.7972907194055945 0.4980947237762238 0.7929006538461538 0.49370465734265734 0.7894285856643357
1 0.5049101433566434 0.8088210096153846 0.4925916678321678 0.7982081695804195 0.4965221870629371 0.7919180236013986 0.49010113374125874 0.7893634055944057 0.45308381293706296 0.7961152893356643 0.4422748846153846 0.8134131905594405 0.4486313059440559 0.8254024790209791 0.4685495533216783 0.8320179772727273 0.49403603583916084 0.8297224344405594 0.5100872998251748 0.8215311136363637 0.5049101433566434 0.8088210096153846
3 0.4430321958041958 0 0.2812652736013986 0.03734683653846154 0.26857943006993007 0.053283819930069934 0.2695626075174825 0.057542430069930074 0.27834328758741256 0.0703177132867133 0.28168390034965035 0.06147240122377622 0.2875155952797203 0.06730300087412587 0.32767798863636366 0.06251637587412587 0.3497564868881119 0.04934508216783217 0.37209789685314687 0.04508428059440559 0.43597595716783216 0.018674321678321677 0.4642794222027972 0.013037070804195803 0.47757888374125873 0.004583934440559441 0.4902814895104895 0 0.4430321958041958 0
3 0.1783100375874126 0.21407471066433564 0.17208561975524475 0.21237181468531469 0.14103254545454544 0.24107183741258742 0.09884464248251748 0.30508738024475524 0.09622539248251749 0.32094310402097903 0.1022537229020979 0.3276254256993007 0.1042200777972028 0.336142645979021 0.11109958216783217 0.3367971853146853 0.12380913811188811 0.325788881993007 0.1341590673076923 0.3045599143356643 0.1446415480769231 0.29944848601398605 0.16475369055944056 0.27775997115384615 0.1824404798951049 0.2436231687062937 0.18584572465034965 0.22534318618881116 0.1783100375874126 0.21407471066433564
3 0.5810486223776223 0.8724323243006993 0.5263406783216783 0.8725029825174825 0.43166587937062934 0.8665496940559441 0.41843050174825175 0.8597370131118881 0.35467951398601394 0.8439530437062938 0.35173162412587416 0.848670652972028 0.3546148811188811 0.8533877141608391 0.35199453496503497 0.8575811442307691 0.35887458741258743 0.8640668304195803 0.3592026791958042 0.869373798076923 0.3924225795454545 0.8908607465034964 0.4175168863636364 0.8985240533216783 0.42793528321678326 0.9086784431818182 0.430424173951049 0.9000297666083916 0.4528970393356643 0.9002242106643357 0.46337951923076925 0.8951127823426575 0.4799555104895105 0.8930801512237762 0.5508472701048951 0.9009357115384616 0.5731886800699301 0.8966749090909091 0.5881915865384615 0.8878285017482517 0.590942291958042 0.8764280236013986 0.5810486223776223 0.8724323243006993
1 0.7068980900349651 0.7491801931818182 0.700936034965035 0.7505566416083916 0.6504237124125875 0.7765722342657343 0.6407935017482518 0.787318173951049 0.6423014064685315 0.7977354737762238 0.6561261433566433 0.8012721748251748 0.7040181197552448 0.7794500131118881 0.710044805944056 0.7686388933566434 0.7104364335664336 0.7528488968531468 0.7068980900349651 0.7491801931818182
1 0.489244465034965 0.0395697194055944 0.4539957683566434 0.042324808566433565 0.42366186451048954 0.0547106555944056 0.4194038015734266 0.061524980769230776 0.42005998426573427 0.07213891695804196 0.4245815061188811 0.08006623076923078 0.42995420192307693 0.0819657631118881 0.45609577097902093 0.07862186276223776 0.49625706818181814 0.06217294493006993 0.4993358653846154 0.056079434440559434 0.489244465034965 0.0395697194055944
0 0.08389102797202797 0.14122700524475523 0.07943578234265734 0.14135846066433566 0.042097493006993 0.21860828583916084 0.04124686625874126 0.23046721503496503 0.0373815270979021 0.23315383653846153 0.02146500611888112 0.28078728496503497 0.018585035839160838 0.3110571048951049 0.015768054195804196 0.3143988129370629 0.02009239248251748 0.31564325874125876 0.04020343968531469 0.2822924501748252 0.049441474650349655 0.2815053601398601 0.05022801660839161 0.28491224825174827 0.04570759090909091 0.2886472281468531 0.04669186451048951 0.30456813199300703 0.040796085664335666 0.31400335052447553 0.04282871678321678 0.3305793409090909 0.03765320367132867 0.3353626783216783 0.044470267482517485 0.3687764755244755 0.05691745979020979 0.35468882692307696 0.06052098426573427 0.354754006993007 0.07277044493006993 0.3281523435314685 0.062221688811188815 0.32520500174825173 0.07565151136363636 0.30954481730769234 0.07440542220279721 0.296375715034965 0.0706704423076923 0.29185528933566435 0.07486332517482518 0.28864448863636366 0.07859830506993007 0.29316491433566433 0.09052022202797202 0.2670874291958042 0.09549964685314685 0.26728351748251744 0.09622100961538461 0.2742939291958042 0.10120043444055944 0.27449001748251745 0.10932383653846153 0.2649890708041958 0.10591639947552448 0.25994446590909087 0.1126649965034965 0.2619749055944056 0.11744669055944056 0.24965697727272726 0.11521851923076924 0.24389155856643355 0.11056663811188812 0.24317129195804194 0.11259707779720281 0.23642269493006993 0.11593823776223776 0.23340852972027973 0.12039403146853148 0.23910822115384617 0.14227260751748252 0.1900983243006993 0.16395619143356643 0.15773014597902096 0.16959070279720279 0.15687787587412588 0.1684103417832168 0.14593639685314685 0.1936328173076923 0.12306806818181819 0.22055983304195803 0.11146876311188811 0.23693809265734267 0.09692211625874125 0.23706790472027975 0.0838839222027972 0.24394631293706295 0.07287616695804196 0.24715711363636367 0.07706904982517483 0.23968934615384616 0.09135278496503497 0.24401368444055946 0.09259723076923077 0.251482 0.08414464160839161 0.25573951486013985 0.07149917045454546 0.2525281660839161 0.061475140734265736 0.23706516520979018 0.05472818793706293 0.2282861284965035 0.05944634440559441 0.2231100681818182 0.058398534965034964 0.23267258653846154 0.04856534265734266 0.12725785926573427 0.07290225 0.09338923513986014 0.12019467307692307 0.08389102797202797 0.14122700524475523
0 0.03850328234265735 0.3176726022727273 0.028807344405594404 0.32619091870629374 0.01085764423076923 0.35141722989510493 0.0053562316433566435 0.3742181861888112 0.004249268356643357 0.44714038548951046 0.010344422202797203 0.4677126232517482 0.012440590034965034 0.4631916494755245 0.00863933479020979 0.4506124536713286 0.010735501748251748 0.4460914798951049 0.015453111013986014 0.4490393697552448 0.014732845279720281 0.4536912508741259 0.019712817307692306 0.459718486013986 0.016962111888111888 0.4711189641608392 0.022203899475524477 0.4743943968531468 0.017552566433566435 0.4795052770979021 0.01401367395104895 0.47000542657342653 0.009558428321678322 0.47013688199300696 0.012706788461538462 0.5070890227272727 0.016311408216783216 0.5188164965034965 0.024501085664335665 0.5173743199300699 0.03013614423076923 0.5223531966783217 0.05254273426573427 0.5144888706293707 0.05843796503496503 0.49922250524475525 0.053914252622377624 0.46797060402097906 0.057844771853146855 0.46168045804195806 0.05633577185314685 0.43960086363636364 0.06092137762237763 0.43226236013986014 0.05639766433566434 0.40101045891608395 0.05299022814685315 0.395965854020979 0.04781471590909091 0.4007491914335664 0.042900471153846154 0.39694957954545457 0.04552081730769231 0.3927561494755245 0.041457746503496505 0.3829287552447552 0.04387926573426573 0.35455901486013985 0.04151799562937063 0.32684490996503496 0.03850328234265735 0.3176726022727273
3 0.2509567412587413 0.7696648041958042 0.23071040297202797 0.7577423391608391 0.20201257167832168 0.7500138513986014 0.20024285227272726 0.7423483531468532 0.1963775131118881 0.7450349746503496 0.1880558312937063 0.7361907587412587 0.1751485445804196 0.7346850454545455 0.16590996153846155 0.7296409886363636 0.15758937674825177 0.7324590664335664 0.1501210611888112 0.7409116547202798 0.16375080594405594 0.7610900734265734 0.16945104545454548 0.7624654265734265 0.22468755157342657 0.809371486013986 0.25797208391608395 0.821423763986014 0.2642616818181818 0.8195231363636363 0.26052615472027973 0.8091715638111888 0.2666848444055944 0.8086468365384616 0.27022318881118884 0.8123155410839161 0.27395707255244756 0.8051736730769231 0.2509567412587413 0.7696648041958042
1 0.18474040472027972 0.31575882604895106 0.18146442395104895 0.31516946765734266 0.16692051660839163 0.32794694230769234 0.1606977421328671 0.343737486013986 0.15952012062937063 0.36195174125874124 0.16253428583916082 0.3652929020979021 0.17491684615384614 0.3606399248251748 0.18395715034965035 0.34733881905594405 0.18578931031468532 0.3222450594405594 0.18474040472027972 0.31575882604895106