2 0.3890625 0.430859375 0.392578125 0.425 0.40078125 0.446484375 0.40078125 0.452734375 0.39296875 0.459765625 0.408203125 0.46171875 0.41171875 0.456640625 0.4078125 0.421484375 0.4125 0.399609375 0.4125 0.354296875 0.405859375 0.346875 0.399609375 0.346875 0.39375 0.353515625 0.39453125 0.365234375 0.3875 0.376953125 0.38515625 0.393359375 0.3796875 0.401953125 0.38203125 0.416015625 0.378125 0.431640625 0.38125 0.451953125 0.3734375 0.463671875 0.38125 0.466015625 0.3921875 0.460546875 0.3890625 0.430859375
1 0.149609375 0.5796875 0.15703125 0.573046875 0.1640625 0.555078125 0.16328125 0.536328125 0.159375 0.517578125 0.14296875 0.494921875 0.137109375 0.4875 0.121484375 0.48125 0.10078125 0.496484375 0.09609375 0.510546875 0.09609375 0.530859375 0.10078125 0.544921875 0.112109375 0.5515625 0.125 0.564453125 0.13359375 0.579296875 0.1390625 0.580859375 0.141796875 0.578125 0.149609375 0.5796875
1 0.601953125 0.7640625 0.628515625 0.7453125 0.6453125 0.726953125 0.65546875 0.694921875 0.65546875 0.679296875 0.6484375 0.648828125 0.616015625 0.6390625 0.530078125 0.62578125 0.466796875 0.61796875 0.433984375 0.6171875 0.394921875 0.634375 0.329296875 0.63828125 0.305078125 0.6484375 0.2953125 0.662109375 0.29296875 0.680859375 0.296875 0.697265625 0.3046875 0.709765625 0.322265625 0.7265625 0.425390625 0.76015625 0.493359375 0.77109375 0.52265625 0.771484375 0.548046875 0.76640625 0.601953125 0.7640625
1 0.561328125 0.83984375 0.661328125 0.834375 0.710546875 0.8125 0.73359375 0.786328125 0.7390625 0.769140625 0.735546875 0.76484375 0.691796875 0.77109375 0.655078125 0.76484375 0.557421875 0.76796875 0.488671875 0.778125 0.450390625 0.778125 0.432421875 0.78671875 0.42421875 0.794921875 0.41796875 0.808984375 0.433984375 0.8265625 0.478515625 0.84140625 0.4984375 0.841796875 0.512109375 0.83828125 0.561328125 0.83984375
1 0.551171875 0.31796875 0.5609375 0.310546875 0.5609375 0.286328125 0.53828125 0.256640625 0.506640625 0.22734375 0.441015625 0.22578125 0.416015625 0.23046875 0.406640625 0.23515625 0.39921875 0.244921875 0.39765625 0.267578125 0.407421875 0.271875 0.41953125 0.287109375 0.425 0.298046875 0.428125 0.317578125 0.431640625 0.32109375 0.45234375 0.320703125 0.537109375 0.31484375 0.551171875 0.31796875
1 0.31875 0.357421875 0.3234375 0.342578125 0.32578125 0.312109375 0.32109375 0.282421875 0.316015625 0.271875 0.304296875 0.271875 0.282421875 0.2796875 0.259765625 0.29140625 0.24765625 0.303515625 0.2421875 0.333984375 0.24453125 0.373046875 0.247265625 0.3796875 0.253125 0.379296875 0.285546875 0.37109375 0.31875 0.357421875
3 0.11796875 0.326171875 0.12578125 0.300390625 0.123828125 0.28984375 0.1140625 0.296484375 0.09609375 0.327734375 0.08515625 0.373046875 0.08671875 0.383203125 0.090625 0.383203125 0.10546875 0.359765625 0.11796875 0.326171875
3 0.16015625 0.340234375 0.1703125 0.329296875 0.17578125 0.317578125 0.184375 0.291015625 0.180859375 0.27734375 0.15625 0.298828125 0.14375 0.316015625 0.13203125 0.355078125 0.1328125 0.366796875 0.1421875 0.371484375 0.15390625 0.362109375 0.16015625 0.340234375
3 0.7203125 0.230078125 0.70390625 0.201953125 0.69921875 0.187890625 0.687109375 0.18046875 0.674609375 0.1796875 0.67265625 0.180859375 0.6875 0.196484375 0.68671875 0.200390625 0.6953125 0.208203125 0.6953125 0.216015625 0.70703125 0.231640625 0.7171875 0.255078125 0.73359375 0.320703125 0.734375 0.345703125 0.741015625 0.35234375 0.75 0.355078125 0.74453125 0.319921875 0.7203125 0.230078125
3 0.7703125 0.277734375 0.7734375 0.274609375 0.76875 0.271484375 0.76484375 0.260546875 0.7625 0.238671875 0.764453125 0.23515625 0.777734375 0.23359375 0.78046875 0.227734375 0.77109375 0.196484375 0.745703125 0.17265625 0.739453125 0.17109375 0.73984375 0.176953125 0.736328125 0.17734375 0.701953125 0.1578125 0.70234375 0.176171875 0.718359375 0.19453125 0.74609375 0.218359375 0.75234375 0.227734375 0.75390625 0.235546875 0.74921875 0.241796875 0.7609375 0.273828125 0.7640625 0.294921875 0.7703125 0.299609375 0.7734375 0.294921875 0.7703125 0.277734375
3 0.824609375 0.2296875 0.83203125 0.227734375 0.83671875 0.216015625 0.8296875 0.208203125 0.765234375 0.16015625 0.730078125 0.140625 0.701953125 0.1296875 0.69921875 0.133203125 0.70078125 0.137890625 0.6953125 0.141796875 0.696875 0.156640625 0.70078125 0.162109375 0.70078125 0.176171875 0.708984375 0.18125 0.717578125 0.19296875 0.721484375 0.19296875 0.72109375 0.184765625 0.715625 0.180859375 0.71953125 0.176953125 0.71875 0.173046875 0.71328125 0.169140625 0.721484375 0.16875 0.765625 0.206640625 0.77734375 0.221484375 0.778515625 0.23203125 0.790234375 0.23515625 0.800390625 0.2421875 0.8078125 0.242578125 0.816015625 0.23984375 0.824609375 0.2296875
0 0.183203125 0.25078125 0.203515625 0.23359375 0.212109375 0.2296875 0.219921875 0.23125 0.221875 0.223828125 0.235546875 0.21328125 0.2421875 0.215234375 0.24375 0.224609375 0.23984375 0.227734375 0.240234375 0.23203125 0.234765625 0.23203125 0.232421875 0.225 0.225 0.231640625 0.23203125 0.233984375 0.234375 0.248046875 0.224609375 0.25 0.21796875 0.255078125 0.219921875 0.25703125 0.239453125 0.2546875 0.248046875 0.24765625 0.270703125 0.23984375 0.278515625 0.23046875 0.286328125 0.23203125 0.291015625 0.225 0.301953125 0.221875 0.305859375 0.21640625 0.346484375 0.209375 0.359765625 0.20234375 0.380859375 0.19921875 0.386328125 0.19453125 0.396484375 0.1921875 0.4 0.174609375 0.4046875 0.170703125 0.415625 0.136328125 0.421875 0.133984375 0.423828125 0.12109375 0.42734375 0.123046875 0.425 0.141796875 0.42890625 0.145703125 0.421875 0.148828125 0.428125 0.153515625 0.419921875 0.15390625 0.41796875 0.157421875 0.41953125 0.162109375 0.415625 0.165234375 0.41015625 0.187890625 0.416015625 0.20078125 0.423828125 0.19375 0.433984375 0.1921875 0.492578125 0.19140625 0.4984375 0.189453125 0.494140625 0.18046875 0.508984375 0.18359375 0.526171875 0.1796875 0.533984375 0.18125 0.541796875 0.175 0.554296875 0.1734375 0.573046875 0.165625 0.599609375 0.1703125 0.614453125 0.17734375 0.62109375 0.169140625 0.615625 0.166796875 0.61640625 0.160546875 0.604296875 0.16015625 0.60234375 0.157421875 0.616015625 0.15546875 0.6171875 0.148828125 0.615234375 0.14765625 0.612109375 0.1515625 0.60546875 0.145703125 0.63984375 0.140234375 0.63359375 0.125390625 0.62734375 0.119921875 0.62421875 0.108984375 0.616796875 0.1015625 0.551953125 0.09140625 0.447265625 0.090625 0.397265625 0.0984375 0.341796875 0.11328125 0.316796875 0.121875 0.298828125 0.13203125 0.291015625 0.1328125 0.283203125 0.13984375 0.279296875 0.1390625 0.266796875 0.14765625 0.246484375 0.15546875 0.236328125 0.1640625 0.227734375 0.16484375 0.226171875 0.16875 0.196484375 0.18828125 0.19921875 0.192578125 0.19375 0.195703125 0.184765625 0.21640625 0.173046875 0.21953125 0.17109375 0.213671875 0.167578125 0.2125 0.158203125 0.2234375 0.149609375 0.2265625 0.139453125 0.23984375 0.13203125 0.243359375 0.13125 0.252734375 0.126953125 0.25859375 0.11796875 0.258984375 0.115625 0.270703125 0.10625 0.275390625 0.09296875 0.298828125 0.090625 0.314453125 0.118359375 0.28984375 0.183203125 0.25078125