3 0.17148434176182709 0.6923670897226754 0.1705041313213703 0.7011161990212071 0.18320122267536706 0.7242107765089723 0.19855456199021207 0.73547420228385 0.25939915660685153 0.8093602544861338 0.2616997977161501 0.8214045636215335 0.27047708646003266 0.8326536402936379 0.28790407993474715 0.8440733458401305 0.3361376745513866 0.8554085146818924 0.3569736207177814 0.8577808988580751 0.37523889233278956 0.855949098694943 0.3848119306688418 0.8502538539967374 0.3978646288743883 0.8494729698205546 0.3994412626427406 0.8455813458401304 0.33319911745513864 0.7879719665579119 0.27475405057096247 0.7503607732463295 0.21567003181076672 0.7041992781402936 0.18959333278955956 0.6926089437194127 0.17148434176182709 0.6923670897226754
0 0.4065419951060359 0.8833334347471452 0.40594557096247963 0.8784759494290375 0.3810478898858075 0.8597556672104404 0.36891852528548125 0.8546706769983687 0.35561014274061986 0.8567156337683524 0.36256946166394777 0.8665443572593801 0.38292221778140295 0.8817137553017945 0.39070546574225123 0.8848670228384993 0.4065419951060359 0.8833334347471452
1 0.51346561908646 0.7736449918433931 0.5227260970636216 0.7720970546492659 0.5300266737357259 0.764626367862969 0.5211925089722675 0.7562605261011419 0.4819780570962479 0.7380654429037521 0.474592424959217 0.7381504983686786 0.4683571141924959 0.7442577079934748 0.4699619265905383 0.7506349510603589 0.4891074861337683 0.7626654298531811 0.51346561908646 0.7736449918433931
1 0.5722801231647634 0.8042256419249593 0.5809723564437194 0.8080890864600326 0.5935705619902121 0.8069531141924959 0.6063819241435562 0.8008602528548124 0.6053310073409461 0.7956476794453508 0.5426812373572594 0.7840281296900489 0.5325968303425774 0.7922515212071779 0.533093849918434 0.7962994257748777 0.5441579494290375 0.8027478931484502 0.5642837185970636 0.8060292626427406 0.5722801231647634 0.8042256419249593
1 0.35263009461663947 0.7387443319738989 0.3576013327895596 0.7323814371941272 0.3540791460032626 0.7237742593800979 0.31392752936378465 0.6946001329526916 0.3066413017944535 0.6954947691680261 0.3056610913539967 0.7042438784665579 0.31252100652528547 0.7132630203915171 0.34459116231647635 0.7368551370309951 0.35263009461663947 0.7387443319738989
1 0.16716795840130505 0.6304413270799347 0.15907215008156608 0.6314353670473083 0.1332787960848287 0.652270795269168 0.13557943719412724 0.6643151044045678 0.14093394290375202 0.6677665840130506 0.17365843556280586 0.646491013050571 0.16716795840130505 0.6304413270799347
0 0.15450630016313213 0.2897220497553018 0.1530008907014682 0.2841543874388255 0.14719189314845024 0.28034781892332794 0.13433800326264275 0.28274786460032625 0.1295512251223491 0.29730597145187604 0.12404043882544862 0.29592814518760197 0.1227907145187602 0.28909641027732463 0.11874280995106036 0.28959343066884174 0.10773506851549755 0.3036826965742251 0.10914107422512236 0.30844077732463293 0.10428358890701468 0.30903720146818925 0.11489319575856444 0.31513058156606855 0.10745068760195758 0.31809887194127245 0.10108779282218597 0.31312763376835234 0.09726687601957586 0.3255126827079935 0.09270760277324633 0.32853784991843393 0.09228128874388254 0.3384516280587275 0.08722499592169657 0.3374288907014682 0.08131607585644372 0.35623371044045676 0.0781341101141925 0.3771690603588907 0.08034969657422512 0.3818277373572594 0.07108870065252855 0.4067966435562806 0.06500863295269169 0.45767213703099513 0.06611538988580751 0.5068434135399674 0.0721646867862969 0.5628038980424144 0.07678031810766721 0.5803164649265905 0.08366892985318107 0.5761835057096248 0.08734791598694942 0.55929605954323 0.09800056851549756 0.5456612862969005 0.13100996084828712 0.48654857014681896 0.132572764274062 0.46581202773246333 0.14583965579119088 0.4132323172920065 0.14741784420880913 0.3390777854812398 0.15450630016313213 0.2897220497553018
0 0.48596872593800977 0.11466154486133769 0.46726331076672106 0.10956220554649265 0.43699625774877654 0.11738746329526918 0.4050249877650897 0.11802589722675366 0.38447290456769984 0.12465830668841762 0.3847142406199021 0.12997028384991843 0.39681490783034257 0.14820737683523655 0.3898125432300163 0.15810680668841762 0.40831915089722676 0.16158698368678628 0.5047448482871125 0.1337225668841762 0.6120071402936378 0.12383955872756934 0.6193645929853181 0.11348563621533442 0.6117376256117455 0.1082587137030995 0.5874645473083198 0.10466478384991844 0.5295016337683524 0.10109851468189233 0.5036944502446982 0.10508902446982056 0.48596872593800977 0.11466154486133769
0 0.6481677283849918 0.15062747063621532 0.6792863719412724 0.1698165938009788 0.7349199469820554 0.17449065579119086 0.7644481256117455 0.18072648531810767 0.8002110978792822 0.20427607340946166 0.8312590342577487 0.20950351386623167 0.8446950000000001 0.21853700489396413 0.8796345603588906 0.22534107911908646 0.836457777324633 0.19160767944535073 0.7571342365415987 0.1479312854812398 0.6882922014681893 0.12269079200652529 0.6299460203915171 0.1093101484502447 0.6233699698205546 0.10929580016313215 0.6200747699836868 0.11257665089722674 0.6184269110929853 0.1259275611745514 0.6481677283849918 0.15062747063621532
1 0.20896846982055464 0.5994226052202284 0.18800494045677 0.5859717732463295 0.18395703670473085 0.5864687936378467 0.185788836867863 0.6047340652528548 0.2095361965742251 0.6174321924959216 0.212476308319739 0.6146058344208809 0.20896846982055464 0.5994226052202284
1 0.6759163197389886 0.3465035138662316 0.7044079306688418 0.3409507185970636 0.70457855954323 0.3323010138662317 0.6911000668841761 0.31957470636215335 0.6626653319738989 0.322244266721044 0.6579497789559543 0.327343088091354 0.6599522079934748 0.3369586541598695 0.6680761957585645 0.34623348123980424 0.6759163197389886 0.3465035138662316
1 0.7382545652528548 0.31542843474714516 0.7198473621533442 0.31275783768352367 0.7107856916802611 0.3159249363784666 0.7182845587275692 0.3334943800978793 0.7500995481239804 0.3349296003262643 0.7479977153344209 0.324504453507341 0.7382545652528548 0.31542843474714516
1 0.7979355269168026 0.3430264453507341 0.8025942039151713 0.34081085970636216 0.801997779771615 0.33595337438825446 0.7927659991843393 0.3243492088091354 0.7767875383360523 0.32138040048939637 0.7685354486133769 0.3244480946166395 0.7715462675367047 0.3355834192495922 0.7776534771615008 0.34181873001631324 0.7979355269168026 0.3430264453507341
1 0.7799269755301794 0.29675223409461665 0.7719023915171289 0.2882869885807504 0.7521885872756934 0.2816678915171289 0.7429281092985318 0.2832158287112561 0.7448311345840131 0.2920218140293638 0.7546736884176183 0.30190741353996736 0.7811198238172921 0.30646720473083194 0.7799269755301794 0.29675223409461665
1 0.8401336541598695 0.3152460481239804 0.8456157430668843 0.32977597553017945 0.8628014004893965 0.3358837039151713 0.860600163132137 0.32464897553017946 0.8476186900489395 0.31597057340946166 0.8401336541598695 0.3152460481239804
1 0.8674324168026101 0.29997828221859707 0.862433 0.29607230913539967 0.8273658564437194 0.27818978711256115 0.8203353123980424 0.27782034991843396 0.8209317365415987 0.2826778352365416 0.8328904722675368 0.29641253099510606 0.8723606092985318 0.3133435407830342 0.8674324168026101 0.29997828221859707
3 0.7907369453507341 0.2342018686786297 0.7538374828711256 0.22147504323001632 0.7520620407830343 0.2237475057096248 0.7568908287112561 0.23630318352365415 0.7768316199021208 0.2548103091353997 0.8150233352365416 0.2780616859706362 0.8265562748776508 0.2782891908646003 0.8632425807504077 0.2959729053833605 0.8729713817292005 0.3116249747145187 0.8859103270799347 0.3166105611745514 0.888765383360522 0.30639857096247963 0.8807126199021208 0.28766445758564435 0.8664670734094617 0.2787303711256117 0.8555167275693311 0.2665154331158238 0.8405610040783034 0.25849033115823816 0.8246819469820554 0.25633110358890704 0.810649557096248 0.2424401272430669 0.7907369453507341 0.2342018686786297
3 0.9120444200652529 0.301896691680261 0.9206515978792823 0.2983745048939641 0.9093748605220229 0.2734619575856444 0.904574251223491 0.27117514681892335 0.878369451060359 0.27192733278955955 0.8767928172920066 0.2758189567699837 0.8884815195758564 0.29739377732463296 0.9035935228384993 0.3033452251223491 0.9120444200652529 0.301896691680261
3 0.891982103588907 0.6404705717781403 0.9013281557911909 0.62288729771615 0.909893323817292 0.5922513262642741 0.9109591068515498 0.5674668792822186 0.9022243466557911 0.55991061908646 0.8922249942903752 0.57551964274062 0.8796969771615007 0.6140382667210441 0.8795545277324633 0.6329568384991844 0.891982103588907 0.6404705717781403
3 0.8432791500815661 0.6587773352365416 0.8376397446982057 0.6931629991843393 0.8340888605220228 0.6977079241435563 0.8344577797716151 0.7140983491027733 0.8447548254486134 0.7243390375203915 0.8594697316476345 0.7036311924959217 0.8822384363784666 0.6548155220228384 0.8759324184339314 0.6469610497553018 0.8718276378466557 0.6503413050570963 0.8728647234910277 0.6387089600326264 0.8643287707993476 0.6327718613376836 0.8509491639477976 0.6442761044045677 0.8432791500815661 0.6587773352365416
3 0.8177691419249592 0.7120385252854813 0.7892339673735727 0.760740442903752 0.7909950603588907 0.7650440318107667 0.8158220350734094 0.7698026313213703 0.8281932528548124 0.7567786305057096 0.8448542300163131 0.7251486182707993 0.8440021215334421 0.7215552063621533 0.8370709820554649 0.721995349918434 0.8352673605220229 0.713998945350734 0.8379092601957586 0.7087438442088091 0.832924191680261 0.6982618205546492 0.8177691419249592 0.7120385252854813
3 0.7553862960848288 0.833104665579119 0.786434751223491 0.814911137030995 0.7980676133768352 0.792527253670473 0.7878130954323002 0.7859793817292007 0.7730274828711255 0.7927255440456771 0.7550173776508972 0.8167142398042414 0.7570198066884176 0.826329805872757 0.7526593417618271 0.830974134584013 0.7553862960848288 0.833104665579119
3 0.9306032406199021 0.5132823556280588 0.9287289127243067 0.4913242683523654 0.9232324755301794 0.48337039070146814 0.9157612699836868 0.49949078384991846 0.9059458597063622 0.5467159893964111 0.9108740513866231 0.5600812479608483 0.9168393295269168 0.5618141623164764 0.9306032406199021 0.5132823556280588
1 0.8924125628058728 0.443189041598695 0.8939036231647636 0.4553327544861338 0.8999683050570962 0.45787524959216963 0.9061754371941273 0.4414991729200653 0.898662222675367 0.4305057805872757 0.8924125628058728 0.443189041598695
1 0.857228557096248 0.5715988034257748 0.8579674314845025 0.5575377161500816 0.8527692063621535 0.5520125815660685 0.8472440717781404 0.5572108066884176 0.8364633181076673 0.5831881019575856 0.8366477773246329 0.5913833148450245 0.8411927014681891 0.5949341990212071 0.857228557096248 0.5715988034257748
1 0.8653812422512236 0.5677215277324633 0.8603674763458401 0.5703916060358891 0.8481663686786296 0.5981868711256118 0.85026820228385 0.608612017944535 0.8551256876019575 0.6080155938009788 0.8695567300163133 0.5783029551386623 0.8653812422512236 0.5677215277324633
1 0.8194467349102773 0.6386935750407831 0.8316334934747145 0.6174743621533442 0.8294891329526917 0.603356398858075 0.8245322430668842 0.6031432422512235 0.8049880318107667 0.6347163776508973 0.8052718947797716 0.6437211712887438 0.811336577487765 0.6462636663947797 0.8194467349102773 0.6386935750407831
1 0.8340191900489397 0.6369043026101142 0.8289203694942904 0.6321887495921696 0.8057258694942904 0.6674972292006525 0.8074300864600326 0.6746840530179445 0.814105541598695 0.6755079820554649 0.8348144225122349 0.6433809494290375 0.8340191900489397 0.6369043026101142
1 0.20109048123980425 0.3846710350734095 0.19384678140293637 0.3892584877650897 0.18741214355628058 0.4171675048939641 0.18910201223491027 0.4309303800978793 0.19415830505709625 0.43195311745513865 0.20376055954323002 0.3896848009787928 0.20109048123980425 0.3846710350734095
1 0.18884943637846655 0.2916686386623165 0.18399195106035887 0.2922650628058727 0.1775434836867863 0.30332916231647633 0.17639264437194127 0.3207279771615008 0.18144893800978792 0.3217507145187602 0.18632077161500818 0.3145782389885807 0.18884943637846655 0.2916686386623165