1 0.2048401139937107 0.6120042232704402 0.20506732547169812 0.6084519756289308 0.201055929245283 0.5814010432389938 0.19540823349056602 0.5772120369496855 0.1777835110062893 0.5753017594339622 0.1755524921383648 0.5788998278301887 0.17682979009433963 0.5942925856918239 0.18220539937106917 0.6068156753144655 0.20010409827044023 0.6139631556603774 0.2048401139937107 0.6120042232704402
1 0.27128934748427674 0.6448757366352201 0.2765256053459119 0.6378161171383647 0.2759767067610063 0.6205560668238993 0.27064597248427674 0.6032511422955975 0.25894103301886795 0.5971957885220126 0.23261755581761004 0.5925542492138365 0.22710732075471698 0.5943766658805031 0.2261087240566038 0.6181493270440251 0.2328962578616352 0.6317196682389937 0.27128934748427674 0.6448757366352201
1 0.29761282468553457 0.6495172767295597 0.357865463836478 0.660939733490566 0.3677928616352201 0.656703016509434 0.36979477987421383 0.6430859095911949 0.36792370754716985 0.6152149371069182 0.3579027783018868 0.6018727523584906 0.29273178852201254 0.5911796399371069 0.28111943474842765 0.5959175448113208 0.27788792924528305 0.6097169882075472 0.27952989937106915 0.6275689213836477 0.28836706132075474 0.6430972507861635 0.29761282468553457 0.6495172767295597
1 0.4242669866352201 0.6782361533018868 0.4367461462264151 0.6844280227987422 0.45610164465408803 0.6878409190251572 0.46051880738993717 0.6854266187106919 0.5438596383647798 0.6881474850628931 0.5622566902515723 0.6766229921383647 0.5656705322327044 0.6640531367924529 0.5654844158805031 0.6356809756289308 0.5621135589622642 0.6298977091194968 0.5511828396226415 0.623978871855346 0.43614575707547176 0.6244503058176101 0.42348615094339626 0.6306001352201258 0.4176140794025157 0.6503203058176101 0.4187548616352202 0.6664872838050315 0.4242669866352201 0.6782361533018868
1 0.634068302672956 0.627018590408805 0.6330248309748427 0.655573087264151 0.6412691635220126 0.6654088443396227 0.6658160448113207 0.6665439567610063 0.6729654150943396 0.6622165440251572 0.7396361894654088 0.6508219512578616 0.7512934190251572 0.6413022099056603 0.7605325676100629 0.6002227334905661 0.7613507177672957 0.5887917704402515 0.7527884779874214 0.5852862885220126 0.6895324905660377 0.5908966698113207 0.6810160707547169 0.5893949952830189 0.6772366116352201 0.5927200314465408 0.655741735062893 0.5969128183962265 0.6439479897798742 0.6072067790880503 0.634068302672956 0.627018590408805
1 0.8266629488993711 0.6326388797169811 0.8630933254716981 0.6139163600628931 0.8719696918238994 0.5839489937106919 0.8742446415094339 0.568783447327044 0.869598376572327 0.5611787091194969 0.841227161163522 0.5681504685534592 0.8268825998427672 0.5748014858490565 0.814771893081761 0.5982113655660377 0.8104033852201258 0.6229864033018868 0.8134563349056605 0.6350999449685535 0.8266629488993711 0.6326388797169811
1 0.8688614716981132 0.501975212264151 0.8810208341194967 0.5009260699685535 0.8847535275157232 0.4888115833333333 0.8825617130503144 0.4469139559748428 0.8670773144654088 0.4441836391509434 0.8469485416666668 0.4474198694968553 0.8421704866352201 0.4745175676100629 0.8433112688679245 0.4906845455974843 0.8482773301886792 0.5055302948113207 0.8557464984276729 0.508443893081761 0.8688614716981132 0.501975212264151
1 0.6634173231132076 0.44699001886792455 0.6544932460691824 0.4613822900943397 0.6532253985849056 0.5138459646226415 0.6624721077044026 0.5270516336477987 0.6866094410377358 0.5305094048742138 0.7037320298742139 0.5239490833333333 0.7337433262578616 0.5212579709119497 0.7572429559748427 0.5238050070754717 0.7730443168238994 0.5134194056603774 0.7763665172955975 0.49684193474842764 0.7780037625786164 0.4807656525157233 0.7738558514150944 0.45448894025157227 0.7634253750000001 0.44346941509433957 0.6971173820754717 0.44375189779874213 0.6906038254716982 0.4354187594339623 0.686141787735849 0.4426148954402516 0.6708855455974843 0.4431179740566038 0.6634173231132076 0.44699001886792455
1 0.43507582389937105 0.4630067924528302 0.42277994575471695 0.46483015408805034 0.4143561116352201 0.47412173820754716 0.4064363018867925 0.5054552083333334 0.40739569261006287 0.5271782413522013 0.4147292900943396 0.5376517028301887 0.438593591981132 0.5426579143081761 0.5110485778301888 0.5346781084905661 0.5313148121069182 0.5374533011006289 0.5403763498427673 0.5290724520440251 0.5456097727987421 0.5016559025157232 0.5459697201257862 0.47018686242138363 0.5383630911949686 0.461261840408805 0.5175956690251573 0.45680169261006287 0.4652236360062893 0.45954145990566037 0.4518805055031447 0.4627767460691824 0.4480094064465409 0.46209416666666664 0.4435454779874214 0.4557190157232704 0.43507582389937105 0.4630067924528302
1 0.26503559119496856 0.5399951540880503 0.31763578144654087 0.5404887822327044 0.3229178600628931 0.5354329693396227 0.32573887264150947 0.5171705432389937 0.32632697641509434 0.4889348985849057 0.3199957562893082 0.4818313482704402 0.27964656918238995 0.48429619418238995 0.2728151053459119 0.4822933317610063 0.26024714072327043 0.4924507767295597 0.25633494575471694 0.5236926053459119 0.25843133962264153 0.5344400440251572 0.26503559119496856 0.5399951540880503
1 0.20983970990566037 0.5406404190251572 0.21471224135220124 0.537907266509434 0.21521248427672954 0.5328065786163522 0.21648316666666664 0.5006998341194968 0.21375001415094338 0.49582730345911946 0.20304745125786164 0.4931418616352201 0.18574252594339621 0.4984725951257862 0.18023512657232704 0.5206519418238994 0.1828785283018868 0.5350881438679245 0.1900746643081761 0.5395501816037735 0.20983970990566037 0.5406404190251572
1 0.2925300935534591 0.7779442539308176 0.2617426871069182 0.7669275644654089 0.2524978687106918 0.7672931816037736 0.2614715455974843 0.7820472908805031 0.2793253694968553 0.7939766061320755 0.3030531556603773 0.799757037735849 0.30542069103773584 0.7953847500000001 0.2925300935534591 0.7779442539308176
1 0.20977831132075472 0.7537733860062893 0.21943362264150945 0.7578707523584906 0.22826794889937108 0.7530421509433962 0.21592341509433963 0.7325047751572327 0.19570300157232703 0.7317333907232704 0.20977831132075472 0.7537733860062893