1 0.411328125 0.49140625 0.418359375 0.48828125 0.425 0.482421875 0.43046875 0.460546875 0.4296875 0.431640625 0.425 0.419140625 0.412109375 0.4078125 0.391015625 0.40703125 0.332421875 0.4140625 0.281640625 0.4265625 0.27734375 0.433203125 0.28125 0.494140625 0.285546875 0.49921875 0.315625 0.498828125 0.369921875 0.49609375 0.411328125 0.49140625
1 0.349609375 0.3859375 0.388671875 0.3734375 0.39765625 0.358203125 0.396875 0.319140625 0.389453125 0.31171875 0.368359375 0.31328125 0.305859375 0.32734375 0.283203125 0.3375 0.278125 0.366015625 0.27734375 0.393359375 0.279296875 0.396875 0.284375 0.396484375 0.340234375 0.384375 0.349609375 0.3859375
1 0.75625 0.412109375 0.75078125 0.390234375 0.73828125 0.369921875 0.70703125 0.329296875 0.676171875 0.296875 0.652734375 0.2859375 0.633984375 0.290625 0.62734375 0.295703125 0.62578125 0.302734375 0.6359375 0.324609375 0.6484375 0.335546875 0.67734375 0.371484375 0.703125 0.404296875 0.71171875 0.419921875 0.726171875 0.43359375 0.73203125 0.433984375 0.744921875 0.428125 0.75625 0.412109375
1 0.8390625 0.444921875 0.83515625 0.424609375 0.819921875 0.4078125 0.8140625 0.412109375 0.809375 0.429296875 0.78984375 0.519140625 0.79609375 0.536328125 0.806640625 0.5453125 0.8140625 0.545703125 0.8234375 0.526953125 0.8390625 0.444921875
1 0.63671875 0.693359375 0.64453125 0.676953125 0.6453125 0.662109375 0.63359375 0.637890625 0.62421875 0.604296875 0.6015625 0.548828125 0.579296875 0.5171875 0.560546875 0.515625 0.537109375 0.5234375 0.515234375 0.5375 0.5078125 0.548046875 0.5078125 0.567578125 0.540625 0.643359375 0.57265625 0.706640625 0.581640625 0.71328125 0.5953125 0.713671875 0.611328125 0.70859375 0.63671875 0.693359375
1 0.517578125 0.7828125 0.542578125 0.7734375 0.557421875 0.76015625 0.583203125 0.75 0.58671875 0.744921875 0.580859375 0.7421875 0.539453125 0.75078125 0.470703125 0.75703125 0.451171875 0.76015625 0.43515625 0.766796875 0.448828125 0.79140625 0.454296875 0.79453125 0.465625 0.794140625 0.506640625 0.79296875 0.517578125 0.7828125
1 0.57734375 0.208203125 0.57734375 0.204296875 0.568359375 0.1953125 0.537109375 0.1765625 0.498046875 0.159375 0.475390625 0.159375 0.462109375 0.1640625 0.45546875 0.169921875 0.4546875 0.173828125 0.458984375 0.17734375 0.512890625 0.20390625 0.529296875 0.215625 0.54296875 0.218359375 0.568359375 0.2140625 0.57734375 0.208203125
3 0.704296875 0.81640625 0.70859375 0.808203125 0.7359375 0.781640625 0.7421875 0.762890625 0.7578125 0.734765625 0.75859375 0.724609375 0.7453125 0.701171875 0.716796875 0.69140625 0.694921875 0.69609375 0.662890625 0.709375 0.642578125 0.72421875 0.593359375 0.74140625 0.583984375 0.75 0.558203125 0.76015625 0.543359375 0.7734375 0.521484375 0.78203125 0.515625 0.788671875 0.51640625 0.800390625 0.5109375 0.808984375 0.509375 0.819140625 0.51015625 0.832421875 0.515625 0.847265625 0.519921875 0.85 0.551171875 0.853125 0.567578125 0.8625 0.5796875 0.862109375 0.648046875 0.84375 0.704296875 0.81640625
1 0.86640625 0.558203125 0.86640625 0.505859375 0.8625 0.476953125 0.856640625 0.46953125 0.851171875 0.46953125 0.84375 0.482421875 0.846875 0.541015625 0.84296875 0.551171875 0.84296875 0.580859375 0.84453125 0.587890625 0.84765625 0.589453125 0.86015625 0.580859375 0.86640625 0.558203125
1 0.89609375 0.497265625 0.8859375 0.455078125 0.8796875 0.441796875 0.874609375 0.440625 0.8703125 0.446484375 0.8703125 0.457421875 0.88046875 0.484765625 0.8859375 0.516015625 0.88828125 0.516796875 0.8953125 0.509765625 0.89609375 0.497265625
0 0.137109375 0.715625 0.157421875 0.69296875 0.178125 0.679296875 0.17265625 0.666796875 0.17890625 0.663671875 0.180859375 0.6578125 0.185546875 0.6578125 0.188671875 0.65390625 0.192578125 0.65703125 0.194921875 0.65078125 0.200390625 0.65078125 0.212109375 0.6421875 0.216015625 0.64453125 0.223046875 0.640625 0.228515625 0.63203125 0.262890625 0.60703125 0.266796875 0.60078125 0.271484375 0.6015625 0.291015625 0.58515625 0.294140625 0.58671875 0.29765625 0.580859375 0.294140625 0.57578125 0.290234375 0.578125 0.2828125 0.569140625 0.28515625 0.566015625 0.28515625 0.532421875 0.27578125 0.461328125 0.2765625 0.380859375 0.28359375 0.313671875 0.27265625 0.282421875 0.2734375 0.267578125 0.266796875 0.265625 0.259375 0.256640625 0.2484375 0.231640625 0.253125 0.215234375 0.246875 0.187109375 0.24453125 0.180859375 0.230078125 0.16953125 0.212109375 0.17578125 0.165234375 0.2109375 0.12734375 0.247265625 0.10390625 0.274609375 0.07890625 0.330859375 0.059375 0.398046875 0.05 0.476171875 0.05078125 0.532421875 0.0546875 0.571484375 0.0671875 0.630078125 0.07421875 0.650390625 0.084375 0.666796875 0.08671875 0.686328125 0.090625 0.687890625 0.090625 0.694921875 0.0953125 0.697265625 0.09609375 0.701171875 0.10546875 0.706640625 0.1015625 0.718359375 0.106640625 0.71640625 0.109765625 0.71953125 0.115625 0.719140625 0.131640625 0.71875 0.137109375 0.715625
0 0.835546875 0.3421875 0.83515625 0.333984375 0.839453125 0.3296875 0.84375 0.330078125 0.848046875 0.31953125 0.851171875 0.3265625 0.855078125 0.31484375 0.858984375 0.3171875 0.866015625 0.3078125 0.8734375 0.305859375 0.87578125 0.293359375 0.87265625 0.293359375 0.871484375 0.2984375 0.8703125 0.290234375 0.875 0.288671875 0.87890625 0.270703125 0.884375 0.263671875 0.88203125 0.255078125 0.841015625 0.2140625 0.798828125 0.18046875 0.765234375 0.15859375 0.733203125 0.14140625 0.662890625 0.11171875 0.591796875 0.09453125 0.58828125 0.097265625 0.587109375 0.109375 0.573046875 0.1125 0.55703125 0.121484375 0.55703125 0.125390625 0.571484375 0.1375 0.616796875 0.15703125 0.654296875 0.18125 0.666796875 0.19375 0.701953125 0.21875 0.75859375 0.275390625 0.7953125 0.323046875 0.81171875 0.351171875 0.81640625 0.351171875 0.823046875 0.34296875 0.835546875 0.3421875
1 0.233984375 0.178125 0.23984375 0.176953125 0.232421875 0.171875 0.228515625 0.175 0.224609375 0.1703125 0.2203125 0.173046875 0.23046875 0.178515625 0.231640625 0.17578125 0.233984375 0.178125
1 0.2859375 0.176171875 0.281640625 0.175 0.249609375 0.19140625 0.24765625 0.196484375 0.25078125 0.203515625 0.25625 0.204296875 0.280859375 0.1890625 0.2859375 0.176171875