2 0.23125 0.456640625 0.228125 0.423828125 0.2328125 0.406640625 0.229296875 0.4 0.22421875 0.402734375 0.21953125 0.412109375 0.21640625 0.428515625 0.215625 0.460546875 0.2203125 0.461328125 0.227734375 0.4609375 0.23125 0.456640625
2 0.59296875 0.865234375 0.591796875 0.87421875 0.599609375 0.871875 0.615234375 0.853125 0.64140625 0.831640625 0.64140625 0.825390625 0.63046875 0.818359375 0.630078125 0.80703125 0.616015625 0.80859375 0.6078125 0.816015625 0.605078125 0.8234375 0.592578125 0.82734375 0.578125 0.839453125 0.571875 0.848828125 0.56953125 0.863671875 0.55859375 0.874609375 0.561328125 0.878125 0.565625 0.877734375 0.587109375 0.86328125 0.59296875 0.865234375
2 0.51484375 0.849609375 0.487109375 0.82890625 0.456640625 0.8234375 0.4484375 0.832421875 0.448046875 0.84609375 0.484375 0.856640625 0.503515625 0.85625 0.51484375 0.849609375
2 0.47109375 0.744140625 0.4765625 0.730859375 0.475 0.694921875 0.47109375 0.690234375 0.46796875 0.672265625 0.46875 0.661328125 0.4796875 0.653515625 0.475390625 0.6453125 0.469921875 0.64765625 0.446875 0.671484375 0.44375 0.678515625 0.4484375 0.693359375 0.45546875 0.699609375 0.46015625 0.718359375 0.4546875 0.733984375 0.455859375 0.7390625 0.46015625 0.737890625 0.45 0.753515625 0.451953125 0.75625 0.459375 0.756640625 0.46171875 0.750390625 0.47109375 0.744140625
2 0.4828125 0.742578125 0.48984375 0.733984375 0.49609375 0.716796875 0.50859375 0.708984375 0.5078125 0.691015625 0.51328125 0.676171875 0.518359375 0.6734375 0.537109375 0.69140625 0.54921875 0.687890625 0.5484375 0.683984375 0.525390625 0.665625 0.517578125 0.65546875 0.5015625 0.651171875 0.50078125 0.635546875 0.493359375 0.628125 0.484765625 0.628125 0.4765625 0.633203125 0.4796875 0.654296875 0.46953125 0.660546875 0.46796875 0.666796875 0.4703125 0.685546875 0.47578125 0.695703125 0.4765625 0.729296875 0.4671875 0.765234375 0.47578125 0.766015625 0.47890625 0.764453125 0.4828125 0.742578125
2 0.353515625 0.525 0.35703125 0.527734375 0.35703125 0.523828125 0.35390625 0.513671875 0.34453125 0.500390625 0.340625 0.483984375 0.334765625 0.4828125 0.32109375 0.512890625 0.31875 0.541015625 0.3203125 0.550390625 0.3265625 0.555859375 0.334375 0.597265625 0.341015625 0.60390625 0.34609375 0.603515625 0.34765625 0.536328125 0.353515625 0.525
2 0.39765625 0.601171875 0.4 0.569140625 0.409375 0.540234375 0.4078125 0.516015625 0.40390625 0.506640625 0.38984375 0.498046875 0.3890625 0.484765625 0.379296875 0.48203125 0.37421875 0.486328125 0.37421875 0.501953125 0.358203125 0.5140625 0.3578125 0.518359375 0.36796875 0.524609375 0.371875 0.533203125 0.3765625 0.563671875 0.3875 0.602734375 0.3828125 0.612109375 0.39765625 0.615234375 0.40078125 0.612109375 0.39765625 0.601171875
2 0.36484375 0.495703125 0.3640625 0.466796875 0.3609375 0.458203125 0.35390625 0.451953125 0.3546875 0.438671875 0.348828125 0.43671875 0.34375 0.443359375 0.3421875 0.454296875 0.3375 0.458984375 0.334375 0.476171875 0.3421875 0.487109375 0.3453125 0.501953125 0.35390625 0.512109375 0.35859375 0.510546875 0.36484375 0.495703125
2 0.3890625 0.455859375 0.38671875 0.442578125 0.380859375 0.43828125 0.37421875 0.444921875 0.37421875 0.456640625 0.3671875 0.467578125 0.36640625 0.480859375 0.371484375 0.48984375 0.376171875 0.4828125 0.387109375 0.48203125 0.39375 0.494921875 0.3953125 0.466796875 0.3890625 0.455859375
2 0.50078125 0.567578125 0.50234375 0.541796875 0.49921875 0.531640625 0.49453125 0.526953125 0.49609375 0.515234375 0.491015625 0.51015625 0.485546875 0.5109375 0.48125 0.516015625 0.4828125 0.526171875 0.475 0.533203125 0.4703125 0.544921875 0.4703125 0.569140625 0.4765625 0.577734375 0.478125 0.611328125 0.48359375 0.616015625 0.49375 0.612109375 0.50078125 0.567578125
2 0.47890625 0.529296875 0.48046875 0.516015625 0.48515625 0.508203125 0.48203125 0.497265625 0.47421875 0.491015625 0.4796875 0.476953125 0.471484375 0.47109375 0.4640625 0.476171875 0.4640625 0.490234375 0.455078125 0.49375 0.4515625 0.501953125 0.45234375 0.565234375 0.45703125 0.571484375 0.4734375 0.534765625 0.47890625 0.529296875
2 0.5671875 0.419921875 0.5578125 0.404296875 0.548046875 0.39921875 0.54375 0.404296875 0.54453125 0.408203125 0.55234375 0.424609375 0.55703125 0.451171875 0.56171875 0.452734375 0.5671875 0.432421875 0.5671875 0.419921875
2 0.65625 0.396484375 0.653125 0.383203125 0.646484375 0.38125 0.6421875 0.387890625 0.6421875 0.418359375 0.6453125 0.433984375 0.6515625 0.437109375 0.65625 0.431640625 0.65625 0.396484375
3 0.11015625 0.578515625 0.113671875 0.57421875 0.120703125 0.57421875 0.13046875 0.560546875 0.13984375 0.533984375 0.146875 0.528515625 0.1765625 0.481640625 0.18515625 0.462109375 0.21484375 0.434765625 0.2171875 0.417578125 0.22421875 0.402734375 0.229296875 0.4 0.236328125 0.40546875 0.240234375 0.4046875 0.280859375 0.3671875 0.28984375 0.344921875 0.29765625 0.337890625 0.29765625 0.330078125 0.30859375 0.326171875 0.312890625 0.3140625 0.326171875 0.3125 0.330078125 0.31484375 0.339453125 0.30546875 0.358203125 0.29765625 0.385546875 0.28046875 0.393359375 0.27890625 0.410546875 0.26484375 0.419140625 0.265625 0.423828125 0.27109375 0.427734375 0.26640625 0.430078125 0.271875 0.449609375 0.2703125 0.474609375 0.26328125 0.482421875 0.265625 0.569921875 0.26484375 0.58515625 0.255859375 0.58515625 0.248828125 0.577734375 0.2421875 0.565234375 0.23828125 0.537890625 0.21796875 0.466796875 0.2140625 0.458984375 0.21796875 0.435546875 0.21640625 0.405859375 0.2203125 0.340234375 0.23515625 0.314453125 0.23359375 0.298828125 0.2390625 0.262890625 0.2421875 0.196484375 0.28046875 0.19140625 0.277734375 0.1921875 0.267578125 0.187109375 0.26640625 0.162890625 0.28359375 0.130078125 0.3234375 0.123828125 0.31484375 0.118359375 0.31484375 0.103125 0.336328125 0.0984375 0.351171875 0.0859375 0.372265625 0.0765625 0.414453125 0.071875 0.455859375 0.0703125 0.519921875 0.075 0.566015625 0.0859375 0.623828125 0.08984375 0.636328125 0.09453125 0.637890625 0.10703125 0.608984375 0.11015625 0.578515625
2 0.5609375 0.348828125 0.56328125 0.337109375 0.551171875 0.32734375 0.5484375 0.330078125 0.55 0.358984375 0.555078125 0.3640625 0.56015625 0.363671875 0.56328125 0.360546875 0.5609375 0.348828125