1 0.498828125 0.4546875 0.501953125 0.459375 0.508984375 0.46171875 0.521484375 0.46171875 0.555859375 0.45234375 0.5671875 0.443359375 0.574609375 0.4296875 0.583203125 0.428125 0.59375 0.420703125 0.59140625 0.323046875 0.58359375 0.251171875 0.5859375 0.242578125 0.598828125 0.2359375 0.60078125 0.230078125 0.58359375 0.219921875 0.57734375 0.191796875 0.553515625 0.15625 0.522265625 0.1515625 0.490234375 0.15078125 0.404296875 0.1578125 0.395703125 0.1609375 0.3703125 0.180859375 0.33828125 0.230859375 0.329296875 0.23984375 0.316796875 0.24296875 0.31171875 0.249609375 0.31796875 0.267578125 0.28984375 0.324609375 0.27421875 0.403515625 0.27578125 0.436328125 0.28203125 0.451171875 0.290234375 0.4578125 0.309765625 0.46328125 0.330078125 0.46015625 0.333984375 0.4625 0.338671875 0.459375 0.366015625 0.4640625 0.44375 0.465234375 0.478515625 0.45078125 0.498828125 0.4546875
1 0.92578125 0.568359375 0.93046875 0.541796875 0.9296875 0.488671875 0.93515625 0.480078125 0.93515625 0.455078125 0.93046875 0.455078125 0.9328125 0.466796875 0.930078125 0.46875 0.92578125 0.459765625 0.91640625 0.408203125 0.90546875 0.380859375 0.890234375 0.3609375 0.877734375 0.35078125 0.866796875 0.3484375 0.8640625 0.349609375 0.86484375 0.361328125 0.87421875 0.398828125 0.88984375 0.508984375 0.890625 0.541796875 0.88671875 0.585546875 0.88984375 0.597265625 0.895703125 0.603125 0.89921875 0.602734375 0.915625 0.591796875 0.92578125 0.568359375
1 0.4765625 0.908203125 0.48671875 0.902734375 0.47890625 0.897265625 0.48125 0.879296875 0.4765625 0.855859375 0.46484375 0.828515625 0.459765625 0.8234375 0.438671875 0.81953125 0.412109375 0.80703125 0.361328125 0.7953125 0.358203125 0.7921875 0.298046875 0.77421875 0.274609375 0.76875 0.259375 0.772265625 0.2671875 0.803515625 0.2921875 0.858984375 0.31171875 0.886328125 0.322265625 0.89609375 0.346484375 0.90859375 0.388671875 0.92265625 0.421484375 0.928125 0.465625 0.929296875 0.471875 0.927734375 0.4765625 0.908203125
1 0.78125 0.180859375 0.741796875 0.14140625 0.693359375 0.1171875 0.67265625 0.113671875 0.724609375 0.1671875 0.79765625 0.208984375 0.796875 0.203515625 0.78125 0.180859375
1 0.673046875 0.09296875 0.653515625 0.08359375 0.621484375 0.0734375 0.6046875 0.074609375 0.626171875 0.090625 0.690625 0.110546875 0.68984375 0.106640625 0.673046875 0.09296875
1 0.563671875 0.09375 0.547265625 0.08203125 0.518359375 0.07890625 0.473828125 0.08203125 0.458984375 0.0921875 0.45078125 0.094140625 0.4484375 0.108984375 0.454296875 0.11328125 0.56796875 0.114453125 0.569140625 0.09453125 0.563671875 0.09375
1 0.546875 0.066796875 0.53828125 0.058203125 0.5375 0.049609375 0.530859375 0.04609375 0.490234375 0.046875 0.4859375 0.051171875 0.48515625 0.057421875 0.47421875 0.065234375 0.476171875 0.06953125 0.482421875 0.07109375 0.53046875 0.072265625 0.543359375 0.07109375 0.546875 0.066796875
2 0.40546875 0.118359375 0.4046875 0.109765625 0.391015625 0.10546875 0.369921875 0.1171875 0.36328125 0.123828125 0.35546875 0.141015625 0.3546875 0.145703125 0.3578125 0.145703125 0.390234375 0.13515625 0.40546875 0.118359375
1 0.21640625 0.191796875 0.26953125 0.137109375 0.273046875 0.12890625 0.243359375 0.1421875 0.2 0.180859375 0.1578125 0.233203125 0.1453125 0.258203125 0.15 0.259765625 0.19375 0.222265625 0.21640625 0.191796875
1 0.0765625 0.461328125 0.0890625 0.455078125 0.0984375 0.427734375 0.1125 0.361328125 0.110546875 0.34140625 0.10078125 0.347265625 0.0796875 0.376953125 0.0625 0.421484375 0.059375 0.448046875 0.0546875 0.453515625 0.04921875 0.482421875 0.05078125 0.502734375 0.059375 0.512890625 0.065625 0.481640625 0.0765625 0.461328125
3 0.08671875 0.329296875 0.10703125 0.307421875 0.1265625 0.275390625 0.1484375 0.251171875 0.15234375 0.239453125 0.1765625 0.208203125 0.223046875 0.15859375 0.244140625 0.14140625 0.272265625 0.1265625 0.26875 0.122265625 0.284765625 0.1125 0.359765625 0.0765625 0.397265625 0.0671875 0.4140625 0.055078125 0.399609375 0.05546875 0.338671875 0.07109375 0.266015625 0.1015625 0.205078125 0.13984375 0.150390625 0.18515625 0.11015625 0.228515625 0.08671875 0.259765625 0.0625 0.308984375 0.04765625 0.353515625 0.05234375 0.364453125 0.053125 0.389453125 0.05078125 0.392578125 0.05234375 0.408984375 0.05546875 0.412890625 0.06640625 0.392578125 0.08671875 0.329296875