1 0.4219013566552901 0.5015297363481229 0.46212740784982936 0.5028392320819113 0.49585308447098975 0.49423643771331055 0.5199380281569966 0.4810124138225256 0.5372474189419795 0.4852317465870307 0.541732872013652 0.4811518139931741 0.5411076979522185 0.4692227926621161 0.5636689274744028 0.4513793498293516 0.5874877508532423 0.424925866894198 0.5887043122866894 0.39922971160409554 0.5831525682593857 0.35850882935153583 0.5758483993174062 0.33325922696245736 0.5597537585324232 0.31146076023890784 0.5115911186006826 0.3054407244027304 0.4631569240614335 0.310542292662116 0.4598807866894198 0.3213941535836177 0.4416692329351536 0.3407184658703072 0.4138169436860068 0.35542154778157 0.4178769488054607 0.44919423122866897 0.42333938225255974 0.48821096757679183 0.4198399684300341 0.49480246331058025 0.4219013566552901 0.5015297363481229
1 0.3507707901023891 0.3262579530716724 0.35749625170648464 0.3323135861774744 0.4041816441979522 0.32644925511945394 0.4940137960750853 0.29610895307167234 0.5482821587030716 0.27190453754266214 0.5552345196245734 0.2659864931740614 0.5558186612627987 0.26082940017064843 0.5438558540955631 0.21190037542662116 0.5308979496587031 0.20104489078498294 0.49708658532423206 0.19170949744027302 0.47313923122866897 0.19125569795221845 0.4263645273037543 0.19541588310580205 0.36424888737201366 0.21661390443686007 0.3562622090443686 0.23540235409556312 0.3510978694539249 0.26728629607508536 0.35054932508532427 0.31388056655290103 0.3507707901023891 0.3262579530716724
1 0.5775296296928328 0.23491359215017066 0.5850625085324233 0.2400724965870307 0.64950384556314 0.24694822866894195 0.6527335162116041 0.24336131569965871 0.6729599914675768 0.2380292244027304 0.6806751151877133 0.23036237969283277 0.6661524658703072 0.19780136177474403 0.6348991313993174 0.18021498122866894 0.59095220221843 0.17311959641638225 0.5620263754266211 0.17548994795221842 0.559693433447099 0.1798842790102389 0.5775296296928328 0.23491359215017066
1 0.7541657986348123 0.27948451791808876 0.773850976109215 0.288278614334471 0.7840758515358363 0.28774275170648467 0.7881575955631399 0.28411118344709896 0.7889221697952219 0.2742453609215017 0.7763715981228669 0.24670747098976112 0.758974707337884 0.2326669709897611 0.7381230588737202 0.2260700401023891 0.7331445870307167 0.22889419112627984 0.7541657986348123 0.27948451791808876
1 0.5769900511945393 0.8441385273037543 0.5810253284982935 0.8477719078498294 0.5996369684300341 0.8442332730375427 0.6180699872013652 0.8372863464163822 0.6569117252559726 0.8121815793515358 0.6661970290102389 0.801869204778157 0.6768310486348122 0.7765339146757679 0.6796588225255973 0.7652783447098975 0.6764774300341297 0.7534832883959044 0.647192550341297 0.7571540776450513 0.6244991663822526 0.7643242798634812 0.6108177201365188 0.7804207329351536 0.5825152559726963 0.8028371271331058 0.5760951348122867 0.8352140887372014 0.5769900511945393 0.8441385273037543
2 0.22660046843003412 0.29645287969283274 0.2357946501706485 0.2925533805460751 0.24794694880546073 0.29618857167235496 0.2654385836177474 0.2875821544368601 0.30190453583617743 0.2579026237201365 0.2979139138225256 0.25512131655290105 0.27683536604095565 0.26049806313993173 0.25459215784982936 0.2599549539249147 0.23198446160409555 0.28506334470989764 0.22207217235494883 0.2915637184300341 0.22660046843003412 0.29645287969283274
2 0.02962976279863481 0.540457704778157 0.038956098976109216 0.5472314453924915 0.04716605375426621 0.5327033609215017 0.0464962252559727 0.5199222662116041 0.036901957337883956 0.508036087883959 0.02802036262798635 0.5179000989761092 0.02962976279863481 0.540457704778157
2 0.41473604607508535 0.05504711774744027 0.44029823549488056 0.05370745989761092 0.47115329522184296 0.047391141638225255 0.44922448549488053 0.04469552218430034 0.4145127696245734 0.050786752559726964 0.41473604607508535 0.05504711774744027
1 0.3524236689419795 0.1540070563139932 0.3618411262798635 0.1543679215017065 0.46400419709897606 0.13107110324232082 0.4675929215017065 0.12618375341296928 0.466923093003413 0.11340265870307167 0.4591222815699659 0.1031313156996587 0.42575747013651877 0.1023166518771331 0.3665589138225256 0.11396324914675769 0.35875447952218426 0.11992594880546076 0.35215573720136517 0.1488946186006826 0.3524236689419795 0.1540070563139932
1 0.48503627901023894 0.13295930546075085 0.4890269001706485 0.13574061177474403 0.6152212005119454 0.13895280119453926 0.5942410204778157 0.10544858873720137 0.5297103737201365 0.09686871075085324 0.47683719368600685 0.09878526365187713 0.48503627901023894 0.13295930546075085
1 0.7222999718430034 0.19314996928327646 0.7346290793515359 0.20831047354948803 0.7600536800341297 0.2206486390784983 0.7697855366894198 0.21885699402730377 0.7610898088737201 0.19966121245733787 0.7516295068259385 0.19033125341296928 0.7373711655290103 0.17911671587030717 0.7112731134812287 0.17023149744027302 0.7222999718430034 0.19314996928327646
1 0.6004716518771331 0.11836546075085325 0.6156695648464164 0.13935651023890785 0.647330231228669 0.14026048464163823 0.6561207039249147 0.13680934897610922 0.6372912226962457 0.11173655631399317 0.5968418950511946 0.10616669624573379 0.6004716518771331 0.11836546075085325
1 0.6575104513651877 0.13887254863481227 0.6917255247440273 0.14775957849829352 0.6727174223549488 0.11927849317406145 0.6425376262798634 0.11402484300341297 0.6575104513651877 0.13887254863481227
1 0.6862111894197952 0.1403588532423208 0.6947301075085325 0.14802932167235494 0.7120841544368601 0.15310072781569967 0.7184077184300341 0.15148770392491467 0.7005196211604096 0.12807440102389078 0.6762596800341296 0.12165609129692832 0.6862111894197952 0.1403588532423208
1 0.7113232030716724 0.1467325076791809 0.7094386245733789 0.15153054692832765 0.7233843796928328 0.15678057423208192 0.730515361774744 0.15427082167235495 0.7163034872013652 0.1357913361774744 0.7032544607508533 0.13134872696245734 0.7113232030716724 0.1467325076791809
1 0.7921723105802048 0.5808093899317407 0.7977777679180887 0.5817972406143345 0.8263463523890785 0.5726103054607509 0.8337042337883959 0.5581268762798635 0.8285507636518772 0.5413086928327645 0.8194923592150171 0.5396473907849829 0.8063057440273037 0.5488826040955631 0.792308087883959 0.575248587883959 0.7921723105802048 0.5808093899317407
1 0.7850286476109215 0.6401382892491467 0.7906787602389079 0.6419782124573379 0.8068253029010238 0.6321606689419795 0.8282236843003413 0.6002803498293515 0.8311854240614335 0.5915809982935154 0.8278235989761092 0.5844946715017064 0.8075524684300341 0.5889746894197951 0.7889836723549488 0.6014824180887373 0.7852090802047782 0.6354295597269625 0.7850286476109215 0.6401382892491467
1 0.8558798703071673 0.459561587883959 0.8680768233788396 0.46404885238907856 0.8574017721843004 0.47229802730375425 0.8589236740614334 0.48503446672354944 0.8638556791808873 0.4894752645051195 0.8771334163822525 0.4738271757679181 0.8780820460750852 0.44301858276450506 0.8673677747440273 0.42606462201365186 0.8596544624573379 0.4256144462457338 0.8540918489761092 0.4335956894197952 0.8558798703071673 0.459561587883959
3 0.32987683959044367 0.7101301006825939 0.3374079078498294 0.723406026450512 0.34677889931740613 0.7310318395904437 0.387451502559727 0.7408620648464164 0.40619710836177475 0.7398796493174061 0.44745747696245736 0.7283187389078498 0.4550350110921501 0.7343297167235494 0.4577197610921501 0.7611030324232082 0.4698720588737202 0.7647382235494881 0.5072739598976109 0.7610692465870307 0.5601061083617747 0.7420665793515359 0.57854275 0.7188856109215017 0.5985477610921501 0.7011761339590443 0.6023651962457337 0.6761980861774743 0.6122811083617747 0.6534636706484641 0.5894573822525597 0.641843611774744 0.5898629027303754 0.6332782269624574 0.5925995537542662 0.6284355324232082 0.6051573728668942 0.6235053387372014 0.6136799138225255 0.6149417653583619 0.6148518199658702 0.5883935366894197 0.6016314189419796 0.5480745520477815 0.5790774360068259 0.5334499104095564 0.5625308071672355 0.527481776450512 0.5514128267918089 0.5109761800341297 0.5473757380546075 0.5154598216723549 0.5430707175767918 0.5148310247440273 0.5382298344709898 0.5039773523890785 0.5287677209897611 0.5027644138225257 0.5179587039249146 0.5084573703071673 0.49679084470989765 0.5121299701365187 0.475980228668942 0.52261915443686 0.45871186945392495 0.5354859368600683 0.4513986424914676 0.5508214385665529 0.4184749488054607 0.5828785674061434 0.32644019709897615 0.6364034598976109 0.3163028199658703 0.6467604906143345 0.31455220733788397 0.6541147482935153 0.32987683959044367 0.7101301006825939
3 0.5849236510238908 0.6613055136518772 0.5890947056313993 0.6593780912969283 0.6008432943686007 0.6634616467576792 0.6003001851535836 0.6857048549488054 0.5935282568259386 0.6869141697952218 0.5915079001706485 0.6972730110921502 0.5956324880546076 0.7026105366894199 0.5996249215017064 0.6972748225255972 0.6257265972696247 0.6899259991467577 0.6473892866894198 0.679392159556314 0.6595005529010239 0.6659412363481229 0.6768582226962457 0.6547785998293516 0.6874457747440273 0.6367082576791809 0.6648435136518771 0.6374655861774744 0.6125508515358361 0.6504590870307166 0.5918778233788395 0.6472704479522184 0.5838929573378839 0.6579418762798636 0.5849236510238908 0.6613055136518772
3 0.5419060580204778 0.5089111689419795 0.5565252645051194 0.5107082482935154 0.5599317448805461 0.5186466484641639 0.5584955298634813 0.5238483967576792 0.58858239334471 0.5436319428327645 0.5890736006825938 0.5530047457337884 0.6048538438566553 0.5769557226962457 0.6083031680887372 0.5938632167235495 0.6047126313993174 0.6068675878839591 0.5990625187713311 0.605027664675768 0.5951147406143344 0.6112154513651877 0.5902720460750853 0.608478800341297 0.5904470443686006 0.6281211339590443 0.5830927858361774 0.6263705213310581 0.5743023122866894 0.629821656996587 0.5834053720136518 0.632335031569966 0.5917921365187713 0.6293322602389079 0.5940804240614335 0.6240858566552901 0.6348906160409556 0.6202382585324232 0.6972741885665529 0.6041526749146757 0.7208250802047782 0.5725867542662116 0.721141290102389 0.5623172235494881 0.7302497841296929 0.5404795358361775 0.7363555068259385 0.5102550844709898 0.7261415008532422 0.46208882167235493 0.7141714470989761 0.4456278805460751 0.7007277696245733 0.4010485307167236 0.6974552551194539 0.3956663498293515 0.6870964138225256 0.3936459931740614 0.6777236109215017 0.3941372013651877 0.6619807773037543 0.40350638054607507 0.5963156322525598 0.45479488822525593 0.57232 0.46972305802047787 0.5556786262798635 0.4864018412969283 0.5514611049488054 0.49559421160409556 0.5409664863481229 0.49913465699658704 0.5428492525597269 0.5024536390784983 0.5400232909556314 0.5055921877133106 0.5419060580204778 0.5089111689419795
3 0.7093341868600682 0.41854016552901024 0.7131407534129693 0.4422642431740615 0.7298177244027304 0.467022638225256 0.7316522133105802 0.4857235887372014 0.7397191441979521 0.5092243899317406 0.7340153182593856 0.5471174991467577 0.7245459581911263 0.5783726441979522 0.7294779641638225 0.5828134419795222 0.7345904018771331 0.5825455102389079 0.7528001441979523 0.5713382192832764 0.7714564394197951 0.5686516578498294 0.7799343250853242 0.5592360110921502 0.7875619505119454 0.5417479991467578 0.7989176996587031 0.497577792662116 0.793901819112628 0.4670817866894198 0.8005434052901024 0.4470822107508533 0.7983516749146758 0.42156467662116043 0.7891200836177474 0.39214401962457335 0.77123379778157 0.3606136953924915 0.7439282414675769 0.3368395281569966 0.7345107832764505 0.3364786629692833 0.7228943489761092 0.34306834726962454 0.7116333438566552 0.36459163651877136 0.6967854266211604 0.3828852551194539 0.7093341868600682 0.41854016552901024
3 0.7626720358361775 0.34397413310580205 0.7900614675767919 0.39380351023890786 0.7995163344709898 0.42748453156996585 0.8011275469283277 0.44192511774744025 0.7975816655290102 0.45578156143344706 0.8024243600682595 0.4585182133105802 0.8169096015358361 0.45775907337883964 0.8267343916382253 0.44143753242320816 0.8233780008532423 0.4100001433447099 0.8264326740614335 0.38677089590443686 0.8144215878839591 0.3532238395904437 0.7925464914675768 0.3107951885665529 0.7961370281569966 0.2977908174061433 0.7856424087030717 0.3013312636518771 0.7585957269624574 0.32325463907849833 0.7514182773037543 0.33302933873720136 0.7626720358361775 0.34397413310580205
3 0.5395682226962457 0.9370947354948805 0.5627528148464164 0.9392973353242321 0.5576832201365188 0.9485343609215017 0.5642747167235495 0.9520337747440273 0.5830649769624574 0.9519034325938567 0.6134716732081911 0.9451834052901023 0.6708803959044369 0.9156879300341296 0.6838883899317406 0.9030444249146757 0.7155526791808874 0.8877143575085324 0.7352897585324232 0.8648924428327646 0.7083378216723549 0.8641689001706485 0.633619707337884 0.889445042662116 0.5876524215017065 0.8927084991467577 0.5488143063139932 0.9015792244027304 0.5418172901023891 0.9066451953924916 0.5432945366894198 0.9185295622866894 0.5321711211604095 0.9263750281569966 0.5395682226962457 0.9370947354948805
3 0.5961303080204778 0.8832928523890785 0.6045599155290102 0.8892591749146758 0.6319155614334472 0.8895343532423208 0.6990543293515358 0.8663642542662117 0.707666180887372 0.8595048267918088 0.7130948284982934 0.848967364334471 0.7019750366894197 0.8405787883959044 0.6669507337883959 0.840705507679181 0.6472154658703072 0.855410401877133 0.6016500776450512 0.8663425153583618 0.5959534982935153 0.8717675401023891 0.5961303080204778 0.8832928523890785
3 0.6713897192832764 0.843890523890785 0.6978486373720136 0.8433582841296928 0.7152026834470989 0.8484296894197952 0.7365527866894198 0.8319313395904437 0.7766985853242321 0.7909515836177474 0.7769701399317407 0.7798299795221842 0.7629815418088738 0.765610859215017 0.740916954778157 0.7684760418088737 0.7111354325938567 0.7871250904436861 0.7017590068259385 0.8038503395904437 0.6709003233788395 0.826400699658703 0.6728724010238908 0.8314238276450512 0.668565569112628 0.8389120511945393 0.6713897192832764 0.843890523890785
3 0.7449986988054608 0.764844473549488 0.7577797935153584 0.7641746441979522 0.7669721638225256 0.7683921655290102 0.7760287568259386 0.7781704889078498 0.7749944394197953 0.7910408941979522 0.7805552414675768 0.7911766715017065 0.8054494138225256 0.7689388984641637 0.8272086604095563 0.7276411211604096 0.8266281416382253 0.7165641723549488 0.8164497329351537 0.7098350870307167 0.7977487824232082 0.7116695759385665 0.7773400631399318 0.7298274172354949 0.7515509744027303 0.7431407517064846 0.7428033447098976 0.755560981228669 0.7449986988054608 0.764844473549488
3 0.7904820230375427 0.7197401296928327 0.8063588233788396 0.7129271689419796 0.8183325 0.7131540691126279 0.827614180887372 0.7190757363481228 0.8283751313993174 0.7254439556313993 0.8368530179180887 0.71602830887372 0.8514348156996587 0.6845052320819113 0.8550253515358361 0.6715008609215017 0.8511705068259385 0.6631587525597269 0.8376284616040955 0.6574603609215017 0.8291523865187713 0.6587589872013652 0.8192847534129692 0.666111433447099 0.8004444018771332 0.6897407662116041 0.7990974982935154 0.6966466604095563 0.7910233208191126 0.7056139428327646 0.789362018771331 0.7146723472696246 0.7904820230375427 0.7197401296928327
3 0.8083417696245734 0.6692481706484641 0.8124235136518771 0.6656166023890785 0.8168624999999999 0.6688016186006827 0.8267747892491467 0.662301244880546 0.8386144999999999 0.6599719249146757 0.8498700699658703 0.6627996988054607 0.8552504394197953 0.667644204778157 0.8594214940273037 0.6657167824232082 0.8657933361774744 0.6487217901023891 0.8685354232081911 0.6195280324232082 0.8592090870307167 0.6127542918088736 0.850777667235495 0.6149049906143345 0.8300955819112628 0.6523014564846417 0.8223358029010239 0.659116228668942 0.8161926706484641 0.6560205238907849 0.8081184940273037 0.6649878063139932 0.8083417696245734 0.6692481706484641
3 0.09248398122866894 0.8268097517064846 0.13736323634812286 0.8761497320819112 0.1458393105802048 0.8748511066552901 0.15897764761092148 0.8809978617747442 0.16283611518771332 0.8731059283276451 0.17888791296928327 0.8859353020477816 0.19373039590443686 0.8919927465870306 0.21633265699658705 0.8912354180887372 0.21660240017064847 0.8882308353242321 0.192792635665529 0.8740992133105802 0.18333233361774745 0.8647692542662115 0.19310884556313992 0.8638296825938566 0.20109008873720136 0.8693922960750853 0.21535024146757678 0.8724898131399317 0.19244082849829353 0.842931566552901 0.12128489931740614 0.7812980759385665 0.11393064078498294 0.7795474633105802 0.11338934300341298 0.7936736510238908 0.09581202047781569 0.7843418796928328 0.08065332764505119 0.7885539667235495 0.07334191296928327 0.7957724470989761 0.09248398122866894 0.8268097517064846