1 0.37801850520833336 0.3702826796875 0.3551937057291667 0.39903506944444445 0.34701043402777776 0.44262087413194445 0.35512153385416667 0.45135292274305555 0.3882862213541667 0.46006912326388893 0.39933960763888887 0.46058846701388884 0.4063893793402778 0.4556364487847222 0.41605398263888893 0.42405016927083333 0.42110307812500003 0.41815201128472224 0.4244517847222222 0.3867802612847222 0.41739295746527777 0.37741594357638886 0.4100225234375 0.37468365885416666 0.37801850520833336 0.3702826796875
1 0.3026774470486111 0.5845491302083333 0.2976351432291666 0.6011845399305555 0.2911137717013889 0.6093995086805556 0.2930151067708333 0.6197144930555556 0.2898764019097222 0.6502439722222222 0.2916693402777778 0.6556114661458333 0.30346565711805557 0.6657096571180555 0.3372648776041667 0.6790572144097222 0.35168734635416665 0.6804165651041667 0.3574725798611111 0.6733600017361111 0.36566038020833336 0.6369323645833334 0.36437773003472224 0.6061951475694445 0.3581589088541667 0.5934617473958332 0.3472048637152778 0.5835735581597222 0.3164608541666667 0.5741189565972222 0.3026774470486111 0.5845491302083333
1 0.2181549045138889 0.7620831284722223 0.21329769878472224 0.73850634375 0.17822714756944447 0.7123169904513889 0.17181870138888888 0.7326376171875 0.17835818489583333 0.7530553211805555 0.19426424913194446 0.7699932821180555 0.21669394878472223 0.7822953585069444 0.2181549045138889 0.7620831284722223
1 0.27164474739583333 0.7843659427083334 0.27934489930555556 0.8090988680555555 0.30146072916666666 0.8244538923611111 0.3312563342013889 0.8323300859375 0.33441315104166663 0.8304332795138889 0.3365109036458333 0.8184314895833333 0.33196303993055554 0.7846435885416666 0.29384406944444447 0.7652985329861112 0.28121001041666666 0.7621485086805556 0.27752705729166666 0.7643614496527777 0.2733202326388889 0.7704696102430556 0.27164474739583333 0.7843659427083334
1 0.42139513628472225 0.8798538506944444 0.4596111831597222 0.8862509765625001 0.46686642795138883 0.8732985190972222 0.46959418576388884 0.8587699175347222 0.44127085590277776 0.8485769140625 0.40905683506944446 0.8450182057291666 0.4030616006944444 0.8529170399305556 0.3982315625 0.8722892630208334 0.42139513628472225 0.8798538506944444
1 0.7784114600694445 0.8006775989583333 0.7953562126736111 0.7955087864583333 0.8051405329861111 0.7867654184027777 0.8181787473958333 0.7631773133680555 0.8197503637152779 0.7514916579861111 0.8098553819444444 0.7517084513888889 0.7941774314236111 0.7625608923611111 0.7739878411458334 0.7968907769097222 0.7784114600694445 0.8006775989583333
1 0.22826839236111113 0.44164331510416666 0.21839605034722223 0.4776509487847222 0.257987296875 0.49467919444444447 0.27858557031250003 0.44076934809027773 0.28088879600694444 0.4207671189236111 0.2776213185763889 0.4141373515625 0.2498263888888889 0.407207296875 0.24509116406249998 0.41005250694444445 0.2347874991319444 0.4298492621527778 0.22700159027777778 0.4359596857638889 0.22826839236111113 0.44164331510416666
1 0.44581082378472225 0.20423339149305555 0.4484460329861111 0.2098108871527778 0.45402579253472225 0.21075476302083335 0.4779232395833334 0.2135818611111111 0.486027546875 0.21157665711805557 0.4935966623263888 0.19557125173611112 0.4911691909722222 0.1855724019097222 0.47390151215277776 0.17947782552083333 0.4603235772569445 0.1819075607638889 0.4500131206597222 0.1909670642361111 0.44581082378472225 0.20423339149305555
1 0.5698096987847223 0.19489143836805556 0.5752833255208334 0.19446690711805556 0.5780156111111111 0.18709647395833331 0.5732690659722223 0.17204626388888888 0.5541068437500001 0.1663739557291667 0.5455825329861111 0.17006370052083333 0.5405379661458334 0.18312002690972223 0.5425409053819444 0.18764524999999999 0.5698096987847223 0.19489143836805556
1 0.662527109375 0.1585155980902778 0.6469439713541667 0.1528410251736111 0.6432610182291667 0.1550539670138889 0.6423216710069445 0.1677918949652778 0.6613800243055556 0.17567488020833333 0.6662191180555556 0.17061899305555556 0.662527109375 0.1585155980902778
1 0.8609152144097222 0.5935647890625 0.8698640564236111 0.5953486710069444 0.8757554227430555 0.5896605147569445 0.8807909340277777 0.5622878524305555 0.8760466527777777 0.5508167265625 0.8640448628472223 0.5487189739583334 0.857841890625 0.5610391623263888 0.8605900234375 0.5787223168402779 0.8587022725694444 0.5898818359375 0.8609152144097222 0.5935647890625
1 0.8721310581597222 0.5180810980902778 0.8746374939236111 0.48649934635416664 0.8677886684027778 0.47629275868055554 0.8591559609375 0.4750350130208333 0.8546397934027777 0.49135428906249995 0.8552833819444445 0.5103019809027778 0.8662374279513889 0.5201901701388889 0.8721310581597222 0.5180810980902778
0 0.9419308446180555 0.3637152013888889 0.9442431267361111 0.3580293090277778 0.9400227178819445 0.3426629644097222 0.9404291371527778 0.3195039192708333 0.9349419262152777 0.29845394618055554 0.9301050963541666 0.3070889175347222 0.9325325677083334 0.3170877682291666 0.9276889453124999 0.31498548784722225 0.9218901284722223 0.300567546875 0.9290460321180556 0.29698393489583336 0.9196703949652778 0.28614734201388886 0.9134583663194444 0.2841511944444444 0.9155583828125001 0.27572848784722226 0.9098702256944444 0.26983712239583335 0.9117625052083334 0.2658357708333334 0.9032336657986111 0.2623673472222222 0.8983832517361111 0.2495278151041667 0.8895382786458332 0.24553325607638887 0.8837371970486111 0.22753623090277778 0.8690911423611111 0.2055446467013889 0.8623507135416667 0.20028554947916666 0.8548764114583334 0.19976394097222222 0.8514147803819445 0.21903003211805555 0.8385684557291666 0.2131431935763889 0.8326680338541667 0.20451501475694445 0.8351045607638888 0.22883020052083333 0.8403704496527777 0.23282702430555555 0.8496558020833334 0.2673487986111111 0.8599821076388889 0.28334288368055555 0.8621025 0.3071319340277778 0.8696942552083333 0.3269173689236111 0.886130984375 0.3506973628472222 0.8901481831597222 0.3776432300347222 0.8955224696180556 0.38658754427083336 0.9075242595486112 0.38868529687500003 0.9167982925347222 0.40531165104166667 0.9323882222222222 0.42172347569444446 0.9440761414930555 0.4268741762152778 0.9442612395833332 0.38666198090277776 0.9416260303819445 0.38108448524305555 0.935520134548611 0.38045674392361106 0.9333071935763889 0.3767737916666667 0.9390924270833333 0.3697172282986111 0.9424637734375 0.3741363185763889 0.9453044557291668 0.3717133758680556 0.9419308446180555 0.3637152013888889
0 0.9624413732638888 0.5039181631944445 0.9637308151041667 0.5453926319444444 0.9671021623263889 0.5498117222222222 0.9767599739583334 0.5074881909722222 0.9802869852430555 0.42516699479166664 0.9718461675347222 0.3944343055555556 0.9460224809027777 0.3419222986111111 0.9438140677083333 0.3453975138888889 0.9512026137152778 0.3767624713541667 0.9537882899305556 0.47044866145833336 0.9624413732638888 0.5039181631944445