1 0.033388 0.49349183278418446 0.028310840197693574 0.5137193822075783 0.031716692751235585 0.5503996227347612 0.037666146622734764 0.5674575271828665 0.04230250988467875 0.5711706350906096 0.04234342833607908 0.5612517784184514 0.048143904448105436 0.5563846013179572 0.05604718533772653 0.555835744645799 0.05873437149917628 0.5345722298187809 0.052548709225700166 0.4918606993410214 0.049322709225700166 0.48620380724876444 0.042758 0.4856294695222405 0.033388 0.49349183278418446
2 0.28855723887973644 0.2421223723228995 0.29169600906095555 0.2440507182866557 0.30925645881383856 0.23235714332784185 0.31479524629324546 0.21630433031301483 0.332150363261944 0.18805539621087314 0.331227107907743 0.17970592421746293 0.3271087273476112 0.1747978294892916 0.3172770996705107 0.17848545716639208 0.30592239868204285 0.19485631301482703 0.28855723887973644 0.2421223723228995
1 0.7361262611202636 0.230013665568369 0.7314798542009884 0.24531768204283363 0.732290399505766 0.2644065988467875 0.737778226523888 0.27728976688632617 0.7527387191103789 0.29058825205930805 0.761437107907743 0.30457917792421746 0.7693558261943987 0.3085794546952224 0.7802388566721582 0.30705098682042836 0.7897269596375618 0.3120154373970346 0.8412295032948929 0.34711550576606265 0.8488919275123558 0.36349640527182864 0.8581492166392093 0.36637348764415156 0.8698528352553542 0.3649168121911038 0.8707861342668864 0.35424915897858317 0.8591126457990115 0.29865445963756176 0.8493628542009884 0.28250437397034595 0.8053891935749589 0.2464092578253707 0.781099618616145 0.23105428006589784 0.7672931952224052 0.22819263509060958 0.7361262611202636 0.230013665568369
1 0.12245535502471169 0.7419033047775947 0.1547099596375618 0.7749059621087314 0.21405942915980233 0.8148268953871499 0.2550633838550247 0.832884496705107 0.2551043014827018 0.8229656400329489 0.22531146293245471 0.7901783599670511 0.19795491021416803 0.7720744472817133 0.12099328583196046 0.7066334275123558 0.11546454118616147 0.7036691153212521 0.10748946787479406 0.7050385617792422 0.10766392668863262 0.7124956523887974 0.12245535502471169 0.7419033047775947
2 0.31223007001647446 0.1416616317957166 0.3083270658978583 0.13429177018121913 0.29269496210873147 0.14284657495881384 0.28667910955518944 0.15017551812191102 0.2798171878088962 0.17190066062602966 0.279171057660626 0.17928595881383855 0.2832740016474464 0.17964492009884678 0.31223007001647446 0.1416616317957166
2 0.3328011425041186 0.13808671416803953 0.3286981993410214 0.1377277528830313 0.3107633509060955 0.14897513756177924 0.30732736820428336 0.16934627100494234 0.309645550247117 0.17120282537067544 0.33252941103789124 0.14591820263591435 0.3328011425041186 0.13808671416803953
1 0.3607158517298188 0.07892714085667216 0.3663881803953872 0.08025027429983525 0.45489365815486 0.0751770197693575 0.4794086523887974 0.06905310708401977 0.48274736243822075 0.06397055271828665 0.4696025057660626 0.058272743822075784 0.4308912520593081 0.05653968698517298 0.3718706136738056 0.06956718451400329 0.36189540197693576 0.07489598929159802 0.3607158517298188 0.07892714085667216
2 0.6527273303130148 0.09165835420098846 0.6407056680395388 0.08729911614497529 0.6366899538714992 0.09066870016474465 0.645762741350906 0.10510581630971993 0.6559124118616144 0.10723410214168039 0.6576662998352554 0.0966382413509061 0.6527273303130148 0.09165835420098846
2 0.5404193863261944 0.07108337561779243 0.5404757413509061 0.0657136532125206 0.5321108327841845 0.06208777429983525 0.52212018369028 0.06286744481054365 0.5171402965403624 0.06780641433278418 0.521792097199341 0.0760686565074135 0.5254488500823723 0.07680201565074135 0.5404193863261944 0.07108337561779243
2 0.5389372306425041 0.07384774794069193 0.5414144341021416 0.07861225864909391 0.5467841565074135 0.0786686136738056 0.5507126408566722 0.07157048352553542 0.5424913171334432 0.06630342751235585 0.5389372306425041 0.07384774794069193
1 0.9578927792421746 0.4644018484349259 0.9606108401976936 0.4522366021416804 0.9540970914332785 0.42272628253706757 0.9439574645799012 0.4015808723228995 0.9326128072487644 0.3989346037891268 0.9302382701812191 0.4024477726523888 0.9319002784184514 0.4307067495881383 0.9509382347611202 0.4588321861614498 0.9578927792421746 0.4644018484349259