1 0.6351433475120385 0.4410807471910112 0.6300405152487961 0.4357224879614767 0.6345132993579454 0.42905872231139647 0.6332917993579454 0.4210860417335474 0.6174355577849117 0.4022271268057785 0.6010701661316212 0.3966554438202247 0.5550504462279293 0.3926378780096308 0.46283958507223116 0.39666677447833065 0.45014210112359554 0.39974323033707865 0.44140825200642053 0.4094431524879615 0.43789472471910107 0.465080492776886 0.44941381861958263 0.6388731099518459 0.4538377841091493 0.6619476789727127 0.4547618539325843 0.679579981540931 0.45028906902086674 0.6862437471910112 0.4531555096308186 0.6949338892455859 0.45117113643659706 0.7030745826645265 0.45934360834670945 0.7516701284109149 0.46655341492776886 0.7665620008025682 0.4727114382022472 0.7690521163723916 0.5074685987158909 0.772856257624398 0.5648365890850722 0.7710552335473515 0.6264673475120385 0.7585831019261636 0.6314038707865169 0.753100536918138 0.6368075417335473 0.7335292712680578 0.6375738226324237 0.7021459975922953 0.6483493844301765 0.6163922945425362 0.6428435601926163 0.5266698451043339 0.6330715593900481 0.46288840449438207 0.6351433475120385 0.4410807471910112
1 0.22503847110754416 0.4903000345104334 0.21448826163723914 0.5113465232744784 0.21599696789727127 0.5554692841091493 0.223455386035313 0.5904398683788122 0.22822048876404494 0.5970213314606742 0.24475389325842695 0.6057988876404494 0.26019180738362757 0.6090081693418941 0.27984878250401285 0.6083798258426966 0.28887665409309793 0.6042901813804173 0.29124076003210275 0.5957277528089888 0.2786863258426966 0.5248591067415731 0.27776225601926163 0.5072268033707865 0.2821510345104334 0.4989601011235955 0.2747278033707865 0.49533078812199033 0.2673062768860353 0.48406652487961477 0.22503847110754416 0.4903000345104334
1 0.5156479735152488 0.2235212447833066 0.4891155120385233 0.22330441332263243 0.45899403691813806 0.23894723113964686 0.46173446709470306 0.24523296789727125 0.4509725377207063 0.2699070658105939 0.4526980762439808 0.28749736516853935 0.45670371348314603 0.29492230016051363 0.49829606019261635 0.2911351982343499 0.5485768451043339 0.2921166075441412 0.5529656227929375 0.28384990529695026 0.5537704991974318 0.26853800080256823 0.5466867022471911 0.25605053290529695 0.5434422335473514 0.24014717576243982 0.5485887728731942 0.2386719526484751 0.5499396902086677 0.23377913643659715 0.5435279438202247 0.23411516211878008 0.5156479735152488 0.2235212447833066
1 0.26052050642054575 0.2702441982343499 0.25372391492776886 0.29390681139646874 0.2551571348314607 0.29825188202247194 0.2587427407704655 0.29766213402889247 0.2970049085072231 0.28400368940609955 0.30869090850722314 0.2769618948635634 0.3200005834670947 0.25507193499197434 0.329709025682183 0.2256310313001605 0.3171392552166934 0.22347694060995185 0.2825466998394863 0.23814857383627608 0.26925605939004815 0.2529093250401284 0.26052050642054575 0.2702441982343499
1 0.3803729510433387 0.2109208025682183 0.3771636693418941 0.22635871669341892 0.3844608908507223 0.22758362520064204 0.4022629109149278 0.2222304775280899 0.4501409943820225 0.21570294542536117 0.4651185770465489 0.20246112439807384 0.4659234534510433 0.18714921990369182 0.45546406661316213 0.1792588426966292 0.44580444301765654 0.178961411717496 0.4043801091492777 0.1859543868378812 0.3803729510433387 0.2109208025682183
1 0.3257505032102729 0.19610271268057783 0.37198535072231137 0.18122276725521672 0.3798757287319422 0.1707633804173355 0.3832530224719101 0.15853133948635634 0.3747746003210273 0.1577701701444623 0.3438533611556982 0.16582004093097913 0.3295932399678973 0.17741692215088284 0.3192127471910112 0.1940343330658106 0.3257505032102729 0.19610271268057783
1 0.2850805224719101 0.22515706821829856 0.3031413772070626 0.19407292776886034 0.29069761637239167 0.19432324317817012 0.26492121268057783 0.2085328410914928 0.24728379695024078 0.23236176324237562 0.24462396548956664 0.2429488635634029 0.24867330979133226 0.24354031621187802 0.2850805224719101 0.22515706821829856
1 0.4512064093097913 0.16702509791332262 0.4544105786516853 0.17449203531300161 0.4652514028892456 0.17432572712680577 0.5169251083467095 0.17121578812199037 0.5202586950240771 0.16581722953451045 0.5197126540930979 0.1553981412520064 0.5174779654895666 0.15109507303370787 0.5059633868378812 0.14607283948635633 0.4690958434991974 0.14800498555377206 0.45580690770465493 0.15513078651685394 0.4512064093097913 0.16702509791332262
2 0.766225378812199 0.718710073836276 0.7720876757624399 0.7232248619582665 0.7860974823434992 0.6991842199036918 0.7963973772070626 0.6656939711075441 0.7984691645264848 0.6438863130016051 0.7952229919743178 0.6356179069020866 0.787924066613162 0.6420279494382022 0.7713384349919743 0.6782586292134831 0.7650878852327447 0.712340330658106 0.766225378812199 0.718710073836276
2 0.7683868812199036 0.4839252656500802 0.7632102672552168 0.43115436516853933 0.7530500136436596 0.40596941412520066 0.7468919903691814 0.40347929855537723 0.74376841894061 0.41288519903691817 0.7456097431781701 0.4786896075441413 0.7645475521669343 0.48734115489566615 0.7683868812199036 0.4839252656500802
2 0.7920074911717496 0.4899203884430176 0.7946570995184591 0.5251429911717496 0.798536727929374 0.5301635216693419 0.8045267383627609 0.5294477632423756 0.8091675361155698 0.5259898707865168 0.8110258996789728 0.5154447736757625 0.8088871452648475 0.4592999871589085 0.8020133635634029 0.4508198611556982 0.7988949052969502 0.4373209093097913 0.7927368812199036 0.4348307937399679 0.7868240609951846 0.4676892913322632 0.7920074911717496 0.4899203884430176
2 0.6836094751203853 0.4457737712680578 0.6707405714285715 0.46091425521669344 0.6690502199036918 0.4746652263242375 0.6715772263242376 0.4922135232744783 0.6752031316211877 0.5000601934189406 0.6788727439807384 0.501073382022472 0.682797783306581 0.49162547833065806 0.6828851974317817 0.47795851364365965 0.6894666605136437 0.4731934109149277 0.6999277520064205 0.4734488378812199 0.7062537889245586 0.47914482664526487 0.7055749213483146 0.49686113643659713 0.7089068041733547 0.4990975288924559 0.7112692062600321 0.49817005056179775 0.7129175545746388 0.48361761155698235 0.7087036043338684 0.4645503844301766 0.7041082182985554 0.4535398434991974 0.6948300321027288 0.44518572712680576 0.6917115730337079 0.43168677447833065 0.6847940842696629 0.43004013081861964 0.6836094751203853 0.4457737712680578
1 0.4390491717495987 0.9624914847512039 0.43711021027287317 0.9561637447833066 0.4291812367576244 0.9505517624398074 0.3795356123595505 0.9386875264847512 0.3727861356340289 0.9402467560192617 0.38012365650080254 0.9499080826645265 0.39332517817014445 0.9564492471910112 0.42339953772070626 0.9629098130016052 0.4390491717495987 0.9624914847512039
2 0.5282631548956662 0.21120690208667736 0.5287740088282503 0.1902847191011236 0.5381396091492777 0.18497187078651686 0.5279322407704655 0.18189030337078652 0.5202569911717496 0.1734521797752809 0.5100042118780096 0.18483904574638843 0.5167939871589085 0.19171623515248798 0.5161991268057785 0.21103548073836273 0.5282631548956662 0.21120690208667736
1 0.10648982905296951 0.5668339975922954 0.11437679935794544 0.571644511235955 0.119565341894061 0.5709707568218299 0.12340467014446227 0.567554867576244 0.12458757544141252 0.5594561773675762 0.12194478330658105 0.493693772070626 0.11405781380417336 0.4888832576243981 0.1074763507223114 0.49364836035313003 0.10287414847512037 0.5131776227929373 0.10332936677367575 0.5525335770465489 0.10648982905296951 0.5668339975922954
1 0.117412955858748 0.5759055762439808 0.11264785313001606 0.5693241123595505 0.10606809390048154 0.566454264847512 0.10197504173354735 0.5726962945425361 0.10875459309791331 0.6253831886035313 0.11334997913322632 0.6363937287319422 0.12646749438202246 0.6413319566613161 0.117412955858748 0.5759055762439808
1 0.1268472271268058 0.64091022070626 0.11714560032102728 0.6398113218298556 0.1289876845906902 0.6894200561797753 0.15045250080256822 0.7156198996789727 0.15779172552166934 0.7176462760834671 0.13241379775280898 0.6474496805778491 0.1268472271268058 0.64091022070626
1 0.16600960834670947 0.7517733884430177 0.1452656621187801 0.7086587038523274 0.1417237640449438 0.7024149703049759 0.1287759646869984 0.6930476653290529 0.13366366934189405 0.7173034349919744 0.14901076083467094 0.7494495818619582 0.16908606420545746 0.7644708723916533 0.16600960834670947 0.7517733884430177
1 0.150359974317817 0.7521917166934189 0.1521712231139647 0.7637500024077047 0.1638504069020867 0.787248011235955 0.1830385313001605 0.8083433186195826 0.1966197857142857 0.8144627471910113 0.16663965650080256 0.7637954133226325 0.150359974317817 0.7521917166934189
1 0.2188826621187801 0.8558904887640449 0.2195161179775281 0.8526426123595505 0.19029204574638844 0.8164017086677368 0.17894718298555376 0.8069503980738363 0.17578331300160513 0.8079198788121991 0.17831202327447834 0.8178332247191011 0.1921855963081862 0.8371978820224719 0.20525940449438201 0.8489695922953451 0.2188826621187801 0.8558904887640449
1 0.2308995746388443 0.878165293739968 0.21402844060995185 0.87061094141252 0.2227151749598716 0.8830144020866773 0.24755558105939005 0.9046171565008025 0.2726094109149278 0.9149573499197431 0.2694892479935795 0.9090933483146066 0.2308995746388443 0.878165293739968
1 0.252320683788122 0.9111986195826646 0.25932047512038525 0.9220831508828251 0.2706653370786517 0.9315344614767256 0.295381437399679 0.9430978595505618 0.3038178563402889 0.9430575609951847 0.26746287158908505 0.9164325730337078 0.252320683788122 0.9111986195826646
1 0.17944619582664526 0.272082113964687 0.1898266886035313 0.2554647030497592 0.19489263001605137 0.23711664205457464 0.18552702889245584 0.24242948956661314 0.1663286805778491 0.267143886035313 0.15611619983948635 0.2869671709470305 0.1571276845906902 0.2909325088282504 0.17944619582664526 0.272082113964687
1 0.22755133547351522 0.1932124165329053 0.22071785313001607 0.19316870947030498 0.2031241452648475 0.21016414847512038 0.19223791011235955 0.22479889085072233 0.1970887231139647 0.22534833948635635 0.2191115080256822 0.20852261717495987 0.22755133547351522 0.1932124165329053
3 0.8996221861958266 0.641799786516854 0.9040529678972713 0.6343345529695024 0.9036363443017656 0.6110499678972713 0.9112309951845907 0.6026152528089888 0.9063381789727127 0.6012643354735152 0.9060021540930979 0.5948525890850722 0.9114024157303371 0.5905512247191012 0.912669327447833 0.5840554719101123 0.9173941308186195 0.5822005160513644 0.9195851123595505 0.5933370666131621 0.9212198282504013 0.6398642327447833 0.9244188852327448 0.6702360224719102 0.9274550417335473 0.6744970874799358 0.9307449213483147 0.675932011235955 0.9345422471910113 0.6717146540930979 0.9387176019261637 0.674710511235955 0.9424729237560193 0.6696916853932584 0.9474077439807383 0.6718440714285714 0.9508673402889246 0.6688499181380417 0.9551789277688603 0.6284404759229535 0.9595660024077047 0.6278087247191011 0.9642925096308187 0.6183188178170145 0.9668331484751205 0.5747875096308186 0.9728702744783306 0.5519683675762439 0.9785747825040129 0.5074675778491172 0.975508551364366 0.4489603900481541 0.9607143162118781 0.39669352808988767 0.9538388306581059 0.3958483531300161 0.9408070256821831 0.38487811155698237 0.9406390136436598 0.3816722375601926 0.9529164654895667 0.37058109871589084 0.9458360754414125 0.34282372953451046 0.9328865730337079 0.3410913756019262 0.9341148892455858 0.3185242528089888 0.9438165152487962 0.3196231516853933 0.9405300433386837 0.3029183258426966 0.9339082808988763 0.29924700963081863 0.9353012022471909 0.2951556621187801 0.9253509646869984 0.27397805216693416 0.9214293330658105 0.2681560537720706 0.9170002560192617 0.2679863370786517 0.9175917086677369 0.26393699197431786 0.909832452648475 0.2538959325842697 0.9086949582664525 0.24752618940609955 0.8868924133226325 0.22254954975922953 0.8817878772070626 0.22482624077046548 0.8823339181380417 0.2352453290529695 0.886845297752809 0.24465293338683788 0.8925395826645264 0.2459618475120385 0.8957420481540931 0.2610637367576244 0.900171125200642 0.2612334534510434 0.9025318226324237 0.26794092616372395 0.911726003210273 0.27469210593900484 0.9131155160513644 0.28587065971107545 0.9263170377207063 0.29241182343499195 0.9229414478330659 0.2970089133226324 0.9172891661316213 0.29650146709470304 0.9150947768860354 0.30063481861958263 0.9075035337078652 0.293799632423756 0.9020612680577849 0.29729952808988763 0.9011774975922954 0.2881036436597111 0.8926150690208668 0.28573953772070626 0.8845600866773675 0.27772315088282507 0.8673580393258428 0.24085219983948633 0.8499828667736757 0.22368022712680577 0.8446683146067415 0.22194957704654894 0.8248064349919744 0.19566572712680577 0.8203353547351524 0.19469454173354733 0.8171731886035314 0.18802907223113965 0.810551426163724 0.18435775601926163 0.811564613964687 0.1806881436597111 0.821098227929374 0.17858116934189405 0.8399520313001605 0.18562977929373997 0.8395757062600321 0.170781613964687 0.8321524759229535 0.16715230096308187 0.8327439285714285 0.16310295585874798 0.8116571404494382 0.14411632744783306 0.8122485930979133 0.1400669823434992 0.8034341452648475 0.1328940666131621 0.7928470449438202 0.13023423434991976 0.7884616741573033 0.12323103531300161 0.780320981540931 0.1212466621187801 0.7545513932584269 0.10491645746388444 0.7408004221508828 0.10322610674157304 0.7273014703049759 0.10634456500802568 0.7109780818619583 0.1015743507223114 0.7066767182985554 0.09617408828250401 0.694528683788122 0.09439973113964688 0.6893838483146068 0.08824000321027288 0.6608704221508828 0.08089396308186196 0.6156555778491172 0.06156449277688603 0.5919929646869985 0.05476790128410915 0.578326 0.05468048715890851 0.5586287255216693 0.04687241171749599 0.533023742375602 0.04901798154093098 0.534497260834671 0.06179947191011236 0.5518741372391653 0.07133649357945425 0.5646102158908507 0.08433140690208668 0.5759987857142856 0.08694923595505617 0.5985204967897271 0.10264598555377207 0.6043390874799358 0.11399425521669343 0.6156419462279294 0.12264409791332263 0.6362246958266452 0.13201310674157302 0.6525043772070626 0.14361680417335473 0.6559622696629214 0.1482576011235955 0.6566309125200642 0.1763509959871589 0.7000259871589085 0.2222969333868379 0.7142389935794542 0.23280343659711075 0.7270136677367576 0.2618697199036918 0.7442208266452649 0.2758358186195827 0.756452867576244 0.2792131131621188 0.7653513218298555 0.2879889654895666 0.7696072744783307 0.30785766051364366 0.7925036067415729 0.3460375264847512 0.793091650882825 0.35725808266452647 0.7883668475120384 0.3591130385232745 0.788786878812199 0.3671277215088283 0.8028704670947031 0.39049972070626005 0.8051454550561797 0.40323920786516854 0.819775084269663 0.43703029454253617 0.8164783892455859 0.4661351733547352 0.8195934398073836 0.49490402728731936 0.8174796492776887 0.5159102158908507 0.8211055545746389 0.5237568868378812 0.8172242223113965 0.5263713073836276 0.8189849478330659 0.5753028788121991 0.8229485818619583 0.5819263451043339 0.8312169879614767 0.5786801725521669 0.8288999975922954 0.5651392174959872 0.8308860746388443 0.5493635738362761 0.8349757191011237 0.5583914454253611 0.8332013611556982 0.5705394799357946 0.8361535120385233 0.5731976083467094 0.836914680577849 0.5647191853932584 0.8440858924558587 0.5635396886035313 0.8462734654895667 0.5899461404494383 0.8536966966292134 0.5935754534510433 0.8477486886035313 0.5950926797752809 0.8455543001605137 0.5992260313001605 0.842939878812199 0.5953446990369181 0.8402397479935795 0.5974953804173355 0.8405303619582665 0.6183755601926164 0.8471521243980739 0.6220468764044944 0.8477821717495986 0.6340689012841091 0.8430993715890851 0.6367253258426966 0.841916467094703 0.6448240152487962 0.8366002110754415 0.6507283154093099 0.8431799703049759 0.6535981637239165 0.8410695874799358 0.6593344518459069 0.84524494141252 0.662330308988764 0.8411938924558587 0.6693738073836276 0.8288341388443018 0.67122705858748 0.8291281605136436 0.6768373370786517 0.8333892255216693 0.6738011805778491 0.8365093884430177 0.6796651821829855 0.8355802062600322 0.6849377311396468 0.8295481926163725 0.6848520200642054 0.829968223916533 0.6928667038523274 0.8349030433386837 0.6950190898876405 0.8351970658105938 0.7006293675762439 0.8289533322632423 0.7041712664526485 0.8341821733547352 0.7119339309791332 0.8283164686998394 0.722689044141252 0.8295765634028892 0.7467330939004816 0.8248517600321027 0.7485880497592295 0.817085687800963 0.7690867929373997 0.8186029141252007 0.7750348009630819 0.8310483788121991 0.7671495353130017 0.8312146878009631 0.7779903587479936 0.8353060353130016 0.7793832800963082 0.8493124333868379 0.7706125393258427 0.8478389141252006 0.7578310489566613 0.8539986420545747 0.7526862142857144 0.859696334670947 0.7387252271268058 0.8864490353130016 0.6971396966292135 0.8893642945425362 0.6760915040128411 0.8987333033707865 0.6555087544141253 0.8996221861958266 0.641799786516854
1 0.4129544654895666 0.13487383788121993 0.4232072455858748 0.12348697271268058 0.4162057504012841 0.12023739245585874 0.3891658434991974 0.125672841894061 0.3764246524879615 0.1355827800963082 0.37435627287319423 0.14212053611556982 0.3808100224719101 0.14258597913322632 0.4129544654895666 0.13487383788121993
1 0.4593942174959872 0.14690608667736757 0.4751278579454254 0.14809069582664527 0.5083677921348315 0.14594682985553772 0.5126288563402889 0.14291067335473515 0.5131363025682183 0.13725839165329054 0.5049973138041735 0.12763906821829854 0.4977000922953451 0.12641415971107545 0.4696487014446228 0.1278842712680578 0.45834243418940607 0.13450432985553773 0.4593942174959872 0.14690608667736757
1 0.35483041894060996 0.12224843258426966 0.34795493338683786 0.12140325762439808 0.32673532022471913 0.1305520264847512 0.32112333788121994 0.1384809991974318 0.3275770874799358 0.13894644221508828 0.3508213731942215 0.1300933996789727 0.35483041894060996 0.12224843258426966
1 0.4213136942215088 0.10269079935794542 0.41034686115569824 0.10045270304975923 0.3928825706260032 0.10458264606741573 0.38499219261637235 0.11504203370786517 0.3938503475120385 0.11538146709470305 0.41726264606741575 0.10973429775280899 0.4213136942215088 0.10269079935794542