1 0.6240819242424243 0.3173856164274322 0.6121188907496012 0.30694389553429025 0.5677267264752791 0.2985764298245614 0.5541911100478468 0.3021777496012759 0.5559893732057417 0.32615316985645937 0.5607924106858054 0.3350232655502392 0.5697070669856459 0.3419537472089314 0.5783457320574162 0.34043051754385967 0.5984855255183413 0.34902557974481657 0.628834649122807 0.35582046172248805 0.63266931738437 0.35231018102073364 0.6317464681020734 0.3447802783094099 0.6240819242424243 0.3173856164274322
1 0.6570079346092504 0.3961987567783094 0.640608894736842 0.3950415996810207 0.6231020518341307 0.38760177671451357 0.6044854872408294 0.3876453787878788 0.5992651068580542 0.39018537320574165 0.5966311977671451 0.395913177830941 0.6033709736842106 0.42954402791068574 0.615426004784689 0.4428036523125997 0.6237412400318979 0.44174232695374804 0.6613423572567783 0.4529267368421053 0.6705833189792664 0.43874618022328554 0.6670768724082935 0.40737933253588515 0.6570079346092504 0.3961987567783094
1 0.7140708476874004 0.30880589154704946 0.7064499059011164 0.300027793460925 0.6686173572567783 0.2921231905901116 0.657670129984051 0.28514623125996813 0.6538354617224881 0.2886565119617225 0.650878124401914 0.29484622089314194 0.6517544960127591 0.3044086945773525 0.6563261020733652 0.3165585980861244 0.6650093277511961 0.32676888755980865 0.703302822169059 0.3418799641148325 0.7145744370015948 0.3415119744816587 0.7190094848484848 0.3391104553429027 0.7211814888357256 0.3330592216905901 0.7140708476874004 0.30880589154704946
1 0.7516159003189793 0.39085332057416267 0.728380293460925 0.38766263476874 0.7160008755980861 0.3817479585326954 0.7056530693779904 0.3827628062200957 0.7006631610845295 0.3889060374800638 0.707264461722488 0.4217515534290271 0.7208436810207337 0.43676679824561404 0.7286970119617225 0.43538204385964907 0.7375196714513557 0.43949462121212124 0.7586307105263158 0.4398209258373206 0.7621884274322168 0.4347399792663477 0.7623743397129187 0.42660969696969697 0.7594673141945774 0.4032346562998405 0.7516159003189793 0.39085332057416267
1 0.7865946124401914 0.32516899840510366 0.7762032041467305 0.3075672822966507 0.7451152248803828 0.2988783054226475 0.7400807559808613 0.2932880167464115 0.7315805661881978 0.29559657974481657 0.7325489362041467 0.30797695693779903 0.7387367280701754 0.3247003835725678 0.747096523923445 0.33537257735247206 0.756658038277512 0.3413792503987241 0.7862218293460925 0.3483126076555024 0.7903799266347687 0.3443404226475279 0.7865946124401914 0.32516899840510366
1 0.8496392743221691 0.40717378389154707 0.8441893787878788 0.39922749681020736 0.8182288245614036 0.39206366666666664 0.8072341602870814 0.394002322169059 0.8121272783094099 0.4194564114832536 0.819100403508772 0.43604136363636364 0.8270912511961722 0.4423249872408293 0.8427049577352472 0.4436206196172249 0.8519904800637959 0.44117358213716107 0.8534701076555024 0.43119568261562996 0.8496392743221691 0.40717378389154707
1 0.7796363309409888 0.5336919545454546 0.7737700502392344 0.5302727121212122 0.7370889074960127 0.5472673389154705 0.7282633724082934 0.5638038955342902 0.7332484872408294 0.5920758883572568 0.7446120996810207 0.5945258022328549 0.7764427687400319 0.5775766953748006 0.7822654465709729 0.5623793732057416 0.7813445135566188 0.5410833811802233 0.7796363309409888 0.5336919545454546
1 0.6361024441786284 0.5784348532695375 0.624786268740032 0.5670693237639554 0.616794461722488 0.5676687448165869 0.6028424601275917 0.5757971100478468 0.5977595956937799 0.5860054816586922 0.5968774720893142 0.6177412775119617 0.5921635566188197 0.6323382200956938 0.5931309673046252 0.6516016411483254 0.5995027535885167 0.6739608755980862 0.6110029242424243 0.6909622129186603 0.6379812017543859 0.6878247145135566 0.6421876937799043 0.6680538692185009 0.6477324625199362 0.6581689266347688 0.6418671411483253 0.647866639553429 0.6386822065390749 0.6298039776714514 0.6350837623604466 0.5956192264752791 0.6380875781499202 0.5873969465709729 0.6361024441786284 0.5784348532695375
1 0.5726936275917066 0.45762627352472085 0.554817836523126 0.44579788118022323 0.5283953779904306 0.43831062280701755 0.5219742368421053 0.4386330925039872 0.5151367121212121 0.44348260845295057 0.5123633684210526 0.455308125199362 0.51360773046252 0.47614221291866027 0.5164701945773525 0.48778373444976075 0.5231673277511961 0.4959149752791069 0.554717211323764 0.5049273811802233 0.572409966507177 0.5042369210526315 0.5802642567783094 0.4959691220095694 0.5779566523125997 0.4805858883572568 0.5726936275917066 0.45762627352472085
1 0.4679836666666667 0.35746107735247207 0.4463642456140351 0.3588439138755981 0.43597091945773525 0.3550082870813397 0.4131962591706539 0.3590240741626794 0.40367834688995213 0.3716339657097289 0.40880193700159484 0.40069129106858054 0.4179935446570973 0.40919243939393946 0.43383868261563 0.4072082639553429 0.44501734130781495 0.4109054154704944 0.47301238357256775 0.40434963397129187 0.4782792424242424 0.39977706937799046 0.4725998333333333 0.38134450000000003 0.47712879585326956 0.36799479505582133 0.4679836666666667 0.35746107735247207
1 0.37845281259968105 0.3938964090909091 0.37124729824561403 0.3874743102073365 0.3426983540669857 0.3908887591706539 0.3357678724082935 0.3998034162679426 0.33701223444976075 0.4206375039872408 0.3425086076555024 0.4265512208931419 0.357937360446571 0.4290940909090909 0.3521165996810207 0.43052532296650714 0.34966764433811803 0.4350058899521531 0.3585832599681021 0.435053326953748 0.3618175486443381 0.43043428389154703 0.37780116188197765 0.4292354417862839 0.382375644338118 0.42073621132376393 0.38002252073365234 0.4005025031897927 0.37845281259968105 0.3938964090909091
1 0.4276413046251994 0.4593152846889952 0.4126744561403509 0.45709584290271127 0.40620779585326955 0.45256783891547053 0.39207179904306216 0.4550603963317385 0.3844015039872408 0.4689640031897927 0.3874934832535885 0.4910918062200957 0.39419061562998403 0.4992230470494418 0.40546223046251995 0.49885505741626796 0.42832792982456147 0.5045402185007974 0.43447307814992026 0.49576403748006376 0.4317974848484849 0.4691091889952153 0.4276413046251994 0.4593152846889952
1 0.5179421531100479 0.5328701929824561 0.5140619657097288 0.5315300000000001 0.46957684529505583 0.5272276754385965 0.4644484609250399 0.5325855733652313 0.46269188277511963 0.5409928062200957 0.4684623309409889 0.5691263237639553 0.47645317942583737 0.5754099473684211 0.49091164593301434 0.5793385303030303 0.5222320151515152 0.5778646547049442 0.5243575422647527 0.5738459920255183 0.5213594776714514 0.5407700023923445 0.5179421531100479 0.5328701929824561
1 0.5930643580542265 0.7981781523125997 0.5933432256778309 0.7859827288676237 0.5901098963317384 0.7837187272727273 0.572510096491228 0.7803440462519936 0.542667437799043 0.7856061116427433 0.5397565781499203 0.7897632503987241 0.5414182830940989 0.7991872480063795 0.5534742719298246 0.8055638277511962 0.5790658779904306 0.8083390877192982 0.5967131140350876 0.802798153907496 0.5930643580542265 0.7981781523125997
1 0.5868832767145136 0.7332734114832535 0.5566726275917065 0.7272638628389154 0.5336210159489633 0.7297089840510367 0.5284926323763955 0.7350668819776714 0.5326468947368421 0.7586268755980861 0.544564408293461 0.7642181220095694 0.5715882057416268 0.7659310988835725 0.5763457232854864 0.7699507200956938 0.5883106738437002 0.7666263516746411 0.5915933580542265 0.7462086483253588 0.5868832767145136 0.7332734114832535
1 0.6137173572567783 0.10705864593301435 0.5994912807017544 0.09296720972886763 0.5825383397129186 0.08866872009569378 0.5696495805422647 0.0913462312599681 0.5695566244019139 0.09541137240829346 0.5785632783094099 0.10515975757575759 0.5908962185007975 0.11310700318979267 0.6096967775119617 0.11869920893141946 0.6151941092503986 0.11772988038277513 0.6162108740031897 0.11431159728867624 0.6137173572567783 0.10705864593301435
1 0.8160601594896332 0.7058193452950557 0.8082068285486443 0.7072040996810207 0.7936070103668261 0.72313931738437 0.7766483165869218 0.760139096491228 0.7733665917065391 0.7736737543859649 0.7772922990430622 0.7798644226475279 0.7887953452950558 0.776216625199362 0.7971580175438596 0.7662396842105262 0.8178148205741627 0.711178201754386 0.8160601594896332 0.7058193452950557
1 0.791020538277512 0.7199515071770335 0.7822433979266348 0.7206894035087719 0.7734652998405104 0.7283103444976076 0.7525325039872408 0.7749181164274321 0.7559498285486443 0.7828179258373206 0.77073268261563 0.7794015598086125 0.7744288755980862 0.7751059457735247 0.7776650813397129 0.7567208133971292 0.7932835813397129 0.7236012216905902 0.791020538277512 0.7199515071770335
1 0.7694940733652312 0.7172692033492823 0.7599315996810206 0.7181455749601275 0.7485660701754386 0.7294617503987241 0.7321157599681021 0.7647523875598087 0.7327597416267942 0.7844777137161084 0.7462488803827751 0.7829089641148325 0.753456312599681 0.7755649736842105 0.7728194003189793 0.7223511084529506 0.7694940733652312 0.7172692033492823
1 0.6973751897926636 0.7789755885167464 0.6939588237639553 0.7641927344497608 0.6886464449760765 0.7639148245614036 0.6712761594896332 0.7710264250398724 0.6602340590111643 0.7818806961722488 0.6564449106858055 0.7902414513556618 0.6627721363636364 0.8008671666666667 0.6846210717703349 0.8099706116427432 0.6992199306220095 0.800918437799043 0.7059199393939394 0.7884005446570973 0.6973751897926636 0.7789755885167464
3 0.27536908771929824 0.5578278676236045 0.2692713755980861 0.5576884338118023 0.2653456690590112 0.5514977655502392 0.2582321507177034 0.5478935701754386 0.2324613437001595 0.5050672791068581 0.20765507017543858 0.502153543062201 0.19887793062200956 0.5028914393939393 0.19425792902711325 0.5065401961722488 0.18801886602870813 0.5262645629984051 0.1950355933014354 0.5614660789473684 0.19951520175438595 0.5707980789473684 0.2309740470494418 0.5701095366826157 0.26737632216905904 0.5653103333333334 0.2755995606060606 0.5614311044657098 0.27536908771929824 0.5578278676236045
3 0.45689938596491225 0.6711693189792663 0.44724491547049444 0.6692277870813397 0.4489085382775119 0.6648856953748007 0.4436426371610845 0.6625752153110048 0.4399018835725678 0.6551373102073366 0.43338874561403506 0.6526418771929825 0.40091313636363635 0.6567487025518342 0.40132760446570975 0.6659877472089314 0.40857959728867627 0.6703772759170654 0.4125973014354067 0.6793858468899521 0.4108872009569378 0.685760509569378 0.4053898692185008 0.6867298373205741 0.3945811172248804 0.6805382113237639 0.3861274066985646 0.6808142033492822 0.3823885701754386 0.6596102089314194 0.37823143141945775 0.6566993492822967 0.325800023923445 0.6578469202551834 0.30662859968102074 0.6616322344497608 0.3144800135566188 0.6740135693779905 0.33965427591706543 0.6881989202551834 0.34953730223285484 0.7075097783094099 0.3730944202551834 0.7240046499202551 0.394668322169059 0.7177713389154704 0.40764907814992024 0.7179117312599681 0.423448696969697 0.711077082137161 0.4309795582137161 0.703271187400319 0.44442317783094093 0.6968519641148325 0.4477978588516746 0.6792521650717703 0.4585155717703349 0.6757428429027114 0.45689938596491225 0.6711693189792663
3 0.4303432456140351 0.6284815031897927 0.4150539258373206 0.6198409210526316 0.3999979553429027 0.5941544417862838 0.362075326953748 0.5696658460925039 0.3484477129186603 0.5704492623604466 0.3346341866028708 0.5793629601275917 0.3237779976076555 0.5820869489633174 0.3065955422647528 0.567302177830941 0.21438909489633176 0.5770826610845295 0.20963061802232857 0.5799460845295056 0.22265401834130782 0.6055860861244019 0.2439945709728868 0.6163986722488038 0.2554046610845295 0.6168160159489634 0.25956275837320575 0.6128438309409888 0.2718956985645933 0.6207910765550239 0.2833019537480064 0.6487405996810207 0.2890297591706539 0.6513745079744816 0.37541448644338116 0.6499083014354067 0.42950951674641147 0.6444186387559808 0.43366761403508775 0.6404464537480065 0.4303432456140351 0.6284815031897927
3 0.1512059577352472 0.49429254306220094 0.1381322456140351 0.4982172910685806 0.12944806140350876 0.4948900470494418 0.12695262838915472 0.5014031850079744 0.12958174401913877 0.5300906036682616 0.1278706850079745 0.5433483110047848 0.13220894258373206 0.5725441124401914 0.13691710685805422 0.5992454393939395 0.14426109728867623 0.6064528716108453 0.15945937719298248 0.605392504784689 0.16274014433811804 0.5987408915470495 0.16168169457735246 0.5697765215311005 0.15189545933014356 0.5188683429027113 0.1535145207336523 0.5027927320574163 0.1512059577352472 0.49429254306220094
3 0.1447915279106858 0.44643369936204147 0.12502068261562999 0.4422272073365231 0.1198003014354067 0.44476720175438594 0.11425457416267944 0.4615351897926635 0.11896273843700159 0.48823651594896333 0.12917111084529506 0.4933193803827752 0.13180597846889952 0.48070853110047845 0.1425236913875598 0.4771992089314195 0.15097836124401914 0.4700401714513557 0.1447915279106858 0.44643369936204147
1 0.3162001945773525 0.26357183492822966 0.2977676259968102 0.2692512448165869 0.2892664784688995 0.2784428524720893 0.28857218341307816 0.2882822759170654 0.29194398883572564 0.2913316108452951 0.3107919840510367 0.2880082009569378 0.31527351036682616 0.28357411164274327 0.318093331738437 0.2697160247208932 0.3162001945773525 0.26357183492822966
1 0.25249333732057416 0.2926195749601276 0.24399314832535884 0.2949281379585327 0.2357689513556619 0.3056904114832536 0.23622989712918657 0.3128968851674641 0.24810189154704945 0.3136376570972887 0.255033331738437 0.29783995614035086 0.25249333732057416 0.2926195749601276
1 0.24204874082934608 0.3252317424242424 0.23059121371610847 0.33373001435406696 0.22781882934609252 0.338672485645933 0.2292035837320574 0.34652581738437005 0.23807272089314194 0.3486058245614035 0.2432931020733652 0.34606583014354064 0.24731464114832538 0.32754222248803827 0.24204874082934608 0.3252317424242424
1 0.24726337001594895 0.3639900167464115 0.23418965789473684 0.3679147655502392 0.23220068899521532 0.386484850877193 0.24042296889952156 0.38948866666666665 0.246567158692185 0.38759553030303034 0.2490180311004785 0.3693488732057416 0.24726337001594895 0.3639900167464115
1 0.28872933732057415 0.4866433373205742 0.2773202057416268 0.47934294896331736 0.2688200167464115 0.4816515119617225 0.26558476953748006 0.49315359968102074 0.2686312280701754 0.5104309282296651 0.28539921690590114 0.5159766555023924 0.2925601706539075 0.5106652360446571 0.28872933732057415 0.4866433373205742
3 0.5164318803827751 0.099515322169059 0.5097337894736842 0.0982671259968102 0.45873457177033494 0.09835241307814993 0.4105978189792664 0.11007922169059012 0.39951019936204146 0.11608301913875597 0.39673781499202554 0.12102549043062201 0.40061704385964914 0.12924872886762362 0.4099016076555024 0.13368473524720895 0.4498606411483253 0.13068762998405103 0.45623626236044657 0.12551468580542266 0.4830305454545455 0.11674138038277511 0.5114410135566189 0.11254159808612439 0.5206810167464114 0.10524408532695374 0.5164318803827751 0.099515322169059
0 0.447005846092504 0.06398175039872409 0.3926793843700159 0.07275122089314194 0.31959596570972887 0.09454505023923446 0.2582451076555024 0.12317736363636364 0.20950509968102074 0.15444454465709728 0.17517516267942584 0.20543896889952154 0.15123951036682615 0.25338597527910683 0.1463871188197767 0.2671975845295056 0.1503593038277512 0.27135568102073365 0.14860272488038276 0.27976291467304626 0.143244826953748 0.2746345303030303 0.1399640606060606 0.281286144338118 0.1373727950558214 0.31251355741626796 0.14610345693779905 0.3138082312599681 0.160379846092504 0.2983349170653907 0.19137966267942583 0.2766738118022328 0.20852043381180224 0.2590759298245614 0.21752900478468898 0.25505822488038277 0.22302825438596494 0.24032280781499202 0.2857221818181818 0.18716117224880383 0.2921442807017544 0.17995565709728867 0.2960263851674641 0.16752976076555023 0.32988866666666666 0.15751017703349282 0.3582555326953748 0.13469383094098883 0.3706387854864434 0.11307632695374802 0.4075513596491228 0.09280189314194577 0.4198397392344497 0.08901561961722487 0.4215033612440191 0.0846735279106858 0.43822678867623605 0.0784857360446571 0.4524102216905901 0.0670775629984051 0.447005846092504 0.06398175039872409