2 0.7004812674825175 0.7041052395104895 0.7021650917832168 0.70914868006993 0.7255228374125874 0.7085467534965035 0.7403796713286713 0.7017685524475524 0.7699994991258741 0.6820318592657343 0.7837154659090909 0.6652566013986013 0.782668437937063 0.6614398347902098 0.7548182421328671 0.6755861145104894 0.7420045262237762 0.6785006293706294 0.737050909965035 0.6779576722027972 0.7385470541958042 0.6706405305944055 0.7344568015734265 0.6699608304195804 0.7151544379370629 0.6933735297202798 0.7044776800699301 0.6986046494755245 0.7004812674825175 0.7041052395104895
2 0.7318667097902097 0.6703710603146853 0.7853363041958041 0.6335816057692308 0.792735236013986 0.6160368234265734 0.7915514650349651 0.6113566940559441 0.7769681180069931 0.6198616223776224 0.7588374755244754 0.6227332342657343 0.7503834833916084 0.6196471057692308 0.7221659597902098 0.6258863662587413 0.7046761311188812 0.6383917246503497 0.6852839440559441 0.6640312054195804 0.7053759143356644 0.6763368339160839 0.7318667097902097 0.6703710603146853
2 0.64394306993007 0.5957946005244755 0.6596203636363636 0.5941965830419581 0.671297229020979 0.5896920830419581 0.6846069816433566 0.5787338059440559 0.7226808015734266 0.5620832421328672 0.7314471678321679 0.5531720987762238 0.7308532744755245 0.5466284982517482 0.725399604020979 0.5457222307692308 0.7165863173076924 0.5515432281468532 0.6994557823426574 0.5551414597902098 0.6865911302447553 0.546558756993007 0.6444230410839161 0.5541225480769231 0.6266597246503497 0.5649011791958042 0.6223040183566434 0.5793088951048951 0.64394306993007 0.5957946005244755
2 0.6090170865384615 0.5429148828671329 0.6015202980769231 0.5458723015734265 0.5984810891608392 0.5574164396853146 0.6266597246503497 0.5649011791958042 0.648876604020979 0.5543021949300699 0.6729140506993007 0.5496100157342657 0.7140310961538462 0.5298223863636363 0.7200706276223776 0.5204581092657343 0.7184766258741259 0.5131878881118881 0.71388631993007 0.5121448767482517 0.701576673951049 0.5238297753496504 0.6939431424825174 0.5259238295454546 0.6856687963286714 0.5183841372377623 0.6702649895104895 0.5217088828671329 0.624412861013986 0.5227759930069931 0.6134197132867133 0.531597312062937 0.6090170865384615 0.5429148828671329
2 0.5419722858391609 0.6057500323426573 0.554469611013986 0.6064257167832168 0.5789601914335665 0.5990067019230769 0.5942701590909091 0.5895016652097902 0.6207609536713287 0.5835358916083916 0.6246206232517483 0.5771719370629371 0.6234797561188812 0.5671748802447553 0.6148890201048951 0.5632253872377623 0.5728067377622377 0.5601553243006993 0.5417256363636365 0.5650780874125875 0.5143285734265735 0.5764975314685316 0.5088360166083916 0.589315263986014 0.5174736722027972 0.5963549020979021 0.5296975104895105 0.5953038583916084 0.5419722858391609 0.6057500323426573
2 0.5586978854895105 0.7057635052447553 0.5511193068181819 0.7277618505244755 0.5410793461538461 0.7342196451048951 0.5408098758741259 0.7408999895104895 0.5774854082167833 0.74615393006993 0.5964794143356643 0.7431455751748252 0.6071561722027973 0.7379144554195805 0.6096524239510489 0.7313239335664335 0.6504530786713287 0.7151265034965035 0.6654895594405594 0.7038947395104895 0.6559456363636363 0.702308770979021 0.6573519571678321 0.6972184108391608 0.6364515760489511 0.7049538164335665 0.6102771713286714 0.7073293907342658 0.5705195270979021 0.7189365148601399 0.5645658024475525 0.717666937062937 0.5639249895104895 0.7080331905594406 0.5586978854895105 0.7057635052447553
2 0.5960021818181819 0.6954299755244756 0.6190395209790209 0.6900111756993007 0.6670634781468532 0.6691295987762237 0.6721967412587413 0.6652189921328672 0.6708762272727272 0.6596754982517482 0.6370253872377621 0.6694620550699301 0.6254343295454546 0.6633327001748252 0.5838561171328671 0.6690330201048951 0.5518258444055945 0.6847263802447553 0.5473333942307692 0.6982707333916084 0.5539708356643356 0.7038571302447552 0.5814188347902098 0.7039349047202796 0.5960021818181819 0.6954299755244756
2 0.5069389527972028 0.7086511826923076 0.519299534965035 0.7084635034965036 0.5453800996503497 0.6999076372377623 0.5535525725524475 0.6844528933566433 0.5916263924825175 0.6678023295454546 0.505332902097902 0.6761597438811189 0.4902964222027972 0.6873915078671329 0.47761944930069933 0.6911693872377622 0.4763498715034965 0.6971231110139859 0.4791705472027972 0.7037565358391609 0.48539775786713285 0.7067528417832168 0.4970746232517482 0.7022483417832168 0.5069389527972028 0.7086511826923076
2 0.530319520104895 0.6606969667832168 0.5361834204545455 0.6641933260489511 0.5893955944055944 0.6593054335664336 0.6179724108391608 0.6441590472027973 0.6180153146853147 0.6388421197552447 0.6052914222027972 0.6395298531468532 0.6271449912587413 0.6294309239510489 0.6329579554195803 0.6214300646853147 0.6273675410839161 0.6196604335664335 0.5844728312937063 0.6282243321678321 0.5371674615384615 0.6312916564685315 0.523857708916084 0.6422499344405594 0.5088641319930071 0.6481647709790209 0.5055514361888113 0.657982180944056 0.5149157124125874 0.6640217124125875 0.530319520104895 0.6606969667832168
2 0.815374576048951 0.3482720480769231 0.8224182307692307 0.3480414650349651 0.825777847027972 0.34131420017482517 0.7945948723776224 0.3232425270979021 0.7835507875874126 0.3205666284965035 0.7664202526223776 0.324164861013986 0.7544739178321678 0.3353497054195804 0.7612051984265734 0.34711639335664335 0.7917473592657343 0.3555543199300699 0.8041079414335665 0.3553666398601399 0.815374576048951 0.3482720480769231
2 0.8792755568181818 0.3633742534965035 0.8733218330419581 0.3621046756993007 0.8646493068181819 0.3771961092657342 0.8641532692307692 0.3852398715034965 0.8834757159090909 0.40386253496503494 0.8923828417832168 0.40422182867132866 0.8924606153846154 0.3767738295454546 0.8792755568181818 0.3633742534965035
2 0.7777485952797202 0.2559939807692308 0.8116503715034965 0.2577046424825175 0.8171938653846154 0.2563841284965035 0.8157366083916083 0.2499772701048951 0.8114626914335664 0.24534406031468534 0.8008288374125874 0.24525825349650351 0.7631920856643356 0.22555369230769232 0.7536950821678322 0.22705786975524478 0.745241090034965 0.22397174125874128 0.7416978103146853 0.22674549650349649 0.7486556582167833 0.2371487666083916 0.7777485952797202 0.2559939807692308
2 0.8251558374125875 0.2759210917832168 0.8607414388111888 0.28267519405594405 0.8615109624125874 0.2763581590909091 0.8576432604895106 0.26590796853146853 0.8305076346153846 0.25383292307692307 0.8143691739510489 0.2413436311188811 0.8079194125874126 0.24811781555944057 0.8119198417832169 0.2510242980769231 0.8082867395104895 0.25602483479020977 0.8099705638111888 0.2610682744755245 0.8251558374125875 0.2759210917832168
1 0.7682342473776224 0.12607514335664335 0.8184232779720281 0.1663596791958042 0.8266037840909091 0.16771908041958042 0.8292796826923077 0.15667499562937065 0.8196848225524476 0.14359181031468532 0.807034687937063 0.10842447202797202 0.7859814973776224 0.08166822290209791 0.7772070979020979 0.07376522115384615 0.7457077325174826 0.059283747377622376 0.7344840017482517 0.06106141171328671 0.7376760201048952 0.08400892744755245 0.7682342473776224 0.12607514335664335
2 0.40235160227272726 0.18800786013986015 0.37954886276223776 0.20887738811188813 0.3860495611888112 0.21360042132867132 0.40272696241258743 0.2127290244755245 0.4227639798951049 0.20513036276223778 0.4413048522727273 0.20484884265734266 0.4497588452797203 0.20793497202797204 0.4836096853146853 0.19814841520979024 0.507920618881119 0.19518296416083916 0.5298640113636364 0.18285725262237762 0.5300436582167832 0.17840368968531467 0.5119478854895104 0.15914422902097902 0.4967666284965035 0.15269848426573426 0.4888596101398602 0.15306581118881118 0.46250555769230767 0.15989494842657342 0.4598725629370629 0.16562210576923075 0.4546923793706294 0.16644256643356642 0.4486997683566434 0.17889698863636364 0.40235160227272726 0.18800786013986015
2 0.4050220253496503 0.3557390804195804 0.43251292744755243 0.3504999265734266 0.459097562937063 0.3507144440559441 0.5040353907342657 0.33828685926573426 0.5310222229020979 0.3242773234265734 0.5323816241258741 0.3160968181818182 0.5289710716783217 0.3113268645104895 0.5245175087412588 0.31114721765734266 0.4895298173076923 0.3193437893356643 0.43981400262237763 0.31836778146853145 0.41909326835664334 0.3216496232517483 0.41014323863636365 0.326607256993007 0.39552100524475525 0.34883618531468535 0.4050220253496503 0.3557390804195804
2 0.4770430821678322 0.5310716993006993 0.47196075437062934 0.5464795236013986 0.4831885026223776 0.5531089318181818 0.5029091293706294 0.5491004694055944 0.5236378968531469 0.5626327718531469 0.540041812062937 0.5600346477272727 0.5882963522727273 0.5461967255244755 0.5988792692307693 0.5347853138111888 0.614009590034965 0.5297338409090909 0.6141383006993006 0.5137830594405595 0.6042310673076923 0.5126971459790209 0.596281145104895 0.5183813994755245 0.5702434833916085 0.5216203374125874 0.5566522106643357 0.5140377421328671 0.5352048557692308 0.5183196914335664 0.5031665498251748 0.5171989073426574 0.4889934335664336 0.5282939274475524 0.4770430821678322 0.5310716993006993
2 0.48890233216783213 0.4327259851398601 0.4859060262237762 0.43895319580419584 0.48977372902097904 0.44940338636363636 0.5072715909090909 0.45371217307692313 0.5186830017482517 0.46429509090909094 0.5278636145104896 0.4663811118881119 0.5564913680069931 0.4627319431818182 0.6344166722027973 0.44065454632867135 0.6408664335664336 0.43388036188811185 0.6389989458041958 0.4248834117132867 0.6332717884615385 0.422250416958042 0.6079607473776224 0.4244892482517483 0.6010028994755245 0.4140859772727273 0.589095451923077 0.4115468216783217 0.5252065201048951 0.4216658347902098 0.5104864300699301 0.42930739947552443 0.49626237674825174 0.4289052019230769 0.48890233216783213 0.4327259851398601
2 0.4634706136363636 0.4677297421328671 0.488559104020979 0.4752614012237762 0.518323708041958 0.4732022167832168 0.5242305122377622 0.47138164860139864 0.5251367797202797 0.46592797814685316 0.5087248321678322 0.451711958041958 0.4940905480769231 0.44871966958041953 0.4782765104895105 0.44945432255244755 0.4642321048951049 0.4445985629370629 0.4583253006993007 0.44641913024475527 0.4551922517482517 0.4517829772727273 0.4566964291958042 0.46127998076923077 0.4634706136363636 0.4677297421328671
2 0.39595789160839157 0.5974581608391608 0.40214219842657345 0.6057713933566433 0.4143660375874126 0.6047203496503496 0.43182099562937065 0.614346062937063 0.5038394965034965 0.5940892333916085 0.5044722762237762 0.5869088356643357 0.48370060576923074 0.5786934589160839 0.4541156486013986 0.5762990804195804 0.4438920244755245 0.5788033653846154 0.43143760314685314 0.5728107543706294 0.4181707534965035 0.5784521048951049 0.4120413994755245 0.5900431625874125 0.39895419667832166 0.5912309501748252 0.39595789160839157 0.5974581608391608
2 0.44130193269230766 0.5792135952797203 0.4558423767482518 0.5760255935314685 0.48570082080419585 0.5801467001748252 0.5028313557692308 0.5765484685314686 0.516867729020979 0.5645900830419581 0.5061829388111888 0.5530070585664336 0.47787157517482515 0.553066027972028 0.4675970148601398 0.5440730952797203 0.45124403671328667 0.558168437937063 0.43684033653846155 0.5622198033216783 0.4321173033216783 0.5687205017482517 0.4339378715034965 0.574627305944056 0.44130193269230766 0.5792135952797203
2 0.27159477972027973 0.34589611101398604 0.2758646791958042 0.34212224825174825 0.27381754458041957 0.3375788618881119 0.25936692395104893 0.33854008216783216 0.272860340034965 0.3315353146853147 0.276673090034965 0.3220812141608392 0.25549922202797204 0.3280898916083916 0.24291608916083915 0.3380480620629371 0.2244690568181818 0.3445098723776224 0.21801929545454546 0.3512840568181818 0.21807023164335662 0.3627812753496503 0.23324747202797202 0.36081994755244756 0.2494208041958042 0.3511781678321678 0.27159477972027973 0.34589611101398604
2 0.19155132080419582 0.3098975410839161 0.21971790734265734 0.29216106293706295 0.2251206416083916 0.2815701118881119 0.1941762832167832 0.28735623951048955 0.17682721416083916 0.30913203409090906 0.19155132080419582 0.3098975410839161
2 0.17776835227272728 0.2815472910839161 0.18685914160839162 0.2858600944055944 0.19535603758741257 0.28362929632867134 0.2168891993006993 0.268713493006993 0.22706188636363636 0.2547119903846154 0.197981 0.26108799388111886 0.17776835227272728 0.2815472910839161
3 0.27032356031468535 0.824009312062937 0.2922749851398601 0.8284977456293706 0.2940915367132867 0.8259974772727272 0.2852702176573427 0.8150043295454545 0.2890869833916084 0.8139573024475524 0.30213128234265735 0.8180864423076923 0.337033166958042 0.8205237246503496 0.3371189737762238 0.8098898706293706 0.3293406652097902 0.7943064160839162 0.31184280332167835 0.7899976293706293 0.28124970541958044 0.7700624851398602 0.24015949737762235 0.7509048977272728 0.20212456381118882 0.7538314624125875 0.20335525524475523 0.7616017377622377 0.22299810839160839 0.7850412744755245 0.27032356031468535 0.824009312062937
3 0.10579786888111889 0.6876660917832168 0.14449369755244756 0.7364086363636363 0.16426927797202798 0.7523044641608392 0.17576649562937063 0.7522535279720279 0.18457576573426573 0.738025458041958 0.18443500611888114 0.7287550218531469 0.1769690708041958 0.7011742954545455 0.1608735131118881 0.6833680760489511 0.1283231048951049 0.656662763986014 0.1106804659090909 0.6346764685314685 0.0985893548951049 0.6281838033216783 0.09173739597902097 0.6491820410839161 0.09755839335664336 0.6579953277972028 0.10579786888111889 0.6876660917832168
2 0.38418316958041954 0.5873752972027972 0.3996298811188811 0.5787336241258741 0.3651382272727273 0.5788864344405594 0.32136408653846155 0.5539587858391608 0.3102770987762238 0.5565998146853147 0.29901046503496503 0.5636944055944056 0.29674077972027973 0.5689215096153847 0.3148365515734266 0.5881809694055944 0.3286543916083916 0.5944001477272728 0.38418316958041954 0.5873752972027972
2 0.3509999807692308 0.567850382867133 0.3685367298951049 0.5584351695804196 0.3633056092657343 0.5477584125874126 0.36548145454545455 0.5363510174825175 0.3616606722027972 0.5289909729020978 0.34198294842657345 0.5276825078671328 0.3362128872377622 0.5303664396853146 0.33212665122377627 0.5380938120629372 0.322176513986014 0.5423248243006993 0.3207272902097902 0.5527321118881119 0.34668316083916084 0.5685340996503496 0.3509999807692308 0.567850382867133
2 0.4103884283216783 0.5544615777972027 0.404661270979021 0.551828583041958 0.40243047290209794 0.5433316870629371 0.40919662500000004 0.5329673033216783 0.3930152604895105 0.5257949379370629 0.3794749239510489 0.5297095603146853 0.3747988111888112 0.5393004038461539 0.3628953793706294 0.5451683208041957 0.36722023164335665 0.5612987482517482 0.3893982237762238 0.5644237648601399 0.40898210751748254 0.5595519379370629 0.4103884283216783 0.5544615777972027
2 0.3366070515734266 0.4993282421328671 0.3471470655594405 0.49323375786713286 0.3496902377622378 0.48973338199300703 0.34672880244755244 0.473829520979021 0.32014416783216787 0.4736150034965035 0.28342974825174827 0.48208506206293705 0.2610761258741259 0.49182068181818184 0.25762668706293707 0.5007747281468532 0.2794453854895105 0.5128068697552448 0.2946695454545455 0.5139356879370629 0.30261946765734266 0.5082514344405595 0.3366070515734266 0.4993282421328671
2 0.23373529545454544 0.6209391407342657 0.19791911013986016 0.6071413837412588 0.18687904283216783 0.6128725576923078 0.18738311276223776 0.6216429405594406 0.20170502272727273 0.6366325017482518 0.2234258645104895 0.6340772797202797 0.2253322395104895 0.6293502298951049 0.23296577097902096 0.6272561756993007 0.23373529545454544 0.6209391407342657
1 0.19410763898601396 0.714390208041958 0.23874915996503496 0.7475881853146854 0.28429293094405594 0.7669254195804195 0.28696481293706294 0.7474742631118881 0.2970047736013986 0.7410164685314685 0.28917954545454544 0.7223428688811189 0.2775844702797203 0.7078064423076923 0.26167659265734267 0.7023608041958042 0.20931171765734266 0.6734836634615385 0.189360506993007 0.6704484711538462 0.18104727447552446 0.6766327788461538 0.18478225 0.6946266783216783 0.19410763898601396 0.714390208041958
1 0.18701706468531468 0.7115306459790209 0.19083383041958044 0.7104836188811189 0.18951331643356645 0.704940125 0.16976457342657342 0.6500990804195804 0.13512412674825175 0.6241673085664335 0.12594351398601397 0.6220812867132867 0.12763135489510488 0.6355317989510489 0.12254501136363637 0.6425325506993007 0.12918646853146853 0.656526020979021 0.17160120716783217 0.689634173951049 0.18701706468531468 0.7115306459790209
1 0.23851747989510488 0.3577727054195804 0.22406685926573428 0.3587339256993007 0.221199263986014 0.3490103557692308 0.24214254895104895 0.3359580236013986 0.2456697622377622 0.29955597814685314 0.23935272814685316 0.29878645454545455 0.2038689991258741 0.3150267884615385 0.15575923601398603 0.34654221940559443 0.14913786101398602 0.3745841118881119 0.1492397333916084 0.39757854807692306 0.17877777097902098 0.39688278146853145 0.23457200349650348 0.37477051398601396 0.23851747989510488 0.3577727054195804