2 0.5142219036243822 0.6565120873146623 0.5112315675453047 0.6628564225700165 0.5172066375617793 0.6676512652388797 0.5311591721581549 0.6656182570016475 0.5400256342668863 0.6700647438220758 0.5513780065897858 0.6678756655683691 0.6136370271828665 0.6392544769357495 0.6272621161449753 0.6296341779242175 0.6277874505766062 0.6252295098846787 0.6216772207578254 0.6183389308072488 0.6145734464579902 0.6236535057660626 0.5823208336079078 0.6305900049423393 0.5734125535420099 0.6355353146622734 0.5379201935749588 0.6399287775947281 0.5313988797364085 0.6442345016474464 0.5271655873146622 0.653896618616145 0.5142219036243822 0.6565120873146623
2 0.5322781721581549 0.6252377125205931 0.5542443879736408 0.6244685691927512 0.5652846210873147 0.6274798146622734 0.585389205107084 0.6229455889621087 0.5940271647446459 0.6138088064250412 0.6486570766062603 0.5949068607907744 0.6465669431630973 0.5775585082372323 0.6443360461285008 0.5755979324546953 0.6320319481054366 0.5806003673805601 0.6227962207578254 0.5779583871499177 0.6019531070840197 0.5861016252059308 0.5625395947281713 0.5949568822075783 0.5288670485996705 0.6125072240527183 0.5275251482701813 0.6218209859967051 0.5322781721581549 0.6252377125205931
2 0.5796747520593081 0.5920710922570017 0.5825870535420099 0.5870268385502471 0.613986884678748 0.5769077174629325 0.6134462429983526 0.5685247710049424 0.5284100444810543 0.5853406845140033 0.5168597833607907 0.5995217215815486 0.5033336383855025 0.6031460411861614 0.501565348434926 0.6108684917627677 0.5117318912685338 0.6153930131795717 0.5443537685337726 0.6066520082372323 0.5587745123558484 0.5968185140032949 0.5796747520593081 0.5920710922570017
2 0.5460664349258649 0.5302955881383855 0.5609706943986821 0.5254492224052718 0.5724944439868204 0.5334475963756178 0.5805081243822076 0.5347114612850082 0.6194952462932455 0.5242648937397034 0.6246384448105436 0.5211812158154859 0.6280760807248764 0.5117322940691927 0.6561790387149917 0.4956743187808896 0.6683270667215816 0.4932720453047776 0.6745000255354201 0.4860749291598023 0.6726593031301482 0.4776139481054366 0.6678282446457989 0.47549730230642506 0.5921267166392092 0.48895921746293247 0.5762554250411861 0.4838313253706754 0.5618918064250412 0.497060636738056 0.5567067891268533 0.5095361120263591 0.5420157248764415 0.5151781326194399 0.5411002158154861 0.5260832059308073 0.5460664349258649 0.5302955881383855
2 0.6199746606260297 0.48149738303130146 0.6270004003294893 0.4774828896210873 0.6247904126853376 0.4708264151565074 0.5811073929159802 0.4812520733113674 0.5940872932454696 0.4867283204283361 0.6199746606260297 0.48149738303130146
2 0.49154107001647446 0.5257180420098847 0.49730294481054366 0.5297172289950577 0.5137985156507413 0.5244444728171335 0.5241573443163097 0.5344605485996705 0.5407100411861615 0.5325836103789127 0.5399771136738055 0.5187091103789127 0.5425981845140033 0.5141692817133443 0.5570760543657332 0.5077316054365733 0.5622610716639209 0.49525613097199345 0.5764114950576606 0.48123116392092263 0.5630414200988468 0.4822553212520593 0.5618402833607908 0.47618130724876445 0.5585225008237232 0.47493835172981874 0.5251620939044481 0.4872883698517298 0.5139239719934102 0.4962690831960462 0.5083696902800658 0.5105490642504118 0.491874118616145 0.5158218196046128 0.49154107001647446 0.5257180420098847
2 0.4895973014827018 0.4754984011532125 0.5009496746293246 0.4733093228995058 0.5166077710049424 0.4776415593080725 0.543290794892916 0.47219742668863257 0.5461459703459638 0.4637573550247117 0.5799327685337726 0.45299864827018116 0.5812384522240527 0.4355931705107084 0.5790075551894563 0.43363259472817134 0.5481901845140033 0.4427428649093904 0.5309979019769357 0.4422328369028007 0.5108933179571663 0.44676706260296545 0.4955208484349259 0.45941391433278417 0.4853905222405272 0.46298110790774305 0.4848442775947282 0.4720816746293246 0.4895973014827018 0.4754984011532125
2 0.489644723228995 0.44862309225700164 0.4975803690280066 0.45118703789126857 0.5780976482701813 0.42705415485996706 0.5805055247116968 0.42171867051070844 0.5765481565074134 0.41808874876441515 0.558539308896211 0.4224878138385503 0.5779262718286655 0.4168667026359143 0.5782384118616145 0.41166637891268537 0.5146696062602966 0.40993840609555193 0.48586993657331135 0.420213597199341 0.4807838640856672 0.42669309225700164 0.4658796037891269 0.43153945799011534 0.4634717281713344 0.43687494233937396 0.46971711861614496 0.44586125782537067 0.48403891845140035 0.4420237429983525 0.489644723228995 0.44862309225700164
2 0.515719176276771 0.22289812685337726 0.5394898986820429 0.22249824876441512 0.5854818500823723 0.21273308566721583 0.5995486359143327 0.21749171169686987 0.6026741326194398 0.2132431136738056 0.5978639827018122 0.20643056919275124 0.5909371878088961 0.20444908401976936 0.5330522215815486 0.20802037891268535 0.48748666062602963 0.21937685337726526 0.4832742784184514 0.22434307248764415 0.486862381383855 0.22977750082372322 0.4946628673805601 0.23024571004942337 0.515719176276771 0.22289812685337726
2 0.6543152092257002 0.13544735090609555 0.6564318550247117 0.13061629242174627 0.6529789118616145 0.12727760049423392 0.6215637742998353 0.12460910790774299 0.608292644151565 0.11963728583196047 0.5931180634266887 0.12029217792421747 0.5884792899505766 0.12366708649093905 0.5926498533772652 0.12809266392092256 0.6223176103789126 0.13378770922570019 0.6543152092257002 0.13544735090609555
2 0.4923356268533773 0.34727390444810546 0.49916347775947284 0.35525136902800664 0.5319567314662274 0.35669781548599666 0.5637829530477759 0.34817000494233935 0.5785729621087314 0.33653200494233937 0.6200041754530478 0.328841668863262 0.6211119703459638 0.3234281499176277 0.6137796943986821 0.31515945469522244 0.6032801021416804 0.320531154859967 0.5665085708401977 0.3201506845140033 0.5510218509060956 0.32600590115321254 0.533829568369028 0.32549587314662276 0.5162833278418452 0.3395779654036244 0.49633481383855027 0.3415120296540362 0.4923356268533773 0.34727390444810546
2 0.43739207413509057 0.43661432537067546 0.4523534596375618 0.43516377759472813 0.4939825617792422 0.4154814827018122 0.4940815057660626 0.4094855032948929 0.48802840115321255 0.4059907421746293 0.4695151285008237 0.4100985774299835 0.4554483426688633 0.40533995057660627 0.44170900329489293 0.40816861449752884 0.4178964629324547 0.4179602899505766 0.41453686161449754 0.4261091309719934 0.4171161136738056 0.4309610988467875 0.43739207413509057 0.43661432537067546
2 0.4089728756177924 0.41011798517298187 0.41772508649093903 0.4077728377265239 0.42839605436573314 0.41258858978583196 0.4526349859967051 0.40438822570016475 0.4494788756177925 0.38306159555189456 0.44623912767710044 0.3805185593080725 0.4384957677100494 0.3834461672158155 0.42819406425041184 0.3768259093904448 0.4232069357495882 0.3773094250411862 0.4146832273476112 0.39323784266886325 0.4051924859967051 0.39919200329489296 0.40363739126853376 0.4077101095551895 0.4089728756177924 0.41011798517298187
3 0.45434834843492583 0.7497318426688633 0.4424344250411862 0.7482338731466227 0.40908522240527184 0.7256168665568369 0.3849452355848435 0.7278212512355848 0.38114393739703456 0.7215911672158155 0.37313025617792417 0.720327302306425 0.3638374036243822 0.7142895041186161 0.3580964382207578 0.7055944184514004 0.3514608731466227 0.703108507413509 0.3177270996705107 0.6695083929159802 0.30300542174629325 0.6495751861614498 0.3083046894563427 0.6438913459637562 0.30468037067545306 0.6303652018121911 0.2928138682042834 0.6019919233937396 0.2796988072487644 0.5944199398682043 0.277780050247117 0.5872590395387149 0.28408816886326194 0.5821576606260297 0.2806770453047776 0.5694271713344317 0.2713841927512356 0.5633893739703459 0.26925223970345963 0.5554328179571664 0.27534716309719937 0.5495357833607908 0.2663511441515651 0.525510046952224 0.2537042924217463 0.5101375782537068 0.24314757495881384 0.512113460461285 0.24374534266886325 0.5238922240527183 0.23215326194398683 0.547465057660626 0.23397307495881384 0.5606219365733113 0.2312321507413509 0.5758536433278418 0.244294186985173 0.6277844481054365 0.2510440024711697 0.6370619942339374 0.2522242298187809 0.6478319069192752 0.27111086902800663 0.6896742042833608 0.2957231672158155 0.7274239728171334 0.3058004695222405 0.768215600494234 0.31623173064250415 0.794415107907743 0.33551414662273477 0.8122734876441515 0.35469761861614496 0.8361278476112026 0.34586737314662275 0.8397730766062603 0.3434594967051071 0.8451085601317958 0.3599285560131796 0.8620152149917627 0.38716752718286657 0.8777416433278419 0.3920557116968698 0.8832541062602965 0.39445798517298186 0.8954021342668862 0.42971063756177924 0.9123924266886325 0.4365384884678748 0.920369892092257 0.4488788031301482 0.923459172158155 0.4781145667215816 0.9450464192751236 0.4991290568369028 0.9470906326194398 0.5607791054365733 0.941657705107084 0.6061885963756178 0.9329013929159802 0.6630494052718287 0.9159600230642505 0.7085007149917628 0.8978119143327841 0.760785478583196 0.8701577570016474 0.8113646803953871 0.8361383558484349 0.8259414942339375 0.8237047001647446 0.8290098657331136 0.816060284184514 0.7339841029654036 0.8210556161449754 0.6429213113673806 0.8121973566721582 0.5457901087314663 0.7870567215815486 0.48383912602965407 0.7627229472817133 0.4684513500823723 0.7625821845140033 0.46579406260296535 0.7590302973640857 0.452366863261944 0.7566586375617792 0.45434834843492583 0.7497318426688633
2 0.6136337306425041 0.10456164909390445 0.5736224514003295 0.10163814250411862 0.557069755354201 0.10351508154859967 0.5532266375617793 0.10667679406919275 0.5786248871499176 0.11394224052718288 0.6320633657331137 0.11923740691927512 0.6505766383855024 0.11512957166392093 0.6136337306425041 0.10456164909390445
2 0.6544977907742999 0.1106677784184514 0.6572540222405272 0.10822368616144976 0.6475347792421746 0.1005945766062603 0.6072531795716639 0.09347959719934101 0.6019957306425041 0.08977164003294894 0.5770029621087315 0.08879340280065898 0.5548026416803954 0.09346278912685338 0.5818493278418452 0.10369766309719934 0.6236079876441516 0.10359461696869851 0.6544977907742999 0.1106677784184514