1 0.346875 0.529296875 0.3515625 0.466796875 0.35703125 0.459765625 0.35703125 0.455078125 0.353125 0.448828125 0.353125 0.424609375 0.3484375 0.405078125 0.341796875 0.4 0.323046875 0.39921875 0.294921875 0.4046875 0.284375 0.410546875 0.27421875 0.431640625 0.26875 0.453515625 0.2640625 0.458984375 0.2671875 0.473046875 0.265625 0.505078125 0.26796875 0.528515625 0.276953125 0.53671875 0.291015625 0.53984375 0.32890625 0.541015625 0.341015625 0.53671875 0.346875 0.529296875
1 0.38203125 0.783984375 0.359375 0.746484375 0.333984375 0.7265625 0.303515625 0.71796875 0.287890625 0.71796875 0.28359375 0.728515625 0.28671875 0.748828125 0.284375 0.756640625 0.30625 0.796484375 0.315234375 0.8046875 0.331640625 0.8125 0.372265625 0.82265625 0.38671875 0.822265625 0.3890625 0.817578125 0.38203125 0.783984375
1 0.19453125 0.516796875 0.192578125 0.5125 0.183984375 0.509375 0.167578125 0.509375 0.1640625 0.512109375 0.159375 0.556640625 0.16171875 0.603515625 0.164453125 0.60859375 0.196875 0.621484375 0.2 0.610546875 0.19453125 0.516796875
1 0.409765625 0.896875 0.355859375 0.88359375 0.348828125 0.8828125 0.34609375 0.885546875 0.353125 0.898828125 0.366015625 0.91171875 0.392578125 0.921875 0.4234375 0.924609375 0.42734375 0.921484375 0.409765625 0.896875
1 0.275390625 0.8609375 0.239453125 0.840625 0.23671875 0.841796875 0.2453125 0.859765625 0.259765625 0.875 0.286328125 0.88984375 0.29921875 0.891796875 0.2921875 0.879296875 0.275390625 0.8609375
1 0.575 0.922265625 0.558203125 0.9203125 0.516015625 0.9234375 0.50546875 0.926953125 0.50390625 0.937109375 0.506640625 0.93984375 0.5234375 0.940234375 0.569140625 0.9359375 0.575 0.922265625
1 0.4109375 0.169140625 0.41015625 0.165234375 0.404296875 0.1609375 0.377734375 0.16484375 0.36015625 0.180859375 0.35625 0.192578125 0.3640625 0.193359375 0.401953125 0.184375 0.4109375 0.169140625
1 0.515625 0.137890625 0.505078125 0.13203125 0.480859375 0.13203125 0.46953125 0.140234375 0.472265625 0.14921875 0.51171875 0.148828125 0.51640625 0.144921875 0.515625 0.137890625
1 0.09140625 0.481640625 0.086328125 0.47265625 0.080859375 0.471875 0.071875 0.487109375 0.06953125 0.510546875 0.071484375 0.51484375 0.08671875 0.516796875 0.09140625 0.506640625 0.09140625 0.481640625
1 0.890625 0.723046875 0.893359375 0.71015625 0.891015625 0.709375 0.8765625 0.726953125 0.859375 0.764453125 0.8625 0.765234375 0.8796875 0.746484375 0.890625 0.723046875
1 0.60859375 0.122265625 0.599609375 0.115625 0.582421875 0.11328125 0.5796875 0.116015625 0.581640625 0.12265625 0.60625 0.127734375 0.609375 0.126171875 0.60859375 0.122265625