1 0.5075620823723229 0.6866309827018122 0.5197828838550247 0.6813958657331136 0.5238573566721582 0.6402300296540362 0.5156825700164744 0.5939289406919275 0.5237725065897858 0.5854664382207578 0.5232705741350906 0.581378521416804 0.5094290963756177 0.5801733591433279 0.4890184942339374 0.5694009176276771 0.4774719406919275 0.5699887471169687 0.4657391046128501 0.5623003558484349 0.42649510543657326 0.567118913509061 0.4027562084019769 0.5833122314662273 0.39853892421746295 0.5962786878088963 0.3872360922570017 0.6022310016474465 0.38993256342668864 0.6072943270181219 0.39723337479406917 0.6093025823723229 0.39420623970345964 0.6387210914332785 0.3976907899505766 0.6806186136738056 0.4104849308072488 0.6935711029654036 0.41742714332784187 0.6960383434925865 0.46632431795716633 0.6921092981878089 0.5075620823723229 0.6866309827018122
1 0.667117057660626 0.7965059373970346 0.6932942141680395 0.7866525131795717 0.7389645263591433 0.7632018550247117 0.7462948418451401 0.7282755263591433 0.7370297701812191 0.6899924448105437 0.6719956696869851 0.7145758130148271 0.647682910214168 0.7362340024711698 0.6517563369028007 0.7423731227347611 0.6495467850082373 0.7716912454695223 0.6552119060955518 0.7975527520593081 0.667117057660626 0.7965059373970346
1 0.7061122644151565 0.3672193484349259 0.7030571943986821 0.3626150082372323 0.7032010527182866 0.34350943245469523 0.6912250189456343 0.30680407907742996 0.6721913714991763 0.29710743327841843 0.6536022182866557 0.2944104382207578 0.6360314225700165 0.29324822405271833 0.6236527957166392 0.30057749341021417 0.6288879126853377 0.31279829489291594 0.6256889851729819 0.3272995304777595 0.6427857825370675 0.3583966779242175 0.6560249415156507 0.3546963410214168 0.6894309802306425 0.3564039596375618 0.7015224143327842 0.3636333649093904 0.6996719843492587 0.36884002471169686 0.7032434769357496 0.37089122817133446 0.7061122644151565 0.3672193484349259
1 0.635673870675453 0.24640225370675453 0.6270250856672158 0.2300360963756178 0.6109606112026359 0.2174851540362438 0.5765362158154861 0.214242755354201 0.5654341573311367 0.22183023558484347 0.5692064233937397 0.22551660626029651 0.5698946392092257 0.23788074217462932 0.5808528401976936 0.2493988377265239 0.6339238270181219 0.2524264967051071 0.635673870675453 0.24640225370675453
1 0.5033563097199342 0.17924292751235585 0.5082188616144976 0.17491128995057661 0.5076165420098847 0.1700057899505766 0.4887836680395387 0.16194431054365732 0.47099760790774303 0.1657879827018122 0.46480104942339373 0.17277314332784185 0.4640693624382208 0.18033216639209226 0.4791874085667216 0.18179554118616145 0.5033563097199342 0.17924292751235585
1 0.2734539085667216 0.37511306095551894 0.28109935090609556 0.3596509069192751 0.2871380848434926 0.35475989703459637 0.2905522759472817 0.33525277429983524 0.28408353871499176 0.32650307907743 0.27478896210873144 0.3251545823723229 0.25341691845140035 0.33358810378912684 0.24313244316309718 0.34107519769357497 0.24186984266886327 0.35782841103789126 0.23376541515650742 0.37293196705107085 0.23752319110378914 0.38325938962108735 0.24610057001647448 0.38552585749588136 0.2734539085667216 0.37511306095551894
1 0.3279474151565074 0.2646834439868204 0.3396233352553542 0.2516310914332784 0.3416460815485997 0.23768922734761122 0.3294397701812191 0.23628329159802305 0.32013070345963757 0.24157584761120263 0.31267154365733113 0.2653142215815486 0.3162430370675453 0.2673654250411862 0.3279474151565074 0.2646834439868204
1 0.27295302224052714 0.3237201886326194 0.3086545090609555 0.30356832207578255 0.3210046787479407 0.28586868121911035 0.3213493097199341 0.2683982718286656 0.30494020510708403 0.27331773887973637 0.2901947240527183 0.28840680395387147 0.2665562133443163 0.305417705107084 0.2590256482701812 0.3150563896210873 0.2585951210873147 0.3250681630971993 0.2611482570016474 0.325584586490939 0.27295302224052714 0.3237201886326194
1 0.21542767133443164 0.676440615321252 0.21091027429983525 0.6396493657331136 0.20056940691927513 0.6027432388797364 0.20111481136738055 0.5869079958813839 0.19285308154859968 0.5804532257001648 0.1860831845140033 0.5692507808896211 0.17034832784184514 0.5695229596375618 0.16159863261943985 0.5759916968698517 0.15728096210873146 0.5881405700164745 0.1568359439868204 0.6047933962108731 0.1649817504118616 0.6643765914332784 0.1744196614497529 0.6702719909390444 0.20587488303130147 0.6763686861614497 0.21265927100494236 0.6809300782537068 0.21542767133443164 0.676440615321252
1 0.2212925197693575 0.7512422438220758 0.21753474382207577 0.7409148204283361 0.21625869851729818 0.7170041309719933 0.20498537067545305 0.6860218607907743 0.19759866309719934 0.6765549686985173 0.18626737397034596 0.6721369110378912 0.17013097116968698 0.6691387570016474 0.16123794151565074 0.6710605930807249 0.15729335914332784 0.6761094275123558 0.1624130766062603 0.7178061771004942 0.17186495469522242 0.7407130008237233 0.1827517495881384 0.738131406095552 0.2061315255354201 0.7460495510708403 0.21658779324546953 0.7534797298187809 0.2212925197693575 0.7512422438220758
1 0.45957816886326197 0.904149524711697 0.46372352388797367 0.9007358566721582 0.4557924579901153 0.8597992520593081 0.4340478492586491 0.8516803336079076 0.41340749341021416 0.8525548327841845 0.38460579406919276 0.8477921441515651 0.3474559464579901 0.8527685263591435 0.3564348723228995 0.8583053270181219 0.3644523574958814 0.883048089785832 0.3781644678747941 0.8967177759472816 0.40216105354200987 0.9029003673805601 0.4444026836902801 0.9055978846787479 0.45957816886326197 0.904149524711697
1 0.31215600576606256 0.876190726523888 0.29416969604612847 0.8547467545304778 0.24700859802306427 0.8356401317957166 0.23250736243822076 0.8324412042833608 0.22570848352553544 0.8345208649093905 0.23566229489291596 0.8615156054365732 0.25141111861614496 0.8782548509060956 0.2794811301482702 0.8905765626029655 0.3097601713344316 0.8972326293245471 0.31215600576606256 0.876190726523888
1 0.6441646696869852 0.9204908863261945 0.6851732034596375 0.9030070329489291 0.695672942339374 0.8905140527182865 0.6996035568369028 0.8684537932454696 0.7071770708401977 0.8625444275123558 0.6956879563426688 0.8602205214168039 0.6249307726523888 0.8855065963756179 0.610300168863262 0.8947721919275125 0.6099839958813839 0.9226129728171335 0.6130390650741351 0.927217313014827 0.6441646696869852 0.9204908863261945
1 0.44881864827018125 0.9888765065897859 0.44101590362438226 0.9827803344316309 0.40864271169686983 0.975966442339374 0.3899676630971994 0.9658108113673805 0.3789230428336079 0.9704865576606261 0.36201200494233937 0.971318107907743 0.36909755271828665 0.9783322495881385 0.38389994810543654 0.9839839275123557 0.4450318912685338 0.9918311894563426 0.44881864827018125 0.9888765065897859
3 0.15913348517298187 0.4883239991762768 0.16439758401976937 0.4872626943986821 0.17557157166392093 0.4701224250411861 0.1955092215815486 0.4635248434925865 0.1974460708401977 0.4421243426688633 0.2080177388797364 0.4200785741350906 0.22095573723228998 0.41392548682042835 0.23360706672158155 0.3986785963756178 0.23151343822075784 0.3748682932454695 0.24095187232289952 0.35711121416803954 0.2414972767710049 0.341275971169687 0.25614237067545303 0.32536932289950576 0.2601014431630972 0.3136794349258649 0.2679186779242174 0.3131345535420099 0.2674312355848435 0.30240558401976936 0.28128720345963754 0.29696969357495884 0.2867236177924217 0.28717318369028005 0.293063510708402 0.28473492421746294 0.30248745469522237 0.2736188986820428 0.3172613929159802 0.268900205107084 0.3161571408566722 0.25990678830313013 0.32292756095551894 0.247456755354201 0.3206041787479407 0.23529339209225703 0.3370852125205931 0.22082113756177926 0.3280059003294893 0.21446675370675453 0.3276188443163097 0.2045553665568369 0.3315634258649094 0.19950653212520594 0.3388212891268534 0.19778546952224052 0.33847718121911036 0.1916034011532125 0.3469686647446458 0.18641123228995057 0.34401398187808896 0.1826244752883031 0.3533230485996705 0.17733191927512354 0.3496082207578254 0.17073381383855024 0.3416905996705107 0.17046111202635914 0.341905863261944 0.16545522570016474 0.33679958978583197 0.16442237891268532 0.33176524546952224 0.1538367438220758 0.3185835255354201 0.15462534596375618 0.30365176276771005 0.16143819110378912 0.2736733583196046 0.18088735255354202 0.2570060420098847 0.18708338797364085 0.2333675313014827 0.20409428912685337 0.21533722652388798 0.22622595387149919 0.17807197858319604 0.260678284184514 0.14604184761120265 0.30735141598023064 0.1287421845140033 0.36922901317957163 0.12459630560131796 0.3962951589785832 0.12978847528830312 0.4047866425041186 0.1237497413509061 0.40967765156507413 0.13039079489291597 0.4096921425041186 0.13323060049423394 0.4193023690280066 0.13135118945634267 0.4377911350906095 0.13440625947281712 0.4423954752883032 0.13143708566721582 0.44524977100494234 0.1354101252059308 0.45057130807248763 0.13056206342668863 0.44826189291598023 0.12927100494233937 0.45464473393739707 0.13611283113673806 0.4562943912685337 0.13436278747940691 0.4623186342668863 0.13813505436573312 0.46600500494233943 0.13736041927512355 0.46983470922570014 0.13267018286655682 0.4654311425041186 0.13127873723228994 0.4709964011532125 0.13791979077429983 0.4710108912685338 0.1464536985172982 0.493200518121911 0.14956620675453047 0.4948931227347611 0.15233460708401977 0.49040365980230644 0.15676663179571665 0.496083794892916 0.15913348517298187 0.4883239991762768
3 0.3354500461285008 0.22102191021416806 0.3352063245469522 0.21565742586490938 0.3426220131795717 0.2118422108731466 0.3365548220757826 0.2063628492586491 0.3424786787479407 0.2072953097199341 0.36151284925864907 0.1933394777594728 0.374522776771005 0.1776336021416804 0.3838318434925865 0.17234104612850082 0.38926825700164747 0.16254453706754532 0.4016468838550247 0.15521526771004943 0.3969281902800659 0.1404413294892916 0.35897524958813837 0.1388770453047776 0.3387219489291598 0.14966293080724877 0.32564061614497525 0.1512691161449753 0.3138787990115321 0.15686283196046127 0.32053381960461286 0.1738887471169687 0.3260561293245469 0.17155087397034596 0.33010057495881384 0.19097210049423394 0.32962709967051074 0.19725455518945634 0.32221141103789125 0.2010697701812191 0.3262703467874794 0.21384994316309722 0.3210491968698517 0.2186405658978583 0.32041789621087313 0.22701717298187807 0.3240897759472817 0.22988595963756175 0.3354500461285008 0.22102191021416806
1 0.408344852553542 0.17597050164744646 0.41392460131795716 0.17072089373970348 0.4131215082372323 0.1641802273476112 0.3951921136738056 0.1634769975288303 0.3725290115321252 0.1782933607907743 0.37957161120263594 0.1815781845140033 0.408344852553542 0.17597050164744646
0 0.5479523970345963 0.08621179159802306 0.5467332668863262 0.08304184431630972 0.5216898673805601 0.06495410131795717 0.4431159719934102 0.06713257990115322 0.363795899505766 0.08351113426688633 0.35276524711696866 0.1051983039538715 0.3596500214168039 0.11057727924217463 0.3653731046128501 0.10987457331136738 0.39073267792421745 0.10012153542009884 0.4662659934102142 0.08669766392092257 0.5441656400329489 0.0891664744645799 0.5479523970345963 0.08621179159802306
1 0.08494448105436574 0.6816731161449753 0.0850593574958814 0.6758496457990115 0.0728825510708402 0.637509126029654 0.06483608484349258 0.6260484695222405 0.053863393739703454 0.6211714266886327 0.04920161532125206 0.6271382314662274 0.05129524382207579 0.6509485345963756 0.061779968698517304 0.6687490848434926 0.079321784184514 0.6831934052718287 0.08494448105436574 0.6816731161449753
1 0.837025981878089 0.3519750749588138 0.8200440617792422 0.31505445799011533 0.8059304044481054 0.29811443904448104 0.7886752586490939 0.29276392092257 0.7896071960461285 0.3104925420098847 0.809242640032949 0.34874716639209224 0.8353763253706754 0.3588169011532125 0.837025981878089 0.3519750749588138
1 0.9048930856672157 0.6444841441515651 0.9121224917627677 0.6323927100494233 0.9166988970345963 0.5953147907742998 0.908882708401977 0.5485547166392092 0.8984548986820429 0.5514949093904448 0.8916415304777594 0.5602156235584843 0.8841238855024712 0.6341706878088962 0.8852850535420099 0.6639048467874794 0.9048930856672157 0.6444841441515651
1 0.906168607907743 0.6920473113673806 0.9117488797364085 0.6631452257001648 0.9086798426688631 0.6415294612850082 0.8974199588138386 0.6512110930807248 0.8867049563426688 0.6687099604612851 0.8778967759472817 0.7253953887973641 0.8808514588138386 0.7291821449752883 0.906168607907743 0.6920473113673806
1 0.8870614612850083 0.7628608863261944 0.8983932742998353 0.7436264662273476 0.9060102594728172 0.7177939406919275 0.9067134884678747 0.6998645461285008 0.8966872248764416 0.7060750716639209 0.8845378294892916 0.7254098789126854 0.8693183500823722 0.7704338772652389 0.8694042462932454 0.7778925131795716 0.8870614612850083 0.7628608863261944
1 0.8675098212520593 0.8266748105436573 0.893787887973641 0.7939864917627677 0.9013903822075783 0.7747950189456342 0.902437719110379 0.7630476927512355 0.8990240518945635 0.7589023377265239 0.8883809777594729 0.7668484168039539 0.875830035420099 0.7829128904448105 0.8611559604612851 0.8121016457990116 0.8575554868204284 0.8233325485996705 0.8590757759472817 0.8289552446457991 0.8675098212520593 0.8266748105436573
1 0.9308286144975289 0.5346563228995057 0.9343287018121911 0.5226078369028007 0.9220659983525537 0.47680868039538715 0.9159988072487644 0.47132931878088963 0.910003021416804 0.47994964662273476 0.909959550247117 0.4998728064250412 0.9151941441515651 0.5357460856672158 0.9199847677100493 0.5409672355848435 0.9308286144975289 0.5346563228995057
1 0.9116381886326195 0.47974887314662273 0.9172753756177925 0.4715875304777594 0.9173902528830313 0.465764060955519 0.902674799011532 0.4202660642504119 0.8914009481054365 0.4129362718286656 0.8888762693574959 0.42279021993410215 0.8914863212520593 0.4440473863261944 0.8995897026359143 0.47624878583196045 0.9044807116968699 0.48228751976935746 0.9116381886326195 0.47974887314662273
1 0.9351338871499176 0.43453859225700164 0.9285507965403624 0.4079598896210873 0.9210207537067545 0.3939460955518946 0.9136195560131796 0.39112025700164743 0.9129163261943988 0.4090496515650741 0.9222678179571664 0.431138892092257 0.9298123509060956 0.4385116317957166 0.9351338871499176 0.43453859225700164
1 0.9064905370675453 0.40402927512355846 0.9012269621087314 0.3814381013179572 0.8914594332784184 0.3627195815485997 0.8824230691927513 0.36009451565074135 0.8913869810543656 0.3959248476112026 0.8955607940691928 0.4028815510708402 0.9016854233937397 0.4054491779242175 0.9064905370675453 0.40402927512355846
1 0.9296363723228994 0.6128141812191104 0.933954042833608 0.6006653088962108 0.941943593080725 0.5913852224052718 0.9382437792421746 0.554493586490939 0.9346293385502471 0.5487130650741351 0.9273714752883031 0.5504341276771005 0.921676849258649 0.5615072051070841 0.9189653640856672 0.5867374110378912 0.9221632454695223 0.6195411309719934 0.9296363723228994 0.6128141812191104
1 0.9401780131795716 0.6513554744645799 0.944610560955519 0.6333831317957167 0.944654032125206 0.6134599719934102 0.9401506013179572 0.593680147446458 0.9325196499176277 0.6025012487644151 0.9265378311367382 0.6281330008237233 0.9225927265238879 0.656834313014827 0.9246004579901154 0.6731859794069193 0.9401780131795716 0.6513554744645799
1 0.9201528970345964 0.7214518533772653 0.9318862561779243 0.7054877660626029 0.9389723270181219 0.6888494299835255 0.9427166589785833 0.6585129514003295 0.9393029909390445 0.6543675963756177 0.932088075782537 0.6598179769357495 0.923567611202636 0.6782922528830313 0.9165239654036245 0.7223123846787479 0.9201528970345964 0.7214518533772653
1 0.7538074151565074 0.23521691515650742 0.7533054818780889 0.23112899835255352 0.739851583196046 0.216182744645799 0.7250062397034596 0.20680174876441515 0.7174472166392092 0.20607006177924217 0.7160557710049423 0.21163531960461285 0.7225674571663921 0.2241143327841845 0.7312881713344317 0.2309277018121911 0.7490023023064251 0.2366368179571664 0.7538074151565074 0.23521691515650742
1 0.7202730551894563 0.198668863261944 0.70686210461285 0.18745192833607907 0.6938956482701812 0.18323464415156507 0.6895495197693575 0.18501314497528829 0.6895350296540362 0.19165419851729817 0.6986572907742998 0.2017379003294893 0.7246476408566721 0.20726073393739702 0.7202730551894563 0.198668863261944
1 0.6722804069192752 0.16265120263591434 0.6722374588138386 0.15892188467874796 0.6670882380560131 0.15415971911037893 0.651468258649094 0.14860842833607907 0.6463045469522241 0.15048731630971993 0.6510377314662273 0.15862020181219108 0.6685510889621088 0.1626941507413509 0.6722804069192752 0.16265120263591434
1 0.8400820980230642 0.3092744588138386 0.8337711861614497 0.2984306120263591 0.8197579151565074 0.2823081771004942 0.8068918459637562 0.27890847611202635 0.8077233962108731 0.29581951400329487 0.8138335354200988 0.30502819439868206 0.8257097067545305 0.3172634859967051 0.839135147446458 0.3218393690280066 0.8400820980230642 0.3092744588138386
1 0.9562719909390446 0.6269718327841846 0.9599728517298188 0.6165585131795717 0.9594429835255354 0.5784477479406919 0.9553121194398682 0.5752203624382207 0.9492159472817133 0.5830231070840197 0.9460170197693576 0.5975243426688632 0.9471636968698517 0.6338995551894564 0.9562719909390446 0.6269718327841846
1 0.9634879522240527 0.5742164958813839 0.9673321474464579 0.5683500782537068 0.9696131054365733 0.5531316457990115 0.9658988006589786 0.5228810626029654 0.9610507397034597 0.520571647446458 0.9559584332784183 0.5365502248764416 0.9597586342668863 0.5742594439868205 0.9634879522240527 0.5742164958813839
2 0.11939785749588137 0.6716334085667216 0.1100753467874794 0.6362620617792422 0.10076680313014827 0.617902140032949 0.10270260626029654 0.6438065947281713 0.11703100329489291 0.679393205107084 0.11939785749588137 0.6716334085667216
2 0.287294863261944 0.3999707009884679 0.2983110255354201 0.38492458401976937 0.29628880313014827 0.375213971169687 0.28776886243822075 0.3700357685337727 0.27692501565074135 0.37634668121911036 0.27194758649093903 0.38650178912685335 0.2719186054365733 0.3997838953871499 0.2773260387149918 0.4032694925864909 0.287294863261944 0.3999707009884679