1 0.616796875 0.78984375 0.660546875 0.78125 0.722265625 0.759375 0.741015625 0.75859375 0.750390625 0.7546875 0.777734375 0.734375 0.7921875 0.717578125 0.80078125 0.694921875 0.80078125 0.673046875 0.792578125 0.6671875 0.784765625 0.6671875 0.764453125 0.6734375 0.737109375 0.66953125 0.698828125 0.67421875 0.629296875 0.68984375 0.568359375 0.71171875 0.537109375 0.71328125 0.528515625 0.7171875 0.521875 0.733984375 0.51328125 0.741015625 0.509375 0.748828125 0.509375 0.769921875 0.51640625 0.788671875 0.535546875 0.796875 0.565234375 0.79765625 0.576171875 0.803125 0.58671875 0.802734375 0.608203125 0.796875 0.616796875 0.78984375
1 0.275 0.756640625 0.26484375 0.728515625 0.2375 0.691015625 0.201171875 0.66171875 0.173828125 0.6328125 0.137109375 0.61171875 0.117578125 0.60390625 0.11640625 0.613671875 0.125 0.655078125 0.13828125 0.687109375 0.15703125 0.709765625 0.165234375 0.715625 0.177734375 0.71796875 0.211328125 0.7390625 0.232421875 0.7484375 0.252734375 0.76484375 0.26875 0.765234375 0.27421875 0.762890625 0.275 0.756640625
1 0.886328125 0.56484375 0.894140625 0.56484375 0.90390625 0.552734375 0.90703125 0.498828125 0.90390625 0.491015625 0.891015625 0.4765625 0.878515625 0.4765625 0.866015625 0.48203125 0.857421875 0.49375 0.8375 0.508203125 0.8296875 0.525390625 0.82734375 0.578515625 0.835546875 0.5875 0.85 0.590234375 0.860546875 0.578125 0.886328125 0.56484375
2 0.3125 0.314453125 0.315625 0.314453125 0.34296875 0.262890625 0.34375 0.254296875 0.336328125 0.24296875 0.328515625 0.24453125 0.31171875 0.267578125 0.31015625 0.286328125 0.30234375 0.313671875 0.30703125 0.316796875 0.310546875 0.309375 0.3125 0.314453125
2 0.27734375 0.318359375 0.28515625 0.295703125 0.296875 0.278515625 0.29921875 0.266796875 0.294921875 0.25546875 0.28671875 0.258984375 0.2703125 0.286328125 0.2703125 0.301953125 0.265625 0.322265625 0.267578125 0.3234375 0.271484375 0.3171875 0.27578125 0.325390625 0.27890625 0.323046875 0.27734375 0.318359375
2 0.718359375 0.2 0.712890625 0.20078125 0.7109375 0.208203125 0.71796875 0.216796875 0.725 0.235546875 0.7359375 0.240234375 0.73203125 0.216015625 0.718359375 0.2
3 0.76484375 0.176953125 0.75 0.155078125 0.732421875 0.1375 0.699609375 0.11796875 0.69453125 0.111328125 0.694921875 0.1046875 0.669921875 0.090625 0.630078125 0.078125 0.579296875 0.0671875 0.524609375 0.06171875 0.4703125 0.063671875 0.4703125 0.066796875 0.477734375 0.07109375 0.501953125 0.0734375 0.551953125 0.0875 0.570703125 0.09609375 0.581640625 0.1140625 0.606640625 0.121875 0.608203125 0.12890625 0.612109375 0.1234375 0.637109375 0.1328125 0.656640625 0.14453125 0.671484375 0.146875 0.689453125 0.15625 0.702734375 0.15625 0.713671875 0.1640625 0.718359375 0.1640625 0.723046875 0.16953125 0.742578125 0.17265625 0.76171875 0.183203125 0.765625 0.180859375 0.76484375 0.176953125
3 0.188671875 0.2484375 0.200390625 0.23671875 0.212890625 0.23359375 0.239453125 0.215625 0.254296875 0.21015625 0.262890625 0.20234375 0.270703125 0.2046875 0.305078125 0.17734375 0.313671875 0.16484375 0.333984375 0.15546875 0.33515625 0.149609375 0.33203125 0.141796875 0.34609375 0.128515625 0.353125 0.112109375 0.37109375 0.098828125 0.3734375 0.087109375 0.367578125 0.08203125 0.352734375 0.08359375 0.298046875 0.10390625 0.290234375 0.1078125 0.269921875 0.128125 0.248046875 0.13828125 0.220703125 0.1609375 0.212109375 0.1640625 0.2 0.176171875 0.16875 0.219921875 0.1640625 0.243359375 0.16953125 0.253515625 0.171484375 0.25078125 0.188671875 0.2484375
3 0.19765625 0.781640625 0.1953125 0.776953125 0.15078125 0.730859375 0.125 0.676171875 0.109375 0.654296875 0.09375 0.640234375 0.091015625 0.634375 0.078515625 0.634375 0.078125 0.648046875 0.0875 0.682421875 0.1125 0.736328125 0.128125 0.756640625 0.14375 0.770703125 0.159765625 0.79296875 0.188671875 0.81640625 0.196875 0.816796875 0.1921875 0.788671875 0.19765625 0.781640625
1 0.592578125 0.9140625 0.620703125 0.896875 0.63359375 0.882421875 0.627734375 0.8796875 0.599609375 0.88203125 0.553515625 0.89140625 0.48671875 0.926953125 0.487109375 0.93046875 0.494140625 0.93359375 0.5375 0.933984375 0.559765625 0.93046875 0.592578125 0.9140625
3 0.837890625 0.81328125 0.85546875 0.795703125 0.88125 0.758203125 0.94375 0.650390625 0.9609375 0.583203125 0.96328125 0.565234375 0.961328125 0.55859375 0.95546875 0.564453125 0.94921875 0.589453125 0.945703125 0.5859375 0.94140625 0.587890625 0.93828125 0.599609375 0.92421875 0.622265625 0.9140625 0.651171875 0.90625 0.660546875 0.896875 0.687109375 0.846875 0.771484375 0.80078125 0.826953125 0.783203125 0.84140625 0.77109375 0.847265625 0.76796875 0.855859375 0.7609375 0.862890625 0.76171875 0.866796875 0.798828125 0.84453125 0.837890625 0.81328125
1 0.9578125 0.516015625 0.95859375 0.484765625 0.95703125 0.473828125 0.953515625 0.46953125 0.946875 0.473828125 0.940625 0.491015625 0.9421875 0.521484375 0.94609375 0.526171875 0.954296875 0.52265625 0.9578125 0.516015625