1 0.5222493626943006 0.5845159231433507 0.511497920552677 0.5905911770293609 0.49873170379965454 0.6059895224525043 0.49118307253886007 0.6072377746113989 0.4961305069084629 0.6165456735751295 0.4756507495682211 0.6557931407599309 0.46341128756476685 0.6917021735751295 0.4720579050086356 0.7027693393782384 0.5220416234887737 0.7102116329879102 0.530342134715026 0.709925743523316 0.5456949058721935 0.7018053316062176 0.5669113523316062 0.6565580172711571 0.5865491796200345 0.624167518134715 0.5893906934369603 0.601025250431779 0.5714209853195165 0.5879433100172712 0.5484892003454231 0.583387554404145 0.5222493626943006 0.5845159231433507
1 0.3330339041450777 0.4603581943005181 0.29874906303972365 0.4561485457685665 0.28917046545768565 0.4597576778929189 0.2781938981001727 0.4853812590673575 0.27207471502590674 0.5281320690846287 0.2760305025906736 0.5738600164075993 0.2784065742659758 0.5828521917098446 0.2920906770293609 0.5954079257340242 0.32557861312607944 0.6025648782383419 0.33687145336787566 0.5991662279792745 0.34451013471502595 0.5900986450777203 0.3429304196891192 0.5533628730569948 0.3484637279792746 0.5366414179620034 0.3437267754749568 0.5256192763385147 0.34277850777202074 0.48374077892918826 0.33877824352331604 0.46671879015544043 0.3330339041450777 0.4603581943005181
1 0.5152079058721935 0.40094230483592397 0.47224661312607946 0.39653736442141624 0.4462026165803109 0.4137855751295337 0.451255292746114 0.4222363523316062 0.450518603626943 0.42823620034542315 0.4370911062176166 0.4596491459412781 0.42976869602763385 0.49094165889464597 0.42885190759930913 0.5125801666666666 0.43394960880829014 0.5171212797927461 0.4727305371329879 0.5201428929188255 0.5002186269430051 0.5265631563039723 0.5078725 0.5244577832469774 0.5126240949913644 0.5176458402417963 0.5217356053540587 0.47178226943005175 0.5306973981001727 0.4554817789291883 0.5358997918825561 0.4343694766839378 0.5354332530224525 0.41691133246977546 0.5291475164075994 0.4078741321243523 0.5152079058721935 0.40094230483592397
1 0.5261209663212435 0.22348841796200347 0.528452012953368 0.23639025820379964 0.5782252487046632 0.24554679447322972 0.591878420552677 0.21938181606217616 0.5942089188255614 0.20748736269430051 0.5916825803108808 0.20326197409326424 0.5683146390328152 0.19517249309153714 0.5486008557858377 0.19275194473229706 0.5373080155440414 0.19615059499136442 0.537323207253886 0.20311280483592403 0.5261209663212435 0.22348841796200347
1 0.4650393195164076 0.8733060423143351 0.47837731606217615 0.8745087202072539 0.5301653264248705 0.8743421658031089 0.5407963359240069 0.862161822970639 0.5418487487046633 0.8535906122625216 0.5193981442141623 0.8486589170984457 0.48448185578583763 0.8495919948186529 0.4727680509499137 0.8564191286701208 0.4642272236614853 0.8692911355785837 0.4650393195164076 0.8733060423143351
1 0.143247213298791 0.34439573661485323 0.1357143212435233 0.3774024922279793 0.12201557599309154 0.3826808419689119 0.12003118393782385 0.4059283506044905 0.125204292746114 0.42048421675302244 0.13406139291882554 0.42983714075993096 0.1541511165803109 0.4327388704663212 0.16013577202072538 0.42651334974093263 0.16533816580310878 0.4054010474956822 0.18868981951640762 0.35693573143350604 0.20198169343696026 0.31245548791019 0.20593583506044905 0.2837945544041451 0.18494396545768566 0.28469724870466323 0.171200195164076 0.2938852633851468 0.143247213298791 0.34439573661485323
1 0.16413274438687392 0.29475757599309155 0.1700273506044905 0.29635138514680487 0.1786283946459413 0.28653192314335063 0.1991238920552677 0.27904295854922284 0.21631078929188258 0.2524418246977547 0.21728779360967185 0.2338558609671848 0.2004762884283247 0.23614188255613125 0.18620631174438687 0.24961550259067358 0.1641175535405872 0.28779536614853196 0.16413274438687392 0.29475757599309155
1 0.15999685751295337 0.2646682901554404 0.16513958376511226 0.26529973747841107 0.17808644905008636 0.25905902504317785 0.20405503886010362 0.23179606131260796 0.2075735725388601 0.22439769516407598 0.20653580310880829 0.21513482124352332 0.18363439982728844 0.2245034853195164 0.17620620034542314 0.23185682556131262 0.16190639032815196 0.25620232037996543 0.15999685751295337 0.2646682901554404
1 0.034108598445595856 0.39711846977547494 0.0342290310880829 0.4032235587219344 0.057176007772020726 0.4147415233160622 0.06646871502590673 0.4028318791018998 0.06803214248704663 0.38301285405872193 0.06400204490500863 0.37686274006908466 0.05574655785837651 0.3732389645941278 0.04633341796200345 0.3790435207253886 0.04161165716753022 0.3749835898100173 0.04285990932642487 0.38253222107081175 0.034108598445595856 0.39711846977547494
1 0.04114731260794473 0.4567106200345423 0.045056977547495686 0.4567556450777202 0.051146874784110535 0.44967300259067355 0.053567423143350605 0.4299592193436961 0.051281401554404145 0.413147713298791 0.041146215025906735 0.4071180328151986 0.031041411917098444 0.41501277029360967 0.028410380829015543 0.4364407962003454 0.0318090310880829 0.44773363557858376 0.04114731260794473 0.4567106200345423
1 0.07786624784110535 0.3737798134715026 0.08189579620034541 0.35513363385146807 0.0772190604490501 0.34716403713298793 0.06971545336787566 0.34450262348877375 0.05481402936096719 0.3631189697754749 0.052904496545768565 0.37158493868739206 0.06899450431778929 0.38226097409326426 0.07786624784110535 0.3737798134715026
1 0.07636193955094991 0.3470587953367876 0.08521903972366149 0.35641171934369603 0.09473742055267703 0.3497500423143351 0.10165405699481865 0.32884822279792747 0.09300743868739206 0.3177810569948186 0.08690235060449049 0.3179014896373057 0.0773839689119171 0.3245631666666667 0.06750483937823834 0.3377058713298791 0.06779072884283248 0.3460063834196891 0.07636193955094991 0.3470587953367876
1 0.8388270069084629 0.5890200699481866 0.8274446658031088 0.6250343445595855 0.8289033998272884 0.6308687340241795 0.8376400682210708 0.6341165699481865 0.8475343894645941 0.6279360742659759 0.871834310880829 0.621349255613126 0.8763754231433506 0.616251554404145 0.8821344058721935 0.604778066493955 0.8840287478411053 0.5893498877374784 0.8738783704663212 0.5763579974093264 0.8563149844559585 0.5776816571675303 0.8388270069084629 0.5890200699481866
1 0.8754688886010362 0.4216856295336788 0.8843107970639034 0.4240763445595855 0.8874984170984457 0.4122871321243523 0.8833777202072539 0.3891600552677029 0.8765956113989637 0.37353658549222796 0.8642047858376511 0.3646198177892919 0.8611674326424871 0.37164224352331604 0.8692428186528497 0.3909046804835924 0.8699350310880829 0.4136107918825561 0.8754688886010362 0.4216856295336788
1 0.6385524412780657 0.15811935233160623 0.6413342867012091 0.1567208333333333 0.6414243367875647 0.14890150345423145 0.6329882012089809 0.13612009499136443 0.6224770759930915 0.12960923316062176 0.6086128730569947 0.1326921597582038 0.6058462184801382 0.14105288773747843 0.6095605924006908 0.1497743635578584 0.6385524412780657 0.15811935233160623
1 0.7009117936096718 0.1675162037996546 0.694941780656304 0.1559076407599309 0.6738142875647668 0.14374303713298792 0.6706565017271157 0.14466037478411053 0.6692883661485319 0.1558029481865285 0.6761155 0.16751675215889464 0.6997541407599309 0.17694453540587218 0.7009117936096718 0.1675162037996546
1 0.2928028488773748 0.16090887737478413 0.3157644680483592 0.15459275820379967 0.3317486865284974 0.1413296200345423 0.3365453065630397 0.13060801208981002 0.32523727547495684 0.1270444525043178 0.3114332892918826 0.13317992314335061 0.2903215354058722 0.15277382297063904 0.28776536355785837 0.1594203091537133 0.2928028488773748 0.16090887737478413
1 0.34419917962003455 0.1285026390328152 0.36270973575129534 0.11946488946459412 0.3732355051813471 0.10814166753022451 0.36107035319516406 0.10447286787564766 0.34277027892918827 0.1117963739205527 0.32689130138169253 0.12420239119170984 0.3358986683937824 0.12878852849740932 0.34419917962003455 0.1285026390328152
3 0.44846521848013815 0.05169046632124352 0.46634432728842834 0.047795443868739206 0.47329134542314333 0.04081804317789292 0.4869900906735751 0.03553969343696027 0.48789223747841104 0.03173526943005182 0.4651259093264249 0.029374937823834196 0.4231421701208981 0.031180326424870463 0.3874891925734024 0.03811325129533679 0.3745575189982729 0.05131617271157168 0.3598812202072539 0.05038419257340242 0.339325506044905 0.05482061226252159 0.3177477633851468 0.08175266148531952 0.31547693264248705 0.0719033652849741 0.30840948186528494 0.07277567789291883 0.24848696545768567 0.10021983937823835 0.21934539896373056 0.12143793091537133 0.18803879188255612 0.15674589896373056 0.1858135354058722 0.16778323143350604 0.19921174784110537 0.1720384542314335 0.22591757512953367 0.1635719360967185 0.271494707253886 0.13958664162348877 0.2812387616580311 0.1381729317789292 0.30717751813471506 0.12178184283246976 0.33812337651122626 0.092954902417962 0.36326522797927463 0.07951111658031089 0.42514285060449053 0.06448761485319517 0.44846521848013815 0.05169046632124352
3 0.8737899663212435 0.6585662089810017 0.848242341105354 0.6824006891191711 0.8489041709844559 0.6911823816925734 0.845490878238342 0.6977236260794474 0.8228455310880829 0.7262646761658031 0.7978696856649395 0.7667001796200346 0.7910431001727116 0.7797826683937824 0.7908478091537133 0.7884591200345423 0.7837955492227979 0.7962936416234887 0.7850888264248705 0.7999326079447323 0.834034226252159 0.7733157340241796 0.8793102780656304 0.7340677184801382 0.9068867711571674 0.6582797702936096 0.9079391830742659 0.6497085604490501 0.8989920336787564 0.6481749663212435 0.8937136839378239 0.6344762210708118 0.8841350863557859 0.6380853540587219 0.8737899663212435 0.6585662089810017
3 0.8168661917098445 0.29311912089810016 0.8314980146804836 0.3227570595854922 0.8478440785837651 0.3526054810017271 0.8528365388601036 0.3580037150259068 0.8593175664939551 0.3583644637305699 0.8656331381692574 0.35652978929188256 0.8691364810017271 0.34216921416234886 0.8677976303972367 0.3176436191709845 0.859722243523316 0.29838118221070814 0.8438877426597582 0.28208124006908464 0.8178583877374784 0.28149536614853193 0.8143848791018998 0.2849840664939551 0.8168661917098445 0.29311912089810016
3 0.8350008082901554 0.2836001908462867 0.8436018523316062 0.2737807288428325 0.8288192158894646 0.2241132823834197 0.8120223523316061 0.2085652202072539 0.7954365207253886 0.21609920984455958 0.7935720120898101 0.22065551295336788 0.8179337953367876 0.2915101200345423 0.8350008082901554 0.2836001908462867
3 0.7750299758203799 0.1661762556131261 0.781360738341969 0.17130379101899826 0.7757970474956822 0.17410082728842832 0.7764588765112262 0.1828825207253886 0.7822938151986183 0.20622007944732298 0.7954967366148532 0.21915175388601035 0.8041129723661485 0.21629450086355786 0.8120223523316061 0.2085652202072539 0.8200071407599309 0.21085069343696028 0.8208338791018998 0.19703151554404147 0.801871426597582 0.17077703626943005 0.7923226632124352 0.16351429447322968 0.7820372107081175 0.16225139982728842 0.7750299758203799 0.1661762556131261