1 0.65390625 0.702734375 0.66015625 0.684765625 0.66328125 0.651171875 0.6671875 0.647265625 0.663671875 0.63359375 0.633984375 0.63203125 0.616796875 0.63671875 0.6109375 0.641796875 0.6046875 0.654296875 0.60625 0.659765625 0.59921875 0.711328125 0.603515625 0.7171875 0.61640625 0.716796875 0.644140625 0.71171875 0.65390625 0.702734375
1 0.38515625 0.650390625 0.38515625 0.631640625 0.3890625 0.627734375 0.3875 0.623828125 0.3953125 0.608203125 0.39375 0.587109375 0.38671875 0.565234375 0.380078125 0.5578125 0.349609375 0.55390625 0.33046875 0.596484375 0.325 0.599609375 0.3296875 0.608203125 0.32578125 0.622265625 0.32734375 0.635546875 0.33125 0.644140625 0.344921875 0.6546875 0.371875 0.657421875 0.381640625 0.65546875 0.38515625 0.650390625
1 0.5359375 0.506640625 0.53984375 0.498046875 0.54140625 0.478515625 0.533984375 0.46875 0.527734375 0.46640625 0.486328125 0.46796875 0.4765625 0.477734375 0.48046875 0.482421875 0.48046875 0.490234375 0.47265625 0.524609375 0.47421875 0.540234375 0.478515625 0.5453125 0.52265625 0.545703125 0.534375 0.538671875 0.5359375 0.506640625
1 0.62109375 0.392578125 0.604296875 0.3828125 0.582421875 0.3859375 0.57890625 0.391015625 0.57734375 0.412109375 0.5828125 0.437890625 0.592578125 0.44140625 0.625 0.442578125 0.62890625 0.431640625 0.62109375 0.392578125
1 0.640625 0.308984375 0.637109375 0.30546875 0.617578125 0.3 0.609375 0.301953125 0.6078125 0.317578125 0.612890625 0.3296875 0.6421875 0.333984375 0.64375 0.323046875 0.640625 0.308984375
1 0.7375 0.742578125 0.75390625 0.698046875 0.751171875 0.690625 0.726953125 0.69609375 0.7171875 0.708984375 0.7 0.752734375 0.701171875 0.75859375 0.7078125 0.758203125 0.730859375 0.75 0.7375 0.742578125
1 0.28359375 0.583203125 0.2921875 0.561328125 0.290625 0.541796875 0.279296875 0.5234375 0.258984375 0.521875 0.2515625 0.533984375 0.2453125 0.558984375 0.24296875 0.588671875 0.249609375 0.60078125 0.271875 0.606640625 0.28125 0.600390625 0.28359375 0.583203125
1 0.254296875 0.8015625 0.231640625 0.7875 0.22734375 0.788671875 0.22421875 0.800390625 0.229296875 0.8078125 0.2671875 0.826953125 0.2640625 0.812109375 0.254296875 0.8015625
1 0.23984375 0.436328125 0.2546875 0.407421875 0.255078125 0.38828125 0.245703125 0.3875 0.234765625 0.3921875 0.228125 0.401171875 0.215625 0.432421875 0.21640625 0.441796875 0.22421875 0.443359375 0.231640625 0.4421875 0.23984375 0.436328125
1 0.30234375 0.335546875 0.300390625 0.325 0.291015625 0.32265625 0.27890625 0.332421875 0.265625 0.356640625 0.267578125 0.3625 0.2734375 0.362890625 0.28984375 0.355078125 0.30234375 0.335546875
1 0.836328125 0.54921875 0.84296875 0.541796875 0.84140625 0.522265625 0.824609375 0.5109375 0.812890625 0.5109375 0.79609375 0.522265625 0.79375 0.546484375 0.798046875 0.5515625 0.809375 0.555078125 0.815234375 0.5515625 0.836328125 0.54921875
1 0.856640625 0.58125 0.86171875 0.576171875 0.86640625 0.566796875 0.862890625 0.5515625 0.849609375 0.5484375 0.83125 0.564453125 0.82734375 0.575390625 0.828125 0.583984375 0.832421875 0.59140625 0.83671875 0.591015625 0.844140625 0.58359375 0.856640625 0.58125
1 0.325 0.301171875 0.322265625 0.2984375 0.309765625 0.29921875 0.301953125 0.30390625 0.290625 0.322265625 0.30625 0.330859375 0.3234375 0.310546875 0.325 0.301171875
1 0.3421875 0.288671875 0.34453125 0.279296875 0.341015625 0.27578125 0.333984375 0.275 0.326171875 0.27890625 0.315625 0.291015625 0.3140625 0.298046875 0.32734375 0.302734375 0.333203125 0.30078125 0.3421875 0.288671875
1 0.365625 0.266796875 0.36953125 0.259765625 0.367578125 0.25390625 0.352734375 0.2546875 0.3421875 0.262890625 0.3359375 0.274609375 0.34765625 0.277734375 0.357421875 0.275 0.365625 0.266796875
1 0.39296875 0.241015625 0.39296875 0.235546875 0.376953125 0.23515625 0.359375 0.251171875 0.37109375 0.254296875 0.388671875 0.24609375 0.39296875 0.241015625
2 0.409765625 0.234375 0.40625 0.236328125 0.40390625 0.244921875 0.40390625 0.248828125 0.40859375 0.250390625 0.4125 0.247265625 0.409765625 0.234375
3 0.175 0.462109375 0.184375 0.450390625 0.1890625 0.388671875 0.183984375 0.384375 0.176953125 0.3890625 0.166796875 0.38828125 0.160546875 0.3953125 0.141796875 0.3984375 0.13125 0.408203125 0.12890625 0.427734375 0.1234375 0.438671875 0.12265625 0.456640625 0.13046875 0.489453125 0.142578125 0.50390625 0.146875 0.505078125 0.16171875 0.491796875 0.175 0.462109375
3 0.4234375 0.185546875 0.425 0.180078125 0.420703125 0.17265625 0.412109375 0.16953125 0.4046875 0.173828125 0.4 0.187890625 0.4 0.191015625 0.4046875 0.193359375 0.418359375 0.18984375 0.4234375 0.185546875
3 0.331640625 0.2453125 0.361328125 0.23359375 0.384375 0.211328125 0.39375 0.194140625 0.396484375 0.17265625 0.329296875 0.203125 0.31171875 0.216015625 0.3046875 0.226953125 0.30546875 0.233984375 0.30234375 0.239453125 0.30625 0.258984375 0.30390625 0.262890625 0.315625 0.266796875 0.32109375 0.262890625 0.331640625 0.2453125
3 0.310546875 0.265625 0.301953125 0.26875 0.29609375 0.262890625 0.3046875 0.247265625 0.3046875 0.239453125 0.3109375 0.232421875 0.311328125 0.215625 0.30625 0.218359375 0.2984375 0.232421875 0.290625 0.255078125 0.29375 0.262890625 0.2859375 0.266796875 0.2828125 0.281640625 0.29140625 0.283984375 0.31484375 0.267578125 0.310546875 0.265625
3 0.28359375 0.251171875 0.29140625 0.237109375 0.291015625 0.23125 0.26015625 0.254296875 0.234375 0.291796875 0.2328125 0.301953125 0.236328125 0.30703125 0.252734375 0.303125 0.259765625 0.2984375 0.26484375 0.299609375 0.2671875 0.306640625 0.28359375 0.259765625 0.28359375 0.251171875
3 0.469921875 0.16015625 0.494921875 0.15546875 0.509765625 0.1484375 0.52109375 0.137890625 0.514453125 0.1328125 0.505078125 0.13359375 0.448828125 0.146875 0.44375 0.153515625 0.4453125 0.158203125 0.455859375 0.1609375 0.4609375 0.166796875 0.466015625 0.165625 0.469921875 0.16015625
0 0.9109375 0.645703125 0.92890625 0.553515625 0.93046875 0.462890625 0.92265625 0.405078125 0.91484375 0.370703125 0.89375 0.307421875 0.87734375 0.278515625 0.839453125 0.24296875 0.803515625 0.215625 0.758984375 0.18828125 0.744921875 0.184375 0.74921875 0.209765625 0.753515625 0.20390625 0.76171875 0.213671875 0.761328125 0.2171875 0.755859375 0.21640625 0.75390625 0.219921875 0.76015625 0.230078125 0.76015625 0.240234375 0.765625 0.247265625 0.7671875 0.275390625 0.772265625 0.28046875 0.77734375 0.278515625 0.7796875 0.298046875 0.784375 0.305859375 0.796875 0.317578125 0.81015625 0.336328125 0.82890625 0.374609375 0.840234375 0.37734375 0.8515625 0.395703125 0.85625 0.439453125 0.87578125 0.504296875 0.890625 0.627734375 0.88828125 0.635546875 0.890625 0.643359375 0.8890625 0.662890625 0.88046875 0.685546875 0.87734375 0.714453125 0.8796875 0.718359375 0.88671875 0.709765625 0.9109375 0.645703125
1 0.88359375 0.672265625 0.8859375 0.648046875 0.883203125 0.63984375 0.875 0.644140625 0.86796875 0.658203125 0.8640625 0.694140625 0.86875 0.695703125 0.878125 0.686328125 0.88359375 0.672265625
0 0.1078125 0.360546875 0.110546875 0.353125 0.1109375 0.369921875 0.114453125 0.371875 0.13046875 0.361328125 0.1359375 0.348828125 0.148046875 0.33515625 0.153515625 0.3359375 0.157421875 0.3421875 0.185546875 0.3265625 0.192578125 0.315625 0.212109375 0.3109375 0.23203125 0.290234375 0.23359375 0.283203125 0.24765625 0.266796875 0.25078125 0.256640625 0.290234375 0.2296875 0.310546875 0.196875 0.330078125 0.18984375 0.337109375 0.184375 0.341796875 0.18515625 0.3453125 0.192578125 0.348828125 0.19296875 0.353515625 0.1859375 0.357421875 0.1890625 0.373046875 0.18359375 0.376953125 0.17578125 0.385546875 0.17734375 0.391015625 0.1734375 0.396484375 0.17421875 0.408203125 0.1515625 0.409375 0.165234375 0.416015625 0.16796875 0.426171875 0.15625 0.431640625 0.1546875 0.435546875 0.15703125 0.444140625 0.14375 0.526953125 0.13046875 0.5328125 0.126953125 0.5328125 0.122265625 0.455078125 0.121875 0.369140625 0.1359375 0.322265625 0.15 0.285546875 0.16484375 0.227734375 0.19453125 0.180078125 0.2265625 0.11796875 0.283203125 0.09453125 0.340234375 0.08515625 0.376953125 0.0859375 0.385546875 0.090625 0.387109375 0.10859375 0.373046875 0.1078125 0.360546875