1 0.459375 0.433984375 0.46171875 0.419140625 0.45859375 0.412109375 0.4671875 0.405859375 0.466015625 0.40234375 0.444140625 0.38984375 0.408984375 0.3890625 0.382421875 0.3921875 0.373046875 0.40234375 0.365625 0.404296875 0.36796875 0.412109375 0.359375 0.458203125 0.361328125 0.490625 0.372265625 0.4796875 0.426953125 0.4796875 0.444140625 0.48359375 0.45546875 0.492578125 0.4625 0.455078125 0.459375 0.433984375
1 0.4109375 0.705078125 0.40078125 0.648046875 0.40859375 0.643359375 0.404296875 0.63671875 0.376953125 0.6234375 0.349609375 0.6171875 0.323828125 0.61484375 0.29765625 0.623828125 0.309375 0.634765625 0.3140625 0.685546875 0.320703125 0.70546875 0.355859375 0.71640625 0.40546875 0.723828125 0.41015625 0.721484375 0.4109375 0.705078125
1 0.68359375 0.651953125 0.6890625 0.633984375 0.68671875 0.583984375 0.69296875 0.573046875 0.663671875 0.5515625 0.635546875 0.55234375 0.627734375 0.559375 0.612109375 0.5625 0.58515625 0.576953125 0.5875 0.583984375 0.58671875 0.640234375 0.5921875 0.662109375 0.598828125 0.66640625 0.6125 0.666015625 0.673828125 0.65859375 0.68359375 0.651953125
1 0.537109375 0.2796875 0.53984375 0.263671875 0.53671875 0.251171875 0.53984375 0.247265625 0.516796875 0.234375 0.497265625 0.23359375 0.483984375 0.2375 0.4703125 0.247265625 0.46953125 0.267578125 0.47265625 0.279296875 0.47734375 0.280859375 0.482421875 0.27734375 0.537109375 0.2796875
1 0.347265625 0.81953125 0.324609375 0.80703125 0.285546875 0.7921875 0.278515625 0.78984375 0.26640625 0.791796875 0.271875 0.797265625 0.27890625 0.819140625 0.291015625 0.83359375 0.329296875 0.85 0.348046875 0.85625 0.3578125 0.855859375 0.35703125 0.844921875 0.347265625 0.81953125
1 0.587109375 0.8703125 0.59609375 0.851953125 0.59609375 0.841796875 0.603125 0.835546875 0.527734375 0.83515625 0.500390625 0.8390625 0.48984375 0.843359375 0.498046875 0.8765625 0.53828125 0.878515625 0.573046875 0.875 0.587109375 0.8703125
1 0.82421875 0.702734375 0.823046875 0.67265625 0.801171875 0.68203125 0.784375 0.696484375 0.77421875 0.720703125 0.77578125 0.737109375 0.77265625 0.745703125 0.77734375 0.745703125 0.8171875 0.721484375 0.82421875 0.702734375
1 0.8203125 0.523046875 0.82109375 0.505859375 0.81015625 0.483203125 0.809375 0.469921875 0.804296875 0.4625 0.795703125 0.46015625 0.773046875 0.4625 0.7671875 0.466796875 0.765625 0.473046875 0.7671875 0.506640625 0.77265625 0.516015625 0.7765625 0.540234375 0.784375 0.542578125 0.812890625 0.53984375 0.8203125 0.523046875
1 0.80078125 0.618359375 0.80546875 0.598828125 0.80546875 0.579296875 0.8171875 0.557421875 0.816015625 0.55234375 0.801171875 0.55703125 0.784375 0.571484375 0.77734375 0.608203125 0.78203125 0.622265625 0.78125 0.639453125 0.78515625 0.642578125 0.79296875 0.636328125 0.80078125 0.618359375
3 0.865625 0.763671875 0.878125 0.737890625 0.89609375 0.716796875 0.925 0.646484375 0.9375 0.600390625 0.9421875 0.549609375 0.93671875 0.536328125 0.9328125 0.508203125 0.91171875 0.455078125 0.91328125 0.421484375 0.909375 0.410546875 0.87734375 0.340234375 0.85859375 0.306640625 0.8453125 0.294140625 0.83828125 0.280859375 0.832421875 0.27890625 0.83046875 0.273828125 0.8171875 0.262890625 0.8140625 0.255859375 0.80078125 0.247265625 0.79765625 0.233984375 0.784375 0.221484375 0.77421875 0.204296875 0.7671875 0.200390625 0.76640625 0.194921875 0.741015625 0.17265625 0.719921875 0.16171875 0.71875 0.157421875 0.708984375 0.15078125 0.685546875 0.140625 0.69296875 0.157421875 0.70546875 0.173046875 0.70546875 0.177734375 0.702734375 0.17890625 0.690625 0.166015625 0.69140625 0.161328125 0.686328125 0.15546875 0.67421875 0.154296875 0.67421875 0.148828125 0.678515625 0.14921875 0.68046875 0.145703125 0.675 0.141796875 0.674609375 0.13671875 0.658984375 0.13828125 0.665625 0.133984375 0.659375 0.130859375 0.657421875 0.1234375 0.624609375 0.109375 0.606640625 0.10703125 0.599609375 0.103125 0.592578125 0.1078125 0.568359375 0.10703125 0.56484375 0.105859375 0.561328125 0.09375 0.513671875 0.09140625 0.506640625 0.08671875 0.499609375 0.09140625 0.471484375 0.0921875 0.470703125 0.09921875 0.498828125 0.1109375 0.506640625 0.1234375 0.562109375 0.12734375 0.565234375 0.1296875 0.576953125 0.1265625 0.580078125 0.13125 0.592578125 0.13125 0.625390625 0.14140625 0.627734375 0.146875 0.639453125 0.14921875 0.647265625 0.15546875 0.651171875 0.16953125 0.62578125 0.173046875 0.6265625 0.179296875 0.6375 0.191796875 0.6328125 0.200390625 0.6359375 0.204296875 0.63515625 0.208984375 0.644140625 0.21640625 0.655078125 0.21875 0.662890625 0.22421875 0.678125 0.239453125 0.68125 0.255859375 0.6734375 0.259765625 0.675 0.269140625 0.6984375 0.291015625 0.71328125 0.326171875 0.7328125 0.357421875 0.741015625 0.36328125 0.761328125 0.36796875 0.772265625 0.3671875 0.78125 0.376953125 0.796875 0.407421875 0.81015625 0.448046875 0.809375 0.483984375 0.8109375 0.493359375 0.81796875 0.505078125 0.81796875 0.553515625 0.80625 0.581640625 0.80625 0.598046875 0.80078125 0.622265625 0.790625 0.644140625 0.816015625 0.6640625 0.823828125 0.66484375 0.828125 0.674609375 0.828125 0.753515625 0.82421875 0.764453125 0.8078125 0.783203125 0.80625 0.788671875 0.7859375 0.808203125 0.7828125 0.819921875 0.7765625 0.825390625 0.77578125 0.830078125 0.783203125 0.83359375 0.804296875 0.8234375 0.80546875 0.832421875 0.80859375 0.833984375 0.8296875 0.816796875 0.865625 0.763671875
1 0.662890625 0.22578125 0.634765625 0.21484375 0.626953125 0.215625 0.62109375 0.219921875 0.6234375 0.232421875 0.635546875 0.24609375 0.648046875 0.24609375 0.68359375 0.255078125 0.6765625 0.237890625 0.662890625 0.22578125
3 0.8234375 0.535546875 0.821875 0.526171875 0.8265625 0.516015625 0.8171875 0.486328125 0.8125 0.481640625 0.8109375 0.470703125 0.799609375 0.46328125 0.792578125 0.465625 0.78828125 0.473828125 0.78828125 0.492578125 0.7921875 0.504296875 0.7875 0.513671875 0.7921875 0.525390625 0.7921875 0.538671875 0.802734375 0.540625 0.816015625 0.53828125 0.81953125 0.541015625 0.81796875 0.548828125 0.8203125 0.552734375 0.8203125 0.541015625 0.8234375 0.535546875
1 0.13828125 0.621484375 0.1296875 0.602734375 0.118359375 0.59765625 0.11484375 0.605078125 0.115625 0.619921875 0.12265625 0.655078125 0.135546875 0.6734375 0.15 0.681640625 0.1484375 0.655859375 0.13828125 0.621484375
1 0.16953125 0.412890625 0.16953125 0.391796875 0.1734375 0.381640625 0.171484375 0.36484375 0.165234375 0.365625 0.1546875 0.376171875 0.1453125 0.397265625 0.13984375 0.424609375 0.14296875 0.433203125 0.160546875 0.428125 0.16953125 0.412890625
1 0.118359375 0.39140625 0.1125 0.393359375 0.10625 0.405859375 0.1 0.430078125 0.1 0.437109375 0.10390625 0.441796875 0.1140625 0.430078125 0.118359375 0.39140625
1 0.15078125 0.333984375 0.149609375 0.32734375 0.140234375 0.33203125 0.1328125 0.344140625 0.12578125 0.368359375 0.13046875 0.369921875 0.1421875 0.357421875 0.15078125 0.333984375
1 0.16640625 0.306640625 0.165234375 0.30078125 0.1546875 0.306640625 0.15 0.316796875 0.14921875 0.326953125 0.15390625 0.333203125 0.1625 0.319921875 0.16640625 0.306640625
1 0.18125 0.287109375 0.18203125 0.282421875 0.177734375 0.2796875 0.16796875 0.287109375 0.1640625 0.294921875 0.16484375 0.303515625 0.16875 0.305078125 0.1734375 0.301953125 0.18125 0.287109375
1 0.09765625 0.468359375 0.094140625 0.4625 0.0859375 0.474609375 0.08359375 0.497265625 0.0859375 0.516796875 0.09375 0.519140625 0.09765625 0.507421875 0.09765625 0.468359375
1 0.08515625 0.616796875 0.080859375 0.61015625 0.075390625 0.60859375 0.078125 0.647265625 0.0859375 0.661328125 0.09453125 0.664453125 0.09375 0.644140625 0.08515625 0.616796875
1 0.15390625 0.713671875 0.144140625 0.703125 0.132421875 0.69609375 0.13203125 0.708984375 0.1421875 0.734765625 0.157421875 0.75546875 0.17421875 0.766015625 0.16953125 0.747265625 0.15390625 0.713671875
1 0.183203125 0.8109375 0.169140625 0.8 0.16328125 0.800390625 0.175390625 0.8234375 0.205859375 0.84765625 0.21640625 0.851171875 0.21015625 0.840234375 0.183203125 0.8109375
1 0.36171875 0.180859375 0.343359375 0.18359375 0.331640625 0.190625 0.3265625 0.202734375 0.3328125 0.203515625 0.356640625 0.196875 0.36171875 0.180859375
1 0.421875 0.160546875 0.412890625 0.15546875 0.400390625 0.1578125 0.3859375 0.167578125 0.38515625 0.173046875 0.38984375 0.174609375 0.417578125 0.16953125 0.421875 0.160546875
1 0.4703125 0.144140625 0.453515625 0.14296875 0.4421875 0.151953125 0.443359375 0.15625 0.45546875 0.155859375 0.471484375 0.1546875 0.4703125 0.144140625
1 0.26640625 0.212109375 0.258984375 0.2109375 0.247265625 0.21796875 0.23515625 0.230859375 0.23359375 0.237109375 0.23671875 0.237890625 0.258203125 0.22578125 0.26640625 0.212109375
1 0.321875 0.169140625 0.307421875 0.1703125 0.2953125 0.180859375 0.2953125 0.187890625 0.316015625 0.18046875 0.321875 0.169140625
0 0.606640625 0.07265625 0.526953125 0.0609375 0.498046875 0.06015625 0.437890625 0.065625 0.42109375 0.080078125 0.41875 0.085546875 0.422265625 0.08828125 0.444921875 0.08828125 0.477734375 0.08203125 0.519921875 0.08203125 0.597265625 0.09296875 0.608203125 0.0984375 0.62421875 0.099609375 0.61171875 0.075390625 0.606640625 0.07265625
0 0.95625 0.397265625 0.9453125 0.353515625 0.928125 0.306640625 0.90625 0.262890625 0.86640625 0.216015625 0.812109375 0.1671875 0.741015625 0.12109375 0.670703125 0.090625 0.608203125 0.0734375 0.60703125 0.076171875 0.6234375 0.097265625 0.639453125 0.11015625 0.658203125 0.11640625 0.670703125 0.103125 0.67265625 0.107421875 0.66875 0.109765625 0.667578125 0.11875 0.683984375 0.1265625 0.701953125 0.140625 0.716015625 0.14609375 0.747265625 0.1734375 0.76171875 0.181640625 0.8 0.238671875 0.81484375 0.252734375 0.8234375 0.266015625 0.83828125 0.276953125 0.846875 0.294921875 0.85234375 0.297265625 0.86640625 0.315234375 0.8859375 0.359765625 0.89375 0.369140625 0.89296875 0.373046875 0.896875 0.376171875 0.90546875 0.400390625 0.914453125 0.41171875 0.928515625 0.42109375 0.93125 0.419921875 0.92890625 0.416796875 0.930859375 0.41328125 0.937109375 0.41328125 0.94765625 0.436328125 0.953515625 0.43671875 0.95859375 0.445703125 0.96171875 0.438671875 0.95625 0.397265625
2 0.76484375 0.596484375 0.76640625 0.578515625 0.761328125 0.559375 0.75703125 0.560546875 0.75625 0.569140625 0.7453125 0.587109375 0.74375 0.602734375 0.75 0.611328125 0.758984375 0.60625 0.76484375 0.596484375