1 0.5471929925864909 0.8102133838550247 0.5978523533772653 0.8115651103789127 0.6316437841845141 0.8035732907742998 0.6477499168039539 0.7940313813838551 0.6633924003294893 0.7689872026359144 0.6633519703459638 0.7639768533772652 0.6323992158154861 0.746147557660626 0.607814902800659 0.7539296589785832 0.5663626598023064 0.7523682149917628 0.5551418023064251 0.7547609612850082 0.5481543574958814 0.7699170840197693 0.5437731614497529 0.7975788657331138 0.5370030041186161 0.8060974752883031 0.5471929925864909 0.8102133838550247
1 0.19824346210873148 0.7728760156507414 0.2142940255354201 0.790013018121911 0.2541923953871499 0.8171820749588138 0.3034267405271829 0.8433278327841846 0.34174594563426686 0.8594048912685338 0.37039059802306423 0.8681117133443162 0.37600102718286654 0.8669153401976936 0.3706230255354201 0.8297849382207578 0.29398461532125203 0.7976308212520593 0.24800459719934104 0.7720004991762768 0.22360471169686985 0.7522901070840198 0.17801127018121912 0.724219039538715 0.19824346210873148 0.7728760156507414
1 0.05515903789126853 0.5283720518945634 0.06289314003294894 0.5637906457990115 0.08120759143327842 0.5929620881383855 0.10440731878088962 0.6149843665568369 0.09532269439868205 0.5380693138385503 0.06870692174629324 0.49549020181219117 0.057449420098846786 0.48495028253706757 0.05515903789126853 0.5283720518945634
1 0.7345163805601318 0.7806691301482701 0.7447947973640857 0.7789611070840198 0.7772205667215815 0.7611620906095552 0.7904627339373971 0.7407416861614498 0.7919243937397035 0.7288803204283361 0.7840462932454695 0.7259645691927512 0.7729542940691928 0.7275437339373971 0.7577906021416805 0.7364009192751235 0.7308350477759473 0.7775840914332784 0.7345163805601318 0.7806691301482701
1 0.8408211968698517 0.38593157907743 0.8536578624382207 0.40756349670510705 0.8641055675453049 0.4100522421746293 0.8712623006589785 0.39909288714991764 0.8666132372322899 0.3599929596375618 0.8465023344316309 0.32636703294892916 0.8416208434925865 0.3255938805601318 0.8351526177924218 0.3295733607907743 0.8408211968698517 0.38593157907743
1 0.8214824118616144 0.7081251235584843 0.8267062644151565 0.7093694958813839 0.8354863764415156 0.7065901738056013 0.8468398772652389 0.6954615304777595 0.8589703154859967 0.6715290807248765 0.855937060955519 0.6564538171334432 0.8419735263591432 0.6629991169686985 0.8228556433278418 0.7020876894563427 0.8214824118616144 0.7081251235584843
1 0.9073859184514004 0.5290789711696869 0.9099517380560131 0.536574280889621 0.9138907883031301 0.5380321565074134 0.9199762224052719 0.5285711062602966 0.92277068369028 0.5056619563426689 0.9186661301482703 0.4920849975288303 0.9148559382207578 0.48981354036243824 0.9112150345963757 0.49173885172981874 0.9073859184514004 0.5290789711696869
1 0.7774669291598023 0.7833018731466228 0.7844910189456343 0.7810784159802306 0.8065095123558484 0.7658010041186162 0.8165377817133443 0.7498755140032949 0.8164127075782538 0.7427667808896211 0.8007373657331136 0.7469559785831961 0.7936690617792421 0.7520914019769357 0.7763552001647447 0.7797898286655683 0.7774669291598023 0.7833018731466228
1 0.7365327009884679 0.8627196062602965 0.7473265527182866 0.8577572561779242 0.7616766630971994 0.8487712108731466 0.7654059958813839 0.8410219686985173 0.7601821433278418 0.8397775963756178 0.7448049472817134 0.8473499802306426 0.7308376276771005 0.8618175955518945 0.7365327009884679 0.8627196062602965
1 0.34234172652388795 0.06053583443163098 0.3480367998352554 0.06143784514003295 0.3649527298187809 0.059947110378912684 0.3944185337726524 0.05293816062602965 0.4115959662273476 0.04189794645799011 0.41519643986820426 0.03496228583196046 0.38710386738056013 0.03593380148270181 0.3679164802306425 0.04123472817133443 0.3427283031301483 0.058095088962108736 0.34234172652388795 0.06053583443163098
1 0.4459283855024712 0 0.445317892092257 0.00011848105436573311 0.4054852421746293 0.014659384678747943 0.39687441927512357 0.021635475288303133 0.4040677965403624 0.023608785008237234 0.4557175980230643 0.013441506589785832 0.47447797940691927 0.005570976112026359 0.47927984596375617 0 0.4459283855024712 0