3 0.8059103799654577 0.2509383523316062 0.8122809291882556 0.24919437996545768 0.80965443955095 0.2363930431778929 0.7930458531951641 0.23409176252158895 0.7906994930915371 0.21910667098445596 0.7845698998272884 0.2242964602763385 0.7900398186528498 0.22824229879101898 0.7888982340241797 0.23048629274611399 0.7788409136442142 0.229025402417962 0.7802626278065631 0.22459765371329882 0.7746119922279793 0.21806745250431778 0.7722053937823834 0.20222090587219343 0.7576209101899828 0.20410641968911916 0.744036469775475 0.19553400345423141 0.7405514775474957 0.2014045310880829 0.7416147115716754 0.21041968134715025 0.7631148445595856 0.23315490932642485 0.8052507055267704 0.26007398013816924 0.8200790958549223 0.2802459093264249 0.8256484300518134 0.2794236303972366 0.8268894283246978 0.2724115189982729 0.8199556666666666 0.2599113756476684 0.80494951208981 0.25576670898100173 0.8059103799654577 0.2509383523316062
3 0.7335094473229706 0.1378376303972366 0.7331480146804836 0.1326689050086356 0.7216057884283247 0.1161626848013817 0.7203829015544041 0.11105419775474958 0.7235877633851467 0.10736742573402418 0.7072171804835924 0.08990033678756477 0.6462889784110536 0.0603998549222798 0.5645472849740933 0.04274279360967185 0.4641547910189983 0.030718255613126078 0.4400340708117444 0.032404941278065626 0.3740635241796201 0.042212050086355785 0.33417756131260795 0.05365781433506045 0.3181713618307426 0.05997107599309154 0.3137857400690846 0.07153141450777202 0.3217797841105354 0.0744350829015544 0.43917851986183076 0.06968843005181347 0.4872632582037997 0.08883334801381693 0.5261310664939551 0.09996611139896373 0.6392465466321244 0.12062330397236613 0.6713613100172712 0.12184028670120897 0.7061628022452504 0.13672006131260794 0.7335094473229706 0.1378376303972366
1 0.11643395941278065 0.22037558117443867 0.10099097322970639 0.24093295854922278 0.0927799896373057 0.25968612435233157 0.09162029360967185 0.27405071675302245 0.09518658808290155 0.2755326701208981 0.1299640647668394 0.265309792746114 0.1641993920552677 0.24733382728842834 0.17593749481865287 0.23569218739205527 0.1908172694300518 0.200890695164076 0.18063947063903282 0.197706896373057 0.15405486528497409 0.20129720639032816 0.11643395941278065 0.22037558117443867
1 0.3019992055267703 0.15675810017271158 0.2999329766839378 0.13958925388601034 0.27949607772020724 0.12586917616580312 0.26362846804835927 0.12178474784110535 0.2473210751295337 0.12379073834196891 0.22650758376511224 0.13563415803108808 0.21655262780656304 0.1480167754749568 0.21274833074265978 0.16170062953367875 0.2206821347150259 0.16374284369602765 0.23244425302245247 0.1772038549222798 0.2330074654576857 0.19144796977547496 0.24973652849740935 0.1954721597582038 0.257429378238342 0.1940685561312608 0.2799657789291883 0.18210465889464594 0.2974931062176166 0.16659553022452503 0.3019992055267703 0.15675810017271158
1 0.10877733333333334 0.1975379870466321 0.09832235664939551 0.21514956908462868 0.09636144473229706 0.23043585405872194 0.10978328065630398 0.22430330829015543 0.1216810354058722 0.2087550043177893 0.16018150777202073 0.177495792746114 0.1822751735751295 0.15301068825561312 0.1864198402417962 0.13800453281519862 0.17734445077720207 0.13820631260794475 0.15837434542314335 0.15165216407599308 0.10877733333333334 0.1975379870466321
1 0.15911237046632126 0.1312573920552677 0.15901295595854922 0.13602550949913644 0.17507939378238344 0.13057370207253888 0.20390504058721934 0.10951335146804836 0.21786607340241798 0.09252226943005182 0.22126976424870468 0.0792992616580311 0.20892927374784112 0.08232635924006908 0.1964893696027634 0.09012157426597582 0.1734137720207254 0.11294400863557859 0.15911237046632126 0.1312573920552677
1 0.21706485837651124 0.09344396286701208 0.2079111183074266 0.10490488687392056 0.21991123920552677 0.10320008981001727 0.2449115250431779 0.08933256735751295 0.2597942512953368 0.07314270034542314 0.259993079447323 0.0636064645941278 0.24993575820379965 0.06214557512953367 0.22900178929188256 0.07226608635578584 0.222872195164076 0.0774558756476684 0.21706485837651124 0.09344396286701208
1 0.30216811485319517 0.08489596286701208 0.30004755094991364 0.10408891191709845 0.29135465716753023 0.1159504438687392 0.2921166977547496 0.12065832297063904 0.2987492651122625 0.128851195164076 0.33881594473229704 0.11998979360967185 0.3592469404145078 0.09648662176165804 0.3599457901554404 0.08172142141623488 0.3486655829015544 0.07515204404145077 0.3183942055267703 0.07553749222797927 0.3065145621761658 0.07896519775474957 0.30216811485319517 0.08489596286701208
1 0.4098347392055268 0.10809834283246977 0.3869369067357513 0.1148935146804836 0.37615967271157164 0.121706798791019 0.36754512953367874 0.12230918652849741 0.36562339291882556 0.13196589982728843 0.3715149835924007 0.14194191796200345 0.3836355820379965 0.14196003022452505 0.42462395509499135 0.13389984455958548 0.46180507772020724 0.12091188773747841 0.4645490932642487 0.11682450777202073 0.4556122936096718 0.10662859758203799 0.44681703454231436 0.10464662262521589 0.4098347392055268 0.10809834283246977
1 0.3812803678756477 0.07114006303972367 0.3635512599309154 0.07757380224525043 0.35770474870466323 0.09919146200345423 0.3442045621761658 0.11658315198618306 0.34490636355785836 0.12042957685664939 0.3554847694300518 0.12315252849740932 0.3786235578583765 0.11980317357512954 0.4032021718480138 0.09990547150259067 0.4098920267702936 0.09034817184801382 0.4094703549222798 0.08431799222797928 0.40369924179620037 0.0760648816925734 0.39518411312607943 0.07189915198618307 0.3812803678756477 0.07114006303972367
1 0.4996850509499136 0.09315873143350605 0.4462508704663212 0.07179088255613127 0.4195457884283247 0.0736582841105354 0.41261497841105355 0.07976976597582039 0.41183482642487046 0.0871824853195164 0.42333492573402415 0.09070665284974093 0.4406061381692573 0.10248393091537134 0.4582568955094991 0.1073093359240069 0.47029914335060446 0.11858659153713298 0.5065404620034543 0.11691801899827288 0.5141520094991364 0.10816193523316062 0.5138508151986183 0.10385466321243524 0.4996850509499136 0.09315873143350605
1 0.5056187685664939 0.11611680310880829 0.4954620336787565 0.1194240310880829 0.5082452582037996 0.12891813989637305 0.566745798791019 0.13608104922279793 0.5809296744386874 0.13465638255613127 0.5766405155440415 0.12283697754749567 0.5705892720207254 0.11676762262521588 0.5379323601036269 0.10779755094991365 0.5161550474956822 0.10585770207253886 0.5056187685664939 0.11611680310880829
1 0.27998429188255614 0.0461937115716753 0.27523723747841106 0.05258532383419689 0.2861770768566494 0.060477001727115724 0.2939904041450777 0.060796307426597584 0.3356595146804836 0.05009151986183075 0.34156921675302243 0.04794694041450777 0.3425903238341969 0.04398003799654576 0.3303884231433506 0.03660944473229707 0.30799061226252156 0.038175652849740935 0.27998429188255614 0.0461937115716753
1 0.6800087236614853 0.20217542659758203 0.6887045682210708 0.20892551899827289 0.7152499982728843 0.2109647815198618 0.7099789067357513 0.19748270725388603 0.6973553341968911 0.18408193436960277 0.6708490803108809 0.17641310017271158 0.6677044568221071 0.18096132642487045 0.6800087236614853 0.20217542659758203
1 0.7202047357512953 0.25087180829015543 0.7460091882556131 0.2546942184801382 0.7414790742659759 0.23942899654576857 0.7303976943005182 0.2233233834196891 0.7107830742659759 0.2151726390328152 0.702168531088083 0.21577502677029362 0.7017287478411054 0.22186544559585492 0.7202047357512953 0.25087180829015543
1 0.7627226908462867 0.41324098013816923 0.7541683868739205 0.41470482210708115 0.7500026563039723 0.4232199507772021 0.7531712953367876 0.44377437564766836 0.7519121848013817 0.46290708635578587 0.7570025604490501 0.47380479792746116 0.7600928480138169 0.5056183670120898 0.7609783177892919 0.5306607797927461 0.755851719343696 0.5440042651122625 0.7570956692573402 0.5556037789291882 0.7617070863557859 0.5782214810017271 0.7676980906735751 0.5834293825561313 0.7778548255613126 0.5801221545768567 0.7909754680483593 0.5696823376511226 0.7971834127806563 0.5532334041450777 0.7911174101899827 0.4541059231433506 0.7731414447322971 0.41987059585492226 0.7627226908462867 0.41324098013816923
1 0.7495982944732297 0.6526498696027634 0.7390679188255613 0.7001322202072539 0.7329593877374784 0.71181303626943 0.7338419058721933 0.7182438238341969 0.7379503488773748 0.727478866148532 0.7524535310880829 0.718240872193437 0.7749237892918825 0.6681922702936097 0.7738938272884283 0.6163242970639032 0.7678425837651123 0.6102549421416235 0.7566045025906736 0.6166676183074266 0.7500561891191709 0.6344388523316062 0.7495982944732297 0.6526498696027634
1 0.6212083359240069 0.7044782659758204 0.6171420189982728 0.7082252763385146 0.5900755043177892 0.7049239525043177 0.569521079447323 0.7080925906735751 0.5608673609671848 0.7143245509499137 0.5575479248704663 0.7535116640759931 0.5512195034542314 0.768237689119171 0.5849969360967185 0.7684727409326425 0.592490957685665 0.7766053730569948 0.6300937521588946 0.7696475967184802 0.6393679697754749 0.7599095811744386 0.6465970207253886 0.7394937452504318 0.648036847150259 0.7229453981001727 0.6259975172711572 0.7110687063903282 0.6212083359240069 0.7044782659758204
1 0.5257073886010363 0.7128876761658031 0.4784297694300518 0.7300443143350605 0.44833910880829014 0.7330141252158895 0.4442938557858377 0.7432521623488774 0.44601971588946454 0.7617433100172711 0.45549866493955093 0.7796923082901555 0.46972466753022446 0.7912496951640761 0.5004960664939551 0.7856352823834197 0.5435266537132988 0.769641291882556 0.5544635405872193 0.7589213445595855 0.5584637150259067 0.7170896295336787 0.5498883471502591 0.7120624447322971 0.5257073886010363 0.7128876761658031
1 0.4727336537132988 0.8157107832469775 0.4661794369602763 0.796258767702936 0.4407907512953368 0.7612432875647668 0.41889296200345427 0.7575805310880829 0.39391078842832467 0.7593274550949913 0.38125099222797926 0.7701678799654578 0.378648518134715 0.7824691943005182 0.37051588514680484 0.7899632158894646 0.37047670984455955 0.7955927884283247 0.3858653609671848 0.8113972072538861 0.4036033238341969 0.8607983428324698 0.41448292400690845 0.8678285664939551 0.42321794386873923 0.8689490872193436 0.4481398791018998 0.8663407089810017 0.45851650604490507 0.8599882720207254 0.47277578065630393 0.8286928359240069 0.4727336537132988 0.8157107832469775
1 0.3840556485319517 0.6431516053540587 0.37303745854922277 0.6465190716753022 0.35274210017271157 0.6410129291882556 0.3144164412780656 0.6376332538860104 0.30531998877374783 0.6313440069084628 0.2773920189982729 0.6281029214162348 0.27464800345423146 0.6321903013816925 0.2776991165803109 0.6696334430051814 0.28455747841105355 0.7120043549222798 0.28784364335060453 0.7156700639032816 0.38773611571675304 0.7329235656303973 0.40229953626943005 0.7245470267702936 0.40454057772020724 0.7070769861830742 0.40078766321243525 0.6657874196891193 0.3976009136442141 0.6573535932642487 0.3840556485319517 0.6431516053540587
1 0.3539856493955095 0.7764027910189982 0.3468319965457686 0.7669478575129534 0.33238610189982726 0.7584356804835923 0.30962685837651127 0.7548331623488774 0.24499377288428326 0.7342484170984456 0.23385510535405873 0.7358929749568222 0.23359603886010363 0.7445677564766839 0.24738225906735753 0.7622155613126079 0.25459910276338515 0.7911435742659758 0.26231301554404146 0.7962309982728842 0.3331569974093264 0.8189784343696027 0.35112705958549223 0.81599051208981 0.35719641537132985 0.809939268566494 0.3583350474956822 0.7890836502590673 0.3539856493955095 0.7764027910189982
1 0.16737863385146803 0.713705798791019 0.15275202331606216 0.7026092590673575 0.13884827720207255 0.7018501709844559 0.13834825561312608 0.7070791347150259 0.15117655872193436 0.7481669214162349 0.1591314274611399 0.7567001623488774 0.21759574352331607 0.788104268566494 0.24754781519861832 0.7955321485319516 0.25293643264248705 0.7921255060449051 0.2497075552677029 0.7707096269430053 0.23924667443868738 0.7510979585492228 0.16737863385146803 0.713705798791019
1 0.09503458635578584 0.7066452556131261 0.0941550207253886 0.7188260932642487 0.11379660794473231 0.7706911139896373 0.14251358462867011 0.8223543549222798 0.15519739550949913 0.8366165820379966 0.17395056131260794 0.8448275647668394 0.17663433765112263 0.8398787305699482 0.16941749481865287 0.8109507184801381 0.12745349481865287 0.7307811355785837 0.09503458635578584 0.7066452556131261
1 0.05642879706390329 0.7054493359240069 0.05725107599309154 0.7110186692573403 0.11041693264248705 0.8090167728842832 0.12961283333333332 0.829748962867012 0.14744430656303972 0.8371587305699482 0.14938710708117445 0.8339930440414508 0.1462003566493955 0.8255592176165804 0.0823145518134715 0.7166242262521589 0.06428129965457687 0.7001390690846286 0.05642879706390329 0.7054493359240069
1 0.0256274792746114 0.6487378462867012 0.01663044041450777 0.6376804818652849 0.013205687392055267 0.6444124628670121 0.013768898963730571 0.6586565777202072 0.0399044645941278 0.7291121606217617 0.054892507772020725 0.7453774257340242 0.07158534801381693 0.7736428126079448 0.08605230656303972 0.7886460164075992 0.09214272538860104 0.789085798791019 0.09115784196891193 0.7688115043177893 0.055868536269430044 0.7098168454231433 0.0256274792746114 0.6487378462867012
2 0.5612923851468048 0.6151760069084629 0.5747563480138169 0.6220255138169257 0.6189314715025906 0.6223991545768566 0.6441124732297064 0.6111159948186529 0.6464348177892919 0.6009984352331607 0.6171243091537133 0.5965555267702936 0.5935457383419689 0.6059952996545769 0.5660394395509499 0.6087843946459413 0.5612923851468048 0.6151760069084629
1 0.5716833696027633 0.825672043177893 0.5455023238341968 0.8474131321243523 0.5237671390328151 0.8584553367875648 0.5197218860103627 0.8686933739205527 0.5207248816925734 0.8768470699481865 0.5357310362694301 0.8809917366148532 0.5805447702936097 0.8657387227979274 0.6202078911917098 0.8387265431778929 0.6294821079447324 0.8289885276338514 0.6328857979274611 0.8157655198618308 0.6269550319516407 0.8114190734024179 0.6088042538860103 0.8118226329879101 0.5716833696027633 0.825672043177893
1 0.546429920552677 0.885437597582038 0.5380171571675302 0.8951153739205527 0.5382189369602763 0.9041907633851467 0.5598757711571676 0.9044077029360967 0.600201518134715 0.8868715207253887 0.620093316925734 0.8742268851468048 0.6284458411053541 0.8636876537132988 0.628765146804836 0.8558743264248705 0.6134788609671847 0.853913414507772 0.5855930189982729 0.8636543825561313 0.546429920552677 0.885437597582038
1 0.5318513402417963 0.9245463609671849 0.5346766580310881 0.9278114611398964 0.5654480569948187 0.922197049222798 0.6038099395509499 0.9013355267702937 0.6071142158894646 0.8928806373056994 0.6028461191709845 0.8875522582037997 0.5892435673575129 0.8911004412780656 0.5380803480138169 0.9145884533678756 0.5318513402417963 0.9245463609671849
3 0.5804120846286701 0.9133596632124352 0.5789903704663213 0.9177874119170986 0.6395331243523316 0.9170165164075994 0.6772142694300518 0.8987995958549222 0.6976060898100173 0.8809259956822107 0.7026332746113989 0.8723506286701208 0.6928952590673575 0.8630764110535406 0.6775095595854922 0.8658836174438688 0.5912495578583765 0.9074078341968912 0.5804120846286701 0.9133596632124352
2 0.09096867184801383 0.5866019179620034 0.09673683333333334 0.576243402417962 0.08861936010362693 0.553005201208981 0.06405885751295336 0.560782304835924 0.06404074611398963 0.5729029032815198 0.08666139982728842 0.5869031113989637 0.09096867184801383 0.5866019179620034
2 0.058433039723661484 0.33177405699481866 0.0653849127806563 0.33215360103626945 0.07369826165803109 0.3272439421416235 0.08525564766839377 0.3130179386873921 0.08569543091537134 0.30692751986183076 0.0790839274611399 0.30522567530224526 0.07243324784110536 0.309153402417962 0.05841197668393783 0.32528303022452504 0.058433039723661484 0.33177405699481866