1 0.6374590779436153 0.753495056384743 0.6618942379767828 0.7426175323383084 0.663360575456053 0.7308362777777778 0.6746258407960198 0.7073771160862355 0.6769182114427861 0.6955235928689885 0.6746778897180763 0.6699165986733001 0.6675792935323384 0.6601332106135986 0.6485082868988391 0.6609693524046435 0.6125964859038143 0.6691053565505805 0.600624075456053 0.6797248864013267 0.5915167529021559 0.7088217354892206 0.5835455058043119 0.7128485489220564 0.5883260829187397 0.7199214950248757 0.5832354635157546 0.7378463167495855 0.5836379950248757 0.7519611301824213 0.5870711202321726 0.7579034320066335 0.597577192371476 0.7590651567164179 0.6374590779436153 0.753495056384743
1 0.5720153184079602 0.8807444386401327 0.5973332396351575 0.8751999883913765 0.609367807628524 0.8462632155887231 0.6084283184079602 0.8355247985074628 0.6007360348258707 0.8237124643449419 0.5899408888888888 0.8192466119402985 0.5470594883913764 0.8238306028192371 0.5366101451077944 0.8280742205638474 0.527260368159204 0.8401290091210614 0.5239974286898839 0.8504027371475953 0.5136926227197346 0.8562984187396352 0.5206622213930349 0.8598504320066335 0.518369851575456 0.8717039552238806 0.5217151691542289 0.8813995348258705 0.5352207562189054 0.8835473681592039 0.5720153184079602 0.8807444386401327
1 0.6880825621890547 0.9230282197346601 0.7127500671641791 0.9100494809286898 0.7255795887230514 0.8901990613598673 0.7276551533996682 0.8758674419568823 0.7155692852404643 0.8756762860696518 0.6736996434494196 0.8918247263681592 0.6591457893864012 0.9109936509121062 0.6557795024875622 0.9295999676616916 0.6880825621890547 0.9230282197346601
1 0.575648960199005 0.9603325928689883 0.5826651782752902 0.9501466733001659 0.5820147620232172 0.9427123847429518 0.5654373913764511 0.9387524104477611 0.531497807628524 0.9408893847429519 0.5152662396351575 0.9456388822553897 0.5033660978441128 0.957084443615257 0.5078420605306799 0.9654325729684908 0.5455349237147595 0.9633834071310116 0.575648960199005 0.9603325928689883
1 0.28339592537313435 0.7832230364842455 0.2795447288557214 0.767745232172471 0.2855025696517413 0.7597327960199005 0.27805817081260364 0.7412399369817579 0.261728684079602 0.7305994378109453 0.23608050082918738 0.7228551061359867 0.2321516061359867 0.7302738548922056 0.2337104320066335 0.7576051824212272 0.23676667578772803 0.7639966343283582 0.24627110033167496 0.772737184079602 0.2801640655058043 0.7843381426202322 0.28339592537313435 0.7832230364842455
1 0.7383196185737977 0.5648822752902156 0.7506533706467662 0.5583929054726368 0.7508810348258707 0.5134258308457711 0.7444072056384743 0.496512767827529 0.7347582446102819 0.4861201533996683 0.7058471210613598 0.4886495489220564 0.6947108532338309 0.5183400845771144 0.6996561865671641 0.5653516451077943 0.7099299137645108 0.5686145845771144 0.7383196185737977 0.5648822752902156
1 0.2275535729684909 0.5587948739635158 0.2301917462686567 0.5556508217247097 0.23786380928689882 0.5291766053067993 0.23573694527363187 0.5143802968490878 0.23057948673300166 0.5077564999999999 0.2236821567164179 0.5050305190713101 0.2130160074626866 0.5067960414593697 0.20165282421227199 0.5148652064676618 0.19638658872305143 0.5402965854063018 0.20067139635157547 0.5607305820895523 0.2275535729684909 0.5587948739635158
1 0.3066367827529022 0.9251870978441128 0.30462337645107795 0.9212014742951908 0.2874678582089552 0.9106332437810946 0.26056003150912105 0.898004987562189 0.2577773225538972 0.8994969759535655 0.260456684079602 0.9063375771144279 0.30333265505804313 0.925476171641791 0.3066367827529022 0.9251870978441128
1 0.7253485563847429 0.3167268457711443 0.7247704087893865 0.3101185895522388 0.7125454336650083 0.2845527835820896 0.6991999228855721 0.2794777039800995 0.6892875381426202 0.2803449253731343 0.6881980812603649 0.2916770298507463 0.6957870174129354 0.3118219527363184 0.7229427288557214 0.3177696832504146 0.7253485563847429 0.3167268457711443
1 0.8444308548922056 0.35541742537313437 0.8387107885572139 0.33760606218905476 0.8251795514096185 0.32089426451077946 0.8158041252072968 0.31838508872305143 0.814570131840796 0.32806512935323384 0.8229850995024875 0.3481377835820896 0.8395469303482587 0.3566770688225539 0.8444308548922056 0.35541742537313437
1 0.6952508084577115 0.24860990381426204 0.6939188971807628 0.24289994693200664 0.6814304975124378 0.2285939776119403 0.6720550704809287 0.22608480182421228 0.6627363731343284 0.22898096932006634 0.668761052238806 0.24551715091210613 0.6920912164179105 0.2505510414593698 0.6952508084577115 0.24860990381426204
1 0.67486885986733 0.21543419320066337 0.6706252412935323 0.20498484991708124 0.6596855588723052 0.19886693283582088 0.6522512694859038 0.19951734825870646 0.6519155771144278 0.20995115257048091 0.6585805630182421 0.2147783474295191 0.6708109676616916 0.2166215671641791 0.67486885986733 0.21543419320066337
1 0.521913815920398 0.2034292056384743 0.5260595157545606 0.19848855223880596 0.5200037570480929 0.19111099253731345 0.5066427072968491 0.19061522305140963 0.49556859701492534 0.20198851658374792 0.500813864013267 0.20485903482587065 0.521913815920398 0.2034292056384743
2 0.1762603872305141 0.7193489626865671 0.17345202819237146 0.7062769867330017 0.16270350082918741 0.6880732014925374 0.15880568573797677 0.6863333291873963 0.16249680597014926 0.7047383797678275 0.17338986981757876 0.7245942288557213 0.1762603872305141 0.7193489626865671
1 0.9294430737976783 0.5231904966832505 0.9342702686567164 0.5165255107794361 0.9312451044776119 0.5009754386401327 0.9226389809286898 0.4929886517412935 0.9143063913764512 0.49288530431177446 0.903087744610282 0.5026065331674958 0.9039238872305141 0.521677539800995 0.9096027636815921 0.5295042504145937 0.9294430737976783 0.5231904966832505
1 0.9419734112769486 0.4808926741293532 0.9353550447761194 0.46232754643449414 0.9240540199004975 0.452079468490879 0.9148953980099502 0.45204838971807626 0.9095312446102819 0.462089771973466 0.9120194510779436 0.4810162412935324 0.9324223681592039 0.4858900555555556 0.9419734112769486 0.4808926741293532
1 0.1638558648424544 0.5918354079601991 0.16717553316749587 0.5869670232172471 0.16615366500829187 0.5562592993366501 0.15840465257048092 0.5390416227197347 0.151042631840796 0.5405180704809287 0.14438775621890546 0.5548341509121062 0.14601885157545605 0.5829915099502487 0.15266829767827528 0.5923980157545605 0.1638558648424544 0.5918354079601991
1 0.344564052238806 0.2788748416252073 0.3505374328358209 0.26628309452736315 0.3491332529021559 0.2597471061359868 0.3385549129353234 0.25775934991708127 0.3241199452736318 0.26401637396351574 0.3143054784411277 0.280273592039801 0.31502816334991707 0.2885339129353234 0.344564052238806 0.2788748416252073
1 0.3654370895522388 0.25582364096185733 0.36501901824212274 0.24628813764510782 0.3524840008291874 0.24572010033167496 0.33774442039800995 0.253252307628524 0.3369751169154229 0.25872991873963513 0.35121892786069653 0.26455876202321726 0.3654370895522388 0.25582364096185733
1 0.3967594701492537 0.22852882255389717 0.40090516998341624 0.22358816998341627 0.40032702238805973 0.21697991293532337 0.3971107023217247 0.2135157081260365 0.38005310199004977 0.21833747429519074 0.3760519394693201 0.22493019071310116 0.37752838723051413 0.23229221144278608 0.3967594701492537 0.22852882255389717
0 0.061453535655058046 0.6153606592039801 0.07284311774461028 0.5552670116086236 0.07797492620232173 0.5473268441127696 0.08076306550580431 0.5221122711442786 0.08830070232172471 0.5131292653399668 0.08699986981757878 0.49826068822553893 0.09640637645107795 0.4916112421227197 0.09485766003316749 0.4834231898839138 0.10155915422885572 0.4553691774461028 0.11013962769485905 0.448792 0.10873544859038142 0.4422560116086236 0.10363471890547263 0.44103755887230517 0.10668085240464345 0.42828573466003317 0.11152358706467662 0.41704143864013266 0.12453883499170813 0.40882773631840796 0.12983072056384742 0.3979603225538972 0.1561409286898839 0.29910532504145937 0.15641989220563848 0.2832661791044776 0.189141771973466 0.21964148839137645 0.18782540049751245 0.20935222139303483 0.1718829063018242 0.21740584660033166 0.1547942271973466 0.23138623383084578 0.11426660613598674 0.2723879054726368 0.08833402902155887 0.3042053059701493 0.06906643698175788 0.34084990132669984 0.050066950248756216 0.4091005215588723 0.03894547180762852 0.5008001932006633 0.041825350746268655 0.5812866484245439 0.05258398756218905 0.6186337081260366 0.061453535655058046 0.6153606592039801