1 0.773046875 0.6140625 0.78203125 0.598828125 0.778125 0.571484375 0.765234375 0.5625 0.738671875 0.56953125 0.726953125 0.5828125 0.721484375 0.58203125 0.713671875 0.58671875 0.70625 0.599609375 0.707421875 0.61484375 0.717578125 0.61640625 0.725390625 0.6125 0.730859375 0.61328125 0.741796875 0.6171875 0.745703125 0.62421875 0.75 0.623828125 0.763671875 0.6125 0.773046875 0.6140625
3 0.190625 0.419921875 0.19921875 0.404296875 0.219921875 0.38515625 0.228515625 0.38203125 0.23359375 0.373046875 0.24453125 0.345703125 0.246875 0.313671875 0.253125 0.301953125 0.2546875 0.270703125 0.248046875 0.25859375 0.234765625 0.26015625 0.200390625 0.27890625 0.18984375 0.290234375 0.16796875 0.326953125 0.15 0.377734375 0.1484375 0.420703125 0.153515625 0.42890625 0.16328125 0.431640625 0.191015625 0.42421875 0.190625 0.419921875
3 0.291015625 0.29375 0.302734375 0.28671875 0.362890625 0.271875 0.3796875 0.251171875 0.37109375 0.246484375 0.361328125 0.22890625 0.346484375 0.225 0.304296875 0.23828125 0.286328125 0.23984375 0.270703125 0.25234375 0.255859375 0.2546875 0.24765625 0.260546875 0.253125 0.281640625 0.25 0.301171875 0.25234375 0.303515625 0.280078125 0.29375 0.291015625 0.29375
3 0.403515625 0.24140625 0.473046875 0.2265625 0.47890625 0.222265625 0.48203125 0.213671875 0.479296875 0.2109375 0.446484375 0.21328125 0.416015625 0.22109375 0.384765625 0.22109375 0.376953125 0.21640625 0.3578125 0.227734375 0.359765625 0.23203125 0.36640625 0.234765625 0.37265625 0.250390625 0.3703125 0.258984375 0.3734375 0.259765625 0.389453125 0.246875 0.403515625 0.24140625
3 0.55078125 0.220703125 0.54765625 0.207421875 0.550390625 0.2015625 0.556640625 0.2 0.514453125 0.2 0.4859375 0.212109375 0.48046875 0.221484375 0.48125 0.227734375 0.496875 0.241015625 0.504296875 0.253125 0.518359375 0.26015625 0.54609375 0.263671875 0.54375 0.237890625 0.55078125 0.220703125
3 0.58828125 0.253515625 0.590625 0.247265625 0.60078125 0.239453125 0.60078125 0.235546875 0.60546875 0.231640625 0.59921875 0.223828125 0.60078125 0.216015625 0.581640625 0.20390625 0.556640625 0.2015625 0.54296875 0.237109375 0.5453125 0.262109375 0.555078125 0.271875 0.567578125 0.278125 0.576953125 0.290625 0.58828125 0.292578125 0.5859375 0.280859375 0.58828125 0.253515625
3 0.63671875 0.301953125 0.640625 0.298046875 0.63125 0.294140625 0.634375 0.283203125 0.63125 0.275390625 0.63515625 0.270703125 0.6375 0.255078125 0.643359375 0.2515625 0.647265625 0.253125 0.65546875 0.247265625 0.65546875 0.243359375 0.649609375 0.2390625 0.634765625 0.2375 0.620703125 0.2265625 0.613671875 0.2265625 0.59453125 0.243359375 0.590625 0.250390625 0.58671875 0.266015625 0.5875 0.288671875 0.591015625 0.29375 0.612890625 0.30703125 0.63984375 0.315234375 0.640625 0.307421875 0.63671875 0.301953125
3 0.7203125 0.350390625 0.7203125 0.341015625 0.70703125 0.285546875 0.69765625 0.262890625 0.690234375 0.25390625 0.666015625 0.2390625 0.639453125 0.2453125 0.63515625 0.252734375 0.63515625 0.278515625 0.6328125 0.282421875 0.6328125 0.307421875 0.63671875 0.329296875 0.639453125 0.33203125 0.662109375 0.334375 0.673828125 0.33984375 0.6796875 0.344921875 0.691015625 0.365625 0.70234375 0.366796875 0.705859375 0.3609375 0.7203125 0.350390625
0 0.09140625 0.559765625 0.0921875 0.549609375 0.098046875 0.54140625 0.098046875 0.55390625 0.110546875 0.55546875 0.11484375 0.551953125 0.11953125 0.521484375 0.11640625 0.513671875 0.1203125 0.491796875 0.1171875 0.477734375 0.121875 0.474609375 0.1171875 0.463671875 0.12265625 0.459765625 0.125390625 0.4421875 0.133984375 0.44453125 0.14765625 0.436328125 0.14921875 0.383984375 0.15390625 0.376953125 0.15234375 0.372265625 0.15703125 0.352734375 0.16484375 0.338671875 0.16953125 0.337109375 0.16953125 0.326171875 0.184375 0.304296875 0.184375 0.298828125 0.19296875 0.294140625 0.19609375 0.281640625 0.200390625 0.28125 0.205859375 0.27421875 0.213671875 0.2734375 0.220703125 0.265625 0.23984375 0.254296875 0.253125 0.224609375 0.251171875 0.221875 0.196484375 0.23671875 0.19453125 0.231640625 0.2015625 0.223046875 0.198046875 0.2203125 0.189453125 0.22265625 0.173828125 0.2375 0.167578125 0.2390625 0.141796875 0.259375 0.11796875 0.283984375 0.11171875 0.297265625 0.08515625 0.376953125 0.07421875 0.435546875 0.07109375 0.472265625 0.07421875 0.551171875 0.076171875 0.55546875 0.08515625 0.557421875 0.08515625 0.569140625 0.09140625 0.570703125 0.0953125 0.566015625 0.09140625 0.559765625
0 0.311328125 0.2359375 0.341796875 0.22421875 0.353515625 0.22578125 0.35859375 0.218359375 0.365625 0.186328125 0.357421875 0.184375 0.314453125 0.20078125 0.297265625 0.20078125 0.28046875 0.223046875 0.27265625 0.242578125 0.27578125 0.245703125 0.284765625 0.23984375 0.311328125 0.2359375
0 0.6125 0.205078125 0.6109375 0.196484375 0.6015625 0.180078125 0.612890625 0.178125 0.631640625 0.18046875 0.6328125 0.175390625 0.62734375 0.157421875 0.623046875 0.15390625 0.608984375 0.15546875 0.580078125 0.15078125 0.566796875 0.153125 0.56484375 0.157421875 0.56953125 0.161328125 0.57890625 0.200390625 0.608203125 0.21796875 0.61796875 0.219921875 0.61640625 0.208203125 0.6125 0.205078125
0 0.808984375 0.353125 0.823828125 0.35703125 0.82578125 0.353515625 0.81640625 0.341796875 0.8140625 0.318359375 0.816015625 0.30859375 0.819140625 0.31171875 0.823828125 0.31171875 0.82421875 0.308984375 0.819921875 0.303125 0.816015625 0.30546875 0.8109375 0.301953125 0.8078125 0.286328125 0.8125 0.281640625 0.81328125 0.275390625 0.80859375 0.272265625 0.80234375 0.255078125 0.804296875 0.24921875 0.809765625 0.25234375 0.8171875 0.247265625 0.808203125 0.246875 0.79921875 0.236328125 0.797265625 0.22734375 0.776953125 0.21796875 0.757421875 0.20234375 0.741796875 0.19375 0.721484375 0.190625 0.699609375 0.18203125 0.687109375 0.17109375 0.631640625 0.1546875 0.615234375 0.153125 0.588671875 0.15625 0.588671875 0.16015625 0.59296875 0.158984375 0.59375 0.166015625 0.59296875 0.171484375 0.5890625 0.173046875 0.59765625 0.183984375 0.59453125 0.187109375 0.5953125 0.208203125 0.616015625 0.21875 0.633984375 0.234375 0.654296875 0.2375 0.658984375 0.234375 0.671484375 0.23515625 0.694921875 0.25 0.703125 0.259765625 0.7078125 0.278515625 0.717578125 0.28046875 0.721875 0.292578125 0.734375 0.300390625 0.73984375 0.316015625 0.75234375 0.334765625 0.7625 0.337890625 0.767578125 0.35234375 0.780078125 0.359375 0.7890625 0.360546875 0.792578125 0.35546875 0.808984375 0.353125
0 0.92890625 0.441796875 0.92265625 0.399609375 0.89921875 0.317578125 0.88359375 0.283984375 0.851171875 0.2515625 0.818359375 0.228125 0.82109375 0.248828125 0.8265625 0.251953125 0.83125 0.265234375 0.8296875 0.278515625 0.84140625 0.282421875 0.84609375 0.304296875 0.8515625 0.312109375 0.85234375 0.317578125 0.848046875 0.3203125 0.845703125 0.3125 0.8328125 0.313671875 0.8390625 0.323046875 0.83671875 0.330859375 0.84140625 0.337890625 0.83515625 0.346484375 0.8390625 0.348828125 0.83828125 0.362890625 0.841796875 0.36640625 0.83984375 0.348828125 0.84453125 0.345703125 0.846875 0.332421875 0.85859375 0.343359375 0.86171875 0.370703125 0.86640625 0.383984375 0.8625 0.392578125 0.86875 0.402734375 0.86796875 0.416015625 0.8734375 0.430859375 0.87265625 0.458203125 0.87890625 0.473046875 0.878125 0.483203125 0.88359375 0.489453125 0.88359375 0.498046875 0.90703125 0.519140625 0.9125 0.538671875 0.9265625 0.550390625 0.93203125 0.506640625 0.92890625 0.441796875
2 0.7140625 0.532421875 0.71328125 0.519921875 0.705859375 0.51171875 0.70234375 0.512109375 0.69609375 0.525390625 0.69921875 0.566796875 0.70234375 0.568359375 0.70703125 0.561328125 0.7140625 0.532421875
2 0.7234375 0.565234375 0.72421875 0.543359375 0.719921875 0.53046875 0.71484375 0.533984375 0.71171875 0.555859375 0.71328125 0.584765625 0.715625 0.585546875 0.72109375 0.580859375 0.7234375 0.565234375
2 0.596875 0.524609375 0.603125 0.508984375 0.603125 0.494140625 0.594921875 0.47734375 0.5875 0.484765625 0.58125 0.502734375 0.58671875 0.519921875 0.5875 0.537890625 0.59296875 0.543359375 0.596875 0.541796875 0.596875 0.524609375
2 0.4265625 0.676171875 0.417578125 0.653125 0.41015625 0.655859375 0.409375 0.663671875 0.4046875 0.669140625 0.4078125 0.684765625 0.4140625 0.686328125 0.422265625 0.6828125 0.4265625 0.676171875
1 0.825 0.466796875 0.812890625 0.4609375 0.804296875 0.46171875 0.80234375 0.483203125 0.80703125 0.495703125 0.812890625 0.5 0.828125 0.499609375 0.83046875 0.485546875 0.825 0.466796875
1 0.8453125 0.465234375 0.843359375 0.46171875 0.834765625 0.46171875 0.8296875 0.469140625 0.8296875 0.482421875 0.8375 0.495703125 0.84375 0.496484375 0.84609375 0.491796875 0.8453125 0.465234375
1 0.4328125 0.380078125 0.4328125 0.358203125 0.427734375 0.35234375 0.408203125 0.35234375 0.3984375 0.359765625 0.390625 0.376953125 0.397265625 0.3859375 0.40234375 0.387109375 0.426953125 0.38515625 0.4328125 0.380078125
2 0.2828125 0.564453125 0.2796875 0.552734375 0.270703125 0.53828125 0.26640625 0.543359375 0.26796875 0.554296875 0.2640625 0.562109375 0.26796875 0.573046875 0.26640625 0.584765625 0.2703125 0.596484375 0.275 0.598046875 0.2828125 0.576171875 0.2828125 0.564453125