3 0.85297001640625 0.32210722187499996 0.8451834765624999 0.30547625625 0.8349370234375 0.294290875 0.82310888359375 0.28995653359375 0.7595804859374999 0.22477644218749998 0.7484562968749999 0.20697401875 0.7269671882812501 0.19239126640624998 0.72081863125 0.19297626015625 0.7188844789062501 0.21177292812499998 0.728485234375 0.23964703984375002 0.76478521796875 0.29773915624999997 0.7932971921874999 0.35483506953125 0.8416588234375 0.42493253828125 0.8453479578125 0.4245815421875 0.8470471328125001 0.4137486265625 0.852434953125 0.4077763015625 0.85805823984375 0.3886286375 0.85297001640625 0.32210722187499996
0 0.879897365625 0.4173237 0.8664899875 0.39378246015624996 0.85799998515625 0.38540798828125 0.85390013125 0.39448396328125 0.85442638046875 0.40262345859375 0.8740983359375001 0.43723259062500003 0.8773189851562501 0.43717433593750005 0.879897365625 0.4173237
1 0.8418747039062501 0.6202206984374999 0.83771757421875 0.6156528492187501 0.8228430585937501 0.6262502984375 0.819679684375 0.63995237734375 0.8234270734375 0.64282203046875 0.8394730453125 0.62888693359375 0.8418747039062501 0.6202206984374999
1 0.7873542328124999 0.66015156171875 0.7766965703125 0.6629027468750001 0.7582494304687499 0.68029249140625 0.7574284796875 0.69253086171875 0.7643382640625 0.6921216109375 0.7875289960937499 0.66981351015625 0.7873542328124999 0.66015156171875
1 0.74870056328125 0.72338966640625 0.7439574609374999 0.72309643515625 0.7159653703125 0.7418906546875 0.7138564546875 0.75102537421875 0.71760384375 0.75389502734375 0.7228741750000001 0.75190457890625 0.7422577953125 0.73914093828125 0.74940255625 0.73076793515625 0.74870056328125 0.72338966640625
1 0.66630744921875 0.75728652265625 0.658519440625 0.75629031953125 0.63158180859375 0.7705171796875 0.6256085046875001 0.7755525343749999 0.62549101640625 0.77953441015625 0.6319318257812501 0.78462948828125 0.63837312421875 0.7845129796875 0.66718518515625 0.76390356484375 0.66630744921875 0.75728652265625
1 0.66244012421875 0.78445668359375 0.654476371875 0.7842217070312499 0.62865145234375 0.7971018562500001 0.6285339640625 0.80108373203125 0.63251535078125 0.8064128085937501 0.6380196796875001 0.8068817828125001 0.663317859375 0.79107372578125 0.66244012421875 0.78445668359375
1 0.547840515625 0.8189360859375 0.53946702265625 0.8170029124999999 0.5100704578124999 0.8262521820312501 0.5079620312500001 0.8301753140624999 0.5144028406250001 0.83527039296875 0.52388904609375 0.83585685546875 0.5498309640625 0.8242064171875001 0.547840515625 0.8189360859375
1 0.5681004023437499 0.82842425 0.5595511671875 0.827252303125 0.5293933749999999 0.8363258296874999 0.525411009375 0.8414199289062501 0.536419178125 0.8475694656250001 0.5571490195312501 0.841130125 0.5710278203125 0.83310909765625 0.5681004023437499 0.82842425
3 0.79150205859375 0.7637395734375 0.78265959140625 0.7673107296875 0.77803397734375 0.76303562265625 0.7526187984375 0.7776139679687499 0.7439510953124999 0.79084707265625 0.749161703125 0.8012707375 0.760697590625 0.79992500625 0.7622195546875 0.8054880796875 0.76339150078125 0.79693884453125 0.7731709375 0.7927822046874999 0.7913845703125 0.76772145 0.79150205859375 0.7637395734375
3 0.7293100875 0.8091155320312501 0.72204979765625 0.8006240609375 0.6687017625 0.8267941007812499 0.6670030765625 0.83241542890625 0.67162918046875 0.8314789492187501 0.6727409140625 0.8405554140625 0.680880409375 0.8400291640625 0.714727825 0.8253930531250001 0.728548371875 0.8141513765624999 0.7293100875 0.8091155320312501
3 0.6855070023437501 0.833881096875 0.6762547953125 0.8357540570312499 0.671043696875 0.8305419796875 0.65892232578125 0.8309507406250001 0.60130016328125 0.8513232195312501 0.59673231328125 0.8554803492187499 0.611253384375 0.8672517031250001 0.6566366875 0.85126986171875 0.6882004234375 0.8361065218749999 0.6855070023437501 0.833881096875
3 0.59099251796875 0.8681867140625 0.57974986171875 0.86478934296875 0.57588547421875 0.860689978125 0.5203134828125 0.87391867578125 0.52452935625 0.8764955875 0.5251726046875 0.88586479375 0.5416855929687501 0.8872717171875 0.5783429382812499 0.88130233046875 0.59356845 0.874394015625 0.59099251796875 0.8681867140625
3 0.51586214296875 0.8845171039062499 0.49940838828125 0.8759076554687499 0.4402060078125 0.8874964109375 0.44055700390624997 0.8911855453124999 0.44629533046875 0.8941139429687499 0.4670241921875 0.89809777734375 0.51392896953125 0.8928905968749999 0.51691562109375 0.8903729195312501 0.51586214296875 0.8845171039062499
3 0.28046835546875004 0.8205505656250001 0.26805522187499997 0.8100676671875 0.25529305 0.775049284375 0.25424055078125 0.7587702937499999 0.24159488828125003 0.7301932101562499 0.222390928125 0.7005029234375 0.21185124453125 0.6940606453125 0.2087466140625 0.70577178671875 0.22232728750000003 0.75460973671875 0.23421270234375 0.77258790234375 0.235382690625 0.78488501640625 0.253708425 0.8131698484375001 0.2572208375 0.8240032539062501 0.27677775234375 0.83653632421875 0.28415602109375004 0.8358343312500001 0.28046835546875004 0.8205505656250001
1 0.26958061328125 0.779149628125 0.25599651171875004 0.76679278984375 0.256522271875 0.78014387265625 0.26746973828125 0.809130696875 0.28158106796875 0.81920385546875 0.26958061328125 0.779149628125
3 0.42579948749999996 0.90301270625 0.41016521484375 0.8977996492187501 0.38158911015624997 0.90002213671875 0.37620226953125 0.8955712867187501 0.362324446875 0.8931691390625 0.34399577421875 0.8961538320312499 0.337905471875 0.8999594757812501 0.36320120390625 0.9102093554687499 0.39212879453125 0.90646441484375 0.41765901328125 0.91396213046875 0.42913664609374996 0.9093957507812499 0.42579948749999996 0.90301270625
1 0.585199378125 0.20215699296874998 0.5733712382812499 0.1978226515625 0.55070920390625 0.20221230937499998 0.5413982515625 0.20607620781249997 0.53975831015625 0.20970659765625 0.54373969609375 0.2150356734375 0.5525229296874999 0.21866704296875 0.5891220203125 0.20947700703125 0.585199378125 0.20215699296874998
1 0.654006921875 0.1715380609375 0.64065632890625 0.16685223359375 0.63011517578125 0.17604471796875001 0.635619015625 0.18172527968750002 0.64533921875 0.184771165625 0.65429917421875 0.17721813359375 0.654006921875 0.1715380609375
1 0.67883710625 0.15081115859375 0.6719278125 0.146008821875 0.66127015 0.14876000703125 0.6620308875 0.1541473375 0.66911592421875 0.15818844765625 0.6744445109375 0.1594186484375 0.67948084453125 0.15496877734375 0.67883710625 0.15081115859375
1 0.369303271875 0.15792604999999998 0.35507396406249997 0.15704635546875 0.344299303125 0.1585678296875 0.33785751406250003 0.16389592656250002 0.34312735625 0.167117065625 0.35600995390625 0.166884046875 0.3682488140625 0.162493409375 0.369303271875 0.15792604999999998
1 0.31244135625 0.188897446875 0.29821204843750004 0.18801775234375 0.28784663828125 0.19644901015625 0.29083280078125 0.1991429203125 0.30277842890625 0.1994953859375 0.31121115546875 0.19422603359374999 0.31244135625 0.188897446875
1 0.371940396875 0.13608447578125 0.359819025 0.1364932375 0.348634134375 0.14152810234375 0.3669623171875 0.14375499687499999 0.3750435578125 0.14000809765625 0.371940396875 0.13608447578125
0 0.6137862546874999 0.08527958046875 0.533739971875 0.070808440625 0.48461074921874997 0.06828586640624999 0.40397702421875004 0.07372410703125 0.36532825078125 0.08484633671875 0.31320894843749997 0.12132255234375 0.28954973125 0.14392339453125 0.30571172265625 0.14164118359375 0.312504996875 0.134790634375 0.32556382734375 0.12858480156250002 0.341783584375 0.13473482734375 0.36163471015625 0.1321016203125 0.44665907265625 0.13890223984375 0.5011178609375 0.13223183984375 0.5274685406249999 0.13270277265625 0.5940506585937501 0.10477726171874999 0.62221702265625 0.100856578125 0.63234794609375 0.09517748515624999 0.6137862546874999 0.08527958046875
3 0.2358947546875 0.32076098750000004 0.22758049531250002 0.31162528828124997 0.22711250078125 0.30670644296875 0.23572292890625 0.2798295140625 0.2324445140625 0.27145553125 0.22260780234375002 0.261968346875 0.20170221875 0.2691689140625 0.19432346015625 0.27508249375 0.18788118203124998 0.285622178125 0.18272638046875 0.30447710078125 0.18436436328125 0.32169306015625 0.1974780203125 0.35518898984375 0.2022769296875 0.38476080859375 0.20702003203125 0.38505403984375 0.21270059453124998 0.3795502 0.23536507734374998 0.3491026046875 0.2358947546875 0.32076098750000004
0 0.1929106609375 0.35413453203125 0.19010122109375 0.3402562203125 0.180321784375 0.34441286015625 0.17393971953125 0.33732684375 0.1697821 0.33797058203125 0.16304854921875 0.33240701875 0.15766121875 0.33316775546875 0.149637253125 0.35055847890625 0.1437785 0.3828814828125 0.1358127890625 0.40349285625000003 0.13434663203125 0.42720836953125 0.12608866875 0.44213967031249995 0.12005515234375 0.46480072578125 0.11594991171874999 0.53120416328125 0.12022257109375001 0.55263648671875 0.12760083984374998 0.5519344937499999 0.1317589484375 0.54607916796875 0.1532588296875 0.44600699609375 0.1577689140625 0.43341762968750003 0.16778332734375 0.4212972375 0.16632010859375 0.41374322578125 0.16913199609375001 0.40156359999999997 0.1901575171875 0.36432321953125 0.1929106609375 0.35413453203125
1 0.1735661984375 0.573370734375 0.16899932890625 0.5671046890625 0.15962914296875 0.5781711125 0.15886693671875002 0.58841854453125 0.165951484375 0.5976712421875 0.1742677015625 0.5859605906249999 0.1735661984375 0.573370734375
0 0.19263651171875001 0.7790252843750001 0.18754290234374998 0.76983133125 0.18561364687499998 0.7365121234374999 0.1685763671875 0.7061193554687499 0.16524116718749998 0.6788899609375 0.165481040625 0.61881033359375 0.15043518984374998 0.583264721875 0.13609084140625 0.560308965625 0.12894755 0.55304720625 0.11817288828125001 0.55456868046875 0.11647420312500001 0.56019000859375 0.11998612500000001 0.5762350015625 0.12045216171874999 0.602000196875 0.1352600984375 0.6767790859375 0.15258865 0.7232751015625001 0.15698026640625 0.72509078671875 0.15446161015624998 0.732527309375 0.16025819140625 0.7386763562499999 0.16283363359375 0.7500952453124999 0.1678112234375 0.7476363125 0.16511682421875 0.75583406171875 0.17026868828125 0.76824866484375 0.19696644609375 0.8141014320312501 0.19263651171875001 0.7790252843750001