1 0.58203125 0.816796875 0.58671875 0.798828125 0.58515625 0.739453125 0.596484375 0.73671875 0.59921875 0.733203125 0.596484375 0.73046875 0.583984375 0.7296875 0.57578125 0.708984375 0.566796875 0.70390625 0.490234375 0.70234375 0.455859375 0.70546875 0.45078125 0.715234375 0.45 0.732421875 0.439453125 0.7359375 0.4390625 0.738671875 0.45078125 0.745703125 0.45 0.758203125 0.459375 0.780859375 0.46640625 0.819921875 0.480078125 0.82890625 0.5265625 0.831640625 0.572265625 0.82578125 0.58203125 0.816796875
1 0.3078125 0.330859375 0.31640625 0.318359375 0.3140625 0.312890625 0.31796875 0.298046875 0.3171875 0.282421875 0.310546875 0.27265625 0.297265625 0.2734375 0.273046875 0.2828125 0.25390625 0.305859375 0.2421875 0.333984375 0.23515625 0.340234375 0.23671875 0.350390625 0.2234375 0.400390625 0.2234375 0.408984375 0.2296875 0.412890625 0.29453125 0.396484375 0.3078125 0.330859375
1 0.51015625 0.255859375 0.5109375 0.233203125 0.503125 0.219921875 0.5015625 0.210546875 0.5078125 0.204296875 0.486328125 0.19921875 0.463671875 0.19921875 0.430078125 0.203125 0.412890625 0.21015625 0.4078125 0.265234375 0.4390625 0.266796875 0.506640625 0.26484375 0.51015625 0.255859375
3 0.78984375 0.258984375 0.7921875 0.248828125 0.784375 0.220703125 0.7578125 0.191796875 0.740625 0.165234375 0.702734375 0.13125 0.658984375 0.1109375 0.605078125 0.09765625 0.592578125 0.09765625 0.557421875 0.11015625 0.546875 0.117578125 0.548828125 0.12421875 0.562109375 0.12578125 0.571875 0.133984375 0.581640625 0.153125 0.594921875 0.15390625 0.605078125 0.15078125 0.638671875 0.1625 0.646875 0.169140625 0.646875 0.176953125 0.64140625 0.183203125 0.646484375 0.18984375 0.709765625 0.21328125 0.73828125 0.248046875 0.737890625 0.2515625 0.745703125 0.2515625 0.753515625 0.2640625 0.769140625 0.27421875 0.78515625 0.279296875 0.78359375 0.266015625 0.78984375 0.258984375
1 0.48984375 0.141015625 0.48984375 0.133203125 0.471484375 0.12890625 0.452734375 0.13125 0.4453125 0.136328125 0.44375 0.141015625 0.44375 0.145703125 0.45 0.147265625 0.486328125 0.1453125 0.48984375 0.141015625
1 0.36328125 0.148046875 0.36171875 0.141015625 0.344921875 0.14375 0.334765625 0.14921875 0.325 0.158984375 0.31796875 0.173046875 0.325 0.173046875 0.356640625 0.16171875 0.36328125 0.148046875
1 0.78203125 0.791796875 0.80234375 0.755078125 0.819921875 0.709375 0.815234375 0.70859375 0.797265625 0.71640625 0.775 0.733984375 0.75625 0.769921875 0.72109375 0.823046875 0.722265625 0.8265625 0.72734375 0.826171875 0.764453125 0.80859375 0.78203125 0.791796875
1 0.865625 0.711328125 0.875 0.691015625 0.878125 0.690234375 0.878125 0.683203125 0.88671875 0.678515625 0.88828125 0.673828125 0.88515625 0.671484375 0.883984375 0.659375 0.8625 0.682421875 0.83046875 0.728515625 0.8265625 0.741015625 0.830859375 0.7453125 0.8359375 0.744921875 0.84609375 0.737109375 0.865625 0.711328125
1 0.93125 0.630078125 0.93515625 0.600390625 0.933203125 0.5734375 0.92890625 0.575390625 0.92109375 0.594140625 0.91328125 0.654296875 0.91328125 0.661328125 0.915625 0.661328125 0.92265625 0.654296875 0.93125 0.630078125
1 0.8828125 0.437109375 0.875 0.413671875 0.858984375 0.39765625 0.85546875 0.397265625 0.847265625 0.38359375 0.840234375 0.3828125 0.836328125 0.378125 0.828515625 0.37578125 0.813671875 0.37578125 0.80859375 0.383984375 0.8125 0.423828125 0.82734375 0.447265625 0.83125 0.460546875 0.838671875 0.46484375 0.845703125 0.46171875 0.850390625 0.453125 0.8578125 0.451171875 0.858984375 0.4390625 0.86015625 0.451171875 0.867578125 0.4546875 0.875390625 0.46484375 0.87890625 0.464453125 0.8828125 0.451171875 0.8828125 0.437109375
1 0.759375 0.309765625 0.737890625 0.29140625 0.724609375 0.2890625 0.72421875 0.299609375 0.7375 0.337890625 0.741015625 0.34140625 0.748046875 0.3375 0.76953125 0.344921875 0.76953125 0.329296875 0.759375 0.309765625
1 0.644921875 0.1671875 0.605859375 0.15078125 0.58828125 0.155078125 0.58828125 0.161328125 0.607421875 0.17890625 0.6375 0.183984375 0.6484375 0.176953125 0.644921875 0.1671875