3 0.34921875 0.816015625 0.29453125 0.754296875 0.242578125 0.7109375 0.198046875 0.66484375 0.169921875 0.646875 0.152734375 0.64375 0.14921875 0.647265625 0.15 0.652734375 0.16015625 0.676953125 0.17265625 0.687109375 0.184375 0.709765625 0.20234375 0.733984375 0.22265625 0.766796875 0.22265625 0.776953125 0.2328125 0.791796875 0.249609375 0.803125 0.31484375 0.823828125 0.325390625 0.8234375 0.34921875 0.816015625
1 0.324609375 0.82265625 0.309375 0.822265625 0.31328125 0.831640625 0.331640625 0.84921875 0.337890625 0.85234375 0.353125 0.852734375 0.35390625 0.848828125 0.324609375 0.82265625
0 0.090625 0.506640625 0.1375 0.444140625 0.14140625 0.423046875 0.159375 0.376953125 0.171875 0.290234375 0.18359375 0.258984375 0.17734375 0.246484375 0.1984375 0.225390625 0.200390625 0.2140625 0.170703125 0.23515625 0.1265625 0.275390625 0.1140625 0.294140625 0.10234375 0.321484375 0.078125 0.412109375 0.07109375 0.513671875 0.07421875 0.533984375 0.0765625 0.533984375 0.08359375 0.525390625 0.090625 0.506640625
3 0.45546875 0.188671875 0.45625 0.183984375 0.427734375 0.16953125 0.408203125 0.153125 0.380859375 0.1453125 0.362109375 0.146875 0.345703125 0.153125 0.3296875 0.173046875 0.344921875 0.18984375 0.352734375 0.19296875 0.376953125 0.190625 0.384765625 0.20078125 0.4125 0.208203125 0.448828125 0.19375 0.45546875 0.188671875
0 0.488671875 0.1546875 0.498046875 0.1578125 0.501953125 0.1546875 0.528515625 0.15078125 0.628515625 0.15234375 0.635546875 0.15078125 0.63984375 0.146484375 0.63984375 0.141796875 0.614453125 0.1328125 0.550390625 0.121875 0.537890625 0.121875 0.518359375 0.12734375 0.506640625 0.12734375 0.498046875 0.1234375 0.462890625 0.12734375 0.435546875 0.125 0.415234375 0.1296875 0.42578125 0.160546875 0.43984375 0.168359375 0.478515625 0.15546875 0.488671875 0.1546875
0 0.835546875 0.23828125 0.758203125 0.1859375 0.710546875 0.1625 0.648828125 0.140625 0.643359375 0.14140625 0.63828125 0.147265625 0.63828125 0.153515625 0.65078125 0.168359375 0.676171875 0.19296875 0.690234375 0.2015625 0.771484375 0.2234375 0.801171875 0.2484375 0.830859375 0.25703125 0.855078125 0.27265625 0.8765625 0.279296875 0.87578125 0.274609375 0.835546875 0.23828125
1 0.573828125 0.3265625 0.5765625 0.322265625 0.57109375 0.310546875 0.558984375 0.303125 0.532421875 0.30625 0.513671875 0.31328125 0.51171875 0.323046875 0.5140625 0.328515625 0.522265625 0.3359375 0.53046875 0.335546875 0.566015625 0.32890625 0.573828125 0.3265625
1 0.71328125 0.317578125 0.700390625 0.30703125 0.679296875 0.303125 0.668359375 0.303125 0.665625 0.305859375 0.6671875 0.315234375 0.677734375 0.32421875 0.7125 0.327734375 0.71484375 0.326171875 0.71328125 0.317578125
1 0.852734375 0.34296875 0.824609375 0.325 0.81796875 0.326171875 0.823828125 0.33984375 0.859375 0.361328125 0.85859375 0.349609375 0.852734375 0.34296875
3 0.875 0.343359375 0.849609375 0.31484375 0.837109375 0.30546875 0.827734375 0.3046875 0.819921875 0.3 0.812109375 0.2875 0.774609375 0.2703125 0.764453125 0.2625 0.75703125 0.263671875 0.759375 0.274609375 0.778515625 0.29765625 0.816015625 0.32578125 0.826953125 0.32578125 0.855078125 0.34453125 0.8625 0.360546875 0.875 0.368359375 0.87890625 0.362109375 0.875 0.343359375
1 0.64765625 0.358984375 0.632421875 0.34765625 0.607421875 0.34921875 0.599609375 0.353125 0.596875 0.357421875 0.59765625 0.366015625 0.605859375 0.37734375 0.6109375 0.378515625 0.647265625 0.371875 0.64765625 0.358984375
1 0.71796875 0.357421875 0.707421875 0.34296875 0.682421875 0.340625 0.678125 0.343359375 0.68046875 0.357421875 0.687109375 0.3640625 0.7140625 0.365234375 0.71796875 0.363671875 0.71796875 0.357421875
1 0.773046875 0.36015625 0.755859375 0.3546875 0.74765625 0.355859375 0.74765625 0.365234375 0.753515625 0.37421875 0.77890625 0.377734375 0.77890625 0.368359375 0.773046875 0.36015625
1 0.568359375 0.77265625 0.549609375 0.76328125 0.530078125 0.759375 0.52421875 0.765234375 0.52421875 0.769140625 0.531640625 0.77421875 0.549609375 0.77890625 0.56640625 0.778515625 0.5703125 0.776953125 0.568359375 0.77265625
1 0.839453125 0.54140625 0.83203125 0.548828125 0.825 0.566796875 0.82734375 0.576953125 0.83203125 0.577734375 0.84453125 0.555078125 0.839453125 0.54140625
1 0.81796875 0.595703125 0.815234375 0.5921875 0.80703125 0.596484375 0.79609375 0.614453125 0.7953125 0.626171875 0.80078125 0.626953125 0.815625 0.608984375 0.81796875 0.595703125
1 0.787890625 0.63515625 0.780859375 0.63671875 0.7609375 0.660546875 0.76015625 0.669921875 0.7671875 0.672265625 0.7875 0.647265625 0.787890625 0.63515625
1 0.7890625 0.670703125 0.784765625 0.6625 0.775 0.669140625 0.759375 0.688671875 0.75703125 0.697265625 0.76484375 0.701171875 0.77265625 0.694921875 0.7890625 0.670703125
1 0.79140625 0.691015625 0.789453125 0.6828125 0.783984375 0.684375 0.7609375 0.709765625 0.76171875 0.715234375 0.7671875 0.716796875 0.7890625 0.694921875 0.79140625 0.691015625
1 0.8234375 0.615234375 0.820703125 0.61171875 0.81328125 0.618359375 0.80078125 0.638671875 0.8 0.647265625 0.80546875 0.649609375 0.82265625 0.624609375 0.8234375 0.615234375
1 0.83671875 0.627734375 0.833203125 0.6234375 0.82734375 0.627734375 0.8125 0.651953125 0.8125 0.665234375 0.81640625 0.666796875 0.83671875 0.636328125 0.83671875 0.627734375
3 0.89609375 0.540234375 0.891015625 0.5296875 0.88359375 0.540234375 0.865625 0.584765625 0.87109375 0.605078125 0.8765625 0.605859375 0.8953125 0.556640625 0.89609375 0.540234375
3 0.73515625 0.816796875 0.7359375 0.810546875 0.727734375 0.80234375 0.711328125 0.809375 0.690625 0.831640625 0.68984375 0.839453125 0.6828125 0.847265625 0.690625 0.847265625 0.723828125 0.83203125 0.73515625 0.816796875
3 0.767578125 0.80078125 0.759375 0.806640625 0.759375 0.812109375 0.7625 0.812109375 0.7828125 0.799609375 0.767578125 0.80078125
3 0.7890625 0.752734375 0.788671875 0.74765625 0.783203125 0.75078125 0.780859375 0.7453125 0.7765625 0.749609375 0.7765625 0.744140625 0.78125 0.738671875 0.776953125 0.7296875 0.76484375 0.736328125 0.7359375 0.776953125 0.74453125 0.792578125 0.74140625 0.796484375 0.75 0.798046875 0.76796875 0.783984375 0.7890625 0.752734375
3 0.84765625 0.673046875 0.865625 0.633984375 0.8703125 0.612890625 0.86953125 0.601171875 0.866015625 0.59609375 0.8609375 0.597265625 0.83984375 0.637109375 0.83515625 0.639453125 0.83671875 0.643359375 0.83203125 0.654296875 0.82734375 0.654296875 0.8296875 0.658984375 0.825 0.663671875 0.82421875 0.676953125 0.83203125 0.686328125 0.835546875 0.6859375 0.84765625 0.673046875
3 0.8328125 0.690234375 0.823828125 0.67421875 0.8109375 0.688671875 0.7875 0.727734375 0.7859375 0.733984375 0.79296875 0.743359375 0.80390625 0.735546875 0.8328125 0.690234375
3 0.909375 0.347265625 0.898046875 0.32265625 0.8703125 0.323828125 0.875 0.341796875 0.880859375 0.35078125 0.892578125 0.35546875 0.90625 0.355078125 0.91015625 0.353515625 0.909375 0.347265625