1 0.528125 0.711328125 0.534375 0.680859375 0.530078125 0.67734375 0.512890625 0.675 0.499609375 0.678125 0.48984375 0.693359375 0.48828125 0.712109375 0.492578125 0.715625 0.5203125 0.716015625 0.526171875 0.71484375 0.528125 0.711328125
1 0.23203125 0.741015625 0.220703125 0.73203125 0.210546875 0.73125 0.209375 0.744140625 0.2125 0.753515625 0.223046875 0.7640625 0.23203125 0.766015625 0.23671875 0.753515625 0.23203125 0.741015625
1 0.1890625 0.700390625 0.181640625 0.690625 0.172265625 0.6875 0.16796875 0.694921875 0.16953125 0.710546875 0.180859375 0.721875 0.18671875 0.723046875 0.19140625 0.713671875 0.1890625 0.700390625
1 0.51796875 0.569921875 0.51640625 0.554296875 0.506640625 0.54921875 0.478515625 0.5515625 0.47421875 0.590234375 0.477734375 0.59296875 0.50390625 0.592578125 0.5109375 0.590234375 0.51796875 0.569921875
1 0.60234375 0.612109375 0.592578125 0.60703125 0.573828125 0.6078125 0.56640625 0.616796875 0.56171875 0.644921875 0.564453125 0.64765625 0.5875 0.647265625 0.59609375 0.644140625 0.60234375 0.612109375
1 0.5359375 0.463671875 0.530078125 0.45703125 0.512890625 0.45703125 0.50625 0.466796875 0.503125 0.494921875 0.5296875 0.497265625 0.534375 0.487890625 0.5359375 0.463671875
1 0.5421875 0.423828125 0.53828125 0.416015625 0.528515625 0.41328125 0.516796875 0.41875 0.51328125 0.444140625 0.53828125 0.445703125 0.5421875 0.433984375 0.5421875 0.423828125
1 0.55859375 0.376953125 0.548046875 0.3703125 0.537890625 0.371875 0.5328125 0.379296875 0.53203125 0.396484375 0.535546875 0.39921875 0.55234375 0.399609375 0.55859375 0.394921875 0.55859375 0.376953125
1 0.4328125 0.362890625 0.43515625 0.345703125 0.432421875 0.3421875 0.419140625 0.34140625 0.403125 0.364453125 0.405078125 0.3703125 0.41796875 0.369921875 0.425390625 0.36953125 0.4328125 0.362890625
1 0.45859375 0.316015625 0.455078125 0.31328125 0.442578125 0.31484375 0.43359375 0.325390625 0.437890625 0.33046875 0.4484375 0.330859375 0.45859375 0.326171875 0.45859375 0.316015625
1 0.49765625 0.321484375 0.494140625 0.3171875 0.483203125 0.31640625 0.47578125 0.323046875 0.476171875 0.33515625 0.49296875 0.334765625 0.49765625 0.329296875 0.49765625 0.321484375
1 0.528125 0.311328125 0.519140625 0.30390625 0.508203125 0.30390625 0.5046875 0.308984375 0.5046875 0.319140625 0.51953125 0.322265625 0.528125 0.319921875 0.528125 0.311328125
1 0.593359375 0.33515625 0.582421875 0.334375 0.578125 0.337109375 0.576953125 0.35 0.59609375 0.352734375 0.5984375 0.345703125 0.593359375 0.33515625
1 0.615234375 0.325 0.608984375 0.32421875 0.60078125 0.328515625 0.603515625 0.34296875 0.62109375 0.345703125 0.6234375 0.339453125 0.615234375 0.325
3 0.812109375 0.7796875 0.840234375 0.7578125 0.8828125 0.714453125 0.90625 0.655859375 0.90234375 0.587890625 0.9078125 0.570703125 0.91015625 0.539453125 0.9140625 0.529296875 0.91328125 0.512109375 0.92109375 0.506640625 0.9265625 0.481640625 0.91328125 0.458203125 0.90625 0.431640625 0.880859375 0.40703125 0.866796875 0.40625 0.855078125 0.4 0.827734375 0.4 0.798046875 0.3875 0.774609375 0.38203125 0.764453125 0.38125 0.757421875 0.3859375 0.741015625 0.36875 0.731640625 0.3640625 0.724609375 0.36484375 0.7203125 0.372265625 0.71875 0.422265625 0.72109375 0.430859375 0.73203125 0.446484375 0.740625 0.493359375 0.74296875 0.537890625 0.74765625 0.559765625 0.74765625 0.656640625 0.7390625 0.726953125 0.7265625 0.780078125 0.709375 0.827734375 0.70859375 0.833984375 0.7109375 0.835546875 0.762109375 0.8125 0.812109375 0.7796875
3 0.1609375 0.705859375 0.14921875 0.683984375 0.13671875 0.649609375 0.144921875 0.64921875 0.165234375 0.66796875 0.17421875 0.659765625 0.175 0.643359375 0.16875 0.628515625 0.16640625 0.607421875 0.169921875 0.60390625 0.180859375 0.60546875 0.19140625 0.595703125 0.20078125 0.566015625 0.20390625 0.541796875 0.23203125 0.501171875 0.23515625 0.486328125 0.25078125 0.473046875 0.259375 0.455859375 0.278125 0.435546875 0.29453125 0.392578125 0.303125 0.381640625 0.31484375 0.352734375 0.334375 0.331640625 0.3375 0.321484375 0.33515625 0.312890625 0.33125 0.309765625 0.33515625 0.305859375 0.323046875 0.30546875 0.312109375 0.2953125 0.284765625 0.2953125 0.271484375 0.3 0.265234375 0.3 0.258984375 0.2953125 0.241796875 0.296875 0.223046875 0.30859375 0.212109375 0.30859375 0.200390625 0.31875 0.191796875 0.3171875 0.181640625 0.321875 0.17265625 0.333984375 0.16171875 0.376171875 0.145703125 0.40078125 0.137890625 0.39296875 0.13125 0.401171875 0.11640625 0.430859375 0.11015625 0.463671875 0.09296875 0.479296875 0.08515625 0.512109375 0.084375 0.573046875 0.08125 0.588671875 0.08203125 0.605859375 0.08984375 0.641015625 0.10625 0.689453125 0.1171875 0.709765625 0.129296875 0.71875 0.141015625 0.71875 0.148828125 0.72578125 0.159375 0.726171875 0.1625 0.718359375 0.1609375 0.705859375
3 0.373828125 0.31328125 0.378515625 0.31953125 0.383203125 0.3125 0.400390625 0.31015625 0.42421875 0.294921875 0.434375 0.271484375 0.434375 0.262890625 0.43203125 0.255078125 0.423828125 0.2453125 0.408203125 0.2453125 0.396484375 0.2390625 0.388671875 0.24609375 0.373046875 0.25078125 0.3671875 0.257421875 0.364453125 0.27109375 0.361328125 0.253125 0.344921875 0.25625 0.3375 0.262890625 0.34609375 0.266796875 0.34140625 0.296484375 0.3484375 0.301171875 0.349609375 0.30546875 0.35390625 0.303515625 0.3546875 0.291796875 0.3625 0.272265625 0.3625 0.283984375 0.35546875 0.309765625 0.3578125 0.325390625 0.360546875 0.31875 0.373828125 0.31328125
0 0.921875 0.408203125 0.90703125 0.347265625 0.855078125 0.29375 0.806640625 0.25859375 0.733984375 0.21875 0.663671875 0.19375 0.6328125 0.190234375 0.63515625 0.200390625 0.644140625 0.20390625 0.647265625 0.2125 0.65546875 0.209765625 0.65859375 0.226171875 0.666015625 0.2328125 0.67109375 0.233203125 0.67734375 0.249609375 0.6875 0.258203125 0.7078125 0.289453125 0.71328125 0.310546875 0.730078125 0.334375 0.745703125 0.34296875 0.760546875 0.3421875 0.765234375 0.3484375 0.781640625 0.3515625 0.789453125 0.3578125 0.796484375 0.35859375 0.804296875 0.36640625 0.80703125 0.365234375 0.8078125 0.356640625 0.812109375 0.35703125 0.812109375 0.37578125 0.816796875 0.37421875 0.831640625 0.3828125 0.837109375 0.38203125 0.847265625 0.38984375 0.858984375 0.38984375 0.863671875 0.396875 0.877734375 0.3984375 0.885546875 0.40625 0.891015625 0.40703125 0.901953125 0.4203125 0.906640625 0.42109375 0.909375 0.426953125 0.91875 0.433203125 0.92265625 0.429296875 0.921875 0.408203125
0 0.096875 0.458984375 0.10859375 0.451171875 0.1078125 0.443359375 0.11171875 0.439453125 0.10625 0.435546875 0.10703125 0.431640625 0.12265625 0.414453125 0.125 0.398828125 0.129296875 0.4 0.13203125 0.391015625 0.136328125 0.3875 0.145703125 0.39140625 0.15390625 0.383984375 0.16171875 0.369921875 0.17421875 0.322265625 0.187890625 0.31171875 0.202734375 0.3125 0.207421875 0.309375 0.2140625 0.300390625 0.213671875 0.2875 0.204296875 0.2875 0.180859375 0.2984375 0.17109375 0.305859375 0.168359375 0.31171875 0.16171875 0.314453125 0.162109375 0.31875 0.151171875 0.321875 0.110546875 0.35 0.106640625 0.33671875 0.10234375 0.341796875 0.103125 0.345703125 0.09609375 0.349609375 0.096875 0.361328125 0.08984375 0.362890625 0.090625 0.369140625 0.084375 0.380078125 0.07578125 0.418359375 0.07109375 0.456640625 0.07421875 0.466796875 0.071875 0.471484375 0.07578125 0.475390625 0.090234375 0.46953125 0.096875 0.458984375
0 0.214453125 0.2859375 0.2140625 0.298046875 0.216015625 0.30078125 0.220703125 0.3 0.234765625 0.28984375 0.291015625 0.26875 0.310546875 0.2671875 0.364453125 0.24921875 0.369140625 0.2453125 0.400390625 0.2390625 0.419140625 0.2390625 0.432421875 0.22890625 0.451171875 0.22109375 0.451171875 0.215625 0.470703125 0.209375 0.476171875 0.2109375 0.480859375 0.20703125 0.498046875 0.20546875 0.510546875 0.196875 0.551953125 0.18359375 0.55390625 0.180859375 0.55078125 0.158984375 0.540234375 0.15234375 0.494140625 0.15078125 0.4859375 0.153515625 0.482421875 0.17109375 0.473046875 0.17109375 0.466796875 0.153125 0.433203125 0.15390625 0.402734375 0.1609375 0.392578125 0.1796875 0.38359375 0.176953125 0.3859375 0.165234375 0.380859375 0.1640625 0.321484375 0.18046875 0.306640625 0.19765625 0.304296875 0.18828125 0.288671875 0.19140625 0.266796875 0.203125 0.251953125 0.2265625 0.216015625 0.24375 0.205859375 0.25390625 0.200390625 0.2546875 0.184765625 0.265625 0.151953125 0.2921875 0.14453125 0.301953125 0.14296875 0.313671875 0.1390625 0.317578125 0.14375 0.321484375 0.204296875 0.28671875 0.214453125 0.2859375