1 0.5963050314465409 0.35062893081761004 0.6014150943396226 0.34394654088050314 0.6022012578616353 0.32507861635220126 0.5966981132075472 0.29677672955974843 0.5908018867924528 0.2861635220125786 0.5695754716981132 0.2759433962264151 0.547562893081761 0.27044025157232704 0.5420597484276729 0.26572327044025157 0.5279088050314465 0.2688679245283019 0.4956761006289308 0.2672955974842767 0.47209119496855345 0.2696540880503145 0.4638364779874214 0.2786949685534591 0.4606918238993711 0.2928459119496855 0.4595125786163522 0.3309748427672956 0.4638364779874214 0.3431603773584906 0.4713050314465409 0.3490566037735849 0.5341981132075472 0.35377358490566035 0.5412735849056604 0.35927672955974843 0.5459905660377359 0.35927672955974843 0.5522798742138365 0.3553459119496855 0.5766509433962265 0.3553459119496855 0.5963050314465409 0.35062893081761004
1 0.2503930817610063 0.28852201257861637 0.2425314465408805 0.2861635220125786 0.202437106918239 0.3081761006289308 0.19418238993710693 0.31721698113207547 0.18632075471698112 0.33372641509433965 0.1761006289308176 0.3746069182389937 0.1764937106918239 0.3891509433962264 0.18121069182389937 0.3915094339622642 0.21501572327044025 0.38443396226415094 0.25275157232704404 0.36163522012578614 0.2727987421383648 0.33608490566037735 0.28144654088050314 0.30542452830188677 0.28144654088050314 0.2897012578616352 0.2708333333333333 0.28537735849056606 0.2503930817610063 0.28852201257861637
1 0.3966194968553459 0.16273584905660377 0.3915094339622642 0.1654874213836478 0.3785377358490566 0.19811320754716982 0.3895440251572327 0.20125786163522014 0.48388364779874216 0.1957547169811321 0.4882075471698113 0.19378930817610063 0.4913522012578616 0.18514150943396226 0.4913522012578616 0.16863207547169812 0.4886006289308176 0.1650943396226415 0.4437893081761006 0.16037735849056603 0.3966194968553459 0.16273584905660377
1 0.07625786163522012 0.39504716981132076 0.0735062893081761 0.4261006289308176 0.07665094339622641 0.4300314465408805 0.10141509433962265 0.4123427672955975 0.11477987421383648 0.35809748427672955 0.11556603773584906 0.35102201257861637 0.11281446540880503 0.34827044025157233 0.0994496855345912 0.3553459119496855 0.08647798742138364 0.3683176100628931 0.07625786163522012 0.39504716981132076
1 0.1065251572327044 0.3011006289308176 0.11910377358490566 0.2940251572327044 0.13757861635220126 0.27712264150943394 0.1580188679245283 0.24095911949685533 0.15683962264150944 0.23820754716981132 0.13875786163522014 0.2468553459119497 0.12342767295597484 0.2613993710691824 0.10849056603773585 0.28812893081761004 0.1065251572327044 0.3011006289308176
1 0.05778301886792453 0.5267295597484277 0.06210691823899371 0.5727201257861635 0.07586477987421383 0.5786163522012578 0.07783018867924528 0.5617138364779874 0.07468553459119497 0.5192610062893082 0.07114779874213836 0.5086477987421384 0.06092767295597484 0.5070754716981132 0.05817610062893082 0.5098270440251572 0.05778301886792453 0.5267295597484277
1 0.8093553459119497 0.3663522012578616 0.8183962264150944 0.4044811320754717 0.8337264150943396 0.41352201257861637 0.8376572327044025 0.41273584905660377 0.8419811320754716 0.4068396226415094 0.8380503144654088 0.38011006289308175 0.8219339622641509 0.36242138364779874 0.8101415094339622 0.3584905660377358 0.8093553459119497 0.3663522012578616
1 0.8580974842767296 0.5196540880503144 0.8651729559748428 0.5188679245283019 0.8710691823899371 0.5082547169811321 0.8710691823899371 0.48388364779874216 0.862814465408805 0.4724842767295597 0.8537735849056604 0.47523584905660377 0.8541666666666666 0.514937106918239 0.8580974842767296 0.5196540880503144
1 0.48388364779874216 0.08726415094339622 0.49410377358490565 0.09198113207547169 0.5192610062893082 0.09198113207547169 0.5283018867924528 0.08687106918238993 0.5290880503144654 0.08136792452830188 0.5137578616352201 0.07232704402515723 0.4901729559748428 0.0699685534591195 0.4858490566037736 0.07193396226415094 0.48388364779874216 0.08726415094339622
1 0.25275157232704404 0.8852201257861635 0.2763364779874214 0.8962264150943396 0.2893081761006289 0.8989779874213837 0.29009433962264153 0.8966194968553459 0.27240566037735847 0.8820754716981132 0.2346698113207547 0.8647798742138365 0.23388364779874213 0.8679245283018868 0.25275157232704404 0.8852201257861635
1 0.8769654088050315 0.6132075471698113 0.8808962264150944 0.6124213836477987 0.8875786163522013 0.6033805031446541 0.889937106918239 0.5860849056603774 0.887185534591195 0.5833333333333334 0.8805031446540881 0.5852987421383647 0.8753930817610063 0.610062893081761 0.8769654088050315 0.6132075471698113