1 0.9007446228813559 0.6229573915254237 0.8904836838983051 0.6282087957627118 0.8508096805084746 0.6838243966101695 0.8437378762711865 0.7022819669491526 0.830382513559322 0.7192659050847459 0.7928160974576272 0.7990350152542373 0.7565781923728813 0.8570565974576271 0.7522550627118644 0.8789018915254236 0.7675234991525424 0.8727675305084747 0.8003202118644067 0.8489134330508474 0.8331683559322034 0.8082699127118644 0.8601754381355933 0.7613418152542373 0.8794253296610168 0.7192236440677966 0.8803103245762711 0.7096017542372881 0.8962702584745763 0.6732268771186442 0.904572806779661 0.6300271584745762 0.9007446228813559 0.6229573915254237
1 0.6092873016949153 0.9660691991525424 0.6016288966101695 0.9665590516949152 0.5570029016949153 0.9770094118644068 0.53216095 0.9874134355932204 0.531571293220339 0.991389797457627 0.5409966313559322 0.9936002457627119 0.5870458466101696 0.9863410576271187 0.5989759516949152 0.9807953338983052 0.6123796881355932 0.9689660525423729 0.6092873016949153 0.9660691991525424
1 0.6617672355932204 0.9611182262711865 0.6500830754237288 0.9631784584745763 0.6068803016949152 0.976819990677966 0.5916118652542373 0.9829543516949152 0.5872907728813559 0.9901702601694915 0.629657945762712 0.9839905805084747 0.6471358110169492 0.9757455754237289 0.6630432966101695 0.9634748152542374 0.6617672355932204 0.9611182262711865
2 0.07004954576271186 0.7018796610169491 0.0523287906779661 0.691666077118644 0.05178750847457627 0.7007970957627119 0.05831497457627119 0.7134146237288136 0.08595193728813559 0.7261823677966102 0.07004954576271186 0.7018796610169491
2 0.11412508898305085 0.7663925593220339 0.09939895423728815 0.7560812093220339 0.09635697966101694 0.7437096262711864 0.08791338474576271 0.7421866008474576 0.0771142186440678 0.7346249440677967 0.0771132 0.7419396372881356 0.08658589322033898 0.7566194355932203 0.10474812542372881 0.7693367677966102 0.11633349999999999 0.7715966093220339 0.11412508898305085 0.7663925593220339
2 0.1940775406779661 0.19251935254237287 0.17709156440677964 0.19379337627118645 0.15298541016949152 0.20837031355932203 0.1309899 0.22515668135593223 0.1166517754237288 0.2487678898305085 0.12092245677966103 0.2510267118644068 0.13673115677966102 0.2430760254237288 0.19550076101694916 0.1957105245762712 0.1940775406779661 0.19251935254237287
2 0.20429010508474577 0.18211329152542374 0.19609143644067795 0.1844194686440678 0.1802333440677966 0.19453019237288136 0.1946661779661017 0.19585768389830507 0.19181973644067796 0.1894753398305085 0.19658128898305086 0.19207787372881358 0.20571332627118644 0.18530446355932204 0.20429010508474577 0.18211329152542374
2 0.1761118601694915 0.17847656610169493 0.14547620169491524 0.19506536271186442 0.12726050169491526 0.21376684067796609 0.11920899237288135 0.2169076008474576 0.11650767288135593 0.22598922627118642 0.11169672796610171 0.22554672966101696 0.11272684406779661 0.2313888093220339 0.11694915084745763 0.22849297542372882 0.1265710406779661 0.22937796949152542 0.14125083898305085 0.21990527627118645 0.19432552288135593 0.17440447457627117 0.1761118601694915 0.17847656610169493
2 0.2502970593220339 0.12581128644067796 0.23895661186440675 0.12738064745762712 0.24322831101694917 0.12232477711864406 0.24077395508474578 0.1206062186440678 0.23340986949152545 0.12276523644067797 0.16344799491525422 0.16521998813559322 0.15308827033898306 0.17479146694915254 0.14989607966101695 0.1835293805084746 0.1613836872881356 0.18279460254237287 0.18092382372881358 0.1716043694915254 0.20841668305084746 0.16159345084745763 0.25172028050847456 0.12900245847457628 0.2502970593220339 0.12581128644067796
3 0 0.35401303305084747 0.013300475423728813 0.34099718050847455 0.01978364237288136 0.3192012788135593 0.054892645762711856 0.2596576906779661 0.06766140847457627 0.2247060338983051 0.09898856440677967 0.17787672203389832 0.09810560762711865 0.17286922457627119 0.10846533220338983 0.1632977466101695 0.11342547372881356 0.14994543983050848 0.10832122881355932 0.14051908389830509 0.09663706864406779 0.14257931610169491 0.09182510508474576 0.1494515127118644 0.07660708050847458 0.1461111440677966 0.02721036440677966 0.21979121016949155 0.008059258474576272 0.2575893076271186 0 0.27825584152542376 0 0.35401303305084747
3 0.5640231262711864 0 0.6517354813559322 0.025768806779661015 0.7224713398305085 0.0657885593220339 0.7365604627118644 0.0676069220338983 0.7690083703389831 0.0808171627118644 0.7775013584745762 0.08018015084745762 0.7733778364406779 0.07875591101694915 0.7730351440677966 0.07193208898305084 0.7268438618644067 0.0417832279661017 0.6533240161016949 0 0.5640231262711864 0