1 0.7581028059701492 0.5946618358208956 0.7902639618573798 0.5980421102819237 0.7941271658374792 0.6009494137645108 0.8238316973466003 0.5761406998341625 0.8308968474295191 0.5168529320066335 0.8095179701492538 0.4941789286898839 0.7744049286898839 0.4871533805970149 0.7670054145936981 0.49012755721393036 0.7555842885572139 0.5868933366500829 0.7581028059701492 0.5946618358208956
1 0.8092157371475953 0.36616580265339965 0.8119992553897181 0.40314357296849085 0.8240891086235489 0.4190049767827529 0.8411466334991707 0.4232990588723052 0.8488928424543947 0.4170263026533997 0.8499329262023217 0.40713056218905475 0.8419836094527363 0.3637735613598673 0.8206914046434494 0.3402749129353234 0.8120536782752902 0.3351982777777778 0.8020712645107795 0.3349828383084577 0.8092157371475953 0.36616580265339965
1 0.6248571268656716 0.7161423051409619 0.628264671641791 0.7194185936981758 0.6398097014925374 0.7206320257048093 0.6865519568822555 0.7122047578772803 0.7249585978441128 0.6878937951907131 0.7337894726368159 0.6792337777777778 0.7430735174129354 0.654363171641791 0.748449776119403 0.6190767827529021 0.7308053366500828 0.6084678524046434 0.7190869585406302 0.6089037106135987 0.7103204668325042 0.6129848441127695 0.6915269784411276 0.6093420597014926 0.6864057611940299 0.610471307628524 0.6791375024875622 0.6201293175787728 0.670739995854063 0.6246661102819236 0.644742631840796 0.6261024510779436 0.6257461542288557 0.7116500936981758 0.6248571268656716 0.7161423051409619
1 0.4721047686567164 0.8526645116086237 0.47829085157545603 0.8612353656716417 0.5139239344941957 0.8633130447761194 0.5502924991708126 0.8504604386401327 0.5847071708126036 0.8323999419568823 0.5949496061359868 0.8301414461028193 0.6036071334991708 0.8231307180762852 0.6061231608623548 0.8150576152570481 0.6052043714759536 0.7682707786069651 0.6009721824212272 0.764907815920398 0.5744968673300166 0.7629589029850746 0.5275812653399669 0.7730354601990049 0.5207463747927031 0.7785702454394694 0.5215289278606965 0.7869900431177447 0.514889675787728 0.7946297777777778 0.4952096500829188 0.8113208059701492 0.48257995356550587 0.812494635986733 0.4735534402985075 0.819049704809287 0.4721047686567164 0.8526645116086237
1 0.7642840281923715 0.7103696699834162 0.7740930945273632 0.712234399668325 0.7946646384742951 0.7068927628524047 0.8105260414593698 0.6948029096185738 0.8237153822553898 0.6645064825870647 0.8271848192371476 0.647362284411277 0.818155815920398 0.6380757504145937 0.8160929585406302 0.6299382645107795 0.8131856550580432 0.6338014684908789 0.8010760008291874 0.6300274286898839 0.7862992628524047 0.6397300199004975 0.7635014742951908 0.7019498723051409 0.7642840281923715 0.7103696699834162
1 0.6833351898839138 0.8181703980099502 0.6869160820895522 0.8197973971807628 0.7014550895522388 0.816322979270315 0.7475435563847429 0.7903181451077944 0.7640983499170813 0.771631131840796 0.7675677868988391 0.7544869336650083 0.7634222711442786 0.7502993258706467 0.754351175787728 0.7493459154228856 0.7102586932006634 0.7722255165837479 0.6982604933665009 0.7872226741293532 0.6842242172470978 0.8136781873963516 0.6833351898839138 0.8181703980099502
1 0.8298271218905473 0.6142898101160863 0.8349706301824212 0.6169148018242122 0.8513322752902155 0.6119644411276949 0.8640684461028193 0.5978786036484246 0.8713540157545606 0.5602916268656716 0.8626494162520729 0.5439522728026533 0.8428802263681592 0.5456263441127694 0.8316695597014925 0.600726504145937 0.8298271218905473 0.6142898101160863
1 0.32958677860696517 0.24530248756218903 0.3370952578772803 0.2452579054726368 0.391172644278607 0.23843534660033167 0.4396954452736318 0.23686525953565504 0.4614581293532338 0.21622435323383085 0.46978378275290217 0.1687416368159204 0.45765183830845774 0.16121335737976783 0.4186335008291874 0.1596136293532338 0.39007552819237146 0.16161459369817577 0.36438276699834166 0.1680854784411277 0.32936884991708126 0.23944329850746268 0.32958677860696517 0.24530248756218903
1 0.1873590489220564 0.2420263175787728 0.215699092039801 0.2341661641791045 0.24755315505804312 0.21667029104477611 0.2531523225538972 0.21892629684908788 0.28585083167495856 0.18942973466003316 0.3034234179104478 0.15709274129353235 0.29571930099502486 0.15503237396351574 0.27540777860696514 0.15790007545605306 0.23101069237147598 0.1757451334991708 0.2151492893864013 0.18783498673300167 0.184233815920398 0.24003033333333335 0.1873590489220564 0.2420263175787728
1 0.5857145265339967 0.20010280928689886 0.5921210281923714 0.2303744543946932 0.6436427860696518 0.2557997247097844 0.6703360298507463 0.2636078266998342 0.6835303499170812 0.2649946053067993 0.6966577976782753 0.2551186658374793 0.6915316003316749 0.2245647081260365 0.6813510580431178 0.20640271724709783 0.6625996616915423 0.19442680845771146 0.6251414510779436 0.17798347014925373 0.5948896061359867 0.1723026086235489 0.5863831351575456 0.17390980679933665 0.5857145265339967 0.20010280928689886
1 0.6885772247097844 0.20507783084577114 0.7008627164179105 0.223044184079602 0.7060087147595356 0.24151077860696518 0.7337024411276949 0.26359786650082917 0.7575527636815921 0.27069028772802656 0.7615447330016584 0.2644398225538972 0.7616734991708126 0.2552820530679934 0.7463692487562189 0.2224077072968491 0.7357776293532338 0.21212317993366503 0.7168528855721393 0.20179656135986734 0.6852984452736318 0.1926437728026534 0.6885772247097844 0.20507783084577114
2 0.2572610854063018 0.6795907910447762 0.267634776119403 0.6840161285240465 0.2774017504145937 0.6942139817578773 0.29402590713101157 0.7026312893864013 0.3135573665008292 0.7071853930348259 0.33083282006633496 0.7173386641791044 0.3382546252072968 0.7181187271973466 0.3557009361525705 0.7107811061359867 0.3638607122719735 0.7124724875621891 0.3678749726368159 0.7099762620232172 0.36442284660033164 0.6991914941956883 0.35331118490878943 0.6938548374792703 0.3303919809286899 0.6739370812603648 0.32553078524046436 0.6725923938640133 0.31659094527363185 0.6783228175787728 0.30639060199004975 0.6722481890547264 0.27969735820895525 0.664440087893864 0.26602757794361526 0.6755096575456052 0.2544825472636816 0.6742962263681592 0.2572610854063018 0.6795907910447762
2 0.5171453233830846 0.37257005306799335 0.5308175945273632 0.3773420862354892 0.5357010812603649 0.3824410124378109 0.5216400248756219 0.389300684079602 0.5215979328358209 0.39763380762852407 0.516867991708126 0.4029729543946932 0.531473872305141 0.4107612553897181 0.5315828366500829 0.41369084991708127 0.516501495854063 0.4183588980099503 0.5158081069651741 0.4249560580431178 0.5721860812603649 0.4200428092868988 0.5862050464344942 0.42151626202321724 0.5944094046434495 0.43071612271973464 0.6019178839137644 0.43067154145936976 0.6220114767827529 0.42194465091210615 0.6398688656716418 0.4067295646766169 0.6352453988391377 0.3991567031509121 0.6245250140961858 0.39802994527363184 0.6188812645107794 0.388265460199005 0.6018658316749586 0.3756382537313433 0.5910587728026534 0.3753361409618574 0.5917323615257049 0.3808263441127695 0.5835948756218906 0.38288920149253736 0.528645771973466 0.36627500580431177 0.512717495854063 0.3671021409618574 0.5171453233830846 0.37257005306799335
2 0.5272044510779437 0.3085944361525705 0.5389674104477612 0.31566705721393035 0.5801996616915422 0.32000074129353234 0.597735135986733 0.3276800771144278 0.6266843855721393 0.3298890107794361 0.6477115887230515 0.3241783888888889 0.6474069859038143 0.31914384494195686 0.6393982661691543 0.3120489336650083 0.5939536260364843 0.29226492288557215 0.5584963797678275 0.30437955721393034 0.538704899668325 0.30229938888888885 0.5292425273631841 0.29713607960199007 0.5255972529021559 0.3000879651741294 0.5272044510779437 0.3085944361525705
2 0.5755489245439469 0.2769904344941957 0.6056274220563848 0.2843205862354892 0.6278507454394693 0.2949938988391377 0.6467309071310117 0.29781203897180764 0.6562353706467662 0.2946422247097844 0.6668690829187396 0.29659362769485903 0.6726193067993367 0.29344610364842455 0.6690805066334993 0.2834859809286899 0.6435586028192372 0.2724659726368159 0.5995478134328358 0.262837723880597 0.5819702470978442 0.26349151077943617 0.5607894975124378 0.2587640605306799 0.5516317288557214 0.2586352951907131 0.5479864535655058 0.261587179933665 0.5755489245439469 0.2769904344941957
1 0.8484349320066336 0.679194056384743 0.855032092039801 0.6798874461028193 0.8708068217247098 0.6686222379767828 0.8767056127694859 0.6442295820895523 0.8739914568822554 0.6343561326699835 0.8664829784411276 0.6344007139303482 0.8606460804311774 0.6383728830845771 0.8490416475953565 0.6734215414593698 0.8484349320066336 0.679194056384743
1 0.03716492951907131 0.5009624842454394 0.04146648175787728 0.531429767827529 0.0680111592039801 0.5604830016583748 0.08602458374792703 0.571547592039801 0.08304293781094527 0.5166232694859038 0.08914969734660033 0.4347233913764511 0.07389251907131011 0.4251991268656717 0.054187712271973464 0.42229431343283585 0.04678819817578773 0.4252684892205638 0.04147383250414594 0.4401343905472636 0.03716492951907131 0.5009624842454394
1 0.06849136069651741 0.30206948756218904 0.08500406135986734 0.2917155978441128 0.1169819096185738 0.2333787504145937 0.11847765339966833 0.2231140248756219 0.10897318988391377 0.2262838391376451 0.09267841791044776 0.24249691791044775 0.06753545936981759 0.29529898009950245 0.06849136069651741 0.30206948756218904
1 0.8926289087893864 0.6117192412935323 0.8970344461028193 0.6134329137645107 0.9081213266998343 0.599173728026534 0.9126308482587064 0.5721337902155887 0.9102212960199005 0.567294884742952 0.9052734262023217 0.5667748424543947 0.9002611733001659 0.5708336849087894 0.8931266600331675 0.603017131840796 0.8926289087893864 0.6117192412935323
1 0.9029407064676617 0.6365650663349917 0.9115982346600332 0.6295543383084578 0.9192775704809287 0.612018864013267 0.9190373507462686 0.6024054353233831 0.9091639013266999 0.6051195912106136 0.9021581533996683 0.6281452686567164 0.9029407064676617 0.6365650663349917
1 0.9146069129353233 0.44227573548922056 0.9241782495854063 0.4503686393034826 0.9272366094527363 0.4411019054726368 0.9255848291873964 0.42508695522388057 0.9147108971807628 0.4135221243781094 0.911890267827529 0.4165606832504146 0.9146069129353233 0.44227573548922056
1 0.934410843283582 0.5235639179104478 0.9379917354892207 0.5251909162520729 0.9413546981757878 0.5209587271973466 0.9424368747927031 0.5027298623548921 0.9392893507462686 0.49697963847429516 0.9357307495854063 0.49910687893864014 0.934410843283582 0.5235639179104478
2 0.46784471061359867 0.11976317661691542 0.47930306799336647 0.12180125373134329 0.5338163126036484 0.1266970713101161 0.5589667404643449 0.1214198175787728 0.5533452819237148 0.11540957213930347 0.5354631127694859 0.11102881592039802 0.4812544701492537 0.1111675414593698 0.4649794991708126 0.11529325704809287 0.46784471061359867 0.11976317661691542
1 0.4014372512437811 0.10111090464344942 0.4097703747927031 0.10115299585406302 0.4811207247097844 0.08864210530679933 0.48613297761194035 0.08458326285240464 0.4871730621890547 0.0746875223880597 0.47998898673300167 0.06767928524046435 0.4392346865671642 0.06673085489220563 0.43632738308457714 0.07059405887230515 0.42790758540630186 0.07137661194029851 0.409832267827529 0.08073250912106136 0.40178394527363187 0.09781232421227197 0.4014372512437811 0.10111090464344942
2 0.6054049900497512 0.8020589336650084 0.6230692305140961 0.8005805008291874 0.648588644278607 0.7957589063018242 0.6782733747927032 0.7830375555555555 0.6808983665008291 0.7778940472636816 0.6575259933665009 0.7741868797678276 0.6421623416252072 0.777574623548922 0.6297926658374793 0.7762745182421227 0.6083098034825871 0.7823541268656716 0.6048824577114428 0.7911652006633498 0.6054049900497512 0.8020589336650084
3 0.20183355389718077 0.10431059950248756 0.2487912479270315 0.08590091791044777 0.29861415422885573 0.07196115588723052 0.3527782147595357 0.06431395107794362 0.41566667495854065 0.06091873714759535 0.4414461102819237 0.053623208126036485 0.5033811600331675 0.05929908872305141 0.5452622189054727 0.04952713432835821 0.5520104353233831 0.04481699419568823 0.5330213092868988 0.039069260364842456 0.5302204800995025 0.030020456053067992 0.5251636459369817 0.026570819237147592 0.45424417412935325 0.019116882255389718 0.40142480099502487 0.02190289054726368 0.3826758946932007 0.02576858457711443 0.31753391791044777 0.0506045688225539 0.310567771973466 0.04945551990049751 0.320961263681592 0.04179349502487562 0.33367763349917084 0.03979501990049752 0.33465333499170813 0.03447816417910448 0.30937165091210617 0.033071584577114434 0.2624139568822554 0.05148126616915423 0.2336851268656716 0.07097312354892206 0.19779700248756218 0.10305258623548923 0.20183355389718077 0.10431059950248756
3 0.07869455140961858 0.7404462744610282 0.10682662603648424 0.790093343283582 0.14517884494195687 0.8337276766169155 0.1888033374792703 0.8708292321724709 0.24262568325041461 0.8981638134328358 0.25408403980099503 0.9002018897180764 0.26962103980099505 0.895164855721393 0.28290203316749585 0.8957269900497513 0.323225456053068 0.9166402479270316 0.36680287645107795 0.9303917222222223 0.4358130373134328 0.9401462470978441 0.5152810721393035 0.9376598615257048 0.5284308109452737 0.9315381616915422 0.5681425373134328 0.9265407296849089 0.5871291733001658 0.9164468615257048 0.5772111426202321 0.9116525373134329 0.5390174502487561 0.9101394834162521 0.4808143482587065 0.900687071310116 0.4496932769485904 0.8874110572139303 0.4098057131011609 0.8782161766169155 0.38272119320066333 0.8661981766169156 0.32799001824212276 0.8554431691542288 0.3065071558872305 0.8615227777777779 0.2549433067993367 0.8444306310116086 0.21327519651741292 0.8283785696517413 0.18332546517412934 0.8118906492537313 0.07949690630182421 0.7367787089552239 0.07869455140961858 0.7404462744610282
3 0.6557498308457711 0.1049119767827529 0.659722 0.11074887479270315 0.6904097031509121 0.1281481135986733 0.709943652570481 0.148543820066335 0.7614233184079602 0.18230221393034826 0.8272736252072969 0.24591868573797682 0.854117924543947 0.24832325787728027 0.8404852562189055 0.21937649917081262 0.8287643880597015 0.20397075456053068 0.8307157910447761 0.19333704311774463 0.8100080116086235 0.16031164013267 0.8006100232172472 0.15056944610281922 0.7370627943615258 0.1047038880597015 0.6803777271973466 0.08874099004975125 0.6628001608623549 0.08939477777777778 0.6560742346600332 0.09785915754560531 0.6557498308457711 0.1049119767827529
3 0.8412727893864013 0.2594795016583748 0.8561832728026535 0.2723023466003317 0.8696623946932007 0.29081103233830846 0.9290963582089552 0.3996096334991708 0.9568421368159203 0.47673000829187395 0.958667263681592 0.49109566915422886 0.9619237520729684 0.49977548756218904 0.9663292893864014 0.5014891600331675 0.9696476699834162 0.489748491708126 0.9652148623548921 0.4525973739635158 0.9573126169154229 0.4325904543946932 0.9496679021558874 0.3942679966832504 0.9388583532338308 0.37812428109452734 0.924963173300166 0.3358098540630183 0.9111150655058043 0.31684550829187397 0.9058180099502487 0.303782443615257 0.9009345232172472 0.2986835174129353 0.8982005671641792 0.3008974311774461 0.8955309933665008 0.29853246102819236 0.8985249709784411 0.2938446119402985 0.8955285033167495 0.28269085820895523 0.8827006782752902 0.2659181351575456 0.8601727520729686 0.2502102786069652 0.8412925903814262 0.2473921384742952 0.8412727893864013 0.2594795016583748