1 0.7158180531197301 0.5213909544688027 0.6976654435075885 0.6142029148397976 0.7173728617200674 0.6284672765598651 0.7563950455311973 0.6416145969645869 0.7658008111298482 0.6352733811129848 0.787979279089376 0.6349845354131535 0.8170450801011804 0.6220403338954469 0.8282313524451939 0.6121177976391231 0.8383005843170321 0.5828804966273188 0.8519466382799326 0.5009298456998313 0.8487105885328836 0.49366339544688026 0.843100528667791 0.4911720396290051 0.7997997141652614 0.4842350505902192 0.7926099957841484 0.4687498389544688 0.7789391365935919 0.48726348397976393 0.7688022141652614 0.4866902892074199 0.727577521079258 0.5013314957841484 0.7158180531197301 0.5213909544688027
1 0.605823784148398 0.8133081146711636 0.6204198785834739 0.782152652613828 0.6211171888701518 0.7741618153456998 0.6089447596964587 0.7698967217537943 0.48289217453625627 0.7641015792580101 0.46550910961214165 0.7757075834738617 0.46427244940978074 0.8087405910623946 0.478604502529511 0.8188436677908938 0.5275153760539629 0.8282720126475548 0.5917805775716695 0.8253835050590219 0.605823784148398 0.8133081146711636
1 0.9501000741989882 0.6658579645868465 0.9609839620573356 0.6277948617200675 0.9588311079258011 0.6249379283305228 0.9478727596964587 0.6302094856661046 0.9259763693086003 0.6496957495784149 0.9005663490725127 0.6972120025295109 0.8899036163575041 0.7276430767284991 0.9070587571669477 0.7206880522765599 0.932764392074199 0.6983313161888702 0.9501000741989882 0.6658579645868465
1 0.7489572318718382 0.14927880016863407 0.7495439645868466 0.14510397723440135 0.7383938094435075 0.11841895362563237 0.7257316854974705 0.1085505708263069 0.6771593128161889 0.09065523271500843 0.6418628735244519 0.09037765261382799 0.6441736888701518 0.11028591989881957 0.6700914384485666 0.128828913153457 0.7132884451939292 0.14256296627318718 0.7489572318718382 0.14927880016863407
1 0.42966673355817875 0.16741323861720067 0.43776137942664417 0.16131348482293423 0.4497352327150084 0.13064094856661046 0.4624740885328837 0.1217880699831366 0.4338505969645869 0.11946821332209107 0.3933299839797639 0.1290996323777403 0.36737611720067453 0.1471641981450253 0.35704511635750424 0.16614723018549746 0.3580109662731872 0.17139171163575043 0.3658979949409781 0.17888608600337266 0.3774701534569983 0.18136390303541317 0.42966673355817875 0.16741323861720067
1 0.47128185497470493 0.06214677065767285 0.4820957799325463 0.045785979763912306 0.4951934451939292 0.0374092563237774 0.4963736804384486 0.03204066020236088 0.490163349915683 0.02776202782462057 0.4740643279932546 0.027202371838111302 0.4443982554806071 0.038359296795952784 0.4313073600337268 0.04971706913996627 0.428373694772344 0.07059118465430017 0.43434256239460367 0.07355869645868465 0.4577080345699831 0.07088230269814502 0.47128185497470493 0.06214677065767285
1 0.297728781618887 0.1429103718381113 0.28294764924114674 0.14509030269814502 0.26317703625632377 0.15550930185497472 0.24569693170320406 0.17689341905564923 0.2398792563237774 0.18799619139966273 0.2402516028667791 0.1944344460370995 0.2551500817875211 0.19141955059021923 0.276342392074199 0.17694307504215853 0.297728781618887 0.1429103718381113
1 0.32011918128161887 0.8135991416526138 0.3084928701517707 0.7872729274873524 0.2681392588532884 0.76542392074199 0.2550212866779089 0.7648574957841484 0.25480013153457 0.772489523608769 0.2646188600337268 0.7904728608768972 0.30390281281618886 0.8138744494097807 0.3185801365935919 0.8184915826306913 0.32011918128161887 0.8135991416526138
1 0.43134547639123105 0.9067135320404722 0.42906173693086 0.8987294637436761 0.4218990952782462 0.895168450252951 0.38097228920741993 0.8834563659359191 0.36045698229342327 0.8809988558178751 0.36620469561551433 0.8915983954468801 0.38614003878583475 0.9012117782462057 0.42813650252951096 0.9113712799325464 0.43134547639123105 0.9067135320404722
1 0.9442261096121416 0.23206673271500847 0.9425358726812817 0.22288889038785836 0.9236160345699832 0.1878745286677909 0.908435478920742 0.17169200590219225 0.8997202546374369 0.1670613347386172 0.8985400185497471 0.17242993170320406 0.924636037099494 0.21696740640809445 0.9345585733558178 0.22815367959527824 0.9442261096121416 0.23206673271500847
1 0.8735971593591906 0.11059966188870152 0.8540138566610456 0.09848138448566611 0.8492455311973018 0.09908842495784148 0.8747209704890389 0.13289547554806072 0.8931172689713321 0.14740129932546372 0.8982444038785835 0.14727041483979764 0.8987137900505903 0.14393055649241146 0.8735971593591906 0.11059966188870152