1 0.41061952407704655 0.6128840152487962 0.42213687239165326 0.6163415666131621 0.44721237560192617 0.6156202865168539 0.5016566982343499 0.6053720080256823 0.5059967825040128 0.607122323434992 0.5160001637239165 0.5856299213483146 0.5148628443017657 0.563058029695024 0.5056189606741572 0.5149552046548956 0.5021109550561799 0.5081976669341894 0.49159431300160517 0.503362760834671 0.48745856099518464 0.4926417873194222 0.41661521589085077 0.4993931227929374 0.3873719446227929 0.5097128081861958 0.41061952407704655 0.6128840152487962
1 0.4370021476725522 0.7281535505617978 0.45082615168539325 0.7564355064205458 0.4682258804173355 0.7585550939004815 0.5205432399678972 0.7502688378812199 0.5296394478330658 0.7512658571428572 0.5328926677367577 0.7487191669341894 0.5325554109149278 0.7414594325842697 0.5390618491171749 0.7363660521669342 0.5314894983948636 0.6936864887640449 0.5164173772070626 0.6729153667736757 0.47728521107544136 0.6823635818619582 0.43343631219903694 0.6876834205457464 0.42667877447833064 0.6911914269662921 0.4370021476725522 0.7281535505617978
1 0.6137812993579453 0.6335235529695025 0.6184549526484752 0.634814749598716 0.6438209446227929 0.6307971709470305 0.6723970778491172 0.6213957223113964 0.6791152239165329 0.6227693892455859 0.6896208033707865 0.6044477359550562 0.6913637423756019 0.5846699454253611 0.686757808988764 0.5504588434991974 0.6787447776886035 0.5460399767255216 0.6751112231139647 0.5384897520064205 0.6677296268057785 0.5457531741573034 0.6381884903691813 0.543931451845907 0.60631605858748 0.5530424109149277 0.6033139382022472 0.5571744759229535 0.6076146308186197 0.5638064638844301 0.6125110545746388 0.5947212672552167 0.6103557632423756 0.62472152247191 0.6137812993579453 0.6335235529695025
1 0.6150369590690209 0.37980210834670947 0.6192982608346709 0.39131576886035313 0.6279143980738363 0.4354551573033708 0.6220357054574639 0.4445119743178171 0.6412288282504013 0.445128658105939 0.6794033667736757 0.4398949775280899 0.6829507640449438 0.44177084189406096 0.6822799382022472 0.4349702255216693 0.6921614582664527 0.4204039887640449 0.6797074341894062 0.3776850345104334 0.6680214566613162 0.37059761556982346 0.6623434085072232 0.3629649205457464 0.6578383836276083 0.3653035906902087 0.6437349534510434 0.36347449357945427 0.6173251749598716 0.36603224638844306 0.6056859646869984 0.36950086115569825 0.6047283370786517 0.37371539646869983 0.6150369590690209 0.37980210834670947
1 0.21824510112359552 0.7270480802568219 0.24534414446227928 0.7698852086677368 0.2685474703049759 0.7804301789727127 0.30109441492776884 0.7858386894060995 0.30468120385232744 0.7828328812199037 0.3048030650080257 0.7759067150882825 0.29544838282504016 0.7578866155698234 0.2761580385232745 0.7284390128410915 0.2594217600321027 0.7176823354735152 0.21974063001605137 0.7134037688603532 0.21523560513643658 0.7157424390048154 0.21824510112359552 0.7270480802568219
1 0.4308787255216694 0.39962532504012843 0.4484040032102729 0.4025375995184591 0.5004702648475121 0.39266596950240773 0.5087737857142858 0.39378853772070627 0.5207318138041734 0.35898539325842693 0.505641253611557 0.2996200056179775 0.49182831380417336 0.2944946091492777 0.4917421556982344 0.2888202495987159 0.4874845417335474 0.28502544141252006 0.48272841813804174 0.2857787375601926 0.480436514446228 0.2918297455858748 0.44100648234349915 0.2891365529695024 0.393531404494382 0.3023438731942215 0.39132197110754413 0.30635038844301765 0.39725480497592297 0.3232873113964687 0.39672059229534506 0.34043594141252004 0.40371196308186197 0.3897081011235955 0.39879458667736756 0.40226923595505615 0.4308787255216694 0.39962532504012843
1 0.18560847752808987 0.4465980393258427 0.2126853940609952 0.44312204895666135 0.23854989646869987 0.43455636677367576 0.24629707704654896 0.4065144470304976 0.24886471990369183 0.366291727929374 0.24639312520064205 0.34555630979133223 0.24305374719101122 0.34242863964687 0.23091233948635634 0.3427265048154093 0.206048544141252 0.3499148322632424 0.18819707303370786 0.3628993820224719 0.1838113956661316 0.44038209069020867 0.18560847752808987 0.4465980393258427
1 0.3409408194221509 0.26273163643659714 0.3615506886035313 0.259467353130016 0.3736527046548957 0.26405116131621187 0.41674830738362756 0.2539751990369181 0.4317515353130016 0.21787716934189408 0.4298682961476726 0.20598686035313002 0.4125904285714286 0.19694110674157303 0.3637343073836276 0.20142886677367577 0.34942654574638843 0.20857042776886037 0.34296318619582666 0.2165009879614767 0.3380605601926164 0.25993753531300157 0.3409408194221509 0.26273163643659714
1 0.07172115810593901 0.5714892800963082 0.0830735658105939 0.5790358170144462 0.09296246147672552 0.5799072873194222 0.09546238443017656 0.5726044735152488 0.09156297993579454 0.5325934614767255 0.08704320465489566 0.5040567199036918 0.080070272070626 0.49337882504012837 0.06805441332263243 0.4944693780096308 0.0637180168539326 0.5004379157303371 0.06431743499197431 0.5324395842696629 0.07172115810593901 0.5714892800963082
1 0.11764522471910112 0.7177917929373997 0.12290354574638845 0.720209246388443 0.13751654895666132 0.7406467993579454 0.1615125617977528 0.7510662199036918 0.16046508828250403 0.7418875417335473 0.13223610192616372 0.691916227929374 0.11879612118780097 0.6814500401284109 0.11024150240770467 0.6787420971107545 0.10652916452648475 0.6809552182985553 0.11764522471910112 0.7177917929373997
1 0.6971318033707865 0.344047536918138 0.718459264847512 0.3581399036918138 0.7362750321027287 0.35775588041733547 0.7382259919743178 0.3367262841091493 0.7251515963081863 0.30548159951845905 0.6977731268057784 0.28909732825040124 0.6774537479935794 0.28906531300160515 0.6971318033707865 0.344047536918138
1 0.7586536556982344 0.3887457784911717 0.7631734309791333 0.4172825208667737 0.7781126276083467 0.4218232487961477 0.787373776083467 0.41873128250401287 0.7950852544141253 0.40328988844301766 0.7911538338683789 0.3835982560192617 0.7847655682182986 0.3740466179775281 0.772369374799358 0.3650402552166934 0.7590586316211878 0.3630856083467095 0.7497974831460674 0.36617757463884426 0.7586536556982344 0.3887457784911717
1 0.7841291059390048 0.5265047359550562 0.7977697303370787 0.520281411717496 0.8054418170144463 0.5097216902086678 0.80258619823435 0.47117050401284105 0.7969081500802568 0.46353780898876407 0.7776325569823435 0.46496561878009635 0.769081625200642 0.46997652889245584 0.7748101276083467 0.49588410995184595 0.7750328980738364 0.5255077166934189 0.7841291059390048 0.5265047359550562
1 0.7645678844301765 0.6287367536115569 0.7738290329052969 0.6256447873194222 0.7962249205457465 0.6054398940609952 0.7982977415730337 0.577484132423756 0.7972933475120385 0.5711426340288924 0.7931612825040129 0.5681405128410916 0.7841906235955056 0.5679361813804172 0.7658369550561798 0.577749981540931 0.7624803121990369 0.6258171027287319 0.7645678844301765 0.6287367536115569
1 0.8060253105939005 0.42105889004815406 0.8132025754414125 0.42276612600321023 0.8257563346709471 0.4122457961476726 0.8204044799357946 0.38871627688603533 0.8149775304975923 0.38266895666131623 0.8036682014446228 0.3779595995184591 0.7957413290529695 0.3792150930979133 0.8060253105939005 0.42105889004815406
1 0.8205828314606741 0.5873619638844302 0.8305111179775281 0.583351760834671 0.8423115810593901 0.5680753081861958 0.8438034221508828 0.5467121428571429 0.8426734783306582 0.5395779574638844 0.8376231765650081 0.53590869823435 0.8259839662921349 0.5393773130016051 0.82085488282504 0.545471400481541 0.8197039855537721 0.5818131532905297 0.8205828314606741 0.5873619638844302
1 0.835395304975923 0.501320948635634 0.8451980417335474 0.49651805858748 0.8502015762439806 0.4896312841091493 0.8501080433386837 0.4685192174959872 0.8452226821829855 0.46076097271268057 0.829828055377207 0.4636055288924558 0.833096025682183 0.4919342504012841 0.835395304975923 0.501320948635634
1 0.8282673210272873 0.4280995417335473 0.8323993860353129 0.4311016629213484 0.8403262584269664 0.4298461693418941 0.8442466155698234 0.42638124237560193 0.8454947335473515 0.4188704093097913 0.8419399614767256 0.4015568386837881 0.8335072030497591 0.3919227295345104 0.8245365449438202 0.3917183980738363 0.8226606805778491 0.3952657945425361 0.8282673210272873 0.4280995417335473
1 0.8470603290529695 0.5518843057784911 0.8516084333868379 0.5523828154093098 0.8608658940609951 0.5415719959871589 0.8628599325842696 0.5233795794542536 0.8587672592295345 0.5154957857142857 0.850840386035313 0.5167512792937399 0.8462528908507223 0.5211344430176565 0.8467661516853933 0.5474617512038523 0.8470603290529695 0.5518843057784911
1 0.8725014165329052 0.5303845280898876 0.8790903258426966 0.5232466548956661 0.8802522857142856 0.5100614614767255 0.8770778491171749 0.5028448057784911 0.8689429566613162 0.5053521043338683 0.8685773715890851 0.5261306019261637 0.8725014165329052 0.5303845280898876
1 0.8628021027287319 0.48966698715890844 0.8734799975922952 0.4826940545746388 0.8707573033707866 0.4603732616372392 0.8664996894060996 0.4565784534510433 0.8584903459069021 0.4598784398073837 0.8598750762439806 0.4763168531300161 0.8628021027287319 0.48966698715890844
1 0.8454085754414126 0.4131960489566613 0.8516676035313002 0.41423614686998395 0.8564200393258428 0.4057639983948636 0.8524886187800962 0.38607236597110756 0.8433887231139647 0.3773564935794543 0.8361289879614766 0.3776937504012841 0.8358384983948636 0.3809900481540931 0.8454085754414126 0.4131960489566613
1 0.8609398154093097 0.4343007399678973 0.8678659807383629 0.43442260112359554 0.8712841412520065 0.4277869253611557 0.8676038194221509 0.4096806677367576 0.8571302560192616 0.40768294141252004 0.856172628410915 0.4118974767255216 0.8609398154093097 0.4343007399678973
1 0.22776958507223113 0.8384871043338684 0.2412526444622793 0.8517904719101125 0.2628312046548957 0.867468213483146 0.2870352375601926 0.8766358290529694 0.3090224614767255 0.8743722528089887 0.2951627544141252 0.8586908234349919 0.2679098338683788 0.8430992399678973 0.24253646629213485 0.8316791123595505 0.22355136276083468 0.8298106235955056 0.22776958507223113 0.8384871043338684
1 0.2941583595505618 0.8523493258426967 0.3018809004815409 0.8600644911717497 0.32137188924558585 0.8728225818619584 0.3535027945425361 0.8807347038523273 0.37603160674157304 0.8767602046548957 0.37018493097913324 0.8654976420545746 0.354115790529695 0.8538227279293741 0.3233191605136437 0.8440741332263243 0.2896890385232745 0.8420874703049759 0.2941583595505618 0.8523493258426967
1 0.37853521829855535 0.8771762439807385 0.39385106260032104 0.8840950345104335 0.42314110032102725 0.8843313820224719 0.439787532905297 0.8816948459069021 0.4421225160513643 0.8784810176565008 0.43548315248796143 0.8673440048154093 0.4216271332263242 0.8593814285714286 0.3859094390048154 0.8544751147672552 0.36267040930979133 0.8565306709470305 0.37853521829855535 0.8771762439807385
1 0.42630078651685394 0.860672625200642 0.4481698362760835 0.8730540682182985 0.48763925922953455 0.8708655874799358 0.5094578547351525 0.8649721444622793 0.511541739165329 0.8601729422150883 0.5044001781701445 0.845865179775281 0.4960535786516854 0.8419054309791333 0.45132583467094706 0.8416764590690208 0.4233306813804173 0.8444853105939005 0.419743893258427 0.8474911195826645 0.42630078651685394 0.860672625200642
1 0.512413209470305 0.8502840465489566 0.5167139020866773 0.8569160353130016 0.521387555377207 0.8582072319422152 0.5657780425361155 0.8511764695024077 0.5877615786516853 0.841194040930979 0.5922629165329053 0.8311365168539325 0.5883782624398074 0.8220009173354734 0.5759426773675763 0.8178762287319422 0.5177860160513644 0.8303376276083467 0.5095686532905297 0.8348894197431781 0.512413209470305 0.8502840465489566
1 0.5776536011235955 0.8184178170144463 0.5882527126805779 0.8212082303370787 0.5935147215088283 0.8313445369181381 0.61796247752809 0.8266598202247191 0.6438232921348315 0.8103752841091493 0.6456093113964687 0.7934346741573034 0.6395152239165329 0.7883055898876404 0.6276249149277688 0.7901888298555377 0.5989232327447833 0.7987975914927768 0.5799848956661315 0.8074851356340289 0.5759820682182986 0.8129945553772071 0.5776536011235955 0.8184178170144463
1 0.6483283170144463 0.808036613964687 0.6722738764044943 0.8001811484751203 0.6978835922953451 0.7823112383627608 0.702761577046549 0.7746317760834671 0.7042140272873194 0.7581502841091493 0.7010001990369181 0.75581530176565 0.6897770280898876 0.756780304975923 0.6647482921348314 0.768057617977528 0.6461866035313002 0.779123223916533 0.6433531107544141 0.7868851565008025 0.6483283170144463 0.808036613964687
1 0.6921550898876405 0.7564036573033708 0.7034213394863563 0.7582758338683788 0.7031776163723916 0.7721281653290529 0.7085184077046549 0.7725011252006421 0.7298741974317817 0.758555260834671 0.7363375569823435 0.7506246998394863 0.7412118547351525 0.7352263852327448 0.7400819109149278 0.7280921998394864 0.7237690473515249 0.7302696171749599 0.6940703451043339 0.7479745866773675 0.69177844141252 0.7540255947030498 0.6921550898876405 0.7564036573033708
1 0.7391747375601926 0.7505816211878009 0.7485614349919743 0.748282341894061 0.7619903523274478 0.7355919703049759 0.7706200666131621 0.7208177142857143 0.768485727929374 0.7073420304975923 0.7569289879614767 0.7087661516853933 0.7399526733547351 0.7195806597110754 0.7370761019261638 0.7245054117174959 0.7405447166934189 0.7361446219903692 0.7364200272873194 0.7485802070626003 0.7391747375601926 0.7505816211878009
1 0.41292969983948635 0.9070755898876405 0.4357132985553772 0.9124053178170144 0.46170703772070626 0.9123511757624398 0.49203717415730336 0.9063284951845908 0.48840361878009636 0.8987782704654896 0.47767895746388445 0.8951951701444623 0.4415452239165329 0.8927924678972713 0.401283113964687 0.8951064975922953 0.41292969983948635 0.9070755898876405
1 0.5225285626003211 0.8884979767255217 0.5266606276083468 0.8915000971107544 0.5447274935794543 0.8927014486356339 0.579645125200642 0.8822956051364366 0.5886551749598715 0.8776182640449439 0.5914061974317817 0.8719008242375602 0.5904018025682183 0.8655593266452648 0.5821807520064205 0.8623922648475121 0.5270692913322632 0.8735587800963082 0.5206884020866773 0.8794448475120386 0.5225285626003211 0.8884979767255217
1 0.6224428627608347 0.8600782351524879 0.6319551099518459 0.8585716428571429 0.6548568828250402 0.8492563523274478 0.6770053595505618 0.8351849373996789 0.6841752487961477 0.8214544678972713 0.6613953370786516 0.8238435922953451 0.623267565810594 0.8396333065810594 0.618138481540931 0.8457273932584269 0.6169334430176565 0.8560754069020867 0.6224428627608347 0.8600782351524879
1 0.7228409205457464 0.7962349767255217 0.7352728186195827 0.7926408130016052 0.7594621003210272 0.7709330160513643 0.7637984975922953 0.7649644783306582 0.7660436340288924 0.7483574365971107 0.731757437399679 0.770445569823435 0.7224642728731941 0.7938569149277689 0.7228409205457464 0.7962349767255217
1 0.7962802367576244 0.7212226902086677 0.8071267600321027 0.7178796252006421 0.8261438788121991 0.6994287351524879 0.831477294542536 0.6843639887640449 0.8361078691813804 0.6828180056179776 0.8356450634028892 0.6747655834670947 0.8257992471910113 0.6767312937399679 0.8081557945425362 0.6884640377207063 0.7999421195826646 0.7007346829855537 0.7949853523274478 0.7181774903691813 0.7962802367576244 0.7212226902086677
1 0.4322594349919743 0.9316415192616372 0.44002136677367576 0.9344750120385232 0.47077122953451045 0.9336675738362762 0.48503960112359545 0.9314076861958267 0.48962709630818624 0.9270245224719101 0.4836585585874799 0.9226881260032104 0.46045891974317815 0.9198620088282504 0.4287908202247191 0.9200023089887641 0.4244113451043339 0.9231336669341894 0.4322594349919743 0.9316415192616372
1 0.5744446340288925 0.9135907439807384 0.5792438370786517 0.915674628410915 0.5989354695024077 0.9117432078651685 0.6209190056179775 0.9017607792937401 0.6218335545746388 0.8947090642054574 0.6178270393258427 0.8924996300160514 0.5957573451043339 0.8968076990369181 0.5738993579454253 0.9075828146067416 0.5744446340288925 0.9135907439807384
1 0.6682143924558588 0.8617670321027286 0.6915322046548957 0.8499481308186195 0.7017509807383627 0.8426416292134832 0.7077121436597111 0.8315403194221509 0.7007859775280899 0.8314184574638844 0.6692901942215088 0.842907478330658 0.6537737054574638 0.8526781998394863 0.6498570353130015 0.8638619799357945 0.6682143924558588 0.8617670321027286
1 0.7183900385232744 0.8245673868378811 0.7230206123595506 0.8230214036918138 0.7457106781701445 0.8072390650080257 0.7548425890850722 0.7956355585874799 0.7566322961476725 0.7864138009630818 0.7543367046548957 0.784745955858748 0.744533967094703 0.7895488467094703 0.7254306902086678 0.8023253764044943 0.7161769173354735 0.8208550489566613 0.7183900385232744 0.8245673868378811
1 0.2579605947030498 0.890585382022472 0.27574065890850724 0.9028018844301765 0.2970644333868379 0.9091753980738364 0.3129612576243981 0.9095015914927769 0.31128972471910116 0.9040783298555377 0.29705705778491176 0.8937376918138041 0.2749799879614767 0.8826080545746389 0.25536713804173355 0.8767761292134831 0.24915118940609954 0.8785732110754414 0.2579605947030498 0.890585382022472
2 0.33479879133226326 0.15725746227929374 0.3541137760834671 0.15094797993579456 0.36908867656500804 0.14288818218298557 0.37275793499197435 0.1378378812199037 0.3350031235955056 0.1482868033707865 0.3242427584269663 0.15730422873194222 0.33479879133226326 0.15725746227929374
3 0.7965574823434992 0.2535434012841091 0.7976049566613163 0.26272207945425363 0.7719410979133227 0.2545982504012841 0.7685623298555377 0.256352253611557 0.7711520987158909 0.2624426532905297 0.8012421990369181 0.27799115730337076 0.831630165329053 0.30568106982343496 0.8485818386837881 0.33062364767255215 0.8769647030497593 0.3533494173354735 0.8905265449438202 0.35688943820224717 0.8944862929373997 0.3485428386837881 0.8794031091492778 0.30461515730337074 0.8601521556982342 0.2702858820224719 0.8269233226324237 0.23492019502407702 0.7949142784911718 0.2200819077046549 0.779437180577849 0.224970955858748 0.7798999871589085 0.23302337800963083 0.7606637849117175 0.22956951444622792 0.7552405232744783 0.2312410473515249 0.7965574823434992 0.2535434012841091
1 0.8146511701444622 0.6602140979133226 0.8134892110754415 0.6733992921348315 0.8177862158908508 0.6723124269662921 0.8257094012841092 0.6633380802568218 0.8290377150882824 0.6433091918138042 0.825156749598716 0.6418924454253612 0.815228463081862 0.6459026484751205 0.8061790216693419 0.6554616621187801 0.8146511701444622 0.6602140979133226
1 0.7867039574638844 0.7633680401284109 0.8033036235955057 0.7501754711075441 0.8136442616372391 0.7359428041733548 0.8125143178170144 0.7288086187800963 0.798289025682183 0.7339056861958266 0.7898242520064206 0.7445909566613161 0.7831565609951846 0.7614921757624398 0.7867039574638844 0.7633680401284109
1 0.7344554911717496 0.8285234478330659 0.7495559406099518 0.8212563378812199 0.7637775449438202 0.8084404165329053 0.7673606452648475 0.7977157552166935 0.7634796789727126 0.7962990088282504 0.746377816211878 0.8063208290529695 0.7362021187800963 0.8164645104333869 0.7317007808988764 0.8265220337078651 0.7344554911717496 0.8285234478330659
1 0.6658830971107544 0.8726997134831461 0.6746026573033708 0.8713186709470305 0.6988387062600321 0.8601669069020866 0.7046349277688603 0.8531545834670946 0.7050903579454254 0.8457692993579455 0.6980386428571429 0.844854750401284 0.679225856340289 0.854334981540931 0.6667545674157304 0.8628108186195828 0.664337113964687 0.8680691396468699 0.6658830971107544 0.8726997134831461