1 0.68203125 0.341796875 0.684375 0.321484375 0.67890625 0.310546875 0.631640625 0.27421875 0.591796875 0.253125 0.580859375 0.25234375 0.559765625 0.24296875 0.523828125 0.24296875 0.489453125 0.2390625 0.470703125 0.24453125 0.453515625 0.25390625 0.44140625 0.268359375 0.44296875 0.280078125 0.458984375 0.2890625 0.46171875 0.295703125 0.470703125 0.3015625 0.482421875 0.30234375 0.494921875 0.2953125 0.536328125 0.30546875 0.594921875 0.3296875 0.59921875 0.334765625 0.603125 0.349609375 0.610546875 0.35390625 0.621484375 0.35625 0.635546875 0.3515625 0.658203125 0.36015625 0.66484375 0.359765625 0.67265625 0.355078125 0.68203125 0.341796875
1 0.17421875 0.668359375 0.16953125 0.656640625 0.15390625 0.555078125 0.14921875 0.540234375 0.133984375 0.5328125 0.12890625 0.537109375 0.128125 0.566796875 0.1375 0.637109375 0.14296875 0.653515625 0.153125 0.670703125 0.162109375 0.67890625 0.17109375 0.681640625 0.17421875 0.679296875 0.17421875 0.668359375
1 0.15625 0.457421875 0.16328125 0.408984375 0.17734375 0.358984375 0.1796875 0.337890625 0.176953125 0.3359375 0.165234375 0.34296875 0.15234375 0.357421875 0.1421875 0.392578125 0.13125 0.448046875 0.1328125 0.466796875 0.13671875 0.476171875 0.14140625 0.476953125 0.1515625 0.469140625 0.15625 0.457421875
1 0.21875 0.270703125 0.24140625 0.229296875 0.25234375 0.216015625 0.251953125 0.20859375 0.231640625 0.2171875 0.21875 0.227734375 0.1921875 0.273046875 0.18828125 0.287109375 0.19296875 0.289453125 0.212109375 0.278125 0.21875 0.270703125
1 0.26015625 0.163671875 0.259765625 0.15859375 0.248828125 0.1625 0.23515625 0.173046875 0.2109375 0.201953125 0.2078125 0.208203125 0.2125 0.208203125 0.23515625 0.191796875 0.26015625 0.163671875
2 0.63359375 0.220703125 0.63046875 0.214453125 0.619921875 0.20390625 0.613671875 0.20390625 0.6125 0.227734375 0.619921875 0.23828125 0.6328125 0.239453125 0.63046875 0.227734375 0.63359375 0.220703125
2 0.815625 0.344921875 0.807421875 0.3328125 0.80546875 0.361328125 0.8125 0.369140625 0.8140625 0.382421875 0.81796875 0.383984375 0.81875 0.356640625 0.815625 0.344921875
1 0.7609375 0.255078125 0.715234375 0.21953125 0.694921875 0.20859375 0.649609375 0.1921875 0.626953125 0.19140625 0.62109375 0.195703125 0.61953125 0.201953125 0.643359375 0.22421875 0.664453125 0.22578125 0.724609375 0.26015625 0.740234375 0.27734375 0.749609375 0.27578125 0.753515625 0.28046875 0.7625 0.282421875 0.7671875 0.274609375 0.7609375 0.255078125
1 0.8734375 0.337109375 0.8671875 0.326953125 0.851171875 0.3109375 0.819921875 0.2984375 0.81953125 0.308203125 0.82578125 0.326171875 0.8390625 0.348828125 0.843359375 0.35234375 0.851171875 0.3515625 0.875390625 0.3734375 0.87890625 0.373046875 0.88125 0.363671875 0.8734375 0.337109375
1 0.240234375 0.815625 0.176953125 0.765625 0.171875 0.766015625 0.17265625 0.773828125 0.182421875 0.7890625 0.219921875 0.81953125 0.24765625 0.836328125 0.24921875 0.830859375 0.240234375 0.815625
3 0.62734375 0.125390625 0.597265625 0.10703125 0.570703125 0.10546875 0.55078125 0.112890625 0.54921875 0.123046875 0.566796875 0.1328125 0.58125 0.129296875 0.57734375 0.113671875 0.581640625 0.11171875 0.58515625 0.114453125 0.591015625 0.1328125 0.599609375 0.13515625 0.605859375 0.1421875 0.61953125 0.142578125 0.6265625 0.134765625 0.62734375 0.125390625