1 0.9887644279513889 0.4217955086805556 0.9828400303819443 0.3916823541666667 0.9768646727430556 0.3854761579861111 0.9558781684027777 0.38309902690972225 0.9513166866319445 0.3789918498263889 0.945701087673611 0.3962364644097222 0.9501495920138888 0.4977052065972222 0.9546183697916667 0.50833659375 0.9853730807291667 0.48977449392361116 0.9897110963541667 0.4730314583333333 0.9899437786458333 0.45259196354166664 0.9887644279513889 0.4217955086805556
1 0.7859257274305556 0.8057673472222222 0.6672031553819444 0.8458899600694445 0.6559774861111111 0.8556053637152777 0.6483537291666667 0.8759975850694445 0.6515467664930555 0.878872609375 0.6610822916666667 0.8783728732638889 0.7391039097222223 0.8577682439236111 0.7668018750000001 0.83893171875 0.7870197465277777 0.8100562465277777 0.7859257274305556 0.8057673472222222
1 0.21072153559027776 0.7024831336805556 0.18695639756944446 0.6802589470486111 0.16607181336805554 0.6300678993055555 0.14998323524305557 0.5552865911458333 0.15328372135416665 0.48557387413194447 0.14895123437500002 0.47754308506944443 0.1347179357638889 0.4713350460069445 0.12134597395833333 0.48985540104166664 0.1123028125 0.5329224279513889 0.11918125086805555 0.5812397664930555 0.13467923177083332 0.6447518168402778 0.14972659375 0.6830793255208333 0.16413792881944445 0.7092707109375 0.1954304340277778 0.7341427682291667 0.21509208072916666 0.7444125538194445 0.2202478454861111 0.7432731050347222 0.21072153559027776 0.7024831336805556
1 0.26182488020833333 0.6824199843750001 0.24430952604166667 0.6633452473958333 0.22876611458333335 0.5989663315972222 0.21746617100694443 0.5326265303819445 0.21076208246527778 0.5208084210069445 0.22089557638888888 0.4985461770833333 0.21761720746527777 0.46916359635416666 0.20379646875 0.4542414678819444 0.20343671093750001 0.43079065798611116 0.19828463194444446 0.41541422395833333 0.1942247282986111 0.4125846302083333 0.17688741059027777 0.4134932404513889 0.16406430034722222 0.4259001032986111 0.15666769618055557 0.45062665451388884 0.1507592404513889 0.5535074288194445 0.157274234375 0.5948898402777778 0.16693867881944444 0.63002246875 0.1859532404513889 0.6777037795138888 0.19840553385416668 0.6913937552083333 0.21596816145833334 0.7030774157986112 0.22399526475694445 0.7152608125 0.23836485503472224 0.7240694496527778 0.25415016319444445 0.7267191640625 0.25875891927083333 0.7234352647569444 0.25999291493055554 0.7138088793402777 0.2676602595486111 0.7025414652777777 0.26182488020833333 0.6824199843750001
1 0.3192246362847222 0.8654306111111111 0.29267717881944444 0.8398752534722222 0.27279206510416665 0.8087552552083334 0.25345211805555556 0.7880376484375 0.23771408333333335 0.7779968585069444 0.22279564062499999 0.7753017135416667 0.22188150086805555 0.7827382196180556 0.22917987239583335 0.7893097022569444 0.2268518576388889 0.7946471892361111 0.23186764496527779 0.8074230260416667 0.2542624956597222 0.836673 0.310917578125 0.8810777855902778 0.31789793576388886 0.8815812074652778 0.3226448263888889 0.8726399652777778 0.3192246362847222 0.8654306111111111
1 0.876868782986111 0.12776955555555555 0.8489528802083333 0.10098204340277778 0.813963915798611 0.0802153203125 0.7831693038194445 0.07313672916666666 0.7785151180555556 0.07555376215277779 0.8008191067708333 0.10307000434027777 0.8232158003472222 0.12406203732638889 0.8618993802083333 0.14898136892361113 0.895567173611111 0.1611248637152778 0.876868782986111 0.12776955555555555
1 0.9570145772569444 0.19745527256944442 0.9351685789930555 0.16209180555555555 0.9176059513888889 0.15040814496527777 0.909713296875 0.14908328819444444 0.9104874592013888 0.1555620668402778 0.9463813472222221 0.2101819921875 0.9605219418402778 0.2229142404513889 0.9684145963541666 0.22423909809027778 0.9570145772569444 0.19745527256944442
2 0.7725287022569445 0.11889521440972223 0.7483055729166667 0.10451825173611112 0.7279133515625 0.09689449479166666 0.7092075885416667 0.09657095225694444 0.7152738072916667 0.10451088020833334 0.7608923151041667 0.12906676649305554 0.7908654921875 0.1370576545138889 0.7725287022569445 0.11889521440972223
2 0.8280190859375 0.6801282777777778 0.8131460737847223 0.6782999991319445 0.7594875616319444 0.6993663064236111 0.7423755529513889 0.7128671875 0.7336577769097222 0.7289705095486112 0.7463863394097222 0.7313457977430555 0.7609413385416667 0.727106015625 0.8225416206597223 0.6917155486111111 0.8299799696180555 0.6843717465277778 0.8280190859375 0.6801282777777778
1 0.6382147057291667 0.9230336545138889 0.5642585199652778 0.921694052951389 0.5071816614583333 0.9272930642361111 0.5017060390625 0.9306223932291666 0.5041685026041667 0.9361434461805556 0.5112397213541667 0.9383805989583333 0.5549464618055555 0.9430440008680555 0.6129356163194444 0.9382664244791665 0.6309126484375001 0.9329780538194444 0.6392178637152778 0.9255888211805554 0.6382147057291667 0.9230336545138889
2 0.6471763151041666 0.22325492274305553 0.6377789244791666 0.21809731510416666 0.6073023263888889 0.21708678559027778 0.5922021614583334 0.21092417708333333 0.5677027630208333 0.2078619019097222 0.5571168072916666 0.21319754600694446 0.5567042465277778 0.22191163541666667 0.5507706336805556 0.23308818836805553 0.5387708020833333 0.23632481336805558 0.5344346293402777 0.24480990711805553 0.5405917092013889 0.2544835668402778 0.5754443810763888 0.27264969270833334 0.5877622265625 0.2754811293402778 0.6347092777777777 0.27562847916666666 0.6450662378472223 0.27421644704861114 0.6520030078125001 0.2655950607638889 0.6441140399305555 0.24775432118055557 0.6519631067708334 0.23995437065972222 0.6471763151041666 0.22325492274305553
1 0.9342420902777777 0.6337067656250001 0.8752368767361111 0.6937347647569445 0.8598113263888889 0.7145358611111111 0.8396806293402778 0.7616609479166666 0.841230796875 0.7663605642361111 0.8455651258680555 0.7661334123263889 0.8664190243055556 0.7493940625 0.9090863914930556 0.7093457239583334 0.9250153637152777 0.6815642699652779 0.9363846970486112 0.6414176979166667 0.9342420902777777 0.6337067656250001
1 0.8330127560763888 0.7919994114583333 0.8252563940972223 0.7932751527777778 0.7866071857638889 0.8187703359375 0.7291539809027777 0.8752400104166667 0.7205724973958333 0.8939439305555555 0.7263207013888889 0.895815796875 0.7459406041666666 0.8887028333333333 0.7761937361111111 0.8688631510416667 0.8342430668402777 0.7988889088541666 0.8330127560763888 0.7919994114583333
1 0.6484955494791667 0.8538243585069445 0.6250447395833334 0.8541841163194444 0.5537763263888889 0.8709578385416666 0.5342018541666667 0.8789376675347222 0.4997543706597222 0.8850892178819445 0.49519104513888895 0.8892399826388888 0.5000251102430555 0.8985483550347223 0.5121593897569444 0.9061702690972222 0.5692816796875 0.9014381232638888 0.6421021024305555 0.8811060763888889 0.6467108585069444 0.877822177951389 0.6498621510416667 0.863314453125 0.6484955494791667 0.8538243585069445