1 0.7580684661949686 0.7283904410377359 0.7825053498427673 0.7183286981132075 0.7956958844339623 0.7007322114779874 0.808051103773585 0.6580108066037735 0.8093135652515723 0.6264326501572327 0.8041480353773585 0.6038747177672956 0.7791388411949686 0.6067110220125785 0.7701564850628931 0.6169600330188679 0.7542621878930817 0.667916838836478 0.7510050487421384 0.7023902201257862 0.7448274394654089 0.7237509229559749 0.747503838836478 0.7273026242138364 0.7580684661949686 0.7283904410377359
1 0.8068959363207547 0.7368404740566038 0.81964881918239 0.7223580377358491 0.8508945440251573 0.6751465141509434 0.857413014937107 0.6570092751572326 0.8551679551886793 0.6475640220125786 0.8476016548742138 0.6449128687106918 0.8418238278301887 0.646482516509434 0.8285112570754717 0.6592985141509434 0.8195478356918239 0.6778860275157232 0.7912815031446541 0.7151957130503144 0.7845315841194969 0.7293309764150944 0.7849944811320755 0.7373349284591195 0.8068959363207547 0.7368404740566038
1 0.8844799999999999 0.6790727523584905 0.8931278058176101 0.6683797783018868 0.8995242413522012 0.6454620503144655 0.8930583797169811 0.6378052712264152 0.878285573899371 0.6440649300314465 0.8683121918238993 0.658541054245283 0.8586922932389938 0.681799643081761 0.8583893003144655 0.6952531839622641 0.8844799999999999 0.6790727523584905
1 0.8890564040880504 0.6380367201257862 0.8986300039308175 0.6433516493710691 0.9071747083333332 0.6362166886792452 0.9106885416666667 0.6168632853773585 0.9050979827044026 0.6029784056603773 0.8988698820754717 0.6021031029874213 0.8885493262578616 0.6105762633647799 0.8795017382075471 0.6410602916666667 0.8890564040880504 0.6380367201257862
1 0.8836594253144655 0.6114768121069182 0.887867603773585 0.6041293364779874 0.8906155471698113 0.5902255220125786 0.8893615141509433 0.5765531564465409 0.876179409591195 0.5488991202830189 0.8600494693396227 0.545044426100629 0.849400676100629 0.5558531242138365 0.8423603867924528 0.589000929245283 0.8477321194968555 0.6044428341194968 0.8629615110062894 0.6034076273584905 0.868861373427673 0.6066184677672956 0.8734419709119496 0.6163919591194968 0.8836594253144655 0.6114768121069182
1 0.8913056988993711 0.5514219261006289 0.8951730165094339 0.5408509882075472 0.8898791391509434 0.5107330668238994 0.8789357822327045 0.4897447830188679 0.8693621816037735 0.4844298529874214 0.8595823789308176 0.4862309496855346 0.8501497492138365 0.4940350110062893 0.8494469740566037 0.5272796053459119 0.8603777083333334 0.5427088875786164 0.8649267484276729 0.5385848757861635 0.8703763364779874 0.5393507657232705 0.8821760621069182 0.5457724465408804 0.8857466981132075 0.551434549528302 0.8913056988993711 0.5514219261006289
1 0.8670266438679246 0.4841016147798742 0.8832786194968554 0.49273679795597486 0.8880527963836478 0.48983526179245285 0.8844506029874215 0.4702756556603774 0.8737386941823898 0.45328934827044026 0.8636054072327043 0.44630798034591196 0.8563799677672956 0.44688029009433966 0.8448432484276729 0.4583580880503144 0.84398056918239 0.4701451902515723 0.8485801006289309 0.48825718396226414 0.8670266438679246 0.4841016147798742
1 0.7426033899371068 0.8214837185534591 0.7680249897798742 0.8044153616352201 0.802229054245283 0.7869935204402515 0.8164295495283019 0.7735084229559748 0.8255023836477987 0.7541423970125787 0.8231605345911949 0.7510346580188679 0.8024941776729559 0.7568629764150943 0.7457637389937107 0.7933478506289308 0.727683302672956 0.8118448860062892 0.7255918364779874 0.8210776242138365 0.7426033899371068 0.8214837185534591
1 0.7589184803459119 0.857913908018868 0.7731189756289308 0.8444288097484277 0.7949510047169811 0.8133598490566039 0.7959294088050314 0.8035737342767296 0.7798247146226416 0.8108370424528302 0.7549691139937107 0.8323513380503145 0.7313612342767295 0.8647584992138365 0.7307047570754717 0.8694295746855345 0.7589184803459119 0.857913908018868
1 0.6591762672955975 0.901056105345912 0.6893909779874213 0.889424713836478 0.7275654606918239 0.8578739213836477 0.7400932067610063 0.8421690094339623 0.7250889528301886 0.8444266918238994 0.7013211682389937 0.8553763608490567 0.6430526383647799 0.899980911163522 0.6417270621069183 0.9037640613207547 0.6591762672955975 0.901056105345912
1 0.33913615801886793 0.43293424371069184 0.38282965487421383 0.43272384748427667 0.39874076965408806 0.43813556682389937 0.4059598970125786 0.43478375628930815 0.4108960966981132 0.40530968946540885 0.40780309827044026 0.36518051650943395 0.4103132822327044 0.3444952256289308 0.39139752987421383 0.3378673419811321 0.34837313286163524 0.3389656635220126 0.3348291139937107 0.3477796855345912 0.3308397610062893 0.3535701352201258 0.3256847358490566 0.38460122798742136 0.32145550471698114 0.4316402240566038 0.324582177672956 0.4376368765723271 0.33913615801886793 0.43293424371069184
1 0.28524202279874217 0.4944283121069183 0.2890062389937107 0.4874153867924529 0.29414444732704403 0.4000157696540881 0.28677803852201256 0.38746908883647796 0.2753191745283019 0.3842708718553459 0.24565152751572328 0.3920096996855346 0.23556242059748428 0.40448483647798744 0.23036109669811322 0.46408944732704405 0.2322779182389937 0.4758702382075472 0.248163786163522 0.4701639551886792 0.27039979088050314 0.470113463836478 0.2776820338050314 0.49455665959119494 0.28524202279874217 0.4944283121069183
1 0.2897342177672956 0.6121583655660378 0.2935889119496855 0.5960284253144654 0.2833672641509434 0.5501340487421383 0.27611238522012577 0.4887788325471698 0.26962127830188676 0.47000405110062893 0.2466067610062893 0.46994512971698116 0.24050069575471697 0.47385031603773586 0.231274268081761 0.4745383498427673 0.22685988679245286 0.48900185141509434 0.22186057311320756 0.4906809127358491 0.22599720754716984 0.5007889544025157 0.22196155581761007 0.5351529229559748 0.2262076037735849 0.5444824512578617 0.233096375 0.5914962020440251 0.2387963466981132 0.60460256918239 0.275283338836478 0.613302985062893 0.2897342177672956 0.6121583655660378
1 0.2665618710691824 0.689481498427673 0.26954757389937106 0.682359161163522 0.2606893718553459 0.6493586375786163 0.2493083639937107 0.6314844040880503 0.21011341509433965 0.6053347838050315 0.18395960062893082 0.5937202091194969 0.1711751603773585 0.5943051422955975 0.14906750235849056 0.6019156226415094 0.14866772012578616 0.6217066768867924 0.1540394528301887 0.6371485825471698 0.175972465408805 0.6505516312893082 0.18765015487421385 0.6521928231132076 0.24188722641509433 0.6927617649371068 0.2665618710691824 0.689481498427673
1 0.2669132374213837 0.7462939866352201 0.26709419418238994 0.7280599575471698 0.2566011108490566 0.7095166242138364 0.23932655188679247 0.691211051100629 0.18676222955974842 0.6528619229559749 0.17441544025157232 0.6503328058176101 0.1571535031446541 0.637586233490566 0.14859617610062892 0.6391621933962265 0.14661412264150944 0.6476164198113208 0.14920635455974843 0.6630646367924529 0.16427372327044026 0.6886019606918239 0.20245871147798744 0.7106401918238994 0.2210588474842767 0.7251626147798742 0.2469938356918239 0.7383342146226415 0.2599192468553459 0.7508682727987421 0.2669132374213837 0.7462939866352201
1 0.3251186100628931 0.8207639999999999 0.3325565636792453 0.8158551643081762 0.32596866666666663 0.8034178962264151 0.30993551650943396 0.7932256878930818 0.29834199449685533 0.7796879811320755 0.23296798584905662 0.730805783018868 0.1942233105345912 0.7071011132075472 0.18810462264150943 0.7054472979559748 0.1825519323899371 0.7082394213836478 0.1808981179245283 0.7143581100628931 0.18671381289308175 0.7294654654088051 0.19898274685534592 0.7466705990566037 0.24387135613207547 0.7831470864779875 0.26580436792452833 0.7965501352201257 0.2732738789308176 0.8055388018867925 0.30120985534591194 0.818594677672956 0.3251186100628931 0.8207639999999999
1 0.30586619025157236 0.8617221768867925 0.30852365487421385 0.8569353765723271 0.24822681603773583 0.7916981022012579 0.22673145518867924 0.775181003144654 0.2103700668238994 0.7673243325471698 0.20136246540880504 0.7664553411949686 0.21197127201257862 0.7869996627358491 0.24954396383647798 0.8331654740566038 0.26814409984276727 0.8476878970125785 0.2977465141509434 0.8601840856918238 0.30586619025157236 0.8617221768867925
1 0.3393276619496855 0.32141966902515723 0.34662464544025157 0.3033918427672956 0.3653552468553459 0.2774442311320755 0.3691131517295598 0.26765180581761006 0.3673183663522013 0.26065150314465413 0.3295247311320755 0.2640727397798742 0.32285897877358494 0.2663114882075472 0.3140954488993711 0.27500347405660375 0.2965810110062893 0.29794644732704406 0.28983109198113205 0.3120817106918239 0.30330356682389936 0.32072320518867925 0.3166540062893082 0.32458421147798744 0.3393276619496855 0.32141966902515723
1 0.2154831147798742 0.375067572327044 0.24483514622641508 0.3752232830188679 0.25339878459119497 0.37642682389937104 0.2604180212264151 0.38297054088050314 0.2700884119496855 0.3819479567610063 0.291630070754717 0.3698915369496855 0.3067184921383648 0.35573733962264154 0.31312755031446543 0.3383786132075472 0.3139902295597484 0.3265915102201258 0.2838281281446541 0.31242888364779875 0.2548169583333333 0.3154966360062893 0.22139140644654087 0.3330278899371069 0.20829766194968555 0.3442868624213836 0.20087864308176098 0.3575342004716981 0.19890921226415095 0.37154742767295595 0.20437142374213835 0.3778723183962264 0.2154831147798742 0.375067572327044
1 0.33363612028301887 0.2630627790880503 0.3703166926100629 0.2590881666666667 0.3758378246855346 0.24239854009433962 0.3693467177672956 0.2236237586477987 0.35899460534591193 0.21819941588050315 0.321548143081761 0.22762361635220127 0.31104031918238995 0.2515513050314465 0.3173904559748428 0.2572070966981132 0.31641836399371065 0.2697727114779874 0.33363612028301887 0.2630627790880503
2 0.399927536163522 0.22633383254716982 0.4056990518867925 0.22198468396226415 0.4154409858490566 0.20350658333333332 0.4153126383647799 0.19594659433962264 0.40897512421383647 0.195849804245283 0.39843574371069185 0.20587999056603773 0.3935710880503145 0.21789854088050314 0.39481249764150944 0.22601190566037735 0.399927536163522 0.22633383254716982
3 0.9077260086477987 0.5362640794025157 0.9146821305031447 0.5150127893081761 0.917707820754717 0.4765374323899371 0.9164622169811321 0.4176145432389937 0.9034295117924528 0.3578289756289308 0.9002523466981133 0.32959631761006286 0.8877077838050315 0.2889327044025157 0.8763204638364781 0.26827897012578616 0.8329699465408804 0.2236828066037736 0.8151609457547169 0.21482879795597484 0.8111652806603774 0.2178397468553459 0.8119564166666666 0.22350816116352204 0.8251574559748428 0.25950069889937105 0.8388718844339623 0.32573319418238994 0.8566724559748427 0.3798377248427673 0.8659304402515723 0.3930471941823899 0.8835837295597484 0.43125323427672957 0.8935781226415095 0.5239551588050314 0.9005131918238994 0.5423953899371069 0.9077260086477987 0.5362640794025157
3 0.7873974968553459 0.22878941588050314 0.785377573899371 0.22056663836477988 0.7765698639937108 0.20980211949685534 0.7689656941823899 0.19047396305031447 0.7548114968553459 0.17538554166666667 0.7207378977987421 0.1523373490566038 0.7040545825471698 0.14959571698113208 0.7048457185534591 0.15526413128930816 0.7221202775157233 0.1735697036163522 0.7293835856918239 0.18967439779874215 0.739304358490566 0.20099229166666666 0.77149269418239 0.2261571965408805 0.7825075951257862 0.229689963836478 0.7873974968553459 0.22878941588050314
1 0.22421089386792453 0.30166855896226413 0.23607585141509432 0.2878552224842767 0.26093776415094344 0.26912042767295596 0.2772360377358491 0.2491820919811321 0.28077511635220126 0.24094669182389938 0.2801964952830189 0.23094175157232702 0.26208450235849057 0.23554128380503145 0.2332269253144654 0.25728702751572324 0.20839025864779873 0.28713982468553456 0.20363501572327042 0.29837986320754717 0.20409791273584907 0.3063838152515723 0.22421089386792453 0.30166855896226413
1 0.8436397075471698 0.46692172720125785 0.8448432484276729 0.4583580880503144 0.8508272783018869 0.44967241352201254 0.8525526375786162 0.42609820911949686 0.8464928702830189 0.40142987657232704 0.8372411973270439 0.3909999080188679 0.8334643584905661 0.3924538317610063 0.8243915243710692 0.41181985770440255 0.8242484355345912 0.4467308907232705 0.8286102075471697 0.4580614072327044 0.8397471446540882 0.46637466352201257 0.8436397075471698 0.46692172720125785
1 0.8829651218553459 0.45260131367924533 0.882805216981132 0.4311438215408805 0.8658210275157232 0.3938257067610063 0.8553342562893081 0.37806187421383647 0.8454134827044026 0.36674398034591194 0.837628356918239 0.36564985220125784 0.8341923789308175 0.3703272397798742 0.835568447327044 0.38878009433962263 0.8477216572327044 0.40398423977987424 0.8525400141509435 0.42053920754716984 0.8657158081761006 0.4454137429245283 0.8764087822327045 0.45406154874213833 0.8829651218553459 0.45260131367924533
1 0.8340955896226414 0.3766647539308176 0.8352991305031445 0.36810111477987423 0.8429622209119497 0.3644147539308176 0.8432778364779874 0.3565202146226415 0.8346637059748429 0.3330806690251572 0.8169578066037735 0.3206686470125786 0.8160888152515723 0.3296762492138365 0.8231711666666668 0.3640149716981132 0.8316506383647798 0.3771150275157233 0.8340955896226414 0.3766647539308176
1 0.8067929622641509 0.29978977594339623 0.8047730393081761 0.291566998427673 0.7772494685534591 0.2642790699685535 0.7627733443396226 0.25430568710691825 0.7324050400943396 0.24725908647798742 0.7316391501572327 0.2527086753144654 0.7392243852201258 0.2636983301886793 0.7499173592767296 0.2723461360062893 0.7760711737421384 0.2839607114779874 0.7986795974842767 0.3010311863207547 0.8067929622641509 0.29978977594339623
1 0.6957770778301887 0.22543968081761007 0.6881918419811321 0.21445002515723272 0.6506759544025157 0.19329971933962264 0.6040619866352201 0.18039743632075472 0.5893985935534591 0.1858785817610063 0.5910839661949685 0.1936573970125786 0.6056695031446541 0.20285226729559747 0.6334771320754717 0.20834815330188677 0.6920065503144655 0.22967310534591193 0.6957770778301887 0.22543968081761007
1 0.5093148938679245 0.17105104874213836 0.5876164308176101 0.18443728144654087 0.5949449716981132 0.18030695833333332 0.5917025738993711 0.17230931761006288 0.5774578977987421 0.16633791116352203 0.5757788372641509 0.1613385966981132 0.5705480746855346 0.15901568160377358 0.5092644017295598 0.14881504402515722 0.4854713718553459 0.1486467099056604 0.4745911289308177 0.15545343238993709 0.47060177594339625 0.1612438820754717 0.47172746147798744 0.16735625943396226 0.48974897641509435 0.1718737421383648 0.5093148938679245 0.17105104874213836
1 0.36669137106918237 0.1803805353773585 0.4018086061320755 0.1734075966981132 0.4304915377358491 0.1726753820754717 0.4428257044025158 0.16964549842767296 0.4480375330188679 0.16362991194968554 0.4434695581761007 0.1594154213836478 0.42789930581761004 0.15722716509433962 0.3985472743710692 0.15707145440251574 0.36221387499999996 0.16704903066037735 0.35655177201257865 0.17061966666666667 0.35467913128930817 0.17829538050314464 0.36669137106918237 0.1803805353773585
1 0.33122696305031446 0.18135050943396228 0.32999186399371067 0.17601664544025156 0.3235512492138365 0.17947786871069182 0.32412355896226414 0.18670330817610062 0.33122696305031446 0.18135050943396228
1 0.3134621422955975 0.19195300550314465 0.32055923427672955 0.18382070597484276 0.32232246226415096 0.17692350550314465 0.31831417452830185 0.1743754536163522 0.28353780110062893 0.18457185534591194 0.26421595518867924 0.19495552515723272 0.25746603616352204 0.20909078852201257 0.3134621422955975 0.19195300550314465
1 0.18163677044025156 0.3052118317610063 0.1927421501572327 0.29962758411949686 0.21970184040880503 0.27443955110062895 0.23344575078616353 0.2557300023584906 0.2366376564465409 0.24149163757861636 0.22363439072327043 0.24363359591194966 0.20631984433962267 0.2566810424528302 0.18004818789308177 0.2910955023584906 0.17663114465408805 0.304111391509434 0.18163677044025156 0.3052118317610063