1 0.3905705544041451 0.4212907426597582 0.3777146373056995 0.40857347236614855 0.3528596252158895 0.4120908678756477 0.33059170639032814 0.41947261053540585 0.3230425544041451 0.4254914835924007 0.31744186873920555 0.4386004248704663 0.31529947841105355 0.45759565889464593 0.3181721787564767 0.4711106519861831 0.31471995077720205 0.4797900984455959 0.3198941364421416 0.4875187936096719 0.33276825647668395 0.5439332815198618 0.33689169602763386 0.5487953445595855 0.3975561347150259 0.5372249948186528 0.4167778773747841 0.5300493117443869 0.41959147841105354 0.5245955863557858 0.40684387046632126 0.4646228056994819 0.4111407858376511 0.45576381606217614 0.4095779240069085 0.45256461139896376 0.40192270811744385 0.44977752677029353 0.3988704645941278 0.4354178462867012 0.3905705544041451 0.4212907426597582
1 0.624751103626943 0.303976085492228 0.625010195164076 0.31142524093264246 0.6315676994818653 0.32150845336787565 0.6397615457685665 0.32682960017271157 0.6494773583765112 0.3600784507772021 0.6636105302245251 0.3663442797927461 0.698734366148532 0.3716798065630397 0.702419170120898 0.3682480267702936 0.7022600742659758 0.35503908981001725 0.7107273929188256 0.3408794015544041 0.6973267772020726 0.3110623316062176 0.6836792046632124 0.30292758376511225 0.6672180319516408 0.30024656303972364 0.6341691735751295 0.29844281174438686 0.624751103626943 0.303976085492228
2 0.6272298877374785 0.3550959438687392 0.6332813436960276 0.3794123238341969 0.6403979283246977 0.3796653480138169 0.6437236442141623 0.3745441943005181 0.6396471692573402 0.35951937046632126 0.640944872193437 0.3407036804835924 0.627111689119171 0.31715850690846287 0.6230412815198618 0.3166994231433506 0.6169549956822107 0.3316772815198618 0.6180322582037997 0.33674540414507775 0.6272298877374785 0.3550959438687392
1 0.19646825474956822 0.3928032892918826 0.1879600397236615 0.4316914775474957 0.18781307944732298 0.4476140189982729 0.19032669170984456 0.45943963816925737 0.19662510449050086 0.462073695164076 0.20287048618307427 0.46030477288428323 0.2212475414507772 0.453308633851468 0.23498904231433504 0.44111786010362697 0.24111015630397237 0.3868457616580311 0.23746624870466318 0.3655490414507772 0.23370189723661486 0.3623763531951641 0.21952176165803108 0.3662732841105354 0.205574201208981 0.3754178816925734 0.19646825474956822 0.3928032892918826
1 0.18732365716753022 0.3788557288428325 0.1988636683937824 0.3666914715025906 0.20640068480138168 0.33154111917098444 0.2060620457685665 0.31748749481865285 0.2024772383419689 0.315159493955095 0.18515092918825563 0.3250222659758204 0.17185413126079446 0.360072621761658 0.18105176079447322 0.3784231614853195 0.18732365716753022 0.3788557288428325
1 0.20647416493955095 0.32357984801381695 0.21105668825561313 0.32437150345423144 0.232094316925734 0.31327844041450775 0.24130632642487046 0.3046989905008636 0.24654185751295338 0.2753349360967185 0.24351612867012087 0.2631767461139896 0.22698147582037995 0.2684569956822107 0.21323997495682212 0.2806477694300518 0.20408706476683938 0.3081959378238342 0.20647416493955095 0.32357984801381695
1 0.37733801554404145 0.18043673488773748 0.39753702417962 0.18408895509499135 0.41898677202072543 0.17908824525043177 0.4299146718480138 0.17235119775474955 0.43285478497409324 0.16333917962003455 0.4278071105354059 0.1520521925734024 0.4012362089810017 0.15372718566493956 0.3804781200345423 0.15990515457685664 0.3769993765112262 0.16638311053540586 0.37733801554404145 0.18043673488773748
1 0.3998203074265976 0.13460543955094992 0.376834213298791 0.13860843436960277 0.36979717702936094 0.14495987910189984 0.3726433609671848 0.15627338255613124 0.4025399792746114 0.14947723488773748 0.40555963989637306 0.14706968566493955 0.3998203074265976 0.13460543955094992
1 0.319522006044905 0.14725911917098447 0.32335983765112264 0.14247053626943007 0.32294771848013815 0.13637818393782383 0.31936291018998275 0.1340501822107081 0.29962905267702933 0.14089329360967184 0.29415487823834197 0.15044394300518135 0.29861088946459413 0.154793890328152 0.319522006044905 0.14725911917098447
1 0.2631931329879102 0.18130344732297063 0.26590067012089813 0.16704376338514682 0.25640305267702934 0.16597256822107082 0.2471645267702936 0.1723505284974093 0.23734040587219343 0.18635718825561312 0.23910932815198618 0.19260256994818653 0.2453547089810017 0.19083364766839378 0.2631931329879102 0.18130344732297063
1 0.3768016295336788 0.1218412055267703 0.3781053998272884 0.11759125388601036 0.3704236692573402 0.11260267962003453 0.35521930224525045 0.11583446804835924 0.3475171226252159 0.12321014335060448 0.35079587478411056 0.12825174956822108 0.3555314257340242 0.12768660189982728 0.3768016295336788 0.1218412055267703
1 0.32489011658031086 0.12890251208981002 0.32381285319516406 0.12383438946459414 0.32125227633851466 0.12217153195164077 0.31751444041450777 0.12120033246977548 0.30924711398963733 0.12384045768566494 0.3085819706390328 0.12486468825561313 0.3036933920552677 0.12678663816925734 0.3021835621761658 0.1279904127806563 0.29786013039723663 0.1346479127806563 0.2973745310880829 0.13651683074265974 0.2987843652849741 0.14107283765112263 0.30418505958549225 0.13948345941278067 0.30705169170984453 0.13843271243523317 0.30771683506044906 0.13740848186528498 0.31362964507772023 0.13615167530224523 0.3142947884283247 0.13512744473229704 0.320207597582038 0.13387063816925734 0.32087274093264245 0.13284640759930916 0.32256211485319514 0.1324873195164076 0.32489011658031086 0.12890251208981002
1 0.3670184050086356 0.11111936528497408 0.36647977374784113 0.10858530397236615 0.36696537305699484 0.1067163860103627 0.36440479620034544 0.10505352849740932 0.36271542227979275 0.10541261571675302 0.3616911908462867 0.10474747236614854 0.35239963385146805 0.1067224542314335 0.35173449050086353 0.10774668480138169 0.3483557417962003 0.10846486010362694 0.34769059844559586 0.10948909067357512 0.34600122452504317 0.10984817789291883 0.34234293696027635 0.11548144732297065 0.34342019948186525 0.12054956994818654 0.34562168911917096 0.12052305440414508 0.3466459196891192 0.12118819775474958 0.3495125526770294 0.12013745077720207 0.35237918566493953 0.11908670379965457 0.3553988462867012 0.11667915457685665 0.3579329067357513 0.11614052331606217 0.3585980500863558 0.11511629274611399 0.3636661727115717 0.11403903022452505 0.36433131606217617 0.113014798791019 0.36602068998272885 0.1126557115716753 0.3670184050086356 0.11111936528497408
3 0.2758099766839378 0.8491464222797928 0.2788500863557858 0.8343746234887738 0.25903061312607945 0.8200475267702937 0.2560314006908463 0.8100908264248705 0.2460951476683938 0.8007257884283246 0.2386399248704663 0.7864191407599309 0.2355876804835924 0.7720594611398963 0.20856600777202072 0.7363091321243523 0.20337968739205525 0.6994489585492228 0.20913946804835923 0.6995489542314335 0.21289775215889464 0.6881559032815199 0.23035057340241796 0.6747348385146805 0.24012166234887736 0.6563252003454232 0.24032165457685667 0.6448056373056995 0.23401717443868741 0.6276058402417962 0.22823087651122625 0.6253043549222798 0.22236503195164078 0.6163984006908463 0.21015380915371332 0.6150211502590673 0.20389022538860105 0.5730928531951641 0.1914933920552677 0.5563051761658031 0.18876765198618306 0.5268676416234888 0.17905184024179618 0.49361879101899825 0.178068506044905 0.46822514766839374 0.1675610379965458 0.43955881951640763 0.177505603626943 0.4074281286701209 0.17499199136442142 0.39560250949913645 0.17754650086355786 0.3826996286701209 0.17100944473229707 0.3602521658031088 0.18192520898100173 0.3243836390328152 0.19105767098445597 0.3091997202072539 0.19634623402417964 0.28423864421416234 0.21529674956822106 0.2404823264248705 0.21598234110535405 0.2270938462867012 0.2330965224525043 0.19961915716753023 0.23656919861830744 0.17857546113989636 0.2444244058721934 0.1698429835924007 0.25170839896373054 0.14180921588946457 0.26058783678756475 0.13374188082901553 0.25815377202072537 0.1285207305699482 0.24729935233160624 0.12729650777202073 0.2351676778929188 0.13252372538860102 0.22024891796200347 0.14540615889464595 0.18102591364421416 0.1934715267702936 0.16127767530224524 0.22724462867012088 0.15521790587219345 0.2444239766839378 0.14802784110535405 0.2521322236614853 0.12749401554404144 0.30505358721934367 0.0949550267702936 0.35964387651122626 0.0910497823834197 0.38695946977547496 0.0867528670120898 0.39581845941278065 0.09275129188255614 0.4157318609671848 0.09389372107081174 0.4543344412780656 0.10084289723661485 0.4828742573402418 0.09170212176165803 0.5395539041450776 0.09696192314335061 0.5684528082901554 0.09315060708117444 0.5754428799654576 0.10185432383419689 0.637158066493955 0.10019753281519862 0.6542843825561312 0.11079061571675303 0.7041209188255613 0.1057550768566494 0.7219654101899827 0.119767804835924 0.7463552711571675 0.12228141709844559 0.7581808894645942 0.1193147884283247 0.7649914179620034 0.1284389378238342 0.7913032279792745 0.12342384715025906 0.796783469775475 0.12606397150259066 0.8050507962003455 0.15536668134715026 0.8473790768566494 0.20077147668393783 0.8906990051813473 0.22261289550949914 0.9041548989637306 0.27860695164075994 0.9266841545768567 0.30868918134715023 0.9352984335060448 0.3213860034542314 0.9348067668393782 0.32775789637305697 0.9294795526770294 0.3414524326424871 0.9274515397236615 0.33975699050086355 0.9132448877374784 0.333252518134715 0.9075646537132989 0.32766621329879103 0.8937436053540587 0.30139529965457684 0.8781392538860104 0.2951438506044905 0.8653424369602764 0.2758099766839378 0.8491464222797928
1 0.07981740328151986 0.5230987987910191 0.0878051908462867 0.525373768566494 0.09337936096718481 0.5100633376511226 0.09516266321243523 0.4893787297063903 0.0939058566493955 0.483465920552677 0.08369006476683938 0.47901597668393786 0.0724295932642487 0.4862651407599309 0.0612812530224525 0.5168860017271157 0.0653312115716753 0.529709335060449 0.07981740328151986 0.5230987987910191
3 0.8476561321243523 0.4035907262521589 0.8529363816925735 0.42012537996545773 0.8462319170984456 0.42596470898100175 0.8438039196891192 0.43530929792746115 0.8402577633851468 0.46431426511226254 0.8445993972366149 0.5013539835924007 0.8380335803108808 0.5327665 0.8402941692573402 0.5517087020725389 0.849544829879102 0.5744622210708118 0.8452274663212436 0.5956854602763385 0.8562349136442142 0.5955528808290155 0.8604644162348877 0.6092209015544041 0.8733672979274612 0.6117754110535406 0.8961617132987909 0.577796250431779 0.9079304775474957 0.500252450777202 0.9003775034542314 0.43564411571675304 0.8744944386873921 0.3678691597582038 0.8639195587219344 0.3617298419689119 0.8514287970639033 0.36526768566493956 0.8472114291882556 0.3807311442141623 0.8476561321243523 0.4035907262521589
3 0.930640854058722 0.5717917582037997 0.9020336260794474 0.6012679438687392 0.883030078583765 0.6406212823834196 0.8732650561312608 0.6735966606217617 0.8622636761658031 0.6882949801381693 0.8607333981001727 0.7018630043177893 0.8459207020725389 0.7235513955094992 0.831752701208981 0.7565798056994819 0.8342988972366149 0.7851726537132988 0.8427987996545768 0.7877801951640759 0.844594237478411 0.7962270656303972 0.8512252219343696 0.7983490069084629 0.8740257046632124 0.7789355854922281 0.9120979671848014 0.733763366148532 0.930177279792746 0.6879851018998273 0.9440801208981001 0.6329417970639033 0.9472671899827289 0.6022474559585492 0.9435498031088083 0.5889120069084629 0.9310060094991365 0.5880468713298791 0.930640854058722 0.5717917582037997
3 0.7434625518134714 0.2041423419689119 0.7221536968911917 0.17865477029360968 0.671992902417962 0.14826423920552675 0.6533037236614854 0.1434082443868739 0.6411924974093264 0.1362712115716753 0.6217116632124352 0.13599774006908463 0.6147011433506046 0.14455067357512955 0.5971422590673575 0.14916577979274612 0.5923332279792746 0.1576921986183074 0.5955650164075994 0.17289656563039724 0.6235783359240069 0.1925448074265976 0.630833567357513 0.21837101899827288 0.6550151226252159 0.25737358290155443 0.7127046200345424 0.2941094905008636 0.7262991606217617 0.2978412590673575 0.7395202331606218 0.32681364248704664 0.7474936390328152 0.3560186018998273 0.7541246234887737 0.3581405431778929 0.7560670215889465 0.35066487219343695 0.7349255751295337 0.2968905086355786 0.7435724378238342 0.28357550777202073 0.7456617962003455 0.2601772944732297 0.7427890949913644 0.2466623013816926 0.749154920552677 0.22676934801381693 0.7481511381692574 0.21373995509499136 0.7434625518134714 0.2041423419689119
3 0.6521287107081174 0.08803843523316063 0.6382546303972366 0.08922176079447323 0.5757886848013817 0.07777950086355787 0.5555427115716752 0.08429004058721934 0.5582358687392055 0.09696034628670121 0.5724955526770293 0.09966788341968912 0.5966710405872193 0.12410470898100173 0.6042997392055267 0.12469030397236613 0.6221972633851468 0.13412882210708119 0.6343819689119171 0.1333045829015544 0.6814640034542314 0.14713394473229707 0.6994350069084628 0.14861119170984455 0.7130560639032816 0.15454444905008635 0.7227067089810018 0.15425884196891193 0.7300763160621762 0.14739528151986184 0.7344792953367876 0.14734224956822106 0.7491245829015544 0.1539406511226252 0.7625130630397237 0.1546262426597582 0.7683523929188255 0.161330707253886 0.7827916200345424 0.16488293091537135 0.7817143575129534 0.1598148091537133 0.7714455336787565 0.15096188687392054 0.7646615207253886 0.15019674697754748 0.7571063022452504 0.14164988082901556 0.7458927944732298 0.13873628411053543 0.7175203877374784 0.11739866753022452 0.6672595967184801 0.09276791796200345 0.6521287107081174 0.08803843523316063
3 0.4151473635578584 0.05718815198618307 0.37129711744386873 0.05856315716753022 0.32194618134715025 0.06728732210708117 0.2745702262521589 0.08530304404145077 0.2481584196891192 0.1001869749568221 0.27641869602763386 0.09815289378238343 0.3054441113989637 0.08933480051813471 0.34737240759930915 0.08307121675302245 0.37975612348877374 0.08589919861830743 0.4022566174438687 0.08376512089810018 0.43891679965457686 0.09009836269430052 0.4728838255613126 0.083761298791019 0.4886328911917099 0.09762931174438688 0.4964411347150259 0.09905959412780656 0.5191537564766839 0.1145374335060449 0.5279597141623489 0.11443136960276339 0.5383550500863559 0.119726 0.5370982443868739 0.11381319084628669 0.549070822970639 0.09537703626943005 0.5478140164075993 0.0894642262521589 0.5267642530224526 0.07142581088082901 0.5062061563039724 0.06608421588946459 0.4618172789291882 0.0649251597582038 0.451268914507772 0.06098733246977547 0.4151473635578584 0.05718815198618307
1 0.8207261433506046 0.40357634542314336 0.8148459170984457 0.4216003808290155 0.8124383678756477 0.4185807202072539 0.8055013281519862 0.4191723834196891 0.8030468143350605 0.42631548359240073 0.8074088972366149 0.4509909516407599 0.8146845759930915 0.46445291278065626 0.8303540941278066 0.4717164568221071 0.8363934153713299 0.46690135837651126 0.8374380949913645 0.45520225129533676 0.8427592409326425 0.44700840500863553 0.8412698592400691 0.4358479291882556 0.8502227772020726 0.4198193238341969 0.8436122409326424 0.40533313212435235 0.8338820483592401 0.39901427115716753 0.8207261433506046 0.40357634542314336
3 0.7522375025906736 0.313957725388601 0.7503216208981002 0.3236348860103627 0.7853697314335061 0.39299315284974096 0.802761207253886 0.4166648385146805 0.811440652849741 0.4201170664939551 0.8171534706390329 0.43037982297063904 0.8154845449050087 0.41837466062176165 0.8231276243523316 0.39203026683937825 0.8105391122625216 0.3452664231433506 0.7880999620034542 0.3103077504317789 0.7792144568221071 0.30380934542314336 0.7720978730569948 0.30355632210708117 0.7658055276338515 0.3154880043177893 0.7522375025906736 0.313957725388601
1 0.8363183583765111 0.34817395250431776 0.8417190526770293 0.34658457512953367 0.8413804136442142 0.3325309507772021 0.8251396804835924 0.30596611658031087 0.8064974663212435 0.29094736096718476 0.7875022314335061 0.2888049706390328 0.7890181295336788 0.30216693609671846 0.798880901554404 0.31949324438687393 0.8239010768566494 0.34375052590673577 0.8363183583765111 0.34817395250431776
1 0.8652111943005182 0.32834841191709846 0.853965103626943 0.30866758635578584 0.8443614231433506 0.29879043264248706 0.8279002495682211 0.29610941191709844 0.8320032409326424 0.31333572452504316 0.8502394032815198 0.33682786614853194 0.8655498341968911 0.34240203626943005 0.8652111943005182 0.32834841191709846
1 0.7926582150259068 0.2528364481865285 0.7788780630397236 0.23369425302245253 0.766201689119171 0.22182167012089807 0.7522745777202072 0.21860201727115716 0.7572222556131261 0.235648786701209 0.7750993307426598 0.2574515544041451 0.7948127400690846 0.26297269257340244 0.7926582150259068 0.2528364481865285
1 0.7776947366148532 0.21982017271157167 0.7783068480138169 0.2143929628670121 0.7556677063903282 0.19095385319516409 0.7428648212435234 0.1826395621761658 0.7330346321243524 0.18208048272884284 0.7353421856649396 0.19085992487046632 0.7569570958549223 0.21363389119170983 0.7702455811744388 0.22007926424870466 0.7776947366148532 0.21982017271157167
1 0.8329501692573402 0.2513349309153713 0.8330236493955095 0.24337365975820383 0.8211654473229706 0.22912004317789292 0.8027558082901555 0.2193489542314335 0.7985323730569948 0.22024667271157167 0.7991505518134715 0.2293852029360967 0.8084216614853196 0.23977447063903282 0.8275494749568221 0.25292430829015544 0.8329501692573402 0.2513349309153713