1 0.527734375 0.75859375 0.516796875 0.75546875 0.490234375 0.7546875 0.478125 0.759765625 0.48046875 0.782421875 0.486328125 0.78828125 0.5296875 0.790234375 0.53203125 0.780078125 0.527734375 0.75859375
1 0.635546875 0.75390625 0.64140625 0.750390625 0.64765625 0.735546875 0.65078125 0.714453125 0.648828125 0.7 0.616015625 0.70390625 0.60234375 0.716015625 0.6046875 0.723828125 0.6 0.733984375 0.60234375 0.745703125 0.59921875 0.757421875 0.6046875 0.761328125 0.607421875 0.7578125 0.635546875 0.75390625
1 0.643359375 0.76015625 0.620703125 0.76328125 0.60859375 0.770703125 0.6046875 0.796484375 0.606640625 0.80078125 0.6125 0.800390625 0.640625 0.792578125 0.643359375 0.76015625
1 0.81875 0.730859375 0.8234375 0.714453125 0.8234375 0.706640625 0.819921875 0.70234375 0.807421875 0.709375 0.8015625 0.716796875 0.7984375 0.730859375 0.8015625 0.741015625 0.8046875 0.741796875 0.813671875 0.7375 0.81875 0.730859375
1 0.82109375 0.599609375 0.816796875 0.59609375 0.80859375 0.599609375 0.80390625 0.612109375 0.803125 0.631640625 0.805078125 0.634375 0.81015625 0.633984375 0.8203125 0.626953125 0.82109375 0.599609375
1 0.77265625 0.609765625 0.77109375 0.592578125 0.765234375 0.58671875 0.753125 0.591015625 0.75078125 0.610546875 0.753125 0.625390625 0.7625 0.627734375 0.76953125 0.623046875 0.77265625 0.609765625
1 0.7578125 0.497265625 0.751953125 0.48984375 0.741015625 0.484375 0.730078125 0.48359375 0.721875 0.490234375 0.734375 0.496484375 0.743359375 0.51484375 0.7546875 0.516015625 0.7578125 0.514453125 0.7578125 0.497265625
1 0.62421875 0.555078125 0.6203125 0.529296875 0.609765625 0.5203125 0.594140625 0.521875 0.58515625 0.530078125 0.58359375 0.550390625 0.58671875 0.562109375 0.592578125 0.565625 0.62109375 0.566015625 0.62421875 0.562890625 0.62421875 0.555078125
1 0.52890625 0.648046875 0.52890625 0.629296875 0.52421875 0.621484375 0.52578125 0.604296875 0.511328125 0.596875 0.487890625 0.596875 0.476953125 0.60234375 0.475 0.605078125 0.478125 0.609765625 0.47890625 0.621484375 0.4765625 0.637890625 0.48203125 0.649609375 0.51953125 0.655078125 0.526171875 0.65390625 0.52890625 0.648046875
1 0.3703125 0.586328125 0.36875 0.573046875 0.3625 0.558203125 0.356640625 0.5546875 0.337890625 0.55546875 0.3328125 0.567578125 0.3375 0.597265625 0.345703125 0.6015625 0.36640625 0.602734375 0.37109375 0.600390625 0.3703125 0.586328125
1 0.2640625 0.676171875 0.25703125 0.666796875 0.2515625 0.643359375 0.239453125 0.6390625 0.23671875 0.644921875 0.2375 0.655859375 0.24375 0.673828125 0.250390625 0.68203125 0.26015625 0.683984375 0.2640625 0.680859375 0.2640625 0.676171875
1 0.39296875 0.499609375 0.385546875 0.49375 0.369140625 0.4953125 0.3609375 0.512109375 0.3625 0.534765625 0.365234375 0.5375 0.3921875 0.537109375 0.39765625 0.528515625 0.39296875 0.499609375
2 0.441796875 0.48828125 0.43828125 0.505859375 0.43984375 0.519140625 0.44375 0.523046875 0.44609375 0.490234375 0.441796875 0.48828125
1 0.54765625 0.423828125 0.538671875 0.41640625 0.508984375 0.41640625 0.50234375 0.424609375 0.4984375 0.479296875 0.505078125 0.490625 0.53828125 0.491015625 0.54453125 0.483203125 0.54765625 0.423828125
1 0.609375 0.467578125 0.600390625 0.46328125 0.580859375 0.465625 0.578125 0.469921875 0.5796875 0.498828125 0.592578125 0.50390625 0.61484375 0.504296875 0.61796875 0.498046875 0.609375 0.467578125
1 0.62734375 0.447265625 0.622265625 0.44453125 0.605078125 0.4453125 0.60078125 0.452734375 0.60078125 0.461328125 0.60859375 0.466796875 0.614453125 0.478125 0.62734375 0.479296875 0.63203125 0.467578125 0.62734375 0.447265625
1 0.41953125 0.423046875 0.411328125 0.41171875 0.395703125 0.41171875 0.390625 0.419140625 0.38984375 0.441015625 0.393359375 0.45 0.40703125 0.450390625 0.41953125 0.448046875 0.41953125 0.423046875
1 0.35859375 0.440234375 0.36015625 0.419140625 0.356640625 0.4125 0.341015625 0.41171875 0.33203125 0.421484375 0.3296875 0.443359375 0.3375 0.445703125 0.353515625 0.44453125 0.35859375 0.440234375
1 0.4359375 0.389453125 0.4359375 0.376171875 0.431640625 0.3671875 0.416015625 0.36875 0.40703125 0.373828125 0.40625 0.391796875 0.41328125 0.394140625 0.432421875 0.39296875 0.4359375 0.389453125
1 0.530078125 0.37109375 0.516796875 0.3671875 0.50703125 0.373828125 0.5046875 0.389453125 0.508203125 0.39453125 0.5328125 0.396484375 0.5359375 0.388671875 0.530078125 0.37109375
1 0.519921875 0.3453125 0.501953125 0.34296875 0.496875 0.345703125 0.497265625 0.3640625 0.52109375 0.366015625 0.52421875 0.359765625 0.519921875 0.3453125
1 0.4546875 0.341015625 0.448828125 0.33515625 0.438671875 0.33515625 0.4296875 0.342578125 0.42890625 0.358984375 0.4390625 0.360546875 0.4546875 0.356640625 0.4546875 0.341015625
2 0.79609375 0.605078125 0.794140625 0.59375 0.7890625 0.598046875 0.78515625 0.616015625 0.78515625 0.619921875 0.790625 0.622265625 0.79375 0.619921875 0.79609375 0.605078125
2 0.451171875 0.37265625 0.446875 0.379296875 0.446875 0.394921875 0.45234375 0.396484375 0.4546875 0.374609375 0.451171875 0.37265625
2 0.588671875 0.37109375 0.584375 0.379296875 0.58515625 0.391796875 0.59296875 0.397265625 0.59375 0.376953125 0.588671875 0.37109375
1 0.7015625 0.521484375 0.694140625 0.51484375 0.667578125 0.5171875 0.66328125 0.525390625 0.6640625 0.540234375 0.68359375 0.542578125 0.70078125 0.528515625 0.7015625 0.521484375
3 0.728515625 0.86171875 0.7421875 0.843359375 0.73515625 0.837109375 0.7359375 0.833203125 0.75 0.823828125 0.76015625 0.808984375 0.7609375 0.801953125 0.741015625 0.8 0.692578125 0.8203125 0.670703125 0.82578125 0.653515625 0.83671875 0.650390625 0.84765625 0.636328125 0.8515625 0.6234375 0.863671875 0.621875 0.879296875 0.61171875 0.891015625 0.616015625 0.896875 0.63203125 0.898046875 0.680859375 0.8828125 0.728515625 0.86171875
1 0.76328125 0.826953125 0.762109375 0.81875 0.741015625 0.8265625 0.73125 0.836328125 0.736328125 0.8453125 0.74296875 0.845703125 0.75859375 0.836328125 0.76328125 0.826953125
3 0.730859375 0.8046875 0.7328125 0.792578125 0.747265625 0.78203125 0.75078125 0.776171875 0.75625 0.737890625 0.76953125 0.718359375 0.77109375 0.710546875 0.76640625 0.698828125 0.765625 0.685546875 0.762109375 0.68203125 0.74921875 0.680859375 0.746875 0.674609375 0.75 0.658203125 0.746484375 0.6546875 0.741796875 0.66015625 0.723828125 0.6625 0.709765625 0.671875 0.706640625 0.6703125 0.701953125 0.6796875 0.698046875 0.6796875 0.686328125 0.6890625 0.672265625 0.6890625 0.65546875 0.715234375 0.65078125 0.748046875 0.65234375 0.757421875 0.64765625 0.762890625 0.64375 0.778515625 0.6453125 0.795703125 0.65078125 0.808203125 0.64765625 0.820703125 0.651953125 0.82578125 0.66015625 0.828515625 0.691015625 0.82109375 0.730859375 0.8046875
3 0.702734375 0.675 0.705859375 0.67578125 0.729296875 0.6625 0.750390625 0.6578125 0.753125 0.651953125 0.75546875 0.635546875 0.75078125 0.618359375 0.7515625 0.572265625 0.76015625 0.539453125 0.75859375 0.529296875 0.75 0.515234375 0.74453125 0.513671875 0.740625 0.498046875 0.730859375 0.4875 0.698828125 0.4859375 0.6953125 0.496484375 0.6953125 0.515234375 0.70078125 0.521484375 0.70078125 0.526171875 0.691015625 0.534375 0.675390625 0.53515625 0.670703125 0.528125 0.658984375 0.54140625 0.6546875 0.541796875 0.65703125 0.562109375 0.653125 0.610546875 0.65625 0.673046875 0.669921875 0.68515625 0.674609375 0.68359375 0.68359375 0.690234375 0.693359375 0.6875 0.702734375 0.675
3 0.696484375 0.4859375 0.708984375 0.484375 0.71796875 0.477734375 0.71875 0.469140625 0.72578125 0.456640625 0.7234375 0.414453125 0.708984375 0.396875 0.69765625 0.389453125 0.684765625 0.3703125 0.675390625 0.3671875 0.659765625 0.35390625 0.644140625 0.35390625 0.630078125 0.35859375 0.62421875 0.366015625 0.62109375 0.378515625 0.61015625 0.391796875 0.61171875 0.410546875 0.6296875 0.441015625 0.63984375 0.491015625 0.648046875 0.49765625 0.659765625 0.49609375 0.671484375 0.5109375 0.68125 0.512890625 0.6921875 0.508203125 0.696484375 0.4859375
3 0.13046875 0.719921875 0.117578125 0.7078125 0.1140625 0.714453125 0.125 0.750390625 0.153515625 0.78203125 0.165234375 0.790625 0.16953125 0.790234375 0.1484375 0.746484375 0.13046875 0.719921875
3 0.178125 0.741796875 0.17109375 0.729296875 0.1703125 0.718359375 0.1546875 0.688671875 0.141015625 0.67890625 0.133984375 0.66953125 0.127734375 0.67109375 0.12265625 0.698046875 0.13125 0.712890625 0.13984375 0.720703125 0.14140625 0.729296875 0.15078125 0.737109375 0.1515625 0.743359375 0.1734375 0.751171875 0.1765625 0.749609375 0.178125 0.741796875
3 0.1890625 0.662109375 0.18828125 0.647265625 0.19609375 0.619921875 0.18203125 0.576171875 0.172265625 0.56875 0.169140625 0.57421875 0.165234375 0.571875 0.161328125 0.57890625 0.153515625 0.5734375 0.149609375 0.57421875 0.13671875 0.594140625 0.1328125 0.611328125 0.1328125 0.631640625 0.14609375 0.666015625 0.15390625 0.678515625 0.157421875 0.68203125 0.1734375 0.683203125 0.1828125 0.676953125 0.1890625 0.662109375
3 0.2203125 0.528515625 0.23125 0.503515625 0.228125 0.474609375 0.2203125 0.466796875 0.21953125 0.458984375 0.213671875 0.45546875 0.200390625 0.45546875 0.19609375 0.459765625 0.18671875 0.486328125 0.17890625 0.498046875 0.16953125 0.505078125 0.159375 0.541796875 0.16015625 0.556640625 0.173046875 0.5703125 0.18125 0.572265625 0.18515625 0.587890625 0.1890625 0.592578125 0.2125 0.561328125 0.2203125 0.528515625
3 0.239453125 0.45703125 0.2421875 0.455078125 0.244140625 0.44296875 0.247265625 0.44296875 0.2484375 0.448828125 0.252734375 0.4515625 0.258984375 0.45078125 0.272265625 0.4421875 0.3078125 0.385546875 0.309375 0.376953125 0.30625 0.372265625 0.31015625 0.369140625 0.294140625 0.3546875 0.290234375 0.35703125 0.287109375 0.3515625 0.28046875 0.348828125 0.279296875 0.3359375 0.275390625 0.3390625 0.270703125 0.33515625 0.251953125 0.3546875 0.233984375 0.36328125 0.2203125 0.374609375 0.21171875 0.389453125 0.2046875 0.416015625 0.20625 0.426953125 0.203125 0.448046875 0.208203125 0.4546875 0.214453125 0.453125 0.223046875 0.4640625 0.2265625 0.463671875 0.236328125 0.45078125 0.239453125 0.45703125
0 0.1125 0.608984375 0.128125 0.571484375 0.134375 0.546484375 0.1421875 0.533984375 0.1453125 0.436328125 0.15 0.405078125 0.15 0.400390625 0.146484375 0.39921875 0.130859375 0.4015625 0.114453125 0.4171875 0.109375 0.416015625 0.111328125 0.4078125 0.102734375 0.40625 0.08828125 0.423828125 0.084375 0.441015625 0.075 0.460546875 0.07578125 0.487109375 0.06796875 0.507421875 0.06640625 0.520703125 0.0703125 0.537890625 0.065625 0.551953125 0.078125 0.569140625 0.0796875 0.598828125 0.08515625 0.616015625 0.0953125 0.631640625 0.103125 0.637890625 0.11484375 0.624609375 0.1125 0.608984375
0 0.171875 0.469140625 0.18203125 0.455859375 0.18125 0.429296875 0.1890625 0.408984375 0.190625 0.380078125 0.21015625 0.319140625 0.2109375 0.308984375 0.208203125 0.30625 0.156640625 0.33671875 0.13828125 0.352734375 0.12109375 0.374609375 0.115625 0.394921875 0.118359375 0.4109375 0.134765625 0.4 0.15078125 0.400390625 0.1453125 0.438671875 0.14453125 0.483203125 0.14765625 0.497265625 0.15546875 0.498828125 0.165625 0.487890625 0.171875 0.469140625
0 0.137109375 0.35390625 0.141015625 0.3453125 0.153515625 0.3390625 0.158203125 0.33203125 0.169921875 0.328125 0.173046875 0.3234375 0.184765625 0.31953125 0.203515625 0.30625 0.209375 0.307421875 0.20625 0.337890625 0.210546875 0.34140625 0.219921875 0.33671875 0.239453125 0.33671875 0.247265625 0.3328125 0.257421875 0.33515625 0.269921875 0.3296875 0.279296875 0.3125 0.360546875 0.25546875 0.367578125 0.24609375 0.380859375 0.240625 0.396484375 0.21875 0.413671875 0.21640625 0.42265625 0.208203125 0.423046875 0.20390625 0.451953125 0.20078125 0.458203125 0.19609375 0.466796875 0.1953125 0.46875 0.188671875 0.47578125 0.184765625 0.4734375 0.180859375 0.475 0.171484375 0.463671875 0.16875 0.406640625 0.175 0.384765625 0.1796875 0.374609375 0.18515625 0.344921875 0.1875 0.305859375 0.2 0.250390625 0.22265625 0.216796875 0.240625 0.206640625 0.25 0.200390625 0.25078125 0.197265625 0.25703125 0.188671875 0.2578125 0.183203125 0.2640625 0.174609375 0.26640625 0.175 0.271484375 0.165234375 0.27421875 0.165234375 0.27890625 0.144921875 0.2796875 0.134375 0.298046875 0.134375 0.308984375 0.13125 0.302734375 0.13359375 0.298046875 0.129296875 0.29453125 0.128125 0.300390625 0.118359375 0.30859375 0.114453125 0.30859375 0.1125 0.315234375 0.10546875 0.322265625 0.11328125 0.326171875 0.10234375 0.329296875 0.10625 0.341015625 0.103125 0.345703125 0.105859375 0.36484375 0.109765625 0.33359375 0.11171875 0.341015625 0.12578125 0.349609375 0.11328125 0.376171875 0.114453125 0.37890625 0.11875 0.378515625 0.1234375 0.362890625 0.137109375 0.35390625
0 0.8640625 0.761328125 0.85859375 0.758203125 0.8640625 0.753515625 0.8609375 0.749609375 0.86171875 0.743359375 0.85703125 0.741015625 0.86328125 0.741796875 0.8640625 0.737109375 0.8578125 0.733984375 0.86484375 0.730078125 0.8578125 0.725390625 0.864453125 0.72421875 0.870703125 0.71796875 0.877734375 0.7171875 0.8875 0.702734375 0.88515625 0.694140625 0.8890625 0.683203125 0.88671875 0.678515625 0.88828125 0.658984375 0.89140625 0.658984375 0.894140625 0.68046875 0.898828125 0.6703125 0.90625 0.670703125 0.9078125 0.679296875 0.9046875 0.683203125 0.90625 0.691015625 0.909765625 0.69296875 0.91796875 0.678515625 0.91953125 0.662109375 0.9265625 0.651953125 0.9375 0.612890625 0.934375 0.608203125 0.94296875 0.589453125 0.95078125 0.528515625 0.95 0.490234375 0.95234375 0.478515625 0.94453125 0.416796875 0.9296875 0.376953125 0.921484375 0.3734375 0.9109375 0.354296875 0.901171875 0.34921875 0.896875 0.339453125 0.884375 0.331640625 0.881640625 0.3203125 0.874609375 0.31953125 0.863671875 0.3046875 0.858984375 0.30546875 0.85390625 0.301953125 0.851171875 0.290625 0.847265625 0.2875 0.844140625 0.28984375 0.839453125 0.28828125 0.833203125 0.27734375 0.827734375 0.27734375 0.800390625 0.2546875 0.792578125 0.2546875 0.788671875 0.25 0.784765625 0.25 0.780859375 0.24140625 0.777734375 0.24375 0.76796875 0.242578125 0.76953125 0.251953125 0.77734375 0.262109375 0.77578125 0.271484375 0.769140625 0.2734375 0.758984375 0.27109375 0.76640625 0.265234375 0.76640625 0.253515625 0.7609375 0.255078125 0.76171875 0.246484375 0.7578125 0.239453125 0.7625 0.235546875 0.757421875 0.23125 0.753515625 0.234375 0.75 0.224609375 0.74453125 0.223828125 0.741796875 0.21484375 0.73515625 0.223046875 0.734765625 0.2359375 0.730078125 0.2375 0.726953125 0.23203125 0.712890625 0.2328125 0.710546875 0.2296875 0.705859375 0.23359375 0.705859375 0.21953125 0.709765625 0.2203125 0.714453125 0.21640625 0.724609375 0.2203125 0.72890625 0.218359375 0.730078125 0.21328125 0.732421875 0.21796875 0.7359375 0.215234375 0.726953125 0.209375 0.723046875 0.2125 0.713671875 0.21015625 0.710546875 0.20390625 0.706640625 0.2046875 0.701953125 0.2 0.696875 0.203515625 0.70078125 0.213671875 0.69609375 0.219921875 0.696875 0.226953125 0.69375 0.233203125 0.7046875 0.243359375 0.7 0.246484375 0.7078125 0.254296875 0.70390625 0.262890625 0.721484375 0.2671875 0.71796875 0.270703125 0.72734375 0.283984375 0.7421875 0.296484375 0.75 0.334765625 0.75390625 0.341796875 0.75234375 0.347265625 0.7578125 0.352734375 0.7578125 0.362890625 0.7671875 0.396484375 0.77890625 0.416015625 0.79140625 0.460546875 0.8046875 0.487890625 0.81484375 0.521484375 0.82109375 0.529296875 0.82109375 0.557421875 0.83671875 0.584765625 0.83828125 0.608984375 0.8421875 0.616015625 0.8390625 0.620703125 0.8390625 0.640234375 0.8453125 0.643359375 0.8453125 0.647265625 0.840625 0.653515625 0.8484375 0.658203125 0.85625 0.632421875 0.847265625 0.63671875 0.84140625 0.630078125 0.848046875 0.62578125 0.851171875 0.62890625 0.855859375 0.6265625 0.85703125 0.630859375 0.860546875 0.63125 0.86484375 0.624609375 0.866796875 0.6125 0.86953125 0.615234375 0.86875 0.623828125 0.87578125 0.630859375 0.874609375 0.63359375 0.8703125 0.633203125 0.868359375 0.640625 0.8609375 0.642578125 0.86015625 0.673046875 0.85625 0.672265625 0.855078125 0.65 0.85078125 0.658984375 0.853125 0.664453125 0.846875 0.662890625 0.846875 0.709765625 0.862890625 0.69765625 0.865625 0.701953125 0.859375 0.705859375 0.8609375 0.719140625 0.85625 0.718359375 0.8578125 0.713671875 0.855078125 0.709375 0.85 0.713671875 0.85390625 0.718359375 0.84921875 0.723046875 0.853125 0.726171875 0.847265625 0.72421875 0.8390625 0.728515625 0.83671875 0.758203125 0.83125 0.762109375 0.832421875 0.7671875 0.839453125 0.76953125 0.851171875 0.7640625 0.85546875 0.769140625 0.858203125 0.76171875 0.8640625 0.761328125
0 0.68984375 0.233203125 0.69609375 0.225390625 0.696875 0.208984375 0.693359375 0.2015625 0.655859375 0.1875 0.601953125 0.17421875 0.579296875 0.171875 0.571875 0.173828125 0.580859375 0.2015625 0.588671875 0.20859375 0.592578125 0.20703125 0.607421875 0.21484375 0.616015625 0.22265625 0.6328125 0.247265625 0.647265625 0.25703125 0.675390625 0.28828125 0.6953125 0.291796875 0.69765625 0.266015625 0.68984375 0.233203125
0 0.67265625 0.178515625 0.663671875 0.17265625 0.613671875 0.159375 0.593359375 0.15546875 0.584375 0.156640625 0.590234375 0.1734375 0.67734375 0.194140625 0.6796875 0.192578125 0.67265625 0.178515625
0 0.461328125 0.1671875 0.465625 0.148046875 0.461328125 0.14453125 0.449609375 0.14453125 0.416796875 0.14921875 0.410546875 0.1625 0.389453125 0.165625 0.387890625 0.15546875 0.368359375 0.15625 0.35234375 0.165234375 0.3421875 0.184765625 0.34609375 0.187109375 0.408203125 0.1734375 0.461328125 0.1671875
0 0.504296875 0.153125 0.48203125 0.152734375 0.47890625 0.176953125 0.4828125 0.183984375 0.503125 0.177734375 0.504296875 0.153125
1 0.21953125 0.664453125 0.200390625 0.65390625 0.19765625 0.683203125 0.210546875 0.69375 0.221875 0.697265625 0.22578125 0.683984375 0.21953125 0.664453125
1 0.225 0.635546875 0.213671875 0.61796875 0.200390625 0.61796875 0.196875 0.627734375 0.20078125 0.652734375 0.22109375 0.662890625 0.2265625 0.655078125 0.225 0.635546875
1 0.2515625 0.552734375 0.253125 0.532421875 0.25 0.506640625 0.235546875 0.50390625 0.23046875 0.507421875 0.22109375 0.529296875 0.21953125 0.545703125 0.221484375 0.55 0.234375 0.557421875 0.23984375 0.574609375 0.24375 0.571484375 0.2515625 0.552734375
1 0.2328125 0.616796875 0.23359375 0.594921875 0.228515625 0.5890625 0.223828125 0.5890625 0.222265625 0.584375 0.211328125 0.5796875 0.20234375 0.595703125 0.20546875 0.608203125 0.20390625 0.616015625 0.212109375 0.61875 0.219921875 0.62890625 0.22421875 0.630078125 0.22890625 0.626953125 0.2328125 0.616796875
1 0.23828125 0.577734375 0.23515625 0.558203125 0.227734375 0.55234375 0.219921875 0.5515625 0.209375 0.573046875 0.209375 0.586328125 0.212109375 0.59296875 0.223828125 0.59296875 0.23203125 0.598046875 0.23671875 0.591015625 0.23828125 0.577734375
1 0.2734375 0.485546875 0.266796875 0.478125 0.258203125 0.47890625 0.25390625 0.482421875 0.24765625 0.501953125 0.253515625 0.51328125 0.265625 0.512890625 0.2734375 0.504296875 0.2734375 0.485546875
1 0.20703125 0.704296875 0.2015625 0.693359375 0.190234375 0.6875 0.1859375 0.696484375 0.1859375 0.716796875 0.19375 0.735546875 0.20546875 0.742578125 0.209375 0.740234375 0.20703125 0.704296875
1 0.280078125 0.4484375 0.2625 0.455078125 0.25546875 0.474609375 0.257421875 0.478125 0.266796875 0.478125 0.27578125 0.483984375 0.2828125 0.462890625 0.280078125 0.4484375
1 0.31015625 0.447265625 0.31015625 0.433984375 0.301953125 0.421875 0.289453125 0.425 0.28125 0.435546875 0.28359375 0.458203125 0.29140625 0.461328125 0.302734375 0.4578125 0.31015625 0.447265625
1 0.3265625 0.414453125 0.312890625 0.40625 0.296484375 0.40859375 0.28671875 0.427734375 0.302734375 0.42734375 0.310546875 0.43359375 0.31484375 0.433203125 0.32421875 0.427734375 0.3265625 0.414453125
1 0.36328125 0.333203125 0.360546875 0.32734375 0.352734375 0.3265625 0.34453125 0.332421875 0.340625 0.346484375 0.343359375 0.35 0.34765625 0.349609375 0.36171875 0.344921875 0.36328125 0.333203125
3 0.375 0.273828125 0.365234375 0.26328125 0.354296875 0.265625 0.333203125 0.28046875 0.302734375 0.29609375 0.2875 0.310546875 0.265625 0.341796875 0.283203125 0.3515625 0.297265625 0.35546875 0.308984375 0.353125 0.31484375 0.359765625 0.37421875 0.287109375 0.375 0.273828125
3 0.6234375 0.256640625 0.594140625 0.240625 0.578515625 0.2421875 0.56953125 0.256640625 0.57890625 0.266796875 0.57890625 0.272265625 0.594921875 0.2828125 0.60859375 0.287109375 0.62734375 0.277734375 0.6234375 0.256640625
3 0.59921875 0.235546875 0.5984375 0.225390625 0.576953125 0.2015625 0.568359375 0.19609375 0.556640625 0.1953125 0.55234375 0.208984375 0.55703125 0.229296875 0.566015625 0.240625 0.575 0.241796875 0.596484375 0.23984375 0.59921875 0.235546875
3 0.444921875 0.22890625 0.467578125 0.21796875 0.471875 0.210546875 0.471875 0.200390625 0.451171875 0.20078125 0.411328125 0.221875 0.40625 0.231640625 0.418359375 0.240625 0.425 0.241796875 0.431640625 0.240625 0.444921875 0.22890625