1 0.8208166623488773 0.22178185578583767 0.8441238393782383 0.24154121329879102 0.851581872193437 0.25976642832469776 0.8609499870466322 0.2616613195164076 0.8599577910189983 0.25003756476683936 0.8644088540587219 0.24731593523316064 0.9053846571675304 0.269256073402418 0.9190985941278066 0.267572213298791 0.9334439775474958 0.27103108031088086 0.933143444732297 0.26149750777202074 0.9096415259067357 0.20826540500863558 0.8805005077720207 0.16225101986183074 0.8313446252158895 0.13391990328151987 0.7845642659758204 0.12139290587219342 0.7731211597582038 0.11322746891191711 0.7607905509499137 0.11909169257340241 0.8123810759930916 0.20976697063903282 0.8208166623488773 0.22178185578583767
1 1 0.4694186899827289 0.9989983851468048 0.46126119170984453 0.9918138687392055 0.47006435578583766 0.9877387461139897 0.4723048039723661 0.9824457538860103 0.4681694654576856 0.9561722435233161 0.6297432780656304 0.959420078583765 0.638479945595855 1 0.5797833333333333 1 0.4694186899827289
1 0.3172391113989637 0.12048033678756477 0.32934404663212435 0.11986408117443868 0.38498205440414507 0.0982418609671848 0.39490675820379967 0.0904979378238342 0.39594452763385146 0.08123506390328153 0.4110721744386874 0.0698071493955095 0.4551314525043178 0.053086791018998276 0.4539141312607945 0.021914709844559586 0.4414934723661485 0.019959602763385147 0.4064567512953368 0.025131614853195164 0.3534953471502591 0.04729523143350605 0.3256009360967185 0.06812109499136441 0.3193151986183074 0.07715829533678756 0.3120969335060449 0.09631549050086356 0.3138708428324698 0.1178487573402418 0.3172391113989637 0.12048033678756477
1 0.5182002340241796 0.6021704550949913 0.4783517020725389 0.6035830682210709 0.4587583506044905 0.5998985276338514 0.4152708514680484 0.6000178626943006 0.3170176571675302 0.6146919671848015 0.3080856986183074 0.6092633514680483 0.30404095768566497 0.5975793808290156 0.29793586960276336 0.5974589481865286 0.3005668998272884 0.6188869740932642 0.28906302936096717 0.6385703756476685 0.3020391804835924 0.680479255613126 0.3346683497409326 0.7478164257340242 0.36814054663212437 0.7724179766839379 0.3750273488773748 0.7824479214162349 0.3963501329879102 0.7789597694300517 0.4623180699481865 0.7847806139896373 0.5152338998272884 0.7835036252158895 0.5574585043177893 0.7730988376511226 0.5477144490500864 0.771685127806563 0.5432785777202073 0.7674445474956822 0.5353095293609671 0.737971518134715 0.5213113488773747 0.6735670086355786 0.5186955094991365 0.6451767728842832 0.5244403981001726 0.6140198834196892 0.5235984680483593 0.6071629153713298 0.5182002340241796 0.6021704550949913
1 0.45769935578583765 0.8888828411053541 0.5377121433506045 0.8886289792746114 0.544103121761658 0.8804488998272885 0.5442989620034542 0.8643290578583765 0.5350062538860103 0.8524194136442141 0.5184204222797927 0.8448854240069085 0.4445127227979274 0.8452597184801381 0.41699479965457686 0.8408081070811745 0.37526656735751296 0.8446266252158895 0.38401787823834194 0.8592128739205527 0.40299442487046633 0.8755887720207254 0.45769935578583765 0.8888828411053541
1 0.7334509136442141 0.8920016355785837 0.7391052029360967 0.8778217089810018 0.6076043886010363 0.9122388825561313 0.6015443246977548 0.916028115716753 0.601529133851468 0.9229903246977547 0.6086416096718481 0.9277723022452504 0.6457082962003454 0.9249611718480139 0.6871810207253887 0.9155187461139898 0.7212705708117444 0.902632645941278 0.7334509136442141 0.8920016355785837
1 0.6277836131260794 0.9419527772020726 0.6220094395509499 0.9374414982728843 0.5513045509499136 0.9426427953367876 0.5305681882556131 0.9473640077720207 0.5379963877374784 0.9547173488773748 0.5711984343696027 0.9558609075993092 0.6200543333333334 0.949862158031088 0.6258436977547496 0.9474112271157167 0.6277836131260794 0.9419527772020726
1 0.8027719274611399 0.9074162685664939 0.8321549067357513 0.8916278903281519 0.8815077262521589 0.8542465768566494 0.9088759317789292 0.8291351079447323 0.9349210259067356 0.7967907314335061 0.9356278808290155 0.7919187037996546 0.9064401925734024 0.8163835336787565 0.8503356459412781 0.8554638981001728 0.7707579162348878 0.901776621761658 0.7143680284974093 0.9243612037996546 0.6976764067357513 0.9407663868739207 0.7076911606217616 0.9408417944732297 0.7504571614853195 0.927760402417962 0.8027719274611399 0.9074162685664939
1 0.11619747495682212 0.5593056269430052 0.12723480656303973 0.5570803696027634 0.13846797841105354 0.5387352711571676 0.129281609671848 0.4780901606217617 0.12932773143350604 0.4324072383419689 0.1254782823834197 0.42939971934369603 0.11862131433506046 0.4302416485319516 0.10756879101899827 0.439429115716753 0.09848601727115716 0.45403000690846285 0.0944857530224525 0.47105199481865284 0.10034887996545769 0.5329751917098446 0.11025784369602763 0.5569897711571675 0.11619747495682212 0.5593056269430052
1 0.19140925388601035 0.746700506044905 0.2228666761658031 0.7619789663212435 0.2364601804835924 0.766400195164076 0.2394676994818653 0.7625507461139897 0.19993653626943006 0.692145841105354 0.1787043506044905 0.6786570293609673 0.15632915371329878 0.6735739706390328 0.1503444982728843 0.6673484499136442 0.14866008981001727 0.6784308074265976 0.15249434715025909 0.6884005362694301 0.18109396804835926 0.7370915259067358 0.19140925388601035 0.746700506044905
1 0.44565408721934374 0.9112428462867012 0.35663448186528496 0.8912865526770295 0.36341604231433505 0.9004593765112263 0.3887683756476684 0.9156174050086356 0.43812009844559585 0.9278286787564767 0.4601795716753022 0.9303403739205527 0.46768317789291886 0.9276789611398963 0.44565408721934374 0.9112428462867012
1 0.27647252417962004 0.8371810405872193 0.23024875388601038 0.8150152288428325 0.22836905354058723 0.8174211347150259 0.23690988169257338 0.8302931416234888 0.2623072400690846 0.849360835060449 0.3023206813471503 0.8705490932642488 0.30340347668393786 0.865195884283247 0.27647252417962004 0.8371810405872193
1 0.1243151433506045 0.6679343238341969 0.10520406994818653 0.6150331364421416 0.09595638773747842 0.6070331571675303 0.0926781701208981 0.612220908462867 0.09851201122625215 0.6384759369602764 0.1127966303972366 0.6697836407599309 0.12139767443868739 0.6796031036269431 0.12499161571675303 0.6769867150259067 0.1243151433506045 0.6679343238341969
1 0.09066229792746114 0.6524904058721934 0.08839201640759932 0.637543408462867 0.07122085924006909 0.5791837711571675 0.06464978065630397 0.571725189119171 0.05843945077720207 0.5707476355785838 0.0557926804835924 0.5810781131260795 0.06311508981001726 0.6123706260794474 0.07482834628670121 0.6439940544041451 0.08621123575129534 0.6552120354058723 0.09066229792746114 0.6524904058721934
1 0.11001423575129533 0.6931814162348877 0.11186355267702935 0.7046999291882556 0.12072010449050086 0.7201432996545768 0.1333810803108808 0.7346845233160622 0.13532099568221073 0.729226073402418 0.12001379879101899 0.7002190328151987 0.11001423575129533 0.6931814162348877
1 0.3970987210708118 0.9267751692573402 0.3768891139896373 0.9109856934369602 0.3242293402417962 0.8930902962003453 0.31871067357512955 0.8942029240069084 0.3281688393782384 0.9039171459412781 0.35994198445595854 0.9217669697754749 0.3825276640759931 0.9285642702936097 0.3965573238341969 0.929451773747841 0.3970987210708118 0.9267751692573402
3 0.11534967962003453 0.13787387651122626 0.09041721329879102 0.17573691968911917 0.05835653195164076 0.24057648791019 0.03528802590673575 0.3077921286701209 0.02100121243523316 0.37566959844559583 0.015616524179620036 0.43810381001727117 0.01678827202072539 0.4901625189982729 0.027327586355785836 0.5689124127806563 0.03753708290155441 0.6024605647668393 0.04385265371329879 0.6042952400690846 0.040845134715025905 0.6081446882556131 0.04556634715025907 0.6288810509499136 0.05249872279792746 0.6180243670120898 0.04672454922279793 0.6135130880829016 0.051341069084628675 0.60859603626943 0.05098032037996546 0.6021150077720208 0.05612249827288428 0.626279854058722 0.0587388860103627 0.6298737953367876 0.0605133445595855 0.626610768566494 0.055220900690846286 0.5976791364421417 0.04880008808290156 0.5949873411053541 0.05523609153713299 0.590716926597582 0.04713141968911917 0.574311195164076 0.05398838860103627 0.5734692651122625 0.0493273920552677 0.5496803583765112 0.050109653713298785 0.5347935777202073 0.03609518480138169 0.5269438644214163 0.039493835060449047 0.5156510250431778 0.04547849136442142 0.5218765457685665 0.04982431260794473 0.5182977953367875 0.04940444473229706 0.4652767236614853 0.05582635405872193 0.41837593264248707 0.05424773575129534 0.40551911658031087 0.04889452677029361 0.4044363221070812 0.05140622279792746 0.3823768488773748 0.05468444041450777 0.377189097582038 0.06524059153713298 0.3745879006908463 0.06698521588946459 0.360453 0.07506060276338515 0.34119056303972367 0.07999284628670121 0.3388448739205527 0.07991798704663212 0.32406333419689115 0.09292561744386875 0.30245520811744386 0.09304605008635579 0.2963501200345423 0.11855029533678756 0.2418860535405872 0.13154273488773746 0.22724013730569947 0.13682108462867013 0.2135413920552677 0.14449014853195163 0.20868455526770294 0.15175343868739205 0.19343702590673575 0.19906165025906736 0.13586074784110536 0.24360265889464594 0.09472003540587219 0.29435399654576855 0.05455687651122625 0.37259559240069084 0.011888381692573401 0.21121398877374783 0.031703550949913645 0.16244740759930917 0.07858335664939552 0.11534967962003453 0.13787387651122626