1 0.5101410558213717 0.5764325295055822 0.4875109585326954 0.550036139553429 0.47635442902711317 0.5448208141945773 0.46129544896331737 0.5466732360446571 0.2572227990430622 0.6920442400318979 0.25161808293460924 0.69763223046252 0.25200747368421056 0.70320076953748 0.26096381897926635 0.7169635988835726 0.2777277894736842 0.7337777456140351 0.2882362440191387 0.7354411092503987 0.29681992503987237 0.7324426937799043 0.3771049138755981 0.6916552200956938 0.46832119856459326 0.6357142384370016 0.4878361738437002 0.6175623133971292 0.5118293221690591 0.6062918038277513 0.5149724425837321 0.5940810837320574 0.5101410558213717 0.5764325295055822
1 0.7124110893141946 0.49673800398724083 0.7024561810207336 0.48584288437001594 0.6952410031897927 0.4855480239234449 0.6845489417862839 0.4926908492822967 0.6189195422647528 0.5544368787878787 0.6164050462519937 0.5642054545454546 0.6255282727272727 0.5803548014354066 0.6378696985645933 0.591083038277512 0.6510595311004785 0.5853643429027113 0.7043696818181818 0.5360709936204147 0.7150422918660287 0.522934062200957 0.717242476076555 0.5143865582137161 0.7124110893141946 0.49673800398724083
1 0.70545695215311 0.6259269521531101 0.6999051379585327 0.6151236363636364 0.6935216419457736 0.6095745486443381 0.6888042352472089 0.6107038165869219 0.629869917862839 0.6595910510366826 0.6228967001594897 0.6684723181818182 0.6245822408293461 0.6811447814992025 0.6327236291866029 0.6889691323763956 0.6447674681020734 0.689725736044657 0.6864620717703349 0.657232533492823 0.705754538277512 0.635898586124402 0.70545695215311 0.6259269521531101
1 0.3099170813397129 0.14237240271132376 0.3004822679425837 0.1446309393939394 0.28026359011164276 0.1584353971291866 0.29301658293460925 0.19791309090909093 0.3315124385964912 0.1768351028708134 0.3099170813397129 0.14237240271132376
1 0.2811572232854865 0.7771049888357257 0.2732939704944179 0.7732581658692185 0.23670071212121213 0.7758170159489634 0.22785834688995216 0.7808320087719298 0.22983874800637957 0.7862892942583731 0.25080275598086127 0.8060073277511962 0.2840471108452951 0.8012844688995215 0.2972925701754386 0.796361279106858 0.2811572232854865 0.7771049888357257
1 0.23064552711323763 0.7406673381180223 0.22091312759170653 0.7329542408293461 0.2022298341307815 0.7458519385964912 0.2141095167464115 0.761408836523126 0.23673416267942585 0.7534316036682616 0.23064552711323763 0.7406673381180223
1 0.3501351562998405 0.831836543062201 0.3342417687400319 0.8217563803827751 0.29909209090909095 0.8278115645933015 0.3180200701754386 0.841276807814992 0.3520599306220096 0.8364983221690591 0.3501351562998405 0.831836543062201
1 0.6112920566188198 0.7540197121212121 0.6034288038277512 0.7501728891547049 0.5199256156299841 0.7963814712918661 0.5331181746411483 0.8078495877192982 0.5386867137161084 0.807460196969697 0.5845090015948964 0.7882680813397129 0.6205070869218501 0.7657659641148326 0.6112920566188198 0.7540197121212121
1 0.8448824122807018 0.43631339712918654 0.8404236905901117 0.4354260885167464 0.8254786905901117 0.45605633333333334 0.81721204784689 0.4750204888357257 0.8198599752791069 0.490023841307815 0.8248193421052631 0.4980707009569378 0.8287968700159489 0.49779256459330146 0.8350302097288678 0.4897624306220096 0.8508430669856459 0.45867935805422644 0.8448824122807018 0.43631339712918654
1 0.8502509896331738 0.3416093261562998 0.8448104298245613 0.3323970223285487 0.838649442583732 0.3300299561403509 0.8267195845295056 0.3480511754385965 0.8362322009569378 0.3697690614035088 0.8415420558213716 0.3713962488038277 0.8523064696969697 0.35385622328548644 0.8502509896331738 0.3416093261562998
1 0.8278044992025518 0.3064067472089314 0.818645096491228 0.29545600079744816 0.8107456674641148 0.2968077783094099 0.8022370653907496 0.3065958054226475 0.8052911084529506 0.31597499122807016 0.8161527767145136 0.3284054944178628 0.8238296969696969 0.3238716945773525 0.8296374704944178 0.3154716212121212 0.8278044992025518 0.3064067472089314
1 0.881631649122807 0.36739381818181815 0.875136898724083 0.36025371850079746 0.867295822169059 0.379587812599681 0.8730145183413077 0.3927776451355662 0.8776401212121212 0.396051471291866 0.8827803684210526 0.3781053301435407 0.881631649122807 0.36739381818181815
1 0.5067240079744817 0.14459823046251993 0.48907272807017543 0.13224280542264755 0.46881514752791065 0.1340590510366826 0.4691489106858054 0.1388320845295056 0.4843218708133971 0.155757485645933 0.5052831531100479 0.15828870733652312 0.5129044457735248 0.1529594019138756 0.5067240079744817 0.14459823046251993
1 0.5326030279106858 0.12600128867623606 0.5130296993620415 0.12617089553429026 0.5141589681020734 0.13088830223285486 0.5358072272727272 0.14895969696969696 0.5541594840510367 0.14847577751196173 0.5562678652312599 0.14433136842105262 0.5326030279106858 0.12600128867623606
1 0.5864025494417863 0.12943381897926634 0.5680113907496013 0.11792952631578947 0.5525630215311005 0.11421340909090909 0.5443492799043063 0.11678625837320575 0.5710487089314195 0.13850141786283893 0.5808172846889952 0.14101591467304625 0.5926386148325359 0.13859049601275916 0.5864025494417863 0.12943381897926634
1 0.5180559665071771 0.0894469322169059 0.5002405311004785 0.0918918014354067 0.5191685103668262 0.1053570446570973 0.5383162727272727 0.10481749760765552 0.5396847751196172 0.10152422089314195 0.5180559665071771 0.0894469322169059
1 0.4965049625199362 0.1013460653907496 0.4771541427432217 0.10469769537480063 0.4969332551834131 0.11890281658692184 0.517449519138756 0.11506999362041467 0.4965049625199362 0.1013460653907496
1 0.46376125279106856 0.1132284744816587 0.45127239633173843 0.10610782615629984 0.4350479720893142 0.10844144098883572 0.4344749752791069 0.11167909090909091 0.4468720279106858 0.1232028341307815 0.4620422615629984 0.12294142344497608 0.468183798245614 0.11931438357256778 0.46376125279106856 0.1132284744816587
1 0.4374512137161084 0.09708185406698565 0.42868120095693785 0.09169964673046252 0.41256803110047846 0.0956242735247209 0.41991391387559807 0.10350425199362041 0.43809928947368426 0.10063381578947368 0.4374512137161084 0.09708185406698565
1 0.4624985526315789 0.08373913955342903 0.4495117783094099 0.08664575199362042 0.46338858771929825 0.0964672288676236 0.47918744577352473 0.09376367464114833 0.4624985526315789 0.08373913955342903
1 0.4868254641148326 0.077241663476874 0.4762808333333333 0.0807768995215311 0.48675311164274326 0.08763886363636364 0.5009609585326954 0.08504656299840511 0.4868254641148326 0.077241663476874
1 0.422981956937799 0.08450392025518341 0.41596983652312597 0.08139697607655502 0.39826565550239235 0.08543285725677831 0.40635141706539074 0.09246170255183413 0.42368565869218505 0.08885138755980862 0.422981956937799 0.08450392025518341
1 0.4508052025518341 0.07656286363636364 0.4425720103668262 0.07314160685805424 0.4280498516746411 0.07695497926634769 0.43852212998405105 0.08381694338118023 0.45267434928229666 0.08042913716108453 0.4508052025518341 0.07656286363636364
1 0.4799051475279107 0.06973162440191387 0.47087644976076554 0.06636599521531102 0.45555878548644335 0.07023499441786284 0.46926871291866035 0.0776699553429027 0.48262542743221687 0.07433777671451355 0.4799051475279107 0.06973162440191387
2 0.4619193628389155 0.28123031738437004 0.44948885964912283 0.292091985645933 0.4497669960127592 0.2960695135566188 0.4606453899521531 0.2973073110047847 0.48271376395534293 0.28137502153110044 0.4619193628389155 0.28123031738437004
1 0.2935008724082935 0.10195177192982456 0.2779801507177033 0.1086328548644338 0.27309858771929824 0.1245624178628389 0.29217127192982456 0.11723325996810206 0.29496390430622005 0.11144221212121212 0.2935008724082935 0.10195177192982456
1 0.19435530701754386 0.7875714449760766 0.1830151706539075 0.7911623086124402 0.19393246650717705 0.80438831738437 0.20660492902711325 0.8027027767145136 0.19435530701754386 0.7875714449760766
1 0.16933869298245613 0.7613419362041468 0.1610693245614035 0.7631192799043063 0.1614587153110048 0.7686878189792663 0.17141362360446571 0.7795829377990431 0.18005293141945772 0.7773800279106858 0.16933869298245613 0.7613419362041468
1 0.5462520087719298 0.915648961722488 0.5309343444976076 0.9195179617224881 0.5423690103668262 0.9287108149920256 0.5542459673046252 0.9270809019138757 0.5563543484848485 0.9229364920255183 0.5462520087719298 0.915648961722488
1 0.5851567065390749 0.9061336188197766 0.5772378261562998 0.9014912902711324 0.5604960318979266 0.9078580614035088 0.5711908189792664 0.91790204784689 0.5878408102073365 0.9159383716108453 0.5892649401913875 0.9134406004784689 0.5851567065390749 0.9061336188197766
1 0.6157531331738437 0.8864074082934609 0.6112387846889952 0.8847245940988836 0.5940714242424242 0.8907214250398724 0.5915374768740032 0.8944958955342902 0.5997901196172248 0.9039112575757576 0.6193439968102074 0.8977475446570974 0.6157531331738437 0.8864074082934609
1 0.6634445685805422 0.871081566985646 0.6589858468899521 0.8701942575757575 0.6457403875598087 0.8751174473684211 0.640931177830941 0.8806498110047847 0.6467416762360446 0.8894365486443382 0.6546967328548644 0.8888802775119617 0.6626879649122808 0.8831254051036683 0.6642595255183413 0.8770200454545454 0.6634445685805422 0.871081566985646
1 0.7008862344497607 0.852075783891547 0.6838301283891547 0.8596636259968101 0.6805563022328549 0.8642892296650718 0.6837215996810208 0.8752594266347687 0.6873848157894736 0.8762023628389155 0.6981325039872408 0.8698550430622009 0.7013868787878788 0.8592353341307816 0.7008862344497607 0.852075783891547
1 0.696597120414673 0.870761803030303 0.6849982990430622 0.8763692440191387 0.6860357639553429 0.885489745614035 0.6990225390749601 0.8825831331738436 0.7023325406698565 0.8727589298245614 0.696597120414673 0.870761803030303
1 0.6689240303030303 0.8922820829346093 0.6628186706539075 0.8907105223285485 0.6504243437001594 0.8963735909090909 0.6486859019138757 0.9000924338118022 0.6526828811802233 0.9058084043062202 0.6582514202551834 0.9054190135566187 0.6667794736842105 0.9016250925039873 0.6688322272727273 0.8966851770334927 0.6689240303030303 0.8922820829346093
1 0.6301862145135566 0.904183942583732 0.6167738732057416 0.9067206156299841 0.6112247854864433 0.9131041116427433 0.6176082814992025 0.9186531993620414 0.6347756419457735 0.9126563684210527 0.6301862145135566 0.904183942583732
1 0.6046215063795853 0.9215598118022328 0.5992003971291866 0.9183416132376395 0.5849925502392345 0.9209339138755981 0.5808675917065391 0.9248196387559808 0.589008980861244 0.9326439896331737 0.6054364625199362 0.9274982910685806 0.6046215063795853 0.9215598118022328
1 0.6990781658692184 0.8833786387559809 0.6882748500797449 0.8889304529505582 0.6850010247208931 0.8935560558213715 0.686130293460925 0.8982734625199361 0.7005968245614035 0.8936645845295056 0.7031669481658692 0.8846915143540669 0.6990781658692184 0.8833786387559809
3 0.2302163628389155 0.1343558971291866 0.22248381499202552 0.13809419059011166 0.19133384210526316 0.16705215709728868 0.1534164346092504 0.21926611881977673 0.15295469218500798 0.22409477910685807 0.13273874003189792 0.25508604784688993 0.11387456539074961 0.29397674641148325 0.09778629744816586 0.33826910207336525 0.07972307974481659 0.41147779585326955 0.07345901515151515 0.459080153907496 0.07209596411483253 0.4967470534290271 0.07793681738437001 0.580275144338118 0.08967452153110048 0.6338132543859649 0.10516724481658693 0.683891206539075 0.11575350318979265 0.7095309936204146 0.1225625653907496 0.7154500207336523 0.1269127591706539 0.7319331307814992 0.131057168261563 0.7340415111642743 0.13799693620414674 0.7475456562998405 0.14913401515151517 0.7467668755980861 0.15484998484848486 0.7427698963317384 0.15384869537480064 0.7284507950558214 0.16008203508771932 0.7204206610845295 0.17745517942583733 0.7287985582137162 0.18296809170653908 0.7276136618819777 0.18920143141945775 0.7195835279106858 0.17331931738437 0.6639370358851675 0.17903256140350876 0.6427532456140351 0.1775419019138756 0.5757082647527911 0.18005639792663478 0.5659396881977671 0.1777204274322169 0.4182148763955343 0.17185157575757576 0.3914458213716109 0.17738121291866027 0.3790682192982456 0.179556495215311 0.3301529864433812 0.1856758548644338 0.30334502870813396 0.18461893859649123 0.28823042185007974 0.2009075374800638 0.22393917145135567 0.19961138755980862 0.2168352480063796 0.232085509569378 0.1382221706539075 0.2302163628389155 0.1343558971291866
3 0.5627794720893142 0.9576606036682616 0.5274601866028708 0.9441424593301435 0.48261155901116426 0.9200991355661882 0.4588187432216906 0.9113707503987241 0.3573223349282296 0.8888904385964912 0.33761830063795856 0.8814749290271132 0.316657019138756 0.878943707336523 0.2863332759170654 0.8682738229665072 0.27292093460925043 0.8708104960127593 0.2699614210526316 0.8742150271132377 0.26121085964912283 0.8748269266347687 0.2577507009569378 0.8710719066985646 0.23272008771929822 0.8732219154704943 0.23906740749601274 0.8839696044657098 0.2590690279106858 0.9013567480063795 0.26517438835725676 0.902928307814992 0.27438941786283894 0.9146745598086125 0.2808647177033493 0.915820553429027 0.2852872631578947 0.9219064625199361 0.29017155103668263 0.9231637113237641 0.2937985909090909 0.9293052472089315 0.3747787344497608 0.9556183819776713 0.4619727663476874 0.9679072767145136 0.5163452846889952 0.9681021570972888 0.5654997519936205 0.9622667559808613 0.5627794720893142 0.9576606036682616