1 0.562890625 0.86640625 0.5671875 0.858203125 0.565625 0.852734375 0.555859375 0.8484375 0.502734375 0.84453125 0.415234375 0.8234375 0.279296875 0.78125 0.271484375 0.7828125 0.2671875 0.787890625 0.27109375 0.805078125 0.283984375 0.8203125 0.337890625 0.8515625 0.420703125 0.87109375 0.449609375 0.875 0.473046875 0.87421875 0.478515625 0.87734375 0.508984375 0.8796875 0.53359375 0.879296875 0.550390625 0.87421875 0.562890625 0.86640625
2 0.216015625 0.63359375 0.222265625 0.63203125 0.22265625 0.626953125 0.21484375 0.613671875 0.21015625 0.576171875 0.20078125 0.553515625 0.20234375 0.544140625 0.196484375 0.5359375 0.193359375 0.5359375 0.190625 0.545703125 0.1921875 0.569140625 0.2015625 0.603515625 0.20390625 0.633984375 0.20859375 0.639453125 0.210546875 0.625 0.216015625 0.63359375
2 0.192578125 0.60390625 0.19609375 0.619921875 0.200390625 0.62109375 0.2015625 0.615234375 0.19609375 0.598046875 0.1953125 0.578515625 0.18671875 0.537109375 0.180859375 0.53046875 0.1765625 0.548828125 0.1765625 0.569921875 0.18359375 0.594921875 0.1859375 0.619921875 0.18828125 0.626953125 0.19296875 0.628515625 0.18984375 0.616796875 0.192578125 0.60390625
2 0.1734375 0.608203125 0.176953125 0.6109375 0.17890625 0.606640625 0.165625 0.529296875 0.160546875 0.52421875 0.15625 0.541015625 0.15859375 0.569921875 0.16328125 0.583984375 0.16484375 0.612109375 0.16953125 0.616015625 0.169140625 0.59140625 0.1734375 0.608203125
1 0.1265625 0.459765625 0.12578125 0.434765625 0.12109375 0.423828125 0.111328125 0.41875 0.1015625 0.425390625 0.08984375 0.442578125 0.0828125 0.468359375 0.084375 0.487109375 0.101171875 0.49296875 0.10859375 0.501171875 0.12265625 0.478515625 0.1265625 0.459765625
1 0.142578125 0.33125 0.13125 0.345703125 0.128125 0.355859375 0.12890625 0.364453125 0.13515625 0.365234375 0.14453125 0.335546875 0.142578125 0.33125
1 0.20625 0.293359375 0.202734375 0.2828125 0.184765625 0.2875 0.169140625 0.2984375 0.15625 0.313671875 0.14453125 0.353515625 0.1640625 0.358203125 0.20078125 0.310546875 0.20625 0.293359375
1 0.3421875 0.231640625 0.3453125 0.219921875 0.3515625 0.216015625 0.35 0.212109375 0.353125 0.201953125 0.35703125 0.200390625 0.357421875 0.190625 0.341796875 0.19609375 0.321484375 0.21171875 0.29609375 0.239453125 0.313671875 0.24609375 0.32265625 0.245703125 0.332421875 0.24140625 0.3421875 0.231640625
1 0.441015625 0.2234375 0.4625 0.208203125 0.46328125 0.189453125 0.456640625 0.178125 0.412890625 0.1734375 0.401171875 0.1796875 0.373828125 0.1828125 0.3671875 0.186328125 0.35 0.231640625 0.353515625 0.23359375 0.392578125 0.22734375 0.396484375 0.2328125 0.40859375 0.233984375 0.422265625 0.22578125 0.441015625 0.2234375
1 0.75234375 0.222265625 0.731640625 0.21015625 0.713671875 0.2046875 0.70859375 0.220703125 0.71328125 0.237890625 0.7640625 0.263671875 0.76328125 0.248046875 0.75234375 0.222265625
3 0.289453125 0.2125 0.318359375 0.1953125 0.333984375 0.17421875 0.3671875 0.148046875 0.36875 0.137890625 0.36484375 0.132421875 0.355078125 0.1265625 0.329296875 0.12734375 0.320703125 0.13046875 0.294140625 0.15234375 0.255859375 0.1703125 0.19296875 0.236328125 0.18984375 0.243359375 0.1921875 0.255859375 0.2140625 0.258203125 0.255078125 0.2390625 0.289453125 0.2125