1 0.2140625 0.295703125 0.23359375 0.247265625 0.240625 0.214453125 0.24921875 0.192578125 0.247265625 0.18828125 0.219140625 0.20390625 0.19375 0.226171875 0.18046875 0.250390625 0.171875 0.274609375 0.15625 0.326171875 0.1578125 0.337109375 0.186328125 0.3203125 0.2140625 0.295703125
1 0.18671875 0.203515625 0.188671875 0.1953125 0.16640625 0.212109375 0.1421875 0.243359375 0.11875 0.287890625 0.115625 0.297265625 0.11875 0.301953125 0.14765625 0.266796875 0.18671875 0.203515625
1 0.08046875 0.437109375 0.075 0.412109375 0.070703125 0.40703125 0.0640625 0.416015625 0.05859375 0.431640625 0.05625 0.458203125 0.0671875 0.515234375 0.071875 0.518359375 0.0796875 0.487109375 0.08046875 0.437109375
1 0.184375 0.778515625 0.16328125 0.748828125 0.121875 0.671484375 0.110546875 0.66171875 0.106640625 0.6625 0.10625 0.672265625 0.11953125 0.702734375 0.165625 0.780078125 0.187109375 0.8046875 0.199609375 0.8140625 0.2171875 0.821484375 0.21484375 0.812109375 0.184375 0.778515625
2 0.88203125 0.562109375 0.8828125 0.541796875 0.879296875 0.5296875 0.87265625 0.541015625 0.86484375 0.570703125 0.865625 0.583984375 0.85703125 0.612109375 0.859375 0.614453125 0.86796875 0.604296875 0.88203125 0.562109375
2 0.083203125 0.64140625 0.08984375 0.670703125 0.09921875 0.683984375 0.0921875 0.658984375 0.083203125 0.64140625
2 0.051171875 0.56171875 0.053125 0.594140625 0.0625 0.627734375 0.0671875 0.633203125 0.05625 0.565234375 0.051171875 0.56171875
2 0.862890625 0.33125 0.86015625 0.333984375 0.86171875 0.349609375 0.87109375 0.391015625 0.875 0.401953125 0.87890625 0.403515625 0.875 0.358984375 0.862890625 0.33125
2 0.76796875 0.244140625 0.74921875 0.219921875 0.744921875 0.215625 0.739453125 0.215625 0.7390625 0.219921875 0.76171875 0.267578125 0.7734375 0.278515625 0.77265625 0.255078125 0.76796875 0.244140625
2 0.721875 0.208203125 0.701953125 0.19140625 0.686328125 0.19140625 0.69140625 0.208203125 0.71015625 0.226171875 0.728125 0.254296875 0.73828125 0.262109375 0.74296875 0.251171875 0.721875 0.208203125
1 0.685546875 0.921875 0.703125 0.906640625 0.7078125 0.898828125 0.698828125 0.89921875 0.660546875 0.91484375 0.6359375 0.937890625 0.655859375 0.93359375 0.685546875 0.921875