1 0.05311179919354839 0.4333196016129033 0.047765103225806446 0.43927558387096777 0.04324085080645161 0.46742671854838713 0.04314437016129032 0.4960584274193548 0.044023112096774196 0.5150282661290322 0.0485936685483871 0.5304329596774193 0.07775021612903225 0.5466700911290322 0.08155462741935483 0.5366543169354839 0.08239501774193549 0.4422997741935484 0.07662200483870968 0.42647080403225807 0.07251998790322581 0.43043207499999997 0.05311179919354839 0.4333196016129033
1 0.24401917741935483 0.8173550467741936 0.24314247661290322 0.8213726161290322 0.2628503112903226 0.8475270008064516 0.28917767096774194 0.864118035483871 0.36228617419354836 0.8807190637096775 0.37115579112903224 0.8808738838709677 0.37402720241935483 0.878100993548387 0.3662876290322581 0.8594146862903226 0.35554997258064513 0.8507582282258065 0.24401917741935483 0.8173550467741936
1 0.8508163572580645 0.5024939370967743 0.837800460483871 0.4857319677419355 0.8247866032258064 0.4919574056451613 0.8210244161290323 0.49955419354838704 0.8263490846774194 0.5641730927419354 0.8138359983870969 0.6341266540322581 0.7960726967741936 0.6814044870967741 0.7747281362903226 0.7028094266129032 0.7672058016129032 0.740990410483871 0.7720297 0.7418811870967742 0.7899519024193548 0.7317085516129033 0.8181995185483871 0.7076010951612903 0.830730760483871 0.6828160201612903 0.8434590451612903 0.6467423427419355 0.8557891629032258 0.5872710556451612 0.8606089798387097 0.5421870169354839 0.8508163572580645 0.5024939370967743
1 0.7969212491935485 0.6789995758064516 0.8130296693548387 0.634112579032258 0.8208636838709678 0.6011797693548386 0.8255709048387098 0.562546360483871 0.8167494241935483 0.4672165951612903 0.8090802225806452 0.4444986435483871 0.7967721322580645 0.43339505 0.7806455572580645 0.4331135596774194 0.7769678161290323 0.43587237500000003 0.7726828314516129 0.450315920967742 0.7731091475806452 0.47210087258064515 0.760760875 0.4864036725806451 0.7586696830645161 0.5137907024193548 0.7688000943548386 0.5341318911290323 0.76295875 0.5453219725806452 0.7546180524193549 0.6072826177419355 0.7422738604838709 0.6675602338709677 0.7266298991935484 0.6858383798387097 0.7218643403225806 0.7047096967741935 0.7293485322580645 0.714922514516129 0.7308063701612902 0.7238202798387097 0.7351919169354838 0.7267198403225806 0.7497621338709678 0.7237478669354839 0.7628182137096774 0.7151034427419355 0.7698760887096774 0.7035313088709677 0.7858035806451613 0.6921139943548388 0.7969212491935485 0.6789995758064516
1 0.7658787161290322 0.7708105016129032 0.7521148282258064 0.7737965499999999 0.7378281427419354 0.7836293556451613 0.7205433758064517 0.803492010483871 0.7030897137096774 0.8330306104838711 0.6792698685483871 0.8576186419354839 0.6763280846774193 0.8644231750000001 0.6810253120967742 0.8725709104838709 0.6874900169354838 0.8718771774193549 0.7386526274193549 0.8288119161290323 0.7584971266129032 0.8009281975806452 0.7627398887096775 0.7889036379032258 0.7604053491935484 0.7840234419354839 0.7669685758064516 0.7776854080645161 0.7658787161290322 0.7708105016129032
1 0.1375990564516129 0.19080555887096776 0.12131970161290323 0.22238109274193546 0.1521853870967742 0.21001466370967742 0.18729383548387096 0.18562367580645162 0.20740779112903224 0.16540711774193548 0.22722414112903225 0.1391360564516129 0.22282451935483874 0.13704282419354838 0.19446226612903225 0.14461350403225806 0.16264950645161289 0.16502914596774193 0.1375990564516129 0.19080555887096776
1 0.055729660483870964 0.28334244758064514 0.0630147685483871 0.281856460483871 0.07573101935483871 0.2695765193548387 0.1072863572580645 0.21769998064516127 0.10779508064516129 0.21165955161290326 0.10050997258064516 0.21314553870967745 0.08458248064516129 0.22456285322580646 0.06544578870967742 0.25810494758064517 0.055729660483870964 0.28334244758064514
2 0.24532135887096776 0.1882496991935484 0.2868804370967742 0.16397130725806452 0.2922552822580645 0.1564026685483871 0.27489810161290323 0.15730955967741936 0.2562117943548387 0.16504913306451613 0.23418757580645158 0.17918303951612904 0.21775136048387098 0.19664078225806453 0.24532135887096776 0.1882496991935484
2 0.20086334758064517 0.7020681862903226 0.19918031774193548 0.7060716806451612 0.2063246806451613 0.7126489822580645 0.26466592499999997 0.7435105870967742 0.27831721612903226 0.7469751693548387 0.2900582443548387 0.7443570991935483 0.2814419685483871 0.7296883612903226 0.26511630967741934 0.7177080661290323 0.21461316048387097 0.6998884669354839 0.20086334758064517 0.7020681862903226
1 0.4535883774193548 0.9178020258064515 0.3849659830645161 0.921443664516129 0.3841174306451613 0.9238485758064516 0.39206812258064516 0.9304399516129032 0.40893065483870966 0.934767160483871 0.46292653387096777 0.9373228112903226 0.5033555693548387 0.9315759064516128 0.5098484233870968 0.9292695169354838 0.5119557298387097 0.9240635661290322 0.506763854032258 0.9211499306451614 0.4535883774193548 0.9178020258064515
2 0.45933240403225806 0.2883709233870968 0.4550313040322581 0.28063339032258067 0.4437849241935484 0.278017360483871 0.43791338951612907 0.26783269193548387 0.4372478064516129 0.2597553298387097 0.4272461064516129 0.25514458951612906 0.40459852741935487 0.25878214677419353 0.39077834193548383 0.264993510483871 0.3625146112903226 0.2669198887096774 0.35395667419354837 0.27201324354838713 0.3500537419354839 0.2876733193548387 0.3575942314516129 0.29466082177419356 0.3508480362903226 0.3114811298387097 0.35756812338709676 0.3192608870967742 0.3672299943548387 0.32023611048387096 0.41081397258064517 0.31857714758064515 0.42215887338709673 0.3155488758064516 0.45392940967741935 0.2975522201612903 0.45933240403225806 0.2883709233870968
1 0.15746437903225807 0.7162322814516129 0.10073375161290322 0.6624114177419356 0.09899442338709677 0.6696402282258065 0.11085212903225806 0.7065463427419355 0.12654239516129032 0.7318240258064516 0.16745608548387098 0.7676241653225807 0.18736096370967742 0.7824899467741936 0.19139260806451613 0.7825603193548387 0.19267951048387097 0.7781466225806452 0.1724609120967742 0.7350452596774194 0.15746437903225807 0.7162322814516129
1 0.4029091669354839 0.03210523629032258 0.36890261209677416 0.03957739435483871 0.3619714080645161 0.043892569354838706 0.3622830879032258 0.0491407435483871 0.3823427862903226 0.05513690806451613 0.38549772822580647 0.059224849999999996 0.4032369620967742 0.05953448951612903 0.45015885080645157 0.05148119516129032 0.4647712911290323 0.046090235483870964 0.46525186532258067 0.04166246370967742 0.4512325959677419 0.03617502258064516 0.4029091669354839 0.03210523629032258
1 0.19985406370967743 0.8060986741935484 0.1989351387096774 0.8125352298387096 0.2551007443548387 0.8756218370967742 0.28383301532258065 0.8930614250000001 0.3022800556451613 0.8990294403225806 0.3075563790322581 0.8971051024193549 0.2989823274193548 0.8800173782258065 0.24380805967741936 0.8294499790322581 0.20709694758064515 0.8070316733870968 0.19985406370967743 0.8060986741935484
1 0.48010869919354837 0.8771296427419354 0.4616757330645161 0.8703552983870967 0.3949615612903226 0.8570921814516128 0.37317660967741934 0.8575184975806451 0.37221546129032257 0.8663740403225807 0.3756117112903226 0.8797418 0.37999725887096775 0.882641360483871 0.44826778951612906 0.8991579419354839 0.5014573403225806 0.9016995177419356 0.5124764870967743 0.8942294008064515 0.5166629508064516 0.8854301564516128 0.5122914782258065 0.8817242669354839 0.48010869919354837 0.8771296427419354
1 0.464813514516129 0.043671248387096774 0.4380216959677419 0.053689063709677416 0.43633866532258064 0.05769255887096775 0.44194074354838714 0.06021006693548387 0.541091035483871 0.06355389032258064 0.5596365975806452 0.06387760403225806 0.5625220830645161 0.06029838548387097 0.5589991629032258 0.054187584677419354 0.550199918548387 0.05000112096774194 0.4986933983870968 0.04345605 0.464813514516129 0.043671248387096774