1 0.32396285494880545 0.4566174266211604 0.27099487627986346 0.4544820358361775 0.2500049232081911 0.45828149914675764 0.23562257764505118 0.448190430887372 0.22664764249146757 0.46011626023890784 0.21271379948805463 0.46208352389078494 0.19382361006825938 0.4703933916382253 0.1833528523890785 0.48430685921501704 0.1796935776450512 0.5027969829351535 0.17652868088737203 0.5410717389078499 0.1821603438566553 0.5691178011945393 0.19692237969283274 0.5796777465870308 0.22099572781569968 0.5873556109215017 0.2272058319112628 0.6017353950511946 0.23618076706484642 0.5898095648464163 0.297591114334471 0.6014117056313993 0.31652717832764504 0.6008281399317406 0.3244496697952219 0.5703459360068259 0.3311336527303754 0.4741009803754266 0.3362913122866894 0.4699243899317406 0.32396285494880545 0.4566174266211604
1 0.19536018344709896 0.44352971160409554 0.19176459726962458 0.44100694453924916 0.1711313967576792 0.4414121348122867 0.1552328523890785 0.445746726109215 0.14576353924914676 0.43788792320819114 0.14027206484641638 0.44932193686006827 0.10577383447098976 0.46328384215017065 0.09850116040955631 0.5079903916382252 0.10125074061433448 0.5267251416382253 0.12929936518771332 0.5373946510238908 0.13434746160409558 0.5465046493174062 0.14542216126279864 0.5390892244027304 0.16306371587030716 0.5426593114334471 0.17398297696245735 0.5408041740614334 0.181477340443686 0.4858256194539249 0.1911657798634812 0.46711124402730375 0.19444536518771333 0.44815224232081907 0.19536018344709896 0.44352971160409554
1 0.0836703114334471 0.4858409931740615 0.08804565358361774 0.4768634957337884 0.08132335836177475 0.47143827133105803 0.06899746331058021 0.47443247866894195 0.0587942704778157 0.48580024232081914 0.05504836945392491 0.5214401058020478 0.06257591979522184 0.5355293873720136 0.07682320221843003 0.5387427218430034 0.08133360750853241 0.536642957337884 0.0836703114334471 0.4858409931740615
1 0.04133365358361775 0.49683419112627986 0.03519236262798635 0.4940438592150171 0.026775493174061433 0.504741430887372 0.025483546928327647 0.5251962551194539 0.030732956484641638 0.5364722679180888 0.038459258532423206 0.5364263924914676 0.04133365358361775 0.49683419112627986
1 0.0429313523890785 0.43265644965870304 0.03915738993174061 0.431830819112628 0.027748875426621158 0.44650366638225253 0.023957099829351534 0.4744172286689419 0.02746349829351536 0.4777885631399318 0.034139918088737196 0.47548748549488057 0.03730993941979522 0.46981507252559723 0.04085708873720136 0.44831036689419795 0.0429313523890785 0.43265644965870304
2 0.27638691382252556 0.37869190443686007 0.2555753370307167 0.38079423122866896 0.2430251902730375 0.37775927303754264 0.24268881313993174 0.3687155247440273 0.236389521331058 0.35518430972696247 0.23772734300341297 0.3424557866894198 0.23413175682593856 0.3399330196245734 0.2003954684300341 0.37113385324232084 0.20175879010238906 0.3785696527303754 0.2076095784982935 0.3800425375426621 0.2190894675767918 0.39326031399317407 0.2267928319112628 0.38935128754266213 0.2232405580204778 0.3782536510238908 0.23690683703071672 0.37883209215017066 0.26352588993174064 0.386777521331058 0.2790676817406143 0.38583720221843004 0.27638691382252556 0.37869190443686007
1 0.23479475341296926 0.8642053993174061 0.21777751450511945 0.8546953353242321 0.19589055631399316 0.8343781365187714 0.1853051109215017 0.8289758506825938 0.17965563566552903 0.8296689795221842 0.18260652986348122 0.850569744880546 0.2013897175767918 0.8718476373720137 0.23345949402730376 0.893235093003413 0.24743921245733788 0.8989941313993174 0.2510118609215017 0.8976537474402729 0.23479475341296926 0.8642053993174061
1 0.23241217406143344 0.9072810622866895 0.2158179385665529 0.8896650059726962 0.19888988822525597 0.8793063745733788 0.17765274658703073 0.8732135204778158 0.18368447354948805 0.88929044112628 0.1924173447098976 0.900074638225256 0.2151961843003413 0.9119061552901024 0.23292692747440275 0.9146276732081912 0.23241217406143344 0.9072810622866895
2 0.5876207363481228 0.9030047883959044 0.5726521527303754 0.9108814317406143 0.5564046518771332 0.9143088634812286 0.5477405938566552 0.9151141186006826 0.5320663020477816 0.9254778754266211 0.5112776629692832 0.9314433523890785 0.5139354931740614 0.9347254991467576 0.5249668788395904 0.9358849445392491 0.5500212969283277 0.93422855887372 0.5683321424914676 0.9304578540955631 0.5785779274744027 0.9283040409556315 0.5865504786689419 0.9131876066552902 0.5876207363481228 0.9030047883959044
1 0.6063932209897611 1 0.6281864436860068 0.9904888114334471 0.6783793421501707 0.9537251288395905 0.6862381441979523 0.9442558156996587 0.6872421510238909 0.9387847167235495 0.6818602406143345 0.9369321416382252 0.6417125341296929 0.9515871766211603 0.5811584411262799 0.9889777380546075 0.5667124069965871 0.9998995605802047 0.5666545059726963 1 0.6063932209897611 1
1 0.889211133105802 0.4538266032423208 0.8817905844709897 0.4101495614334471 0.8587364931740614 0.3519602346416382 0.8239349496587031 0.2830988361774744 0.7982281527303755 0.25422970563139935 0.7900100358361775 0.25079212030716724 0.7863711365187713 0.25684422269624574 0.7872222670648464 0.27323458276450513 0.8331953848122867 0.382735502559727 0.8594220588737201 0.4515535878839591 0.8657239129692833 0.48138597440273034 0.8761106075085323 0.5009234180887372 0.8795048805460751 0.5012801706484642 0.8830545912969283 0.49607663566552906 0.8881205008532422 0.47644744197952216 0.889211133105802 0.4538266032423208
3 0.4700818993174061 0.10306000255972696 0.4493595110921502 0.10431376109215018 0.44453566638225256 0.10123292747440274 0.4298424428327645 0.10226243430034129 0.4131386441979522 0.09793296757679182 0.4046300247440273 0.09317793600682595 0.4150345324232082 0.08397618686006826 0.4127334539249147 0.07729976706484641 0.3846415162116041 0.07520512798634812 0.36628645648464164 0.07842358703071672 0.35530094539249146 0.08499044283276451 0.3222526621160409 0.08923840870307166 0.2355713319112628 0.12216700170648463 0.2287827866894198 0.12145349744027305 0.21958359982935152 0.12735016126279863 0.21270586689419796 0.12748522440273036 0.20792789675767917 0.13213069368600683 0.19484262201365188 0.13418714419795222 0.18894852047781568 0.14128912883959044 0.1667761843003413 0.15225682679180885 0.16190902645051194 0.1577508634812287 0.16231165443686008 0.16208289249146757 0.15759993515358361 0.16201664249146758 0.15293409129692834 0.16967669368600682 0.13810836689419798 0.18012963822525596 0.11743441638225256 0.2054108694539249 0.0747486928327645 0.26870185409556313 0.05648794453924915 0.30367408788395905 0.05300704607508532 0.3204670750853242 0.06852590017064845 0.3156636058020478 0.09029560836177475 0.3003638788395905 0.13075162969283277 0.2582870981228669 0.18391323549488053 0.2136849880546075 0.24844516723549487 0.19558724317406143 0.27689129522184297 0.1779864385665529 0.3090451348122867 0.1659229829351536 0.31560942918088736 0.16060732252559728 0.3430744872013652 0.15234076791808876 0.3800496100682594 0.12705697440273037 0.4020665076791809 0.12164956399317405 0.4201973156996587 0.11240193941979522 0.42988831825938567 0.10998873634812287 0.442349276450512 0.11387226194539249 0.4471272457337884 0.10922679351535836 0.4605259607508533 0.11235093941979521 0.4771838848122867 0.10895410494880546 0.4700818993174061 0.10306000255972696