2 0.3375 0.520703125 0.33828125 0.530859375 0.3453125 0.530859375 0.34453125 0.517578125 0.34921875 0.490234375 0.3453125 0.458984375 0.341796875 0.45625 0.32890625 0.472265625 0.325 0.488671875 0.32578125 0.507421875 0.321875 0.529296875 0.3265625 0.534765625 0.333984375 0.51953125 0.3375 0.520703125
1 0.398828125 0.67734375 0.419140625 0.678125 0.43125 0.654296875 0.42734375 0.630078125 0.404296875 0.6171875 0.342578125 0.60390625 0.319921875 0.6078125 0.295703125 0.6265625 0.28125 0.648046875 0.2859375 0.669921875 0.297265625 0.6796875 0.353125 0.694140625 0.366015625 0.68359375 0.398828125 0.67734375
1 0.623046875 0.68125 0.637890625 0.67265625 0.654296875 0.6640625 0.669921875 0.66328125 0.6765625 0.655859375 0.68359375 0.628515625 0.68359375 0.610546875 0.68046875 0.596484375 0.673046875 0.58984375 0.651953125 0.5859375 0.628515625 0.58671875 0.609765625 0.590625 0.588671875 0.6 0.560546875 0.62265625 0.551171875 0.6234375 0.54921875 0.636328125 0.529296875 0.6484375 0.51640625 0.666015625 0.5171875 0.686328125 0.525390625 0.69453125 0.534765625 0.6921875 0.596484375 0.69296875 0.60546875 0.696484375 0.612109375 0.69453125 0.623046875 0.68125
1 0.8125 0.433203125 0.8125 0.420703125 0.804296875 0.40703125 0.787109375 0.40078125 0.7796875 0.405859375 0.771875 0.419140625 0.77265625 0.435546875 0.776953125 0.44296875 0.79296875 0.444140625 0.801953125 0.434375 0.8125 0.433203125
1 0.8296875 0.453515625 0.828125 0.447265625 0.820703125 0.4390625 0.804296875 0.43359375 0.79140625 0.446484375 0.784375 0.466796875 0.784375 0.480078125 0.788671875 0.48515625 0.8125 0.487890625 0.82890625 0.474609375 0.8296875 0.453515625
1 0.8625 0.467578125 0.854296875 0.45625 0.843359375 0.45390625 0.83671875 0.458984375 0.83125 0.472265625 0.8296875 0.491796875 0.832421875 0.5015625 0.8484375 0.504296875 0.86171875 0.488671875 0.8625 0.467578125
1 0.86796875 0.424609375 0.8625 0.412890625 0.852734375 0.40859375 0.8484375 0.415234375 0.84921875 0.435546875 0.852734375 0.440625 0.8640625 0.443359375 0.86796875 0.439453125 0.86796875 0.424609375
1 0.8890625 0.423828125 0.883984375 0.41484375 0.878515625 0.4140625 0.878125 0.443359375 0.8875 0.448828125 0.890625 0.444921875 0.8890625 0.423828125
1 0.11328125 0.686328125 0.107421875 0.68125 0.101171875 0.68125 0.09765625 0.695703125 0.11171875 0.725390625 0.123828125 0.7375 0.1421875 0.740234375 0.13359375 0.718359375 0.11328125 0.686328125
3 0.075 0.548046875 0.078125 0.537109375 0.07734375 0.462109375 0.079296875 0.45390625 0.0875 0.453515625 0.086328125 0.44609375 0.080078125 0.4484375 0.078125 0.446484375 0.0875 0.438671875 0.08828125 0.430859375 0.08515625 0.427734375 0.087109375 0.42265625 0.078515625 0.4234375 0.07890625 0.430859375 0.071484375 0.4296875 0.06015625 0.441796875 0.05546875 0.458984375 0.0578125 0.466015625 0.0515625 0.487109375 0.0546875 0.545703125 0.05859375 0.553515625 0.0671875 0.558984375 0.0703125 0.548828125 0.075 0.548046875
3 0.176953125 0.5109375 0.180859375 0.515625 0.189453125 0.4984375 0.192578125 0.496875 0.205078125 0.50625 0.2109375 0.499609375 0.212890625 0.48984375 0.216796875 0.4890625 0.219921875 0.49296875 0.221484375 0.48828125 0.23046875 0.483984375 0.239453125 0.4640625 0.255859375 0.46015625 0.264453125 0.46953125 0.2796875 0.455078125 0.2875 0.430078125 0.29609375 0.353515625 0.30625 0.309765625 0.30546875 0.302734375 0.300390625 0.2984375 0.283203125 0.3 0.263671875 0.3125 0.252734375 0.30703125 0.238671875 0.3078125 0.229296875 0.303125 0.209765625 0.3046875 0.19921875 0.313671875 0.1890625 0.330078125 0.179296875 0.3359375 0.166015625 0.3515625 0.157421875 0.3578125 0.156640625 0.353125 0.147265625 0.35390625 0.130859375 0.3734375 0.1171875 0.383203125 0.10625 0.400390625 0.09765625 0.406640625 0.09296875 0.419140625 0.0921875 0.458984375 0.0890625 0.466796875 0.09296875 0.490234375 0.09375 0.531640625 0.09765625 0.542578125 0.102734375 0.5453125 0.105859375 0.5421875 0.108984375 0.54765625 0.113671875 0.5484375 0.117578125 0.53984375 0.123046875 0.54375 0.137109375 0.53671875 0.14140625 0.525390625 0.14921875 0.519140625 0.157421875 0.503125 0.16328125 0.519921875 0.16484375 0.544140625 0.16953125 0.548046875 0.17265625 0.514453125 0.176953125 0.5109375
3 0.6109375 0.305859375 0.61640625 0.302734375 0.6109375 0.293359375 0.615625 0.286328125 0.61484375 0.270703125 0.62578125 0.264453125 0.61015625 0.183984375 0.613671875 0.178125 0.627734375 0.171875 0.637109375 0.1765625 0.651171875 0.178125 0.65703125 0.184765625 0.647265625 0.190625 0.643359375 0.18828125 0.630859375 0.19140625 0.6265625 0.208203125 0.6296875 0.212109375 0.6328125 0.231640625 0.635546875 0.23671875 0.63984375 0.235546875 0.640625 0.256640625 0.64453125 0.258984375 0.64140625 0.263671875 0.65078125 0.266796875 0.65 0.276171875 0.655859375 0.28203125 0.665234375 0.28203125 0.666015625 0.2890625 0.6765625 0.278515625 0.671875 0.266796875 0.68984375 0.262890625 0.68828125 0.251171875 0.69296875 0.248046875 0.68984375 0.243359375 0.694140625 0.2359375 0.69765625 0.255078125 0.702734375 0.259375 0.70859375 0.258984375 0.70703125 0.264453125 0.7109375 0.278515625 0.715234375 0.28046875 0.73671875 0.278515625 0.7328125 0.275390625 0.73671875 0.266796875 0.730078125 0.26015625 0.726171875 0.26328125 0.72421875 0.259765625 0.726171875 0.25625 0.732421875 0.2578125 0.7328125 0.252734375 0.726171875 0.2515625 0.723046875 0.2453125 0.71640625 0.244140625 0.717578125 0.2421875 0.751171875 0.25078125 0.752734375 0.25625 0.757421875 0.2546875 0.761328125 0.259375 0.766796875 0.25859375 0.768359375 0.265625 0.780859375 0.2625 0.784765625 0.271875 0.788671875 0.26953125 0.791796875 0.27265625 0.796484375 0.27265625 0.79921875 0.268359375 0.7984375 0.249609375 0.792578125 0.240625 0.788671875 0.240625 0.755078125 0.21171875 0.703515625 0.18671875 0.691796875 0.17734375 0.653515625 0.17265625 0.639453125 0.16015625 0.623046875 0.1578125 0.606640625 0.14921875 0.575390625 0.1390625 0.561328125 0.14140625 0.524609375 0.1390625 0.501953125 0.1453125 0.477734375 0.1453125 0.451171875 0.15234375 0.417578125 0.153125 0.347265625 0.16484375 0.291015625 0.18828125 0.262890625 0.20546875 0.25234375 0.208203125 0.255078125 0.21171875 0.26015625 0.211328125 0.2578125 0.223828125 0.22421875 0.270703125 0.21875 0.273828125 0.21328125 0.287109375 0.21328125 0.296484375 0.216796875 0.30234375 0.230859375 0.30078125 0.238671875 0.30546875 0.253515625 0.3046875 0.264453125 0.3109375 0.266796875 0.30625 0.270703125 0.3078125 0.283203125 0.296875 0.306640625 0.296875 0.309375 0.294140625 0.31875 0.273828125 0.3296875 0.232421875 0.343359375 0.21640625 0.349609375 0.215625 0.353515625 0.2203125 0.361328125 0.221875 0.380078125 0.21953125 0.388671875 0.21015625 0.406640625 0.20625 0.458984375 0.2015625 0.513671875 0.2015625 0.559765625 0.20546875 0.58203125 0.211328125 0.5984375 0.288671875 0.59921875 0.310546875 0.60546875 0.313671875 0.609765625 0.3125 0.6109375 0.305859375
3 0.36640625 0.491015625 0.370703125 0.48984375 0.376953125 0.5015625 0.38515625 0.494921875 0.38359375 0.489453125 0.38828125 0.486328125 0.384375 0.483203125 0.387890625 0.48046875 0.390625 0.482421875 0.38984375 0.494140625 0.394921875 0.4953125 0.400390625 0.49140625 0.424609375 0.4875 0.446484375 0.47890625 0.446875 0.474609375 0.453125 0.469921875 0.4453125 0.466015625 0.453515625 0.4640625 0.455078125 0.45859375 0.459375 0.464453125 0.4609375 0.457421875 0.46484375 0.455078125 0.4609375 0.449609375 0.465234375 0.4453125 0.469140625 0.44609375 0.473828125 0.453125 0.482421875 0.45 0.487890625 0.4640625 0.506640625 0.459375 0.513671875 0.4546875 0.519140625 0.45625 0.528515625 0.4515625 0.550390625 0.4484375 0.564453125 0.44140625 0.573046875 0.440625 0.576953125 0.43671875 0.580859375 0.4390625 0.587890625 0.4359375 0.58828125 0.429296875 0.592578125 0.42734375 0.616796875 0.42890625 0.623046875 0.421875 0.634765625 0.415625 0.639453125 0.41640625 0.63984375 0.392578125 0.63125 0.388671875 0.63359375 0.344921875 0.6265625 0.338671875 0.628125 0.330078125 0.62578125 0.323828125 0.619921875 0.31953125 0.61875 0.326171875 0.615234375 0.328125 0.605859375 0.32265625 0.600390625 0.3140625 0.572265625 0.3140625 0.560546875 0.3109375 0.555859375 0.315625 0.555078125 0.31015625 0.533984375 0.30625 0.438671875 0.30234375 0.409375 0.306640625 0.418359375 0.31015625 0.42109375 0.318359375 0.41328125 0.324609375 0.41796875 0.330078125 0.415625 0.334765625 0.408203125 0.33984375 0.402734375 0.33828125 0.39765625 0.341796875 0.40234375 0.345703125 0.39921875 0.348828125 0.400390625 0.35390625 0.389453125 0.35390625 0.387890625 0.34609375 0.380078125 0.346875 0.373046875 0.33984375 0.337890625 0.340625 0.333984375 0.3453125 0.324609375 0.3453125 0.31796875 0.355078125 0.31796875 0.366015625 0.31015625 0.396484375 0.309375 0.441015625 0.31328125 0.466796875 0.3078125 0.470703125 0.309375 0.483203125 0.30625 0.489453125 0.309765625 0.49453125 0.313671875 0.484375 0.318359375 0.4875 0.32109375 0.478515625 0.3265625 0.473046875 0.32890625 0.462109375 0.341796875 0.45625 0.35234375 0.466015625 0.34921875 0.471484375 0.3546875 0.478515625 0.35234375 0.484765625 0.3546875 0.498046875 0.360546875 0.503125 0.36953125 0.502734375 0.365625 0.498828125 0.36640625 0.491015625
3 0.165234375 0.3421875 0.172265625 0.3421875 0.171484375 0.3375 0.176953125 0.33828125 0.1875 0.330859375 0.2 0.309765625 0.21015625 0.301171875 0.21484375 0.279296875 0.228125 0.262890625 0.226171875 0.2578125 0.212109375 0.259375 0.208984375 0.2640625 0.183984375 0.2796875 0.156640625 0.29296875 0.139453125 0.30546875 0.133203125 0.31484375 0.123046875 0.3171875 0.11328125 0.326171875 0.1140625 0.330078125 0.110546875 0.33359375 0.109375 0.318359375 0.11875 0.314453125 0.118359375 0.3046875 0.09453125 0.326171875 0.07421875 0.355078125 0.07578125 0.361328125 0.071875 0.365234375 0.07109375 0.376953125 0.06796875 0.380859375 0.078515625 0.384375 0.08125 0.381640625 0.0765625 0.376953125 0.078515625 0.3734375 0.087109375 0.378125 0.098828125 0.37265625 0.1 0.397265625 0.1046875 0.398828125 0.146484375 0.35390625 0.165234375 0.3421875
3 0.193359375 0.26640625 0.250390625 0.23515625 0.259375 0.223046875 0.2609375 0.212109375 0.253515625 0.2078125 0.232421875 0.21640625 0.158984375 0.2625 0.13359375 0.286328125 0.134375 0.291015625 0.130078125 0.28984375 0.11875 0.302734375 0.122265625 0.30703125 0.13046875 0.306640625 0.141796875 0.30234375 0.193359375 0.26640625
3 0.695703125 0.87734375 0.758984375 0.84609375 0.827734375 0.7984375 0.87421875 0.754296875 0.896875 0.726953125 0.91640625 0.688671875 0.9328125 0.640234375 0.9484375 0.565234375 0.95234375 0.484765625 0.94765625 0.430859375 0.937109375 0.38671875 0.93359375 0.388671875 0.93671875 0.396484375 0.928125 0.399609375 0.934375 0.411328125 0.934375 0.419921875 0.9265625 0.423828125 0.92265625 0.439453125 0.921875 0.476953125 0.91875 0.491015625 0.91328125 0.498046875 0.9125 0.522265625 0.903125 0.548828125 0.89453125 0.622265625 0.884375 0.646484375 0.859375 0.688671875 0.848046875 0.69453125 0.840625 0.702734375 0.8328125 0.714453125 0.828125 0.733984375 0.8125 0.755078125 0.792578125 0.77421875 0.785546875 0.77578125 0.782421875 0.7828125 0.773046875 0.7859375 0.764453125 0.7953125 0.754296875 0.8 0.744921875 0.8125 0.716796875 0.83125 0.701171875 0.85234375 0.682421875 0.86328125 0.663671875 0.865625 0.644140625 0.88046875 0.608203125 0.89375 0.59453125 0.902734375 0.6015625 0.903515625 0.637109375 0.89609375 0.695703125 0.87734375