1 0.4953125 0.866796875 0.48359375 0.855078125 0.4875 0.851171875 0.485546875 0.84921875 0.41953125 0.843359375 0.42578125 0.848828125 0.42734375 0.862109375 0.432421875 0.8671875 0.449609375 0.871875 0.49140625 0.873046875 0.4953125 0.870703125 0.4953125 0.866796875
2 0.325 0.673828125 0.319921875 0.66953125 0.314453125 0.6703125 0.315625 0.696484375 0.32265625 0.717578125 0.339453125 0.72890625 0.34921875 0.730078125 0.32890625 0.690234375 0.325 0.673828125
2 0.42578125 0.699609375 0.4203125 0.687109375 0.4171875 0.657421875 0.412890625 0.653125 0.408984375 0.65390625 0.3953125 0.675390625 0.39140625 0.689453125 0.405859375 0.7015625 0.43359375 0.707421875 0.43671875 0.705859375 0.42578125 0.699609375
2 0.365625 0.623828125 0.36875 0.600390625 0.36015625 0.580859375 0.352734375 0.5796875 0.34921875 0.583984375 0.353125 0.596484375 0.35 0.613671875 0.359375 0.639453125 0.369921875 0.64765625 0.38046875 0.649609375 0.38046875 0.644140625 0.365625 0.623828125
2 0.41640625 0.636328125 0.40546875 0.588671875 0.4 0.576171875 0.392578125 0.57421875 0.390625 0.587109375 0.39453125 0.608984375 0.38984375 0.617578125 0.38671875 0.640234375 0.391796875 0.64453125 0.401171875 0.64453125 0.409765625 0.65 0.42109375 0.651953125 0.42265625 0.648046875 0.41640625 0.636328125
2 0.603125 0.470703125 0.6 0.464453125 0.6015625 0.442578125 0.59609375 0.428515625 0.590234375 0.4265625 0.5859375 0.434765625 0.58359375 0.474609375 0.588671875 0.4859375 0.59765625 0.487109375 0.59921875 0.474609375 0.603125 0.470703125
2 0.3828125 0.271484375 0.376953125 0.259375 0.36875 0.266796875 0.3609375 0.287890625 0.361328125 0.290625 0.37578125 0.293359375 0.38046875 0.287890625 0.3828125 0.271484375
2 0.534765625 0.29140625 0.530078125 0.29140625 0.528125 0.324609375 0.533203125 0.3296875 0.53828125 0.329296875 0.53828125 0.297265625 0.534765625 0.29140625
2 0.5703125 0.298046875 0.567578125 0.29375 0.561328125 0.29296875 0.5609375 0.316796875 0.564453125 0.3203125 0.57265625 0.320703125 0.57421875 0.313671875 0.5703125 0.298046875
2 0.592578125 0.35390625 0.58828125 0.364453125 0.590625 0.389453125 0.599609375 0.39296875 0.6046875 0.399609375 0.603125 0.366015625 0.592578125 0.35390625
1 0.57265625 0.518359375 0.57578125 0.483984375 0.57265625 0.444140625 0.57421875 0.408203125 0.561328125 0.39140625 0.500390625 0.3890625 0.490625 0.400390625 0.4953125 0.434765625 0.490625 0.493359375 0.4921875 0.517578125 0.498828125 0.52578125 0.502734375 0.5234375 0.54609375 0.525390625 0.568359375 0.52421875 0.57265625 0.518359375
1 0.24296875 0.589453125 0.23203125 0.551171875 0.219921875 0.5421875 0.213671875 0.5421875 0.2078125 0.549609375 0.2046875 0.564453125 0.21015625 0.600390625 0.216796875 0.60703125 0.240625 0.610546875 0.24375 0.601171875 0.24296875 0.589453125
1 0.42421875 0.430859375 0.41796875 0.425390625 0.41796875 0.409765625 0.4234375 0.392578125 0.412109375 0.38671875 0.400390625 0.3921875 0.369140625 0.3921875 0.361328125 0.39609375 0.3609375 0.400390625 0.365625 0.405859375 0.359375 0.439453125 0.3609375 0.448828125 0.373046875 0.4578125 0.4125 0.459765625 0.42265625 0.455078125 0.42421875 0.430859375
1 0.29609375 0.373046875 0.2953125 0.358203125 0.292578125 0.3546875 0.278515625 0.35390625 0.2625 0.369140625 0.25703125 0.400390625 0.26328125 0.404296875 0.2890625 0.396484375 0.29609375 0.373046875
1 0.59296875 0.355859375 0.58984375 0.341796875 0.58125 0.328515625 0.571484375 0.32109375 0.549609375 0.321875 0.53984375 0.343359375 0.54375 0.361328125 0.556640625 0.3671875 0.58671875 0.368359375 0.590625 0.366015625 0.59296875 0.355859375
1 0.5953125 0.856640625 0.5921875 0.844921875 0.572265625 0.84296875 0.533203125 0.85078125 0.53046875 0.853515625 0.53046875 0.871484375 0.535546875 0.87421875 0.553125 0.873828125 0.592578125 0.86875 0.5953125 0.856640625
1 0.58828125 0.903515625 0.5875 0.896484375 0.576953125 0.89296875 0.533203125 0.8984375 0.53046875 0.902734375 0.53125 0.910546875 0.54296875 0.913671875 0.583984375 0.90859375 0.58828125 0.903515625
2 0.489453125 0.903125 0.484375 0.910546875 0.487890625 0.91484375 0.50078125 0.914453125 0.498046875 0.90234375 0.489453125 0.903125
1 0.297265625 0.8875 0.26171875 0.870703125 0.26171875 0.875390625 0.273046875 0.8875 0.3078125 0.902734375 0.30859375 0.897265625 0.297265625 0.8875
1 0.171875 0.674609375 0.161328125 0.665625 0.153515625 0.66328125 0.15546875 0.683984375 0.16328125 0.702734375 0.176953125 0.71484375 0.18515625 0.717578125 0.18515625 0.704296875 0.171875 0.674609375
1 0.8828125 0.592578125 0.8859375 0.579296875 0.89140625 0.577734375 0.89140625 0.573046875 0.883984375 0.56484375 0.869921875 0.56171875 0.85546875 0.573046875 0.85 0.605078125 0.85078125 0.611328125 0.85703125 0.613671875 0.864453125 0.61015625 0.8828125 0.592578125
1 0.880078125 0.56328125 0.88203125 0.560546875 0.88359375 0.537890625 0.875390625 0.52734375 0.864453125 0.53125 0.8578125 0.540234375 0.85390625 0.557421875 0.85390625 0.569921875 0.85703125 0.571484375 0.870703125 0.5625 0.880078125 0.56328125
1 0.847265625 0.63203125 0.838671875 0.63359375 0.82890625 0.641796875 0.82265625 0.660546875 0.822265625 0.67109375 0.83984375 0.671484375 0.8484375 0.655078125 0.847265625 0.63203125
1 0.778515625 0.56875 0.7859375 0.549609375 0.78515625 0.536328125 0.775390625 0.5296875 0.761328125 0.528125 0.750390625 0.5203125 0.730859375 0.5203125 0.712890625 0.52578125 0.7078125 0.548046875 0.7078125 0.584765625 0.709765625 0.5890625 0.715625 0.589453125 0.765234375 0.5703125 0.778515625 0.56875
1 0.70625 0.533203125 0.712890625 0.52421875 0.737109375 0.51953125 0.76953125 0.522265625 0.7734375 0.515234375 0.7734375 0.499609375 0.76953125 0.486328125 0.762890625 0.47890625 0.751171875 0.475 0.749609375 0.4703125 0.741796875 0.47265625 0.721484375 0.47109375 0.685546875 0.48046875 0.6734375 0.489453125 0.67109375 0.501171875 0.66328125 0.510546875 0.6640625 0.546484375 0.670703125 0.5515625 0.69921875 0.553515625 0.70234375 0.551953125 0.70625 0.533203125
1 0.62421875 0.767578125 0.62734375 0.742578125 0.6421875 0.725390625 0.651171875 0.70625 0.598046875 0.7125 0.58046875 0.725390625 0.5796875 0.773828125 0.586328125 0.78125 0.59375 0.780859375 0.600390625 0.775 0.62421875 0.767578125
1 0.6375 0.819921875 0.634375 0.808203125 0.596484375 0.8125 0.583984375 0.81796875 0.57578125 0.833984375 0.57578125 0.841015625 0.59765625 0.843359375 0.623828125 0.8390625 0.6375 0.819921875
3 0.651171875 0.8671875 0.659765625 0.86953125 0.666796875 0.8671875 0.712890625 0.84453125 0.730078125 0.83125 0.737890625 0.83046875 0.75859375 0.812890625 0.7765625 0.788671875 0.80078125 0.766015625 0.8078125 0.741015625 0.81953125 0.725390625 0.83359375 0.691796875 0.823828125 0.68828125 0.810546875 0.69453125 0.80546875 0.687109375 0.80625 0.675390625 0.8109375 0.667578125 0.81015625 0.658203125 0.80859375 0.649609375 0.79609375 0.641015625 0.788671875 0.58515625 0.777734375 0.58046875 0.763671875 0.58203125 0.719140625 0.61484375 0.69765625 0.638671875 0.68984375 0.656640625 0.6921875 0.662109375 0.68984375 0.667578125 0.67890625 0.678515625 0.67578125 0.687109375 0.65390625 0.705859375 0.64375 0.723828125 0.6328125 0.735546875 0.62265625 0.780078125 0.62421875 0.797265625 0.629296875 0.80546875 0.644140625 0.80703125 0.651953125 0.80078125 0.65390625 0.805859375 0.64453125 0.840234375 0.629296875 0.8453125 0.61953125 0.858984375 0.61875 0.870703125 0.62421875 0.874609375 0.631640625 0.86875 0.651171875 0.8671875
2 0.59609375 0.540234375 0.58984375 0.528515625 0.582421875 0.525 0.57578125 0.527734375 0.571875 0.584765625 0.574609375 0.5890625 0.58515625 0.592578125 0.590625 0.577734375 0.59609375 0.540234375
2 0.2109375 0.408984375 0.208203125 0.403125 0.20390625 0.408203125 0.20078125 0.427734375 0.2015625 0.444140625 0.20546875 0.445703125 0.21015625 0.441015625 0.2109375 0.408984375
2 0.2171875 0.760546875 0.208203125 0.74921875 0.205078125 0.74921875 0.209375 0.763671875 0.22265625 0.782421875 0.23203125 0.788671875 0.23359375 0.784765625 0.2171875 0.760546875
2 0.184375 0.791796875 0.1984375 0.811328125 0.20859375 0.816796875 0.184765625 0.7875 0.184375 0.791796875
1 0.726171875 0.8703125 0.74609375 0.851171875 0.74765625 0.844140625 0.732421875 0.840625 0.709765625 0.8484375 0.659765625 0.8734375 0.640625 0.887109375 0.63671875 0.895703125 0.63671875 0.898828125 0.640625 0.900390625 0.678515625 0.890625 0.726171875 0.8703125
1 0.7796875 0.815234375 0.769921875 0.815625 0.755078125 0.821875 0.72265625 0.843359375 0.746875 0.845703125 0.766796875 0.83203125 0.7796875 0.815234375
1 0.8078125 0.787890625 0.81484375 0.773046875 0.808203125 0.77109375 0.798828125 0.7734375 0.785546875 0.78046875 0.76015625 0.808203125 0.759765625 0.81328125 0.765625 0.812890625 0.800390625 0.7953125 0.8078125 0.787890625
1 0.7875 0.466796875 0.784375 0.451953125 0.772265625 0.4359375 0.738671875 0.434375 0.71875 0.451171875 0.71796875 0.457421875 0.721484375 0.46015625 0.748828125 0.4625 0.776953125 0.4734375 0.775 0.483203125 0.77734375 0.487109375 0.7859375 0.474609375 0.7875 0.466796875
1 0.165625 0.529296875 0.16328125 0.514453125 0.159765625 0.50859375 0.155859375 0.5078125 0.15078125 0.513671875 0.1484375 0.535546875 0.15234375 0.556640625 0.1625 0.560546875 0.16796875 0.555078125 0.165625 0.529296875
1 0.15078125 0.559765625 0.14765625 0.533984375 0.143359375 0.528125 0.137109375 0.5265625 0.12890625 0.534765625 0.1265625 0.544921875 0.128125 0.558203125 0.134765625 0.571875 0.146875 0.575390625 0.15 0.573046875 0.15078125 0.559765625