1 0.794921875 0.45546875 0.80078125 0.450390625 0.803125 0.422265625 0.7953125 0.396484375 0.769921875 0.37265625 0.741796875 0.35390625 0.709765625 0.346875 0.692578125 0.34765625 0.654296875 0.33984375 0.644140625 0.34375 0.63515625 0.354296875 0.63046875 0.368359375 0.63046875 0.379296875 0.6359375 0.396484375 0.644140625 0.40703125 0.658984375 0.4140625 0.667578125 0.425 0.673828125 0.428125 0.687890625 0.428125 0.694140625 0.41875 0.721484375 0.42421875 0.765234375 0.440625 0.76796875 0.443359375 0.76875 0.454296875 0.78125 0.458984375 0.788671875 0.4546875 0.794921875 0.45546875
1 0.16796875 0.623828125 0.1578125 0.523046875 0.1546875 0.512109375 0.141796875 0.50625 0.13515625 0.509765625 0.13203125 0.532421875 0.1328125 0.580078125 0.13671875 0.608203125 0.146875 0.639453125 0.158203125 0.65 0.16953125 0.652734375 0.17265625 0.640234375 0.16796875 0.623828125
1 0.16328125 0.444921875 0.16796875 0.410546875 0.18125 0.366015625 0.184765625 0.33515625 0.176953125 0.33671875 0.165625 0.346484375 0.15234375 0.376171875 0.1375 0.446484375 0.140625 0.462890625 0.14765625 0.464453125 0.15859375 0.455859375 0.16328125 0.444921875
2 0.77265625 0.507421875 0.7765625 0.479296875 0.7640625 0.469140625 0.761328125 0.4625 0.755859375 0.46171875 0.75078125 0.473828125 0.74921875 0.494140625 0.75078125 0.501953125 0.75703125 0.508984375 0.75703125 0.519140625 0.76171875 0.522265625 0.765625 0.520703125 0.77265625 0.507421875
2 0.8203125 0.422265625 0.816015625 0.4203125 0.8125 0.444921875 0.81796875 0.469921875 0.8171875 0.481640625 0.8203125 0.483984375 0.8265625 0.439453125 0.8203125 0.422265625
1 0.315234375 0.86171875 0.274609375 0.834375 0.246484375 0.809375 0.230078125 0.8015625 0.22265625 0.803515625 0.231640625 0.8171875 0.289453125 0.86328125 0.301953125 0.86796875 0.31875 0.868359375 0.3203125 0.866796875 0.315234375 0.86171875
2 0.63828125 0.291015625 0.64453125 0.286328125 0.64453125 0.280859375 0.63984375 0.267578125 0.631640625 0.259375 0.623828125 0.2578125 0.61953125 0.263671875 0.62421875 0.271484375 0.625 0.291796875 0.62890625 0.303515625 0.6328125 0.305859375 0.6359375 0.304296875 0.63828125 0.291015625
2 0.603125 0.255078125 0.592578125 0.2453125 0.587890625 0.2453125 0.584765625 0.2515625 0.573046875 0.25078125 0.57578125 0.255078125 0.57578125 0.269140625 0.584375 0.276171875 0.59921875 0.301953125 0.60859375 0.303515625 0.6125 0.292578125 0.603125 0.255078125
1 0.391796875 0.1484375 0.39765625 0.137890625 0.383984375 0.1375 0.352734375 0.146875 0.325 0.169921875 0.315625 0.184765625 0.31640625 0.188671875 0.31953125 0.188671875 0.358984375 0.1765625 0.391796875 0.1484375
1 0.3046875 0.162890625 0.30625 0.155859375 0.298046875 0.15625 0.282421875 0.1640625 0.25 0.198046875 0.24921875 0.204296875 0.253125 0.204296875 0.280859375 0.18828125 0.3046875 0.162890625
1 0.29921875 0.134765625 0.3 0.130078125 0.291015625 0.13046875 0.273046875 0.14140625 0.25703125 0.158984375 0.25625 0.162109375 0.26015625 0.162890625 0.281640625 0.1515625 0.29921875 0.134765625
2 0.505859375 0.13671875 0.5 0.141015625 0.5 0.144921875 0.5046875 0.153515625 0.5078125 0.153515625 0.51328125 0.141796875 0.505859375 0.13671875
2 0.491015625 0.13984375 0.484765625 0.14140625 0.478125 0.152734375 0.481640625 0.1578125 0.48984375 0.157421875 0.4953125 0.146484375 0.491015625 0.13984375