1 0.3071869491935484 0.6344214556451613 0.2988627475806452 0.652881204032258 0.3109987112903226 0.6899564056451613 0.32576355483870967 0.7088573725806452 0.36237529435483873 0.7239225064516129 0.4142264612903226 0.7286314830645161 0.4239893483870968 0.736592318548387 0.433049575 0.7282588233870968 0.4860446209677419 0.7261730870967742 0.5330810758064516 0.714565489516129 0.5416036427419355 0.6886732709677419 0.5317665588709678 0.6359526161290322 0.5195304983870968 0.61738165 0.5074038290322581 0.6078264225806451 0.39886271048387095 0.6157799467741936 0.38514165 0.6085885024193548 0.3792257185483871 0.6204185370967742 0.3376213161290323 0.6219332483870967 0.31813820241935487 0.6273634733870967 0.3071869491935484 0.6344214556451613
1 0.9095969798387097 0.5510081822580645 0.914380154032258 0.5439168346774194 0.9219905741935484 0.5112187814516129 0.9199141322580645 0.48574371048387094 0.9151105411290322 0.46737110967741935 0.9091185846774194 0.46401732661290324 0.8719988951612904 0.48437739435483873 0.858485493548387 0.4972734548387097 0.8546552983870969 0.5620985362903226 0.8580294975806451 0.5815705282258065 0.874983829032258 0.5758103032258064 0.9095969798387097 0.5510081822580645
1 0.8517540112903226 0.7183454032258064 0.858229845967742 0.7199620387096775 0.85977975 0.7258223604838709 0.8661128290322581 0.7245913346774193 0.8889070669354838 0.6918172564516128 0.8948674854838711 0.6717631169354839 0.8938014596774194 0.6641656467741935 0.8895355290322581 0.6633517685483871 0.8336131411290322 0.7095484451612903 0.8149309564516128 0.7423447677419355 0.8093005370967742 0.7598701241935484 0.8145231032258065 0.7592657338709677 0.8247272088709677 0.7441375250000001 0.8420337838709676 0.7317364645161291 0.8517540112903226 0.7183454032258064
1 0.6398196774193549 0.16268829758064515 0.6544751298387097 0.172573525 0.6730998782258065 0.17963333548387098 0.746896210483871 0.1915782443548387 0.7626844201612903 0.19672478467741936 0.7671487161290322 0.1901061935483871 0.7434348645161291 0.158978460483871 0.7189942822580645 0.1452444491935484 0.6978407508064516 0.13785463951612903 0.6455279491935484 0.13077075806451613 0.6292336177419355 0.1314734177419355 0.6230432959677419 0.13555210483870966 0.6250437129032258 0.14584335725806452 0.6398196774193549 0.16268829758064515
1 0.3606673911290323 0.2502226072580645 0.4424041435483871 0.22694068064516132 0.47090299758064513 0.22140106451612904 0.49542143306451614 0.22074289193548385 0.5039866596774193 0.21620257096774192 0.5005902169354839 0.20084263064516128 0.4954788701612903 0.18088675967741935 0.48651874032258063 0.1707160201612903 0.4477731209677419 0.1700319483870968 0.4012205443548387 0.17990239838709676 0.35695389758064516 0.20575942258064517 0.3493990870967742 0.22817734516129032 0.34977174758064516 0.24700045887096775 0.3606673911290323 0.2502226072580645
1 0.24524258467741933 0.2734804629032258 0.3021531451612903 0.24927343870967741 0.3114006161290323 0.2355634991935484 0.32014379193548387 0.19812675967741936 0.317153375 0.1954218548387097 0.2943498427419355 0.20067595806451613 0.23928582177419355 0.23438260000000002 0.22815844677419353 0.2447609991935484 0.22304527177419356 0.25438112983870964 0.21607260887096771 0.2861336701612903 0.22318619999999997 0.2868047927419355 0.24524258467741933 0.2734804629032258
1 0.16390637419354837 0.39814542822580645 0.1631796427419355 0.4155391508064516 0.16707108548387098 0.4271059169354839 0.18159490322580646 0.4320874572580645 0.1948320862903226 0.4410160491935484 0.22841074838709677 0.4320243814516129 0.23741719435483868 0.40439501532258065 0.2463235427419355 0.395269885483871 0.2495790572580645 0.3782061629032258 0.2448514919354839 0.37501737983870964 0.27788137258064516 0.3505230153225807 0.2797519830645161 0.32633457983870967 0.2766744185483871 0.31050188306451615 0.28021544596774195 0.29913348306451615 0.2769728814516129 0.28456517822580646 0.27319082903225805 0.2820141516129032 0.25641261935483867 0.2844539596774194 0.24752851451612903 0.2894670370967742 0.24242646129032258 0.2970311419354839 0.21335475483870966 0.32075611532258064 0.17308894112903225 0.36719564516129033 0.166546375 0.3779151669354839 0.16390637419354837 0.39814542822580645
1 0.19194907661290322 0.3015029040322581 0.19233468548387098 0.28869399032258064 0.17647974596774194 0.2958836072580645 0.1437020120967742 0.3322413725806452 0.13292505322580644 0.3655549387096774 0.13347383467741936 0.3810576346774193 0.13693700887096774 0.3840814177419355 0.14375396532258064 0.38111324435483873 0.1817876306451613 0.33798300967741934 0.19194907661290322 0.3015029040322581
1 0.5776018532258065 0.8463958451612904 0.5825611491935484 0.8359840798387097 0.5814951241935483 0.8283866096774193 0.5749098983870968 0.8177542354838709 0.5648058887096774 0.8143782088709678 0.5480499233870968 0.8127059637096774 0.5356915225806451 0.816751285483871 0.5337448870967741 0.8257559032258065 0.5408677725806451 0.853947 0.5693555048387097 0.850463410483871 0.5776018532258065 0.8463958451612904
1 0.43618655967741937 0.8500593677419354 0.45687845645161285 0.8550742733870967 0.5141171887096774 0.8579144685483872 0.526783345967742 0.8554524169354839 0.5276417120967741 0.842962381451613 0.5218258774193548 0.8362881806451614 0.5218926080645161 0.8239520241935484 0.5177916782258065 0.821873754032258 0.4564408927419355 0.8190113153225806 0.4225767169354839 0.8223076612903226 0.4154408822580645 0.8257485919354839 0.4253131596774194 0.8427251669354839 0.43618655967741937 0.8500593677419354
1 0.3041744435483871 0.8112285846774193 0.3172355040322581 0.8234775943548387 0.35774980887096774 0.8480534677419355 0.38457641774193546 0.8592698177419356 0.4144379322580645 0.8649669669354838 0.4247291846774193 0.86296655 0.43088614112903223 0.865055941935484 0.4339432895161291 0.855424689516129 0.4229271330645162 0.8452428274193549 0.40729280241935484 0.8408879225806452 0.3680206451612903 0.8205891016129032 0.33492768870967743 0.798267620967742 0.30858495806451613 0.7853141233870968 0.29529216612903225 0.7866656612903226 0.29524767903225807 0.7948897661290323 0.3041744435483871 0.8112285846774193
1 0.2334686241935484 0.7834843443548387 0.234128625 0.778426779032258 0.20854599112903227 0.7419114806451613 0.19481380806451612 0.7367760620967742 0.1800155991935484 0.7240431741935484 0.16754780806451613 0.7190727556451613 0.16797607741935483 0.7276157387096774 0.1932620766129032 0.7604917411290323 0.22210022419354836 0.7799433177419355 0.2334686241935484 0.7834843443548387
1 0.17029537258064514 0.7374342346774193 0.15243072096774193 0.7068126233870967 0.13792914677419355 0.697719031451613 0.13302545967741936 0.6978506653225807 0.13329985080645163 0.7056020137096775 0.15165950241935483 0.7324304508064516 0.16710658951612903 0.7421618 0.1710647637096774 0.7413924088709678 0.17029537258064514 0.7374342346774193
2 0.17067717096774193 0.6083773419354839 0.15757162258064517 0.6043524370967742 0.15217293548387095 0.6082772459677419 0.15212844758064517 0.6165013500000001 0.1593736741935484 0.6220761596774194 0.16790553548387097 0.6237039169354839 0.17837290967741937 0.6183830822580645 0.17067717096774193 0.6083773419354839
2 0.18514355161290322 0.6532150145161291 0.17554566451612905 0.6439897879032258 0.17338024758064516 0.6349629258064516 0.15961469919354837 0.6359955862903226 0.1567447943548387 0.6402503951612903 0.16491329032258065 0.6505750137096774 0.18072374274193548 0.6516095016129032 0.1838680387096774 0.6551060403225807 0.18514355161290322 0.6532150145161291
3 0.8309508967741936 0.7338907596774193 0.8140614685483871 0.756890829032258 0.8104110508064516 0.759243489516129 0.8044302161290323 0.7538336806451613 0.7962061112903226 0.7537891927419355 0.7671566475806452 0.7734021137096775 0.7403726983870967 0.783537660483871 0.6997342258064516 0.8111540766129032 0.6850009201612903 0.8156610330645161 0.6603935096774194 0.832767414516129 0.6164791064516129 0.8519836040322581 0.5833843217741935 0.8592381241935483 0.5697281645161291 0.8692865241935483 0.5478701459677419 0.8751783838709677 0.5438229967741935 0.8923959846774193 0.5365444048387097 0.8929892540322582 0.5251982483870967 0.8853361741935483 0.49260958629032253 0.8867414943548387 0.4851882379032258 0.8844871024193548 0.48632099516129035 0.8797484153225806 0.46833400322580643 0.8717430927419354 0.44447556774193553 0.8673436991935484 0.4209026451612903 0.868639629032258 0.38424641774193546 0.8617986 0.3720641387096774 0.8625235040322581 0.3661926951612903 0.8661294338709679 0.3654770854838709 0.8814671306451614 0.3752399725806452 0.8894279661290322 0.38007692822580647 0.9016324887096775 0.3871682766129032 0.9064156629032258 0.4122799814516129 0.9130360822580644 0.4532243830645161 0.9165789370967743 0.45811694838709677 0.9185033282258064 0.4596334862903226 0.930531729032258 0.47099076532258066 0.9361287822580645 0.5206209056451613 0.9420910290322582 0.5334409411290323 0.9404206120967742 0.5367391153225807 0.9447087862903226 0.5399278983870968 0.939981220967742 0.5525718120967742 0.9416312217741936 0.6285687548387097 0.9268589129032258 0.6541865822580646 0.927630131451613 0.686973610483871 0.9187923419354839 0.733746795967742 0.8973773693548387 0.764687285483871 0.8790399620967743 0.7951661403225807 0.85832765 0.8148921072580646 0.83724085 0.848044329032258 0.7901301975806452 0.8747207153225807 0.741402910483871 0.8901158483870969 0.7022623879032258 0.8915804330645162 0.6654189161290323 0.8868306241935483 0.666342185483871 0.8769565185483872 0.6789416120967742 0.8606177 0.6878683766129032 0.8483353250000001 0.7070975161290323 0.8508418637096774 0.7115395685483871 0.8481147153225806 0.7186420379032258 0.8399888798387097 0.7296693161290322 0.8309508967741936 0.7338907596774193