1 0.2704819416809605 0.6083975634648371 0.2605945660377359 0.6140598602058319 0.26705148027444253 0.6259842813036021 0.28159937392795886 0.6887338430531733 0.2883051852487135 0.697130923670669 0.32323075385934824 0.7001166680960549 0.3596476475128645 0.6967434090909091 0.36357281217838766 0.6943095703259006 0.36421953430531734 0.6880994922813036 0.34882703687821615 0.6254988567753001 0.3474887615780446 0.603092385077187 0.3335783113207547 0.6007554245283019 0.321507024871355 0.5915626955403087 0.27252001886792454 0.6002004262435677 0.2704819416809605 0.6083975634648371
1 0.46679120926243567 0.47711711663807893 0.457896332761578 0.49087760977701544 0.4437859391080617 0.497284537735849 0.45098748542024014 0.5134319768439108 0.4570914056603773 0.5628657624356775 0.4676193173241853 0.5954085085763293 0.47884806174957123 0.5899451243567754 0.5671336114922813 0.576990590051458 0.5808951355060034 0.5784829468267582 0.5817438627787307 0.5487239408233275 0.5669470711835335 0.4895017204116638 0.5713700317324185 0.4800131998284734 0.5692840317324185 0.47559126929674095 0.5536343885077187 0.47573813379073754 0.543947986277873 0.4652540214408233 0.5340616415094339 0.46351379759862776 0.46679120926243567 0.47711711663807893
1 0.6449494828473413 0.47008717924528304 0.6374969768439108 0.4722721200686107 0.6353599596912521 0.4774386818181818 0.6403276089193825 0.4809170677530017 0.6394319888507719 0.49065448627787306 0.647822884219554 0.5283637933104631 0.660536768439108 0.5609565248713551 0.6661001234991424 0.5678133250428816 0.6859738156089193 0.5595193087478558 0.7239809759862779 0.5528176209262435 0.7386370891938251 0.5519750797598627 0.7483245214408233 0.5550566715265867 0.7509093490566038 0.5450214005145798 0.747237205831904 0.514317819897084 0.7322384090909091 0.47864452658662093 0.7316937204116638 0.46567762092624354 0.7196224348198971 0.4564848910806175 0.7089414716981133 0.45270762178387647 0.6593587598627787 0.45796693825042883 0.6449494828473413 0.47008717924528304
1 0.46943992452830186 0.7217980969125214 0.46710399485420234 0.7283060274442539 0.4726652881646656 0.7499678670668953 0.4857769974271012 0.7798778610634648 0.5007278704974271 0.8029320866209262 0.5158307624356775 0.8046233559176672 0.599247602915952 0.7912210111492282 0.6035705926243569 0.786104434819897 0.605361833619211 0.7666295977701544 0.5872355823327615 0.7132196303602059 0.5762078121783876 0.7025366054888508 0.5506228687821612 0.6957266989708404 0.5268250428816467 0.6990520343053173 0.47788699142367064 0.7129063130360206 0.46943992452830186 0.7217980969125214
1 0.35520612864493994 0.8394772873070325 0.3660329245283019 0.8663067195540309 0.37576828130360207 0.8820073799313893 0.3833686818181818 0.8880695626072042 0.444773782161235 0.8955303156089193 0.4668324150943396 0.8946888053173242 0.46802588850771865 0.8866405934819898 0.44890404545454543 0.8473399888507719 0.45273027015437395 0.8418755737564323 0.42173089794168095 0.8290534699828473 0.38615963893653515 0.8248752830188679 0.37120567238421953 0.8240286174957119 0.3449729759862779 0.8308313078902231 0.35520612864493994 0.8394772873070325
1 0.5240704511149228 1 0.5271316423670669 0.99465606432247 0.5100937375643225 0.9745824288164665 0.43234331732418524 0.9682620694682675 0.41848182161234987 0.9711416569468266 0.4192264536878216 0.9753646749571183 0.42990741595197257 0.9791419442538594 0.4400905823327616 0.9899738953687821 0.4578751809605489 0.9994655085763293 0.464902755574614 1 0.5240704511149228 1
1 0.6060337975986277 0.9358940248713552 0.6127365171526586 0.966498665523156 0.63991275728988 0.9625776243567754 0.6842799528301886 0.94996474271012 0.7026633499142367 0.9406272101200686 0.7045025145797599 0.9337714416809606 0.7004815017152659 0.9109671449399658 0.695166012864494 0.9079855240137221 0.684186167238422 0.9099215677530018 0.6244171955403088 0.9265564931389365 0.6060337975986277 0.9358940248713552
1 0.2686149408233276 0.8151213696397942 0.27870019811320756 0.8155202246998284 0.27125181646655233 0.7880950866209262 0.25342135591766723 0.7511793653516295 0.23037125471698114 0.7365201595197256 0.20751800343053173 0.7353246243567753 0.21412075042881645 0.7703012092624356 0.22792813636363637 0.7992176732418524 0.250333577186964 0.8052819176672384 0.2686149408233276 0.8151213696397942
1 0.28177869725557464 0.8280403516295025 0.25982209777015436 0.8097048782161236 0.22802707718696397 0.8022482487135506 0.2396974459691252 0.8363312753001716 0.2534069219554031 0.8548146440823328 0.26736632761578044 0.8623681518010291 0.30547036620926243 0.8735020797598628 0.28177869725557464 0.8280403516295025
1 0.34818803087478556 0.9330262770154374 0.32429641852487134 0.8963084373927959 0.31073483790737566 0.8860721921097771 0.2661728542024014 0.8704163636363637 0.25906818696397943 0.8721045394511149 0.2795324296740995 0.9042015368782161 0.297514909948542 0.9197543010291594 0.34008983361921097 0.9340187761578044 0.34818803087478556 0.9330262770154374
1 0.3712340077186964 0.977295563464837 0.3828595454545454 0.976551962264151 0.381619179245283 0.9645785857632933 0.3665662727272727 0.9607013447684392 0.3361646680960549 0.9364526157804459 0.2974149382504288 0.9241262452830188 0.29199947855917663 0.9255165686106347 0.30431760034305316 0.9459869974271012 0.3259763473413379 0.9626332641509434 0.3712340077186964 0.977295563464837
1 0.4093149554030875 1 0.39845714065180105 0.9933961097770155 0.3499699922813036 0.9801741192109777 0.3373509245283019 0.9802220428816467 0.3553112109777015 1 0.4093149554030875 1
1 0.18307036192109777 0.7670675969125214 0.1787514965694683 0.7425740943396226 0.16673328987993138 0.7089878327615781 0.15401631217838765 0.6986026612349914 0.1389134193825043 0.6969113919382505 0.13915922469982847 0.7155916106346484 0.14948822469982848 0.7494757246998285 0.1605159948542024 0.7601587495711836 0.18307036192109777 0.7670675969125214
1 0.20228805317324186 0.8316063379073757 0.20536861492281303 0.8293214245283019 0.19826704030874787 0.8088020411663808 0.18118121183533448 0.7761093387650085 0.15490162264150945 0.7628904416809605 0.15336031132075473 0.7714354176672384 0.1678123576329331 0.8089468439108062 0.18778189708404802 0.8258909631217839 0.20228805317324186 0.8316063379073757
1 0.2147551012006861 0.8529213696397941 0.19453666380789023 0.8395045917667239 0.18181865523156088 0.8365219391080617 0.18926806861063464 0.8565445583190394 0.2039710746140652 0.8757236037735848 0.22771685248713552 0.8893892804459691 0.23894456603773587 0.8913284159519725 0.2147551012006861 0.8529213696397941
1 0.2511756200686106 0.46680304888507723 0.2547498533447684 0.4870735343053173 0.26056210720411666 0.49040299399656945 0.2703005566037736 0.48389609433962266 0.3128296183533448 0.470736462264151 0.31561438850771867 0.45195730274442536 0.31154648370497423 0.40913141852487134 0.3034993027444254 0.40053542624356775 0.2648454202401372 0.4134471912521441 0.25028618610634645 0.43212534819897086 0.2511756200686106 0.46680304888507723
1 0.4344679957118353 0.33825326329331046 0.4040622675814751 0.34361461320754716 0.3859277684391081 0.34942480445969126 0.36689764922813034 0.3649724142367067 0.36446277873070326 0.368449769296741 0.3685858250428817 0.37207708147512863 0.36873062778730703 0.4025317641509434 0.3758322015437393 0.42305114837049745 0.38219120583190397 0.424542474271012 0.42104400085763294 0.4102893396226415 0.44384829674099485 0.4062683267581475 0.4589511895368782 0.40795959605488846 0.46133710463121785 0.39926569382504284 0.4588563730703259 0.3753189408233276 0.4470850017152659 0.35301037907375643 0.4523525660377358 0.3433729322469983 0.4344679957118353 0.33825326329331046
1 0.4867344759862779 0.3259892504288165 0.5058594125214408 0.3430822958833619 0.5214601003430531 0.33771888421955404 0.55976511406518 0.33270640308747856 0.5686579288164666 0.3337509502572899 0.5742712701543738 0.3384217778730703 0.5792409811320754 0.3270951243567753 0.5755667761578045 0.3111965831903945 0.5620062264150943 0.29355781732418523 0.5449173053173242 0.28307267409948544 0.50378062864494 0.28684272727272725 0.48326021440823325 0.30134682075471697 0.4817688885077187 0.30770582504288163 0.4867344759862779 0.3259892504288165
1 0.3190582538593482 0.3381378267581475 0.32144107632933105 0.35165148370497423 0.32412381303602056 0.352049307890223 0.34086798885077185 0.34082365694682676 0.3656103902229846 0.33297745025728986 0.38533412521440824 0.33124135077186967 0.38816888164665525 0.31027621869639793 0.37734208490566035 0.28344678644939963 0.33550870068610633 0.29561288850771866 0.3213972761578045 0.3094223370497427 0.3190582538593482 0.3381378267581475
1 0.26008905488850775 0.31979719897084047 0.2540747958833619 0.34001666723842194 0.2543216320754717 0.35129436620926247 0.2578489725557461 0.3515432641509434 0.2722082641509434 0.34160899571183534 0.29342332504288166 0.33351389193825043 0.2999833036020583 0.31885880960548885 0.29879395368782163 0.29729694082332764 0.29347846569468267 0.2943153198970841 0.2850324296740995 0.29580458404802745 0.2687850188679245 0.3073780737564322 0.26008905488850775 0.31979719897084047
1 0.5118819185248714 0.2636426689536878 0.5394549519725557 0.26444140994854204 0.5351850420240137 0.24516445454545457 0.5274856998284734 0.23607169639794168 0.5098500274442539 0.2274246869639794 0.481431359348199 0.23417739193825043 0.47049943653516296 0.24873250257289883 0.4728822590051458 0.2622461595197256 0.48008483619210973 0.27099107890222984 0.5118819185248714 0.2636426689536878
1 0.3735679082332761 0.27192018953687824 0.3742125686106347 0.28051515094339624 0.3834032367066896 0.2832489048027444 0.41018268353344767 0.2746080814751286 0.4314466989708405 0.2717295248713551 0.434926115780446 0.2593593550600343 0.4308540866209262 0.24614355060034304 0.421415551457976 0.23953461749571184 0.3841530231560892 0.2504593233276158 0.37431460205831907 0.26133816723842196 0.3735679082332761 0.27192018953687824
1 0.6232186003430531 0.257944820754717 0.6565539013722127 0.2642589939965695 0.6667870540308748 0.27290497255574614 0.6873553919382503 0.2710199459691252 0.7175111912521441 0.27658845626072043 0.7185557384219554 0.267695641509434 0.7143837375643225 0.25885178130360204 0.6784177469982847 0.2351487718696398 0.6426975608919383 0.23012598198970838 0.6149745694682676 0.23588515608919386 0.6125396998284733 0.2393625111492281 0.617456332761578 0.25242938850771873 0.6232186003430531 0.257944820754717
1 0.12687974785591769 0.7743629288164666 0.12345444082332761 0.7549370471698114 0.10701533447684392 0.7160342658662092 0.09703004888507719 0.7112634665523156 0.09404842881646655 0.7165789545454546 0.09747373584905661 0.7360048370497427 0.1095919142367067 0.765219153516295 0.11565203430531731 0.7724237924528302 0.12687974785591769 0.7743629288164666
1 0.13080078902229847 0.8015391689536878 0.11992194511149229 0.7917007478559176 0.1165435308747856 0.7922964536878216 0.12751822212692968 0.8273730102915953 0.1436125831903945 0.8445649957118353 0.15106405746140653 0.8497825746140653 0.15762197427101202 0.8499325317324186 0.13080078902229847 0.8015391689536878
1 0.11281727787307033 0.7933889245283019 0.10139271440823328 0.7779861166380789 0.09538154888507719 0.775998025728988 0.09428701629502573 0.7870768130360206 0.10576053516295025 0.8076961680960549 0.1166383473413379 0.8249371089193825 0.1269714716981132 0.8292111432246998 0.11281727787307033 0.7933889245283019
1 0.14514874013722126 0.8730326192109777 0.12731518610634648 0.8583244579759863 0.13292646569468267 0.8778003259005146 0.14902082590051458 0.8949923113207546 0.16461945283018867 0.9044339391080617 0.1634280411663808 0.8976771106346484 0.14514874013722126 0.8730326192109777
1 0.08883394253859347 0.7018228696397941 0.07850288078902229 0.6827437958833619 0.07363417152658662 0.6822959854202401 0.07169503516295025 0.6935236989708405 0.07601390051457976 0.7180172024013722 0.08560033104631218 0.7328732590051458 0.09479099828473413 0.7356070128644939 0.08883394253859347 0.7018228696397941
1 0.4224101123499142 0.23282777530017154 0.44794713207547177 0.22701861492281306 0.4506308996569468 0.22001391938250428 0.44516751629502577 0.20878517495711835 0.43816282075471696 0.2061014065180103 0.4122779631217839 0.21240733276157805 0.402637422813036 0.22934732761578047 0.4035309811320755 0.23441494854202402 0.4224101123499142 0.23282777530017154
1 0.5404088061749571 0.19329786106346486 0.5084138421955403 0.1945851192109777 0.4981286423670669 0.2029301526586621 0.5087585883361921 0.2162959142367067 0.555608577186964 0.21282474528301887 0.5515365480274443 0.1996089408233276 0.5404088061749571 0.19329786106346486
1 0.4747296715265866 0.19617023156089194 0.47383714408233274 0.183700090051458 0.4655410660377358 0.17863143739279588 0.4411964888507719 0.18379490651801028 0.435978909948542 0.19124638164665522 0.43577896740994854 0.19999027015437393 0.44650991509433957 0.20158156689536877 0.4747296715265866 0.19617023156089194
1 0.36413452915951977 0.22829865694682677 0.3902182984562607 0.2206513627787307 0.3972740111492281 0.21374663893653514 0.39732502744425385 0.20415814665523155 0.39186061320754717 0.20033192281303602 0.3669692855917667 0.20733352487135506 0.35563953859348196 0.22457137307032587 0.3578744656946827 0.22983790651801028 0.36413452915951977 0.22829865694682677
1 0.28150612006861064 0.28815316638078897 0.30923014236706686 0.2749914716981132 0.31509444339622644 0.26132991938250427 0.31400300428816463 0.2502011466552316 0.3030731432246998 0.24995121783876503 0.2866768061749571 0.26068010377358486 0.27465138250428817 0.2789114819897084 0.27643849914236707 0.28904672469982845 0.28150612006861064 0.28815316638078897
1 0.29601846226415096 0.24945342195540307 0.3024274519725557 0.24875877530017151 0.3309960780445969 0.23544815437392796 0.3363625831903945 0.22884128387650085 0.33571792281303603 0.22024632161234992 0.32955783018867923 0.2174136269296741 0.32195639879931387 0.21875396483704976 0.3076470926243568 0.2265022615780446 0.2956216689536878 0.24473363893653516 0.29601846226415096 0.24945342195540307
1 0.3432214451114923 0.2084728885077187 0.360859179245283 0.20231485849056605 0.367617038593482 0.1937209271012007 0.36602780274442537 0.18964683619210976 0.3532598087478559 0.18885015608919384 0.339646180102916 0.19560492281303604 0.33179481903945107 0.20787512092624358 0.3335829674099485 0.21060784391080617 0.3432214451114923 0.2084728885077187
1 0.451673384219554 0.22592614408233277 0.4543051046312178 0.2359124605488851 0.4637436397941681 0.2425213936535163 0.46831449571183537 0.24127999656946825 0.49012629331046315 0.2291607873070326 0.503491024013722 0.22593336106346482 0.5054791140651801 0.21992219554030876 0.5024495694682676 0.2126186166380789 0.4909240034305317 0.20899027272727272 0.46896431132075467 0.21286235934819897 0.4538104022298456 0.22075958233276155 0.451673384219554 0.22592614408233277