1 0.362109375 0.7828125 0.435546875 0.76015625 0.443359375 0.76875 0.457421875 0.765625 0.46875 0.745703125 0.484375 0.733984375 0.4859375 0.721484375 0.48203125 0.698828125 0.4671875 0.659765625 0.46796875 0.644140625 0.462890625 0.63828125 0.423828125 0.61953125 0.394140625 0.6125 0.379296875 0.61484375 0.354296875 0.625 0.320703125 0.6421875 0.309765625 0.65234375 0.299609375 0.64921875 0.28984375 0.651953125 0.28984375 0.662890625 0.2734375 0.677734375 0.25859375 0.712109375 0.25859375 0.732421875 0.26640625 0.748828125 0.298828125 0.7734375 0.323046875 0.78671875 0.35078125 0.794140625 0.357421875 0.79296875 0.362109375 0.7828125
1 0.655078125 0.83984375 0.725390625 0.78984375 0.759375 0.757421875 0.7734375 0.737109375 0.7859375 0.705078125 0.78671875 0.692578125 0.778515625 0.68828125 0.757421875 0.6875 0.743359375 0.6953125 0.706640625 0.73125 0.641796875 0.78125 0.607421875 0.815625 0.5921875 0.826171875 0.58203125 0.843359375 0.590234375 0.84765625 0.60078125 0.847265625 0.635546875 0.84453125 0.655078125 0.83984375
1 0.875 0.598046875 0.89609375 0.544921875 0.9 0.500390625 0.89609375 0.492578125 0.888671875 0.48671875 0.8796875 0.491015625 0.84765625 0.587890625 0.846875 0.598828125 0.85 0.606640625 0.855078125 0.61015625 0.8640625 0.610546875 0.86953125 0.608203125 0.875 0.598046875
1 0.687890625 0.6265625 0.696484375 0.62421875 0.7046875 0.615234375 0.719140625 0.5875 0.743359375 0.57265625 0.764453125 0.55078125 0.780078125 0.5484375 0.7875 0.538671875 0.79765625 0.498828125 0.79765625 0.472265625 0.787109375 0.45859375 0.764453125 0.43984375 0.745703125 0.4359375 0.721484375 0.43828125 0.694921875 0.453125 0.658984375 0.4859375 0.651171875 0.490625 0.648828125 0.4859375 0.644140625 0.4859375 0.6421875 0.502734375 0.60390625 0.537890625 0.5921875 0.556640625 0.5859375 0.576171875 0.5859375 0.594921875 0.5921875 0.606640625 0.600390625 0.6078125 0.612109375 0.6171875 0.631640625 0.6203125 0.640234375 0.625 0.66015625 0.626953125 0.675390625 0.621875 0.687890625 0.6265625
1 0.80234375 0.341796875 0.7953125 0.316015625 0.757421875 0.2796875 0.733203125 0.265625 0.73046875 0.269921875 0.73125 0.283984375 0.74296875 0.323828125 0.75234375 0.330859375 0.761328125 0.34375 0.767578125 0.346875 0.78984375 0.348828125 0.798828125 0.34609375 0.80234375 0.341796875
1 0.719140625 0.26171875 0.673046875 0.24765625 0.655078125 0.246875 0.64609375 0.251953125 0.64375 0.258203125 0.6453125 0.269140625 0.659765625 0.2859375 0.668359375 0.2828125 0.677734375 0.28671875 0.73046875 0.316015625 0.73203125 0.313671875 0.719140625 0.26171875
2 0.74609375 0.376953125 0.75 0.368359375 0.73984375 0.348046875 0.729296875 0.340625 0.72109375 0.354296875 0.72578125 0.384765625 0.7234375 0.416015625 0.71875 0.429296875 0.722265625 0.43125 0.7265625 0.428515625 0.7328125 0.408203125 0.737890625 0.40546875 0.74140625 0.428515625 0.74609375 0.434765625 0.74921875 0.433203125 0.74609375 0.376953125
2 0.2765625 0.648046875 0.265625 0.632421875 0.2640625 0.619921875 0.254296875 0.61328125 0.25 0.619921875 0.25 0.641796875 0.25546875 0.670703125 0.2609375 0.681640625 0.26171875 0.694921875 0.2640625 0.695703125 0.2765625 0.670703125 0.2765625 0.648046875
2 0.22890625 0.675390625 0.21328125 0.642578125 0.207421875 0.6375 0.2046875 0.639453125 0.20390625 0.662109375 0.209375 0.669921875 0.22578125 0.715234375 0.232421875 0.72109375 0.2375 0.721484375 0.23984375 0.718359375 0.22890625 0.675390625
2 0.23203125 0.639453125 0.2234375 0.627734375 0.21953125 0.616015625 0.213671875 0.61328125 0.2109375 0.616015625 0.20859375 0.635546875 0.2140625 0.647265625 0.2125 0.654296875 0.22421875 0.666796875 0.234375 0.694921875 0.240234375 0.6921875 0.24453125 0.695703125 0.2359375 0.669921875 0.23203125 0.639453125
1 0.46484375 0.529296875 0.4625 0.500390625 0.46875 0.483984375 0.466796875 0.4796875 0.455078125 0.4796875 0.445703125 0.475 0.399609375 0.46796875 0.383984375 0.45390625 0.365234375 0.4515625 0.354296875 0.453125 0.34921875 0.466015625 0.33046875 0.477734375 0.32890625 0.491015625 0.340234375 0.50078125 0.355859375 0.5015625 0.372265625 0.4921875 0.375390625 0.49296875 0.37578125 0.499609375 0.38359375 0.508984375 0.388671875 0.53046875 0.396484375 0.52734375 0.435546875 0.540625 0.44296875 0.540234375 0.459765625 0.534375 0.46484375 0.529296875
1 0.375 0.419140625 0.38046875 0.412109375 0.38125 0.380078125 0.377734375 0.3765625 0.366796875 0.37578125 0.34453125 0.380859375 0.34375 0.369140625 0.34765625 0.357421875 0.34375 0.351953125 0.34453125 0.337109375 0.340234375 0.3359375 0.31796875 0.361328125 0.31796875 0.373046875 0.30625 0.397265625 0.310546875 0.40625 0.322265625 0.40859375 0.326171875 0.41328125 0.335546875 0.4125 0.33984375 0.416015625 0.3421875 0.431640625 0.34921875 0.439453125 0.35078125 0.451171875 0.35703125 0.451953125 0.36640625 0.448046875 0.375 0.419140625
1 0.23515625 0.477734375 0.228125 0.455078125 0.234375 0.433984375 0.233203125 0.4296875 0.21875 0.445703125 0.21171875 0.466796875 0.22421875 0.530078125 0.22734375 0.537109375 0.23203125 0.537890625 0.23671875 0.523046875 0.23515625 0.477734375
1 0.38125 0.573828125 0.376953125 0.56953125 0.361328125 0.56796875 0.35703125 0.556640625 0.348828125 0.54921875 0.338671875 0.55 0.333984375 0.559375 0.32734375 0.555859375 0.32265625 0.541796875 0.32421875 0.528515625 0.3375 0.512109375 0.334765625 0.50703125 0.330078125 0.50703125 0.304296875 0.51953125 0.29921875 0.526171875 0.2984375 0.534765625 0.30234375 0.545703125 0.3015625 0.573828125 0.29921875 0.576953125 0.313671875 0.58515625 0.318359375 0.58515625 0.326953125 0.57890625 0.34765625 0.598046875 0.35625 0.616015625 0.36171875 0.619140625 0.37734375 0.612109375 0.38125 0.573828125
3 0.73671875 0.301953125 0.73203125 0.269140625 0.733984375 0.265625 0.744921875 0.26953125 0.75546875 0.266796875 0.75703125 0.250390625 0.75390625 0.234765625 0.7390625 0.212109375 0.723046875 0.19453125 0.697265625 0.178125 0.672265625 0.175 0.66484375 0.183984375 0.66875 0.200390625 0.683203125 0.2203125 0.70703125 0.237890625 0.71015625 0.250390625 0.7203125 0.264453125 0.721875 0.277734375 0.71953125 0.282421875 0.72421875 0.288671875 0.728125 0.313671875 0.7328125 0.319140625 0.74453125 0.368359375 0.7484375 0.369140625 0.753125 0.353515625 0.73671875 0.301953125
1 0.175 0.627734375 0.175 0.608984375 0.16796875 0.598828125 0.16796875 0.587890625 0.161328125 0.58984375 0.149609375 0.58046875 0.15 0.601953125 0.1609375 0.637109375 0.1734375 0.662890625 0.18125 0.666796875 0.18203125 0.658203125 0.175 0.627734375
2 0.43828125 0.281640625 0.44296875 0.269921875 0.43984375 0.258984375 0.430078125 0.2484375 0.41484375 0.263671875 0.42578125 0.286328125 0.428125 0.308984375 0.43203125 0.310546875 0.4359375 0.308203125 0.43828125 0.281640625
1 0.93515625 0.452734375 0.9328125 0.442578125 0.926171875 0.4375 0.92265625 0.455078125 0.92109375 0.499609375 0.9234375 0.508203125 0.93046875 0.513671875 0.93515625 0.487890625 0.93515625 0.452734375
1 0.915625 0.425390625 0.91328125 0.415234375 0.901953125 0.4046875 0.89765625 0.416015625 0.896875 0.448828125 0.9015625 0.466796875 0.90625 0.474609375 0.9109375 0.476171875 0.915625 0.449609375 0.915625 0.425390625
1 0.737109375 0.84453125 0.778125 0.804296875 0.79609375 0.780859375 0.80390625 0.776171875 0.83046875 0.737109375 0.822265625 0.73671875 0.805859375 0.74453125 0.759765625 0.79296875 0.67109375 0.866796875 0.673828125 0.8703125 0.68359375 0.869921875 0.715234375 0.859375 0.737109375 0.84453125