2 0.48671875 0.642578125 0.496875 0.623828125 0.4984375 0.611328125 0.513671875 0.6078125 0.520703125 0.5890625 0.530078125 0.59296875 0.53515625 0.590234375 0.5234375 0.564453125 0.504296875 0.54375 0.4953125 0.546484375 0.48125 0.569921875 0.4796875 0.597265625 0.48359375 0.608984375 0.47890625 0.620703125 0.46953125 0.670703125 0.47421875 0.673828125 0.48046875 0.669140625 0.48671875 0.642578125
1 0.449609375 0.2671875 0.45703125 0.247265625 0.4671875 0.235546875 0.46875 0.211328125 0.458203125 0.20625 0.441796875 0.20625 0.411328125 0.209375 0.401953125 0.21328125 0.383984375 0.23203125 0.375 0.235546875 0.37578125 0.240234375 0.3640625 0.258984375 0.36171875 0.270703125 0.363671875 0.2765625 0.371875 0.276171875 0.407421875 0.27421875 0.449609375 0.2671875
1 0.431640625 0.20625 0.459765625 0.20625 0.470703125 0.209375 0.4828125 0.191796875 0.48515625 0.177734375 0.472265625 0.1671875 0.441796875 0.16875 0.422265625 0.18046875 0.4 0.202734375 0.39765625 0.212890625 0.40078125 0.214453125 0.408203125 0.21015625 0.431640625 0.20625
1 0.51640625 0.159765625 0.505078125 0.14765625 0.476171875 0.14765625 0.45703125 0.161328125 0.458984375 0.16640625 0.472265625 0.1671875 0.486328125 0.178125 0.5078125 0.179296875 0.515625 0.167578125 0.51640625 0.159765625
2 0.1703125 0.549609375 0.17109375 0.510546875 0.16796875 0.491015625 0.162890625 0.48515625 0.15859375 0.505078125 0.15859375 0.523046875 0.1640625 0.561328125 0.1671875 0.568359375 0.17109375 0.569921875 0.1734375 0.568359375 0.1703125 0.549609375
2 0.146875 0.494140625 0.143359375 0.48828125 0.13828125 0.503515625 0.13828125 0.520703125 0.1421875 0.558203125 0.144140625 0.5609375 0.14921875 0.560546875 0.14921875 0.519921875 0.146875 0.494140625
2 0.132421875 0.48515625 0.1296875 0.487890625 0.12734375 0.507421875 0.13125 0.549609375 0.133203125 0.55390625 0.1359375 0.553515625 0.13671875 0.508203125 0.132421875 0.48515625
1 0.07421875 0.530859375 0.06953125 0.517578125 0.062890625 0.5140625 0.05546875 0.528515625 0.05546875 0.544140625 0.0609375 0.560546875 0.070703125 0.5703125 0.075 0.569921875 0.0765625 0.545703125 0.07421875 0.530859375
1 0.261328125 0.8390625 0.212890625 0.803125 0.198046875 0.78515625 0.13359375 0.730859375 0.1375 0.745703125 0.153125 0.768359375 0.179296875 0.7953125 0.196484375 0.80703125 0.198828125 0.81171875 0.208203125 0.815625 0.20859375 0.819140625 0.2125 0.819921875 0.2109375 0.823828125 0.221484375 0.83203125 0.258203125 0.85390625 0.26875 0.856640625 0.26953125 0.851171875 0.261328125 0.8390625
1 0.152734375 0.3859375 0.158203125 0.38671875 0.1640625 0.381640625 0.171875 0.365234375 0.17890625 0.338671875 0.178515625 0.3203125 0.166796875 0.321875 0.154296875 0.3296875 0.1375 0.349609375 0.11953125 0.391015625 0.11953125 0.399609375 0.12734375 0.403515625 0.136328125 0.3953125 0.152734375 0.3859375
1 0.20390625 0.315234375 0.209375 0.296484375 0.205078125 0.28984375 0.200390625 0.2890625 0.183203125 0.29609375 0.1703125 0.309765625 0.16953125 0.319140625 0.18046875 0.322265625 0.17890625 0.336328125 0.18203125 0.338671875 0.19140625 0.333203125 0.20390625 0.315234375
3 0.7921875 0.239453125 0.796875 0.235546875 0.7953125 0.231640625 0.7796875 0.201171875 0.759765625 0.18515625 0.754296875 0.17734375 0.736328125 0.16484375 0.723828125 0.1515625 0.705078125 0.1421875 0.688671875 0.13828125 0.673046875 0.13046875 0.6390625 0.128515625 0.6328125 0.146484375 0.6453125 0.157421875 0.65234375 0.169140625 0.65234375 0.176953125 0.674609375 0.2 0.691796875 0.2109375 0.705859375 0.22734375 0.721484375 0.23828125 0.744140625 0.2484375 0.75078125 0.248046875 0.75 0.236328125 0.755859375 0.2359375 0.774609375 0.25390625 0.79140625 0.258203125 0.79375 0.252734375 0.7921875 0.239453125
3 0.94765625 0.567578125 0.95234375 0.519921875 0.95234375 0.472265625 0.95 0.450390625 0.94375 0.436328125 0.9421875 0.399609375 0.928125 0.345703125 0.91015625 0.309765625 0.894921875 0.29375 0.890625 0.295703125 0.891015625 0.3078125 0.878515625 0.28984375 0.865234375 0.28046875 0.858984375 0.2796875 0.86796875 0.336328125 0.90234375 0.442578125 0.913671875 0.45859375 0.918359375 0.44296875 0.92109375 0.451171875 0.93046875 0.546484375 0.919140625 0.54921875 0.91640625 0.552734375 0.91171875 0.576171875 0.91484375 0.587890625 0.941796875 0.57421875 0.94765625 0.567578125
2 0.79921875 0.431640625 0.78984375 0.391796875 0.784765625 0.38671875 0.78125 0.418359375 0.78984375 0.453515625 0.79140625 0.479296875 0.79765625 0.484765625 0.8 0.478515625 0.79921875 0.431640625
1 0.26171875 0.236328125 0.261328125 0.23046875 0.235546875 0.234375 0.205078125 0.2546875 0.203125 0.258984375 0.210546875 0.2625 0.224609375 0.2609375 0.23203125 0.263671875 0.25546875 0.246484375 0.26171875 0.236328125