2 0.5882048105436574 0.46767490774299836 0.5597187619439867 0.47662589950576606 0.5355933319604612 0.4939964464579901 0.5373004275123558 0.5037500074135091 0.5600209686985173 0.5214781054365734 0.5884356112026359 0.5266268031301482 0.6012012940691928 0.5240446861614497 0.6128627240527184 0.5304559851729819 0.6639834176276771 0.5466917281713345 0.6678560708401977 0.5421877742998352 0.6637536639209226 0.5350447883031301 0.6367589233937397 0.5250909769357496 0.618441949752883 0.5120531153212521 0.6055613896210873 0.5088117627677101 0.6038398039538715 0.4924171482701812 0.5851212833607907 0.4826496194398682 0.5904138393739703 0.4733405527182867 0.5882048105436574 0.46767490774299836
1 0.17372166392092256 0.5483233929159802 0.17660494151565076 0.5586363253706754 0.19391804942339375 0.5798500205930807 0.19644272817133443 0.5897039686985173 0.20144861449752882 0.589488705107084 0.2195648154859967 0.6041617331136738 0.23152740527182866 0.6081202825370675 0.23791024629324548 0.6068292232289951 0.23855551482701814 0.5981944052718287 0.24107914662273475 0.5607433978583196 0.239141773476112 0.5156904192751236 0.21924707166392093 0.5053635189456342 0.20828834843492586 0.493229136738056 0.18314403871499177 0.48848198517298186 0.17647452718286655 0.49886684678747945 0.1743664085667216 0.5160360963756178 0.17372166392092256 0.5483233929159802
1 0.13512240939044481 0.5112175395387151 0.1448764942339374 0.5331629217462932 0.16531660049423394 0.5593250642504118 0.17564402388797362 0.5630828401976936 0.17768073640856674 0.5600132800658979 0.17413770098846787 0.5516941128500824 0.17306138303130147 0.5266646795716639 0.17667530065897857 0.4972316803953872 0.1813510461285008 0.4861870601317957 0.16451141433278418 0.4712558196046128 0.1500960741350906 0.4669961112026359 0.13740232042833608 0.4791310164744646 0.13512240939044481 0.5112175395387151
1 0.1506554456342669 0.4658199291598023 0.15464245222405273 0.4434869678747941 0.14338256919275125 0.4338053352553542 0.1353071219110379 0.43198388632619444 0.12117897528830314 0.4422828517298188 0.11746467051070841 0.47253343492586486 0.12931290691927513 0.4943209917627677 0.1348781647446458 0.4929295461285008 0.13740232042833608 0.4791310164744646 0.1506554456342669 0.4658199291598023
2 0.5102705889621088 0.8523126812191104 0.518030384678748 0.8499458270181218 0.5201674843492586 0.8460586836902801 0.5188334777594727 0.8434051606260297 0.498809931630972 0.8442662149917627 0.4580311523887973 0.8384293014827018 0.4371900230642504 0.8391899695222405 0.43040563509060953 0.8437513616144976 0.45070188303130154 0.850807928336079 0.4695062998352553 0.853116820428336 0.5102705889621088 0.8523126812191104
2 0.5075456598023065 0.8677463772652388 0.46503132701812194 0.862526273476112 0.4377499176276771 0.8616662660626029 0.43116630313014825 0.8645924909390444 0.4464566647446458 0.8718643212520593 0.46444349752883024 0.8740728270181218 0.5041894299835256 0.8748034678747941 0.5073019382207579 0.8731108624382207 0.5075456598023065 0.8677463772652388
2 0.4511613912685338 0.8741018080724877 0.42649055683690285 0.8756371112026359 0.42900074546952227 0.8788500057660626 0.44913916886326194 0.88381242092257 0.4937906013179571 0.885145381383855 0.4985382759472817 0.8836535494233938 0.4984808377265239 0.8807418146622735 0.4511613912685338 0.8741018080724877
1 0.507676597199341 0.9511683336079078 0.5078199316309719 0.9466214324546953 0.4826756219110379 0.9418742808896211 0.46684037891268537 0.9424196853377266 0.4523391425041186 0.9456186128500824 0.44780673146622735 0.9521163311367381 0.4619783500823723 0.9617405247116969 0.47833001647446455 0.9637482570016475 0.4962019728171334 0.9601332924217463 0.507676597199341 0.9511683336079078
1 0.7570943319604613 0.8664355955518945 0.7715665873146622 0.8499545617792421 0.7767732471169686 0.8481041317957166 0.7820658031301482 0.838795065074135 0.7857951210873146 0.8388380123558484 0.7871146375617792 0.8348504827018122 0.7910017808896211 0.836987582372323 0.8009416252059308 0.8270042668863261 0.8285521285008237 0.791388676276771 0.8327688896210873 0.7807026540362438 0.8271461927512356 0.7791823649093904 0.8134195922570017 0.7862109967051071 0.7695867891268534 0.8322833789126853 0.7488750271828666 0.8455085700164745 0.6837710914332784 0.9059823245469523 0.699807107907743 0.9038017537067546 0.7255247561779242 0.8903612990115322 0.7570943319604613 0.8664355955518945
1 0.2600326540362438 0.818682644151565 0.2666023014827018 0.8327678426688633 0.2852923640856672 0.8529057429983526 0.32631538797364085 0.8770306499176277 0.3353088047775947 0.8781349019769358 0.3404005873146623 0.8704610024711698 0.33297040856672155 0.8600047347611203 0.32526752718286656 0.841630845140033 0.3267878171334432 0.8360081490939044 0.32222642504118615 0.8292237611202635 0.30606104118616145 0.8189398088962109 0.27916668780889625 0.8081684143327842 0.2599032866556837 0.8062181210873146 0.2600326540362438 0.818682644151565
1 0.2575224654036244 0.8154697487644151 0.2621982108731466 0.8044251293245469 0.2767139373970346 0.8078672545304778 0.279568233937397 0.8048980807248765 0.2750497899505766 0.7943843747940692 0.25785155930807246 0.7789941499176277 0.23893226606260295 0.7708617883031301 0.23143068121911037 0.7745052100494234 0.2300107784184514 0.779310323723229 0.2351605230642504 0.7982006359143328 0.2478118517298188 0.8134475263591433 0.2575224654036244 0.8154697487644151
3 0.168880244645799 0.20248669439868205 0.1533751425041186 0.21386145551894564 0.14115486326194399 0.23227881548599671 0.13495882866556835 0.24894613261943985 0.12477526276771005 0.2642939324546952 0.11836448682042834 0.2996078401976936 0.13636581054365732 0.30845739868204286 0.14941816309719935 0.29678147858319603 0.162585392092257 0.29092902800658976 0.17076122570016475 0.2919328937397035 0.1977409514003295 0.27159317380560133 0.21139562355848432 0.25501175370675455 0.2303718319604613 0.2424033723228995 0.24382573064250412 0.22745711861614498 0.25736552553542014 0.20505222817133442 0.2578100205930807 0.19805257660626027 0.2454458838550247 0.1973643607907743 0.2457899917627677 0.19118229242174628 0.26700368698517296 0.17386918533772652 0.27365870675453047 0.1568432701812191 0.26823678336079076 0.15368781383855026 0.2541370939044481 0.15361640774299834 0.25065149670510706 0.14820897528830312 0.24636280724876441 0.14934220840197696 0.21246932537067548 0.16177879736408568 0.19314900906095553 0.18056924629324547 0.18427046952224052 0.1852884637561779 0.168880244645799 0.20248669439868205
3 0.3827956960461285 0.025009489291598023 0.342877971169687 0.03919612108731466 0.3241599736408567 0.0530810708401977 0.32565180560131796 0.05782874546952224 0.33837454036243825 0.05897594645799012 0.3179639382207578 0.06974838714991763 0.30644636655683694 0.0824426647446458 0.3048256902800659 0.08888294481054367 0.36525492668863263 0.08675876523887974 0.4808632693574959 0.06443767792421747 0.4990793336079077 0.05464064579901153 0.4833299868204283 0.047727413509060956 0.4922659645799011 0.045919930807248766 0.5932157693574959 0.04835609802306425 0.594621705107084 0.06056240856672158 0.5979494769357496 0.0638756902800659 0.6218746565074135 0.07179278830313016 0.634539953047776 0.07002825453047776 0.6236955823723229 0.040064864085667215 0.6174990238879736 0.03307970263591434 0.5682287611202635 0.022050620263591433 0.5183561787479407 0.015927037067545304 0.49516268533772656 0.015568961285008237 0.47964309308072484 0.020302669686985172 0.44101590362438226 0.017219665568369028 0.3827956960461285 0.025009489291598023
2 0.5115609629324547 0.17941471993410216 0.5053214563426689 0.17615887726523888 0.4561660708401977 0.17095326441515651 0.4132646820428336 0.17564454695222406 0.4072978772652389 0.18030632537067545 0.4399582619439868 0.18805110790774301 0.4778537644151565 0.18357508896210875 0.5050347866556837 0.18525268039538714 0.5115609629324547 0.17941471993410216
1 0.20368976359143326 0.7503513228995058 0.20750497858319605 0.7429356342668864 0.19252974382207577 0.716199629324547 0.1827042528830313 0.7083539365733114 0.1765221853377265 0.7080098286655683 0.1772973434925865 0.7354920115321252 0.19463943245469523 0.769987813014827 0.1988851738056013 0.7725838970345963 0.20351797116968698 0.7652685955518945 0.20368976359143326 0.7503513228995058