1 0.643359375 0.90859375 0.6578125 0.898046875 0.6765625 0.866015625 0.68671875 0.855859375 0.683203125 0.85078125 0.676953125 0.85078125 0.550390625 0.87890625 0.5359375 0.890234375 0.5390625 0.892578125 0.5375 0.922265625 0.543359375 0.9265625 0.5578125 0.926171875 0.601171875 0.9203125 0.643359375 0.90859375
1 0.751953125 0.890625 0.7734375 0.865234375 0.77578125 0.858203125 0.765234375 0.8609375 0.702734375 0.8953125 0.6859375 0.911328125 0.6765625 0.926171875 0.709765625 0.91328125 0.751953125 0.890625
2 0.1734375 0.340234375 0.1890625 0.306640625 0.188671875 0.2875 0.18359375 0.290234375 0.18203125 0.298828125 0.15703125 0.329296875 0.15625 0.341015625 0.161328125 0.3375 0.16484375 0.348828125 0.16484375 0.364453125 0.17265625 0.356640625 0.1734375 0.340234375
1 0.161328125 0.35 0.16484375 0.351953125 0.164453125 0.36328125 0.169140625 0.35859375 0.177734375 0.36015625 0.18359375 0.355859375 0.19609375 0.335546875 0.196484375 0.32109375 0.180859375 0.325 0.173046875 0.3375 0.168359375 0.3359375 0.161328125 0.340625 0.157421875 0.33671875 0.153125 0.340234375 0.140625 0.364453125 0.14140625 0.376953125 0.1453125 0.377734375 0.15859375 0.358984375 0.161328125 0.35
1 0.76796875 0.210546875 0.718359375 0.16640625 0.670703125 0.146875 0.6421875 0.141796875 0.64296875 0.147265625 0.655078125 0.16015625 0.683984375 0.17734375 0.703515625 0.196875 0.775 0.230078125 0.77578125 0.223046875 0.76796875 0.210546875
1 0.33125 0.180078125 0.33984375 0.173046875 0.34453125 0.155859375 0.340234375 0.153125 0.321484375 0.15859375 0.282421875 0.17578125 0.24375 0.221484375 0.23125 0.244140625 0.23046875 0.251171875 0.2328125 0.251171875 0.305859375 0.21875 0.33125 0.180078125
1 0.23359375 0.188671875 0.235546875 0.1796875 0.219921875 0.184375 0.1765625 0.227734375 0.15390625 0.269140625 0.15 0.282421875 0.19296875 0.249609375 0.23359375 0.188671875
2 0.85078125 0.717578125 0.856640625 0.69140625 0.834375 0.722265625 0.815625 0.761328125 0.81328125 0.776953125 0.828125 0.760546875 0.85078125 0.717578125
2 0.77421875 0.328515625 0.76953125 0.308984375 0.759375 0.289453125 0.76328125 0.280078125 0.742578125 0.26796875 0.7359375 0.255078125 0.730078125 0.25 0.725390625 0.25 0.72265625 0.263671875 0.73671875 0.305859375 0.7359375 0.318359375 0.74765625 0.326953125 0.751953125 0.33515625 0.765625 0.338671875 0.7734375 0.337890625 0.77421875 0.328515625
1 0.77578125 0.341796875 0.775 0.329296875 0.7703125 0.310546875 0.76171875 0.292578125 0.75390625 0.279296875 0.744921875 0.27421875 0.743359375 0.2875 0.736328125 0.28671875 0.7359375 0.282421875 0.730078125 0.27890625 0.72890625 0.289453125 0.73515625 0.307421875 0.7375 0.330078125 0.74921875 0.351171875 0.7578125 0.357421875 0.761328125 0.3453125 0.77578125 0.341796875
1 0.3921875 0.101953125 0.39140625 0.092578125 0.384765625 0.090625 0.344921875 0.10234375 0.309375 0.136328125 0.30546875 0.141796875 0.309375 0.142578125 0.375390625 0.12109375 0.3921875 0.101953125
1 0.258203125 0.1640625 0.28203125 0.138671875 0.2796875 0.127734375 0.264453125 0.13359375 0.235546875 0.15625 0.221875 0.180859375 0.22421875 0.182421875 0.239453125 0.1765625 0.258203125 0.1640625