1 0.44187011833333334 0.7217471191666667 0.44755977333333335 0.7294699241666667 0.48681891166666663 0.73143433 0.49695823499999997 0.7352494633333333 0.5026425999999999 0.730881755 0.5242379024999999 0.7284599475 0.5343719358333333 0.7201845675 0.5347870216666667 0.6843148966666667 0.52484599 0.6742390291666667 0.48805624500000006 0.6713545491666667 0.43983960416666673 0.6755398349999999 0.4375156241666666 0.6806240375 0.44187011833333334 0.7217471191666667
1 0.31058768583333335 0.5679017583333333 0.31360436583333334 0.5707148583333334 0.33135545166666663 0.5775995483333334 0.34310226 0.5796908641666667 0.3613662591666667 0.5773853891666667 0.3673996191666667 0.5830115883333333 0.3723965733333333 0.5828370908333333 0.4004218175 0.573520015 0.4155237225 0.5642373108333334 0.41372058166666664 0.5126021183333332 0.40708177 0.5015770933333333 0.3791331958333333 0.4892116183333333 0.3690811216666667 0.48789496250000003 0.36672276916666663 0.48005582583333334 0.3620404383333333 0.47730089166666667 0.3548649191666666 0.48672371999999997 0.31069607416666667 0.4874322891666667 0.3058736175 0.49260374083333336 0.31058768583333335 0.5679017583333333
1 0.13643194250000001 0.61901084 0.1458071841666667 0.6487017358333333 0.154857225 0.657141035 0.17008075083333332 0.6632801483333334 0.17617227666666668 0.6705719991666667 0.19800024166666666 0.6748127975 0.20141350416666667 0.6651044291666667 0.19925344333333334 0.6510045583333334 0.19160201833333335 0.6229211474999999 0.18269210333333333 0.6065554633333333 0.15666563749999998 0.58953674 0.15089402333333332 0.5914059716666668 0.13900179999999998 0.5851505266666667 0.13417934333333334 0.5903219783333333 0.13643194250000001 0.61901084
1 0.38161313333333335 0.24981256833333332 0.39660399583333333 0.24928907583333332 0.41096561249999997 0.2546244458333333 0.44419139166666666 0.2509626525 0.4600388733333333 0.23915238833333333 0.4624395225 0.212385635 0.4484216108333334 0.20495365916666666 0.4333435 0.20297867416666668 0.39601175833333335 0.20845153416666667 0.38590680833333335 0.21755974 0.37977298416666666 0.24487378 0.38161313333333335 0.24981256833333332
1 0.16895175333333334 0.24890045416666667 0.18227696416666667 0.24843512750000002 0.19370386083333335 0.24136536083333335 0.206849285 0.22381256666666668 0.21921475999999998 0.1958639925 0.20712424583333333 0.19586928166666667 0.19001298416666668 0.20730675666666668 0.16880633833333333 0.24473632583333332 0.16895175333333334 0.24890045416666667
1 0.21124871250000002 0.17071001333333333 0.22290827166666669 0.17030285250000002 0.2417142675 0.1596400375 0.25572160083333334 0.142890985 0.2595076508333333 0.13191883666666668 0.24822087999999998 0.1310622175 0.23590299250000002 0.13649541583333333 0.21534938583333332 0.15680843333333333 0.2094958125 0.1682697025 0.21124871250000002 0.17071001333333333
1 0.5906973325 0.2796171241666667 0.5925771425 0.30956976583333334 0.5965138975000001 0.31485226 0.60742788 0.31697265916666667 0.6151268916666667 0.3225406925 0.63270348 0.32442842833333335 0.6477181358333333 0.3126472475 0.6462164033333334 0.29352134 0.6318494966666667 0.27609545583333334 0.6048500791666667 0.26703220083333334 0.5832547775000001 0.2694540075 0.5906973325 0.2796171241666667
1 0.5757117416666667 0.16090112833333334 0.5817451016666666 0.16652732750000002 0.5872364658333333 0.1805108675 0.5895128583333333 0.19794204083333333 0.5973863675000001 0.20850702833333334 0.6095932125 0.21183304166666667 0.6186961291666666 0.2098474783333333 0.622418725 0.18511916416666668 0.6176147725000001 0.16694241416666666 0.6033060316666666 0.15118218083333335 0.5973890033333333 0.14888728416666666 0.5815362316666667 0.14860703416666665 0.5759391158333333 0.15547322 0.5757117416666667 0.16090112833333334
1 0.713511365 0.3103496975 0.72931126 0.32105481083333337 0.7409999025 0.32148047583333333 0.7436385050000001 0.3134668408333333 0.7361615775 0.29038038499999996 0.7178341233333333 0.27892969500000003 0.7044507458333333 0.2777293708333333 0.713511365 0.3103496975
1 0.6719969733333334 0.20798617166666666 0.6839473625 0.21590726833333335 0.6999455483333333 0.22035164666666665 0.70686461 0.2155239008333333 0.7075229383333334 0.2104978633333333 0.6948507666666667 0.19384663916666667 0.6753758633333333 0.18535446333333333 0.6654110383333334 0.18653628416666665 0.6719969733333334 0.20798617166666666
1 0.7022748166666667 0.22735795749999999 0.7130195916666667 0.23657191666666666 0.7222970058333333 0.2395833075 0.7292742341666667 0.23642121249999998 0.7263685958333334 0.22484890166666668 0.7163403158333334 0.2122745575 0.7078957266666667 0.20923408333333335 0.6999746308333333 0.22118447249999998 0.7022748166666667 0.22735795749999999
1 0.6413966533333333 0.7643930558333333 0.6488920841666667 0.7641313091666667 0.6744770175 0.7565671333333333 0.6862767016666667 0.7482335875 0.6905756658333333 0.7280712733333333 0.675783095 0.7223340316666667 0.64853251 0.7299563733333333 0.6433081825 0.7355587791666667 0.6394983383333334 0.7577886158333332 0.6413966533333333 0.7643930558333333
1 0.5571490758333333 0.8590575874999999 0.57633315 0.8592215058333333 0.6092680991666667 0.8472314558333333 0.6136305191666667 0.8408253066666667 0.6133687725 0.8333298758333334 0.6019947525 0.8299747791666667 0.5845344966666667 0.8314183466666666 0.5581167375 0.839011605 0.5558218408333334 0.8449286333333333 0.5571490758333333 0.8590575874999999
1 0.7883705558333334 0.746752995 0.8074330091666667 0.7314950966666667 0.8143467816666666 0.7145768366666667 0.8136249983333333 0.7058467083333333 0.8004452016666667 0.7104761633333334 0.7927514800000001 0.7169986433333333 0.7848303833333333 0.7289490325 0.7784057308333333 0.747934815 0.7883705558333334 0.746752995
1 0.7921063658333334 0.686585965 0.8047388766666667 0.6782233358333334 0.8109943216666666 0.6663311125 0.8093815466666666 0.6559644158333333 0.8002495466666666 0.6571171533333333 0.7933304841666666 0.6619448991666667 0.7878259058333333 0.6834000766666667 0.7921063658333334 0.686585965
1 0.8248086525 0.6679333083333333 0.8354027233333333 0.660892625 0.83973606 0.6536536508333333 0.8394743133333333 0.64615822 0.8265800566666667 0.6470254175000001 0.8214138950000001 0.654293475 0.81972445 0.6656093291666666 0.8248086525 0.6679333083333333
0 0.4912764175 0.023347418333333335 0.5305064733333333 0.02447899833333333 0.5473084016666667 0.028061468333333336 0.5668414708333332 0.038219295 0.5988960075 0.04877370416666667 0.6058203591666667 0.056036472500000004 0.63333269 0.05590956166666667 0.6452539958333333 0.06299783166666667 0.6747228066666667 0.0711410125 0.714069195 0.07560389583333334 0.797111175 0.11356222833333333 0.802451835 0.11129112583333334 0.7674572875 0.07624106583333333 0.7460549866666667 0.060311624999999994 0.6633038358333333 0.030681549166666666 0.6137308766666666 0.019905055833333334 0.550145295 0.013787099999999998 0.49592437666666667 0.0131790125 0.47438724 0.017266470833333332 0.4912764175 0.023347418333333335