1 0.3379085450819672 0.43854336639344266 0.36297059672131143 0.4444042442622951 0.390771562295082 0.44634827704918034 0.48636522131147547 0.4423510786885246 0.4941445352459016 0.4309807934426229 0.5054604450819672 0.42191199426229503 0.5187775655737705 0.3842245549180328 0.524032286885246 0.3443299901639344 0.5201038532786886 0.2947548663934426 0.5102373729508197 0.2772206237704918 0.4983153057377049 0.2714569098360656 0.4619201524590164 0.26316019672131147 0.38353766393442623 0.256035812295082 0.3777195737704918 0.2511097663934426 0.38024977049180325 0.24430246885245901 0.3553936336065574 0.2589978319672131 0.3177233852459016 0.2571853450819672 0.28433023852459016 0.2647103532786885 0.26516064508196724 0.27446247950819674 0.2525696401639344 0.29001550409836063 0.2402817139344262 0.3129847852459016 0.22761073606557375 0.3531824286885246 0.22273626475409836 0.3935144204918033 0.22560392295081966 0.4171326467213115 0.23212533278688524 0.4237512204918033 0.30870093852459013 0.43321427704918036 0.3137785237704918 0.4311043147540984 0.3195394360655738 0.43684803606557376 0.3229416836065574 0.44694602868852457 0.32805645327868854 0.4501795467213115 0.3379085450819672 0.43854336639344266
1 0.15613066967213116 0.5881127721311475 0.15179639098360656 0.5795929532786885 0.13977996229508197 0.5693034352459017 0.13067117704918033 0.5703098344262295 0.1185747762295082 0.5846649344262295 0.11954118934426229 0.6060960286885245 0.11276547213114756 0.644240887704918 0.10728764508196721 0.6520745778688525 0.10686740983606557 0.6639594606557376 0.11734004836065573 0.6963262155737705 0.13701583278688523 0.7322123754098361 0.15891873606557377 0.753874981147541 0.16622063770491802 0.7552072532786885 0.17719348360655737 0.7510445073770492 0.19199441557377048 0.709763294262295 0.18971852459016394 0.6718071590163934 0.15613066967213116 0.5881127721311475
1 0.5773714385245902 0.8270955860655738 0.5742350844262295 0.8190703713114754 0.5638911909836066 0.8142386868852459 0.5261637647540984 0.8132438762295081 0.5096387237704918 0.8145533532786885 0.4868181795081967 0.823639343442623 0.4453626327868852 0.8289572262295082 0.40196865655737707 0.8267444975409836 0.3919650262295082 0.8346725491803278 0.3911845344262295 0.8399588508196721 0.400536418852459 0.8648521721311476 0.41179235 0.8742668377049181 0.4384897524590164 0.8802420696721311 0.4943203926229508 0.8808594336065575 0.5350154418032786 0.8746666983606558 0.5596428688524591 0.8632420368852459 0.5736605081967213 0.8449129139344261 0.5773714385245902 0.8270955860655738
1 0.6483232803278688 0.8053526278688524 0.621643068852459 0.8108820286885245 0.6064474983606557 0.822555393442623 0.5906973450819673 0.8539101459016393 0.5961351860655738 0.8583987647540985 0.6201336606557377 0.8559685336065574 0.6848671713114755 0.8350232573770492 0.6991307114754098 0.8249280663934426 0.7205846008196721 0.8001347106557377 0.7306482106557377 0.7737231950819673 0.7136857426229508 0.7754129213114754 0.6483232803278688 0.8053526278688524
1 0.7962449860655738 0.7051812098360656 0.7627290786885246 0.7673389336065574 0.7641357196721311 0.7707239909836066 0.7766867385245901 0.7674932745901639 0.8114893286885245 0.7456875352459016 0.8372431131147541 0.706404731147541 0.8441675672131148 0.6896337885245901 0.8437129500000001 0.6785094040983607 0.8320367836065574 0.6809796213114754 0.7962449860655738 0.7051812098360656
1 0.8819686 0.4663168303278688 0.8690401336065574 0.45144433114754096 0.8653148139344261 0.4400912368852459 0.856091674590164 0.44273298688524587 0.8427057885245901 0.4344018909836066 0.8315814040983607 0.43485650901639344 0.8267069319672131 0.47518849999999996 0.8268872508196722 0.5372374729508197 0.8547825778688526 0.5437073090163934 0.8584707131147542 0.5497169245901639 0.8703184114754098 0.5447936803278688 0.8795043663934426 0.5368084516393442 0.8828150549180328 0.5247148524590164 0.8853136704918033 0.47723249836065573 0.8819686 0.4663168303278688
1 0.7642777106557377 0.4749313926229508 0.7799850770491803 0.473564737704918 0.788181824590164 0.4679753573770492 0.7927676073770491 0.449397531147541 0.7938367868852458 0.42235706393442624 0.7866376524590164 0.37255323032786886 0.7484784040983606 0.3366070918032787 0.7225814852459016 0.31918440245901636 0.7137985737704918 0.3037801147540984 0.7011332 0.3086461819672131 0.6637888254098361 0.29042300819672134 0.6347527508196722 0.28264089262295083 0.6109258081967213 0.2826180975409836 0.6006934672131148 0.2938168516393443 0.5958046057377049 0.3049784204918033 0.592697031147541 0.35529404918032786 0.5916478442622951 0.37617336229508197 0.5947070278688524 0.3911774073770492 0.6078985860655738 0.42578847213114757 0.6121385032786886 0.42978248770491806 0.6502261844262295 0.43737588032786884 0.7101795844262295 0.4612883983606557 0.720294768852459 0.4693907844262295 0.7642777106557377 0.4749313926229508
1 0.8811201057377049 0.6605833245901639 0.897533593442623 0.6432434098360656 0.9057903204918032 0.6191705655737705 0.9076000057377049 0.5991661057377049 0.8992517188524591 0.6010473581967213 0.8899514081967214 0.6106679377049181 0.8753963770491804 0.6601830827868852 0.8811201057377049 0.6605833245901639
2 0.6168973418032787 0.8787490909836065 0.6557855073770492 0.8748950270491802 0.6717787606557377 0.8694399950819671 0.6767048065573771 0.8636219049180327 0.6673301270491803 0.8625555270491804 0.6207398180327869 0.8708010467213115 0.6112879688524591 0.8767134983606558 0.6168973418032787 0.8787490909836065
1 0.8386454286885245 0.2574581204918033 0.835849337704918 0.26219264098360656 0.8572720270491804 0.31422359344262296 0.8915144303278689 0.347430818852459 0.900280150819672 0.35133047213114754 0.9025816377049181 0.3477938762295082 0.8975268475409837 0.3260768950819672 0.882242518032787 0.2978928786885246 0.8512708163934427 0.2649143631147541 0.8386454286885245 0.2574581204918033
3 0.9248076122950819 0.37071158360655737 0.9359064008196721 0.4117496975409836 0.9358664147540984 0.42407200655737703 0.9402206860655737 0.4264306704918033 0.9416473204918033 0.42365457295081965 0.9377876524590164 0.42009798360655737 0.9413442418032787 0.4162383163934426 0.9387996549180329 0.3938751918032787 0.9351686975409836 0.38704790163934427 0.9365581475409837 0.3789283245901639 0.9335161549180329 0.37542891229508196 0.9333674180327868 0.35405499590163936 0.9256137000000001 0.32393255081967215 0.9070814639344262 0.2716928819672131 0.8745171991803279 0.20861191393442624 0.8455411040983606 0.1823463344262295 0.7923978032786886 0.1432982237704918 0.7728879475409837 0.14029061475409835 0.7636076303278688 0.14375004016393442 0.7624468901639344 0.14859891557377047 0.8127741065573771 0.1985427 0.8204534557377049 0.217978187704918 0.8457386139344262 0.2558999401639344 0.8800753795081967 0.29363296967213115 0.9004544844262294 0.33121165737704916 0.9103981360655737 0.34176706967213116 0.9192554163934427 0.3678583155737705 0.9248076122950819 0.37071158360655737