1 0.8616633608768971 0.5169883583473862 0.8651225455311973 0.5091841930860034 0.8630457664418212 0.4745122200674536 0.8660639898819562 0.46122897217537945 0.8616776247892074 0.4550942596964587 0.8484163895446881 0.4064006408094435 0.8266319620573356 0.40899727487352444 0.825143542158516 0.4130745792580101 0.8278384409780776 0.4570391374367622 0.8252159207419899 0.4728207537942664 0.8306574932546374 0.48561778246205733 0.8295272664418213 0.5054314451939291 0.8332204915682968 0.5287495505902192 0.8616633608768971 0.5169883583473862
1 0.6797831197301855 0.21755518887015174 0.67275873693086 0.19476468718381112 0.6574103330522766 0.1814025455311973 0.6244453229342327 0.17808688448566612 0.6193619435075886 0.18102621416526138 0.6195921104553119 0.20403913406408095 0.6341077242833053 0.21753317622259696 0.6757510733558179 0.2190474831365936 0.6797831197301855 0.21755518887015174
2 0.3530503389544688 0.2351573558178752 0.3589135008431703 0.21288670910623944 0.3581220952782462 0.2078899721753794 0.353912889544688 0.20556876222596965 0.3424309957841484 0.21122887858347386 0.3452500480607083 0.23980752276559864 0.3530503389544688 0.2351573558178752
2 0.44746337942664416 0.1305673423271501 0.4465400725126476 0.12473781618887016 0.44123427571669477 0.12088292833052276 0.4347491188870151 0.12575163912310286 0.43470773524451933 0.1308802765598651 0.4375604215851602 0.13811158010118044 0.44115538195615517 0.13924955564924113 0.44746337942664416 0.1305673423271501
1 0.22494938785834737 0.38307179510961215 0.24497384569983136 0.36666818381112987 0.24866971247892075 0.3037641365935919 0.24020604215851601 0.2961410042158516 0.2349455033726813 0.2952668305227656 0.22131568549747052 0.30084030438448567 0.20225591821247893 0.3179448035413153 0.19579788111298482 0.3795789747048904 0.20194034232715008 0.39141131281618885 0.22494938785834737 0.38307179510961215
1 0.10476249072512647 0.5809536037099494 0.10199257166947723 0.5634650236087689 0.09544666020236087 0.5329156146711636 0.08654590303541315 0.5279227521079258 0.07865896880269814 0.5347208431703203 0.07323289376053964 0.5543612209106239 0.07324064249578414 0.5705799241146712 0.07688473524451939 0.5828079645868466 0.08438371500843171 0.5897302082630691 0.08938045193929174 0.588938802698145 0.09841310961214166 0.5947644544688027 0.10476249072512647 0.5809536037099494
1 0.11119340725126475 0.46255397133220916 0.1301328971332209 0.46894473693086003 0.13450763912310287 0.45075139460370994 0.13143253456998313 0.4367258743676223 0.12016530944350758 0.4329615033726813 0.11446768381112984 0.4347175994940978 0.0939233718381113 0.4640087554806071 0.0966027731871838 0.47553590725126477 0.11119340725126475 0.46255397133220916
1 0.11315378246205735 0.5288305607082631 0.12024931112984823 0.5170357327150085 0.12124763659359192 0.49638928077571665 0.11392194266441821 0.4851711888701518 0.09884121416526138 0.48158397723440133 0.09288366188870151 0.48978384569983135 0.09083012816188869 0.5037679822934233 0.08719378414839797 0.5077586450252951 0.0868058305227656 0.521478978920742 0.09776786930860033 0.5287064089376053 0.10850748988195616 0.5291396214165262 0.11315378246205735 0.5288305607082631
1 0.12883325885328836 0.5011635994940978 0.1335170615514334 0.4876165497470489 0.13092042748735244 0.46583212225969645 0.12464994013490727 0.4612763465430017 0.10260171079258011 0.46220740134907257 0.10098913912310287 0.4816706197301855 0.11563277993254638 0.4878881003372681 0.12256664586846544 0.5047171753794266 0.12883325885328836 0.5011635994940978
1 0.20889463827993254 0.8180038128161888 0.20774891399662732 0.8053800699831366 0.19910808516020237 0.7939434350758853 0.1741127774030354 0.7735724072512647 0.1596010370994941 0.7681877158516021 0.15986871332209107 0.7779626467116357 0.16807245615514335 0.7920295514333895 0.18127293507588532 0.8053050505902192 0.205827281618887 0.8201969957841484 0.20889463827993254 0.8180038128161888
1 0.1705553271500843 0.7591964418212479 0.169632021079258 0.753366915682968 0.14511130944350759 0.717127629005059 0.12353767706576728 0.7021904249578416 0.11380800505902192 0.7054388153456999 0.11696975210792579 0.7173164114671163 0.13372380691399663 0.736858523608769 0.1673560699831366 0.7605568355817875 0.1705553271500843 0.7591964418212479
1 0.7793557917369308 0.1778813718381113 0.7719848389544688 0.1636825666104553 0.7515039232715008 0.14216968887015177 0.7404099831365937 0.1341094704890388 0.7344485564924115 0.13419998735244518 0.7362499106239461 0.142878326306914 0.7536220860033727 0.17171302445193928 0.7773850269814503 0.18160823271500842 0.7793557917369308 0.1778813718381113