1 0.5648345511744967 0.28795301426174497 0.5758153473154363 0.3043319647651007 0.5956915780201342 0.3059384563758389 0.6085692147651006 0.31133459395973156 0.6306326325503356 0.3108516895973154 0.6845778666107382 0.2979322172818792 0.6862801325503356 0.28826151426174496 0.6668001082214765 0.23334341275167786 0.6589284530201343 0.22493491610738253 0.6387608666107383 0.22167606208053692 0.6092618196308724 0.22347006879194634 0.5733468892617449 0.2323584437919463 0.5576484421140939 0.24236738087248325 0.5569180343959732 0.2527185872483222 0.5648345511744967 0.28795301426174497
1 0.8656592005033558 0.25237280536912754 0.8828134194630872 0.2578667332214765 0.8963236719798657 0.2571882474832215 0.8965671409395973 0.25373784479865774 0.8866081073825505 0.22866005033557044 0.8669793791946309 0.1946389345637584 0.849826168624161 0.18190395134228188 0.8304847625838926 0.17849941946308726 0.8210575285234899 0.17334675083892617 0.826255057885906 0.19074544798657717 0.8539001098993289 0.24124229697986577 0.8656592005033558 0.25237280536912754
1 0.5793367994966443 0.8412397223154362 0.5817185595637584 0.8378382156040269 0.5793388162751678 0.8267576115771812 0.5779788187919462 0.8214602734899329 0.5709812323825504 0.8180088632550335 0.5395384672818793 0.8184418632550335 0.5119342424496645 0.8237351669463088 0.5145085595637584 0.8335036610738256 0.5204364958053692 0.8405511510067114 0.5450263439597315 0.8447339773489934 0.5793367994966443 0.8412397223154362
1 0.3670662541946309 0.811371177852349 0.35778570637583895 0.7998036350671142 0.34481128775167785 0.7914430260067113 0.33125314848993287 0.7870187474832215 0.3254209865771812 0.7901767852348993 0.33256324244966445 0.8016954320469798 0.35302117701342284 0.8138477038590604 0.36546177852348993 0.8167652978187919 0.3670662541946309 0.811371177852349
1 0.2713910713087248 0.7132391182885905 0.2596818850671141 0.6927292634228188 0.25268429865771813 0.6892778523489933 0.24165258976510068 0.6895193045302014 0.24082540016778523 0.6969060377516778 0.24908519295302015 0.7099313691275168 0.26730805369127514 0.7190702726510066 0.2715846367449664 0.7191680637583893 0.2713910713087248 0.7132391182885905
1 0.18248815939597315 0.4916698733221476 0.173983889261745 0.4893359991610738 0.17048257466442954 0.505712932885906 0.17310477852348993 0.5205841912751678 0.1802959303691275 0.5299645461409397 0.1894328162751678 0.5262237969798658 0.1861311182885906 0.5050833422818792 0.18248815939597315 0.4916698733221476
1 0.42524272147651004 0.4262911929530201 0.4131413624161074 0.43012872483221476 0.4077482508389262 0.4212831946308725 0.40327709395973155 0.422497514261745 0.3930695494966443 0.4370753993288591 0.3878211073825503 0.43629710486577183 0.3859252760067114 0.4400388632550336 0.3754762793624161 0.4435850394295302 0.37149004362416105 0.4523806652684564 0.3799373506711409 0.5147812743288591 0.38610875671140943 0.5183783632550336 0.46780288422818794 0.5082328238255034 0.4881660536912752 0.5029385117449664 0.497255052852349 0.49409499832214765 0.4876892005033557 0.43742876090604027 0.48433658976510063 0.4329087088926175 0.4714589530201342 0.42751257214765104 0.4620796065436242 0.4274626677852349 0.4543047340604027 0.422018644295302 0.4335045310402684 0.4248344127516779 0.4350102072147651 0.4309579312080537 0.43068472818791953 0.4329984320469799 0.42524272147651004 0.4262911929530201
2 0.9163193598993288 0.44788836325503356 0.8981932818791947 0.4417139320469799 0.888424787751678 0.4442882491610738 0.8811338280201343 0.45366658808724836 0.8823950268456375 0.4704815637583893 0.8866227139261744 0.4727176468120805 0.9030006560402685 0.46897790520134225 0.9138876954697986 0.460669216442953 0.9163193598993288 0.44788836325503356
2 0.6152008489932886 0.15086594798657718 0.5886672827181209 0.14532211661073827 0.5485256736577182 0.14473335318791947 0.5417216526845637 0.1472108875838926 0.5458515486577181 0.15372355369127516 0.5654843112416107 0.158780447147651 0.5930396401006711 0.15562543540268456 0.6071326040268455 0.15825167365771814 0.6152008489932886 0.15086594798657718
2 0.36249330453020134 0.14772050083892618 0.3455795293624161 0.16049933724832216 0.35656234312080537 0.16239617701342282 0.3727946065436242 0.15783025503355705 0.39899094714765104 0.14213684983221475 0.38781355956375835 0.14155212080536914 0.36249330453020134 0.14772050083892618
2 0.38184076174496645 0.10767869966442954 0.34952191191275167 0.11763672483221475 0.3439811048657718 0.12244712416107383 0.34456381711409395 0.12575184815436244 0.3534572348993289 0.12546150083892615 0.3798471401006711 0.11569704026845638 0.3847563389261745 0.10972020889261744 0.38184076174496645 0.10767869966442954