1 0.731989234197731 0.474450273095624 0.7258315858995138 0.441800574554295 0.7208643290113452 0.43311301296596433 0.7096957106969206 0.42785779578606165 0.5510725307941653 0.41907508589951376 0.4100404384116694 0.4173936037277148 0.4076956458670989 0.4148791215559157 0.40350484197730957 0.41878710858995133 0.3854895307941653 0.4238340672609401 0.37992835980551054 0.43215396758508917 0.3744160275526742 0.5203459465153971 0.37955553808752024 0.5821512933549432 0.3853326742301459 0.5908671361426256 0.4037902042139384 0.5963768873581847 0.4231990218800648 0.597865525121556 0.43760715559157215 0.603233868719611 0.4667910858995138 0.6034421272285252 0.5443415097244733 0.6118263152350081 0.6091601199351702 0.6132789635332253 0.7066567115072934 0.6077640858995137 0.7206226280388979 0.6025757196110211 0.7252607933549433 0.5974670534846029 0.7329148030794166 0.5292160988654782 0.731989234197731 0.474450273095624
1 0.6049385064829821 0.3045967512155591 0.5993079213938411 0.2800741247974068 0.5950939797406807 0.27303460372771476 0.5800456555915722 0.2627787042139384 0.5064597828200972 0.2569655615883306 0.4909872350081037 0.25885784846029175 0.47484107212317667 0.2684298460291734 0.46991494651539706 0.29339469124797407 0.46783239546191246 0.3298109692058347 0.4743911296596434 0.3393649724473258 0.49105921150729337 0.34967743598055107 0.49407247568881685 0.35626959481361425 0.49591848622366286 0.34984712560777953 0.5727721572123177 0.3549635145867099 0.5939421410048623 0.35245932009724473 0.6017915413290114 0.34827366045380875 0.6067125226904376 0.33506620340356563 0.6049385064829821 0.3045967512155591
1 0.8455908557536467 0.42571099189627226 0.8365613525121556 0.3824197382495948 0.8172990867098865 0.36512431685575364 0.7949335696920584 0.3554237617504052 0.7887090705024311 0.34790859724473255 0.7788439700162075 0.3633760016207455 0.779898095623987 0.37963014667747164 0.7852741466774716 0.4114416847649919 0.7958488508914101 0.43370436385737443 0.8053925664505672 0.4506604051863858 0.8103649675850891 0.4475905786061588 0.828511400324149 0.462009 0.8480333435980552 0.4602581215559157 0.8455908557536467 0.42571099189627226
1 0.7686317998379254 0.214630773095624 0.7542570907617504 0.19669516207455431 0.737560726904376 0.18719257860615884 0.7151103646677471 0.17992166045380875 0.690479755267423 0.17703437439222042 0.7040394416531605 0.20669909076175041 0.7209851961102107 0.2206701507293355 0.7640964732576985 0.24001469773095624 0.7810190899513776 0.24303824878444083 0.7686317998379254 0.214630773095624
1 0.9100161045380876 0.3687675 0.8981893030794166 0.33591982982171803 0.8836731855753646 0.32203361507293354 0.8716946888168559 0.3167501158833063 0.8702960397082657 0.32197190761750405 0.8894863111831441 0.37615925121555915 0.9071288176661264 0.3933981085899514 0.9135512876823338 0.39524411993517017 0.9100161045380876 0.3687675
1 0.8992742909238249 0.2816296474878444 0.8863213687196111 0.2694197536466775 0.8782791410048623 0.26751717990275525 0.8959113606158833 0.30827081361426256 0.9072728063209076 0.31961426499189627 0.9137235575364667 0.32065039627228525 0.8992742909238249 0.2816296474878444
1 0.9621388905996758 0.40869840437601296 0.9568373978930308 0.39797200405186384 0.9493556580226904 0.39162923581847653 0.9485689173419773 0.4025484627228525 0.9575418573743921 0.44745947487844406 0.9634038387358186 0.4537456807131281 0.9674815162074554 0.453077209076175 0.9621388905996758 0.40869840437601296
1 0.9754877382495948 0.5372814991896272 0.972168521069692 0.5278406223662885 0.9673606653160454 0.5378085623987033 0.9564722828200972 0.5941890024311184 0.9530476458670989 0.6342073152350081 0.9585805356564019 0.626697294165316 0.967697464343598 0.5978244619124797 0.9744464627228524 0.5554896385737439 0.9754877382495948 0.5372814991896272
1 0.29020148460291734 0.296443925445705 0.28053949837925446 0.29448478849270665 0.25685503322528364 0.2993337755267423 0.25227343030794164 0.3028226831442464 0.23869316936790924 0.320187517828201 0.23145053322528364 0.34182800081037273 0.22750397649918963 0.3619618525121556 0.23180276337115072 0.36657173662884923 0.2543662520259319 0.37060313776337117 0.2698953630470016 0.36709109238249593 0.27450524716369534 0.3627923063209076 0.28415952593192867 0.31853177147487843 0.2915667082658023 0.3037894011345219 0.29020148460291734 0.296443925445705
1 0.30600310696920585 0.4360593743922204 0.3024576369529984 0.43309753079416535 0.28142906158833064 0.431552329821718 0.24768666774716372 0.44578048703403567 0.24140046191247974 0.45164246839546196 0.23438407860615884 0.46680391896272283 0.23255606158833061 0.49593128525121555 0.24483022528363046 0.5275782779578606 0.24887962155591573 0.5277196855753646 0.2523453905996758 0.5213537795786062 0.2716127998379254 0.5268918128038897 0.294289414910859 0.5276836977309562 0.3021388152350081 0.5234980372771475 0.29954977552674233 0.5047576912479741 0.30124667179902753 0.4561649448946516 0.3054426191247974 0.44049956888168557 0.30600310696920585 0.4360593743922204
1 0.19155561750405184 0.4393605810372772 0.18801014748784442 0.43639873662884926 0.17005139870340355 0.43982593679092385 0.16116586628849272 0.45046234846029176 0.15735043030794166 0.4900615802269044 0.15952553322528365 0.49743533711507293 0.16619739384116694 0.5037498241491086 0.17831729902755267 0.5049839270664506 0.18619498136142626 0.49998838816855756 0.19065575040518637 0.45351932495948133 0.19155561750405184 0.4393605810372772
1 0.15857168314424636 0.44347939059967584 0.15044461021069694 0.444006453808752 0.13904459562398702 0.45698765721231766 0.13710345299837925 0.4893545405186386 0.1484931799027553 0.49988811264181526 0.157934056726094 0.49656889465153975 0.16063365964343598 0.4540926636952999 0.15857168314424636 0.44347939059967584
1 0.6089005105348461 0.121479226904376 0.6031233743922204 0.11276338411669368 0.5894685559157212 0.10904308022690437 0.539312613452188 0.10566986304700163 0.5338080056726093 0.11237000486223664 0.5335817528363047 0.1188490372771475 0.5395851426256077 0.12108584764991896 0.6000998233387358 0.12968600081037276 0.6090933379254457 0.12756746110210698 0.6089005105348461 0.121479226904376
1 0.5337283047001621 0.10304225445705023 0.49971338168557533 0.10185442706645056 0.47362756077795787 0.1058086904376013 0.4690459586709887 0.10929759724473258 0.46717166612641814 0.11652994651539708 0.4723368946515397 0.11954835332252838 0.5323245121555916 0.12002143354943273 0.5352297933549433 0.11809572204213938 0.536798131280389 0.10801465559157213 0.5337283047001621 0.10304225445705023
1 0.6905851750405186 0.12757518476499188 0.6822369927066451 0.12282389303079416 0.6517444027552675 0.11365040113452188 0.6310500632090762 0.11414403889789304 0.6375522333873582 0.12531780064829823 0.6447280194489465 0.12881185089141003 0.7025302463533225 0.14542595056726093 0.6905851750405186 0.12757518476499188
1 0.7473795518638573 0.1498301564019449 0.7367714222042139 0.14013474473257698 0.7063919586709887 0.12772173662884925 0.693014811993517 0.12766002998379256 0.7026433727714748 0.1421864343598055 0.7417618176661264 0.1597698152350081 0.752261964343598 0.16094735494327392 0.7473795518638573 0.1498301564019449
1 0.7855749910858996 0.17062477228525122 0.7712285632090762 0.15187928200972448 0.7431938922204214 0.14198075607779578 0.7395070137763371 0.14306830794165315 0.7522054011345218 0.16256711345218802 0.7873592949756888 0.1775794489465154 0.7855749910858996 0.17062477228525122
1 0.8078993760129659 0.14667292139384117 0.7787488719611021 0.13389739627228525 0.7963348160453808 0.1527560121555916 0.82813606726094 0.17089473743922204 0.8078993760129659 0.14667292139384117
1 0.8189728622366289 0.1778725518638574 0.7912492884927066 0.1590653557536467 0.7803583427876823 0.15746873500810374 0.7802169351701783 0.16151813047001623 0.7865828411669368 0.16498389951377634 0.7864414335494327 0.16903329578606158 0.7935889376012967 0.17333722528363046 0.7954298047001621 0.17867214343598056 0.8311956061588329 0.199381914910859 0.8189728622366289 0.1778725518638574
1 0.8597342025931929 0.20646000486223665 0.8421199773095625 0.1884112674230146 0.8294447277147489 0.17985997082658023 0.8201735397082658 0.17831991410048623 0.8200321320907618 0.1823693095623987 0.8320054854132901 0.19941019611021069 0.8612356912479741 0.22151347244732578 0.8677147236628849 0.22173972528363048 0.8597342025931929 0.20646000486223665
1 0.4138841904376013 0.1215614740680713 0.37710025040518635 0.13000735089141005 0.3606198525121556 0.13754051053484603 0.3482968322528363 0.1537329489465154 0.3641036158833063 0.15387950081037277 0.4041836353322528 0.1439269910858995 0.4137942017828201 0.13574849918962723 0.41863033873581845 0.12497067990275527 0.4138841904376013 0.1215614740680713
1 0.39006860372771474 0.10694508103727714 0.38113165235008106 0.10744386223662884 0.35247478525121556 0.11536267666126418 0.33599438735818477 0.12289583549432738 0.32635553889789304 0.13188420664505673 0.326214131280389 0.13593360291734197 0.37327710777957857 0.12338691004862236 0.38397522609400325 0.11889529659643434 0.39157523581847653 0.11024116045380875 0.39006860372771474 0.10694508103727714
1 0.35694840518638576 0.10335589789303079 0.3331508128038898 0.11144440194489465 0.31851128200972445 0.12431247893030795 0.3466925056726094 0.11840422204213938 0.3617228346839546 0.10595522447325771 0.35694840518638576 0.10335589789303079
1 0.27076954700162076 0.1562962698541329 0.25342270583468396 0.16542090599675852 0.23945164586709888 0.18236666045380875 0.24710307536466772 0.18385015397082657 0.26364003727714747 0.17469723662884928 0.27805845867098866 0.15655080470016208 0.27076954700162076 0.1562962698541329
1 0.22009424878444084 0.19101565235008103 0.200397471636953 0.20938319448946519 0.19349421474878445 0.2213051280388979 0.2070693322528363 0.21569768071312803 0.22741144246353323 0.19046030794165317 0.22009424878444084 0.19101565235008103
2 0.5898567050243112 0.6900426466774716 0.5855862009724474 0.6846228833063209 0.5596700688816856 0.6837178719611021 0.5408448784440842 0.688736549432739 0.4913856888168558 0.6886311296596435 0.47382288249594817 0.6807200226904376 0.46438200567260945 0.6840392398703403 0.46770122366288497 0.693480116693679 0.48713832252836303 0.6941588752025931 0.4932779756888168 0.7041036774716369 0.5021300826580227 0.7060345332252836 0.5881752398703404 0.7033632293354943 0.5915278833063209 0.7002368395461912 0.5898567050243112 0.6900426466774716
2 0.5889002747163695 0.7058211482982172 0.5824212414910859 0.7055948954619126 0.5085808338735819 0.7070706653160455 0.4816851337115073 0.7109966474878444 0.4778285656401945 0.7169434732576986 0.4837188290113452 0.7224197998379255 0.5054724384116693 0.7264229189627228 0.558199425445705 0.7258315858995138 0.5720239335494327 0.7246926150729335 0.5904069059967585 0.7091172277147488 0.5889002747163695 0.7058211482982172
2 0.748487592382496 0.7450450299837926 0.7434072082658023 0.7395969846029173 0.7107292277147488 0.7465645121555916 0.6975731904376012 0.7517811604538087 0.6828205332252837 0.7678887536466774 0.6887390777957861 0.7725552009724473 0.707507705834684 0.7691562820097245 0.7337914983792544 0.7595328654781199 0.7479271037277148 0.749485223662885 0.748487592382496 0.7450450299837926
2 0.5922452106969206 0.6564750858995138 0.5582585696920583 0.654477379254457 0.5503294675850892 0.6493352884927067 0.5017932844408427 0.6460186345218801 0.49042669529983796 0.6464325705024312 0.48419705267423013 0.650674794165316 0.4890511839546191 0.6626018719611021 0.5011428071312803 0.6646458541329011 0.5098252244732577 0.6714359846029173 0.533867064019449 0.6795733444084279 0.5419941361426257 0.6790462811993517 0.5561297423014586 0.6689986401944894 0.5821307188006483 0.6674740137763371 0.5936387155591571 0.6630106815235007 0.5922452106969206 0.6564750858995138
2 0.6341300915721232 0.7341592106969206 0.6114817576985413 0.7325574465153971 0.6011230186385738 0.7273305113452188 0.5793128460291734 0.7249471491085899 0.5587830518638573 0.7323389003241491 0.5474164627228526 0.7327528371150729 0.5443697739059967 0.7387279448946515 0.5593101150729335 0.7404659732576986 0.5712886118314424 0.7457494724473258 0.5923454692058346 0.7464847933549433 0.6364466021069691 0.7374835721231766 0.6341300915721232 0.7341592106969206
3 0.6987095810372772 0.8353401166936791 0.6856949521880065 0.8365073695299838 0.6663709797406807 0.8325890948136142 0.6496180526742302 0.8247062690437601 0.6037274724473257 0.838510202593193 0.5937878136142626 0.8328924683954618 0.5929830786061588 0.8211067990275527 0.5849125688816855 0.8200141037277148 0.5754151288492707 0.8249530794165316 0.5713323079416532 0.8373789384116694 0.5367903217179903 0.8280640380875203 0.5224953136142626 0.8194561782820098 0.5054878525121556 0.8188622649918963 0.4832637431118314 0.8051123144246354 0.4640246150729335 0.7987644019448946 0.4469040275526742 0.8014100048622366 0.42263593598055105 0.7997516774716369 0.35467294084278767 0.7722414886547813 0.341187811993517 0.7636619100486224 0.33063110129659645 0.7641041288492707 0.29793512641815234 0.7483667593192869 0.2749294197730956 0.7337786474878444 0.25477757374392224 0.7071271944894651 0.24190435251215558 0.7042450510534847 0.2268277471636953 0.6947990307941654 0.20673246515397084 0.666527819286872 0.1760239092382496 0.6403185842787682 0.16633364100486223 0.6391693257698542 0.15563552350081036 0.6436609392220421 0.15167097244732577 0.6410898938411669 0.13958449270664505 0.6272885243111831 0.12359516855753647 0.5975389619124797 0.10458229416531604 0.5847120170178282 0.08778309157212318 0.5549341734197731 0.07446765153970827 0.5414953209076175 0.06684964829821717 0.5274445599675851 0.05258292139384117 0.5180268209076175 0.05004530145867099 0.5094241045380875 0.04546369935170178 0.5129130113452188 0.04630956645056726 0.5583510867098865 0.06516045867098866 0.622256978930308 0.07950174230145866 0.6527598565640195 0.08069727714748784 0.6649646069692058 0.09297658427876823 0.6848542115072933 0.11175291896272284 0.7276749651539709 0.10658254619124798 0.7364139457050244 0.10769837925445705 0.7392909448946515 0.11219513695299839 0.7382316750405187 0.10884249432739058 0.7413580656401946 0.10917158589951377 0.7551542917341978 0.11804168719611022 0.7797900445705024 0.1487733808752026 0.8169467884927066 0.18096028687196108 0.8472619821717989 0.19134730794165317 0.851679038897893 0.19425258833063208 0.8497533265802268 0.18205812641815236 0.8274340850891411 0.16874268638573744 0.8139952317666126 0.16665242868719612 0.804191837115073 0.1610398379254457 0.8023741077795786 0.16442076256077795 0.7984378387358184 0.15995743030794166 0.7869298419773095 0.16294755591572122 0.7825744918962723 0.16601738249594813 0.7875468930307942 0.17805244327390599 0.7912106337115073 0.20233852917341977 0.8155738573743923 0.21188224554294977 0.8325298995137762 0.22494829416531603 0.8415002763371151 0.22910567179902758 0.8501595559157212 0.23815060696920587 0.8581786458670989 0.2891344222042139 0.8842850421393842 0.2976754311183144 0.8951245680713128 0.31306313452188006 0.895661918962723 0.34729402269043763 0.9138854886547813 0.3842656458670989 0.9232852333873581 0.39096578849270663 0.9287898419773095 0.38920462155591573 0.9327826742301459 0.3986403549432739 0.9412208444084278 0.3967094991896272 0.9500729513776337 0.4048597098865478 0.960493397082658 0.43121805996758505 0.9719551183144247 0.5023177325769854 0.9793031742301459 0.5308049092382495 0.9762436345218801 0.5513064213938412 0.969661762560778 0.6416272277147488 0.9606528338735818 0.6735518922204214 0.9520372666126418 0.6789999367909239 0.9469568833063209 0.677855822528363 0.9448897625607781 0.6585035680713128 0.9417813670988654 0.6429564627228526 0.9225885153970826 0.621089726904376 0.9218249124797407 0.6175159748784441 0.9196729473257698 0.6196962212317666 0.9152893160453809 0.6124073095623986 0.9150347820097245 0.6073500632090761 0.9205342455429497 0.5401300972447326 0.9181868727714749 0.5390708273905996 0.9136901150729335 0.5327332017828201 0.9094144667747165 0.5337127706645056 0.9045834740680713 0.5441332163695299 0.8964332633711507 0.5539366110210697 0.8943430048622366 0.5806909027552675 0.8944664189627228 0.5856915858995138 0.8905867131280388 0.5912758946515397 0.8932143217179902 0.605938564019449 0.8912937528363047 0.6122761888168557 0.8955694011345218 0.6181433136142626 0.8900982188006483 0.655595723662885 0.8857300186385738 0.6599279359805511 0.8777726353322529 0.6670471580226904 0.8828864448946515 0.6693122495948136 0.8760731758508915 0.6742846507293355 0.8730033492706646 0.6754621904376014 0.8625032025931929 0.6783391896272285 0.8613873695299837 0.6818280972447326 0.865968971636953 0.6828076661264182 0.861137978930308 0.6780332358184764 0.8585386515397082 0.6774496094003242 0.852031337115073 0.6854404181523501 0.8437962811993518 0.6897109230145867 0.8492160445705024 0.6838720794165316 0.8538773484602916 0.6903742504051864 0.865051109400324 0.6973572082658023 0.8624569262560777 0.6996788630470017 0.8540238995137762 0.6987095810372772 0.8353401166936791