1 0.24832138009787927 0.6630632365415987 0.2542863694942904 0.6776432455138662 0.265903173735726 0.6888614624796086 0.2790899812398042 0.7432888768352365 0.2961836492659054 0.7878586769983688 0.29711306769983686 0.794368733278956 0.28824181321370307 0.8002340758564438 0.2934055016313214 0.8156438572593802 0.31609610603588906 0.8303398123980424 0.3260960717781403 0.8424020367047308 0.34337892495921696 0.8510739975530179 0.3908650978792822 0.8608503270799348 0.40962243637846657 0.8605229168026101 0.42664905546492654 0.8545152218597063 0.43018373409461663 0.8467035668841763 0.4336208311582382 0.8099332495921696 0.43313683278955956 0.7822050106035889 0.4277311451876019 0.7529311092985318 0.40485754649265904 0.7043832732463295 0.39165650326264273 0.6491403230016314 0.3764216721044046 0.6175906353996737 0.36025535970636213 0.6027807985318108 0.3338592528548124 0.5861100603588907 0.31421520146818926 0.5823740244698206 0.29138018107667213 0.5827726109298532 0.282281163132137 0.575589370309951 0.2709490636215335 0.5806818825448613 0.2609612691680261 0.5926851019575856 0.25635275530179447 0.6090812422512235 0.25832547389885807 0.6286256468189234 0.2482237977161501 0.6341045742251223 0.2458768344208809 0.6398560350734094 0.24832138009787927 0.6630632365415987
2 0.5340904665579119 0.7939033099510604 0.6131547969004895 0.7900758817292006 0.6406979779771615 0.7789899094616639 0.6450339592169657 0.7703484828711256 0.6388391419249592 0.7659697969004894 0.6208688686786297 0.764651898858075 0.5729230407830342 0.7752782161500815 0.5323882169657422 0.7898540978792822 0.5340904665579119 0.7939033099510604
1 0.5768550897226754 0.15929195758564438 0.5920919845024469 0.16759173817292006 0.6147805244698206 0.20553760032626428 0.6258095562805873 0.22981863539967376 0.6202289184339315 0.2372581101141925 0.6203997406199021 0.24704454812398044 0.6274812707993475 0.2554866810766721 0.6414735081566069 0.26258450978792824 0.6506579371941272 0.27466096900489395 0.6613453230016313 0.27936912969004896 0.700562248776509 0.28276352039151714 0.7131247699836868 0.27805742332789557 0.7174628148450245 0.24616609053833605 0.7138447879282219 0.22583461990212073 0.6811278099510604 0.1741954608482871 0.6649045562805873 0.1561234779771615 0.6558197732463296 0.14975577406199023 0.5952138417618271 0.13612952610114193 0.5764422675367047 0.13564139967373573 0.5769995057096248 0.14419741517128876 0.5717768132137031 0.1487753947797716 0.5768550897226754 0.15929195758564438
1 0.0976280660685155 0.7227985432300164 0.11532374143556282 0.7551210611745514 0.1537779445350734 0.8082916460032626 0.1689558344208809 0.8365791876019576 0.19397710195758563 0.8679580522022837 0.2109731867862969 0.8835691908646004 0.2175117137030995 0.8842708450244698 0.22084503588907015 0.8882915864600327 0.21852860766721044 0.8724242137030996 0.19612477161500816 0.8507890807504078 0.17355011256117456 0.8193675106035889 0.12396723164763458 0.7362071353996738 0.10189287030995106 0.7100794339314844 0.09694271125611746 0.7069026998368678 0.09372327079934747 0.7094062504078303 0.0976280660685155 0.7227985432300164
1 0.8473602398042415 0.7476459184339315 0.854171300163132 0.7405928588907015 0.8723022879282218 0.7043818442088091 0.8768396256117454 0.6839080220228385 0.8746513148450245 0.6753804771615008 0.8661949461663947 0.6816464706362153 0.8582958156606852 0.6964684787928223 0.8496807960848287 0.7170134779771615 0.844799748776509 0.7411643327895595 0.8473602398042415 0.7476459184339315
2 0.6677245636215334 0.785044438009788 0.7091033939641109 0.7720853939641109 0.7183610636215334 0.7649896288743883 0.7174743507340946 0.7609261818923327 0.7113080040783034 0.7581785685154976 0.697472354812398 0.7600516402936378 0.6660365497553018 0.7818107626427406 0.6677245636215334 0.785044438009788
2 0.6615419176182707 0.8047311949429038 0.7046657030995106 0.7982679722675367 0.7143809641109299 0.7940194665579119 0.7308076394779771 0.7770091468189233 0.7213649110929853 0.773502938009788 0.7083447985318108 0.7753617748776509 0.6906307601957585 0.7887235334420881 0.6573503531810766 0.7982780799347472 0.6549749200652528 0.8023984673735726 0.6615419176182707 0.8047311949429038
2 0.8576065448613377 0.5635075660685155 0.8612978115823818 0.5646668123980424 0.86943894045677 0.5637089233278956 0.8754771704730832 0.5591167088091354 0.8785684934747144 0.5492733303425774 0.8755219396411092 0.5383134110929854 0.8706287210440458 0.5383988230016313 0.8605982210440457 0.5479554323001632 0.8607690432300162 0.557741870309951 0.8579644893964111 0.5606460709624796 0.8576065448613377 0.5635075660685155
2 0.8658066786296901 0.5425619168026101 0.8738766313213703 0.5375263458401305 0.8724896215334421 0.5281690293637846 0.8679543482871125 0.5253929453507341 0.8623025334420881 0.5287547381729201 0.859239681076672 0.5402291892332789 0.8658066786296901 0.5425619168026101
2 0.876569367862969 0.5048479461663947 0.8842386704730832 0.5002272610114192 0.8857131557911908 0.4912278898858075 0.8762988980424143 0.48935275367047304 0.8706755546492658 0.49434561908646 0.876569367862969 0.5048479461663947
2 0.8721358042414356 0.4845307112561175 0.8835817854812399 0.4859624910277325 0.887960471451876 0.47976767373572593 0.8870310530179445 0.47325761663947796 0.8808077650897227 0.46724785807504077 0.8687028360522023 0.4748012145187602 0.8721358042414356 0.4845307112561175
2 0.897287253670473 0.4999994967373572 0.9075312830342577 0.5026759339314846 0.9077184045676998 0.4900280016313213 0.9039986672104404 0.48723768270799345 0.8966730742251223 0.48818133605220226 0.897287253670473 0.4999994967373572
1 0.5019641721044046 0.05169189477977162 0.5280735097879282 0.07530180995106037 0.5615247398042414 0.07553370146818923 0.5643292944535073 0.07262950081566069 0.5633429347471453 0.06285729853181077 0.5497228784665579 0.0537135106035889 0.5193914412724306 0.045269313213703095 0.49983280179445355 0.04642649592169657 0.5019641721044046 0.05169189477977162