1 0.9233499291666667 0.5381336841666666 0.9210195566666666 0.5285347875 0.9139439408333334 0.5259117941666667 0.9047504208333333 0.5300609266666667 0.8956631358333333 0.5423955725 0.8924527241666668 0.5793842933333334 0.8972066625 0.5861520733333333 0.9125653316666668 0.5831106625 0.9172108616666667 0.57825701 0.9233499291666667 0.5381336841666666
1 0.6804010491666667 0.5239373383333333 0.68009104 0.5131244858333333 0.650578965 0.5074839883333333 0.6262240308333333 0.5069941116666666 0.6092786308333333 0.5577352091666666 0.6126213583333333 0.5701630483333333 0.6382943091666666 0.5774228783333334 0.652842225 0.570743945 0.664565545 0.5719492075 0.6706222858333334 0.5614354966666666 0.6804010491666667 0.5239373383333333
1 0.7566743533333333 0.6451569275 0.7486882691666666 0.6410186608333334 0.7139280324999999 0.6460934758333333 0.7071602525 0.6508474141666667 0.6972774283333334 0.6835959816666666 0.7002104316666666 0.6873332175 0.7179991866666666 0.6917684525000001 0.7374029275 0.6931709699999999 0.74356373 0.68740685 0.7555688041666666 0.6547579966666667 0.7566743533333333 0.6451569275
1 0.4807231408333333 0.5394242408333333 0.4757654283333333 0.53002912 0.44261583083333333 0.5251993758333333 0.42361746666666666 0.5256156191666667 0.4180614691666667 0.5289539991666666 0.41141079 0.5590730525 0.41353521416666666 0.5626086874999999 0.4523492166666667 0.5757214841666667 0.4658912975 0.57652137 0.47296256666666664 0.5722725225 0.4807231408333333 0.5394242408333333
1 0.5500762583333333 0.26470872 0.5344097533333333 0.2603731991666667 0.49863933583333336 0.2660549925 0.4938919175 0.26959497416666667 0.4898577125 0.2823306483333333 0.4942084475 0.29071558833333333 0.5235189208333334 0.29716466583333334 0.5430180291666666 0.28957309166666667 0.5457429108333333 0.28381114583333333 0.5500762583333333 0.26470872
1 0.41856438583333333 0.52521459 0.394508595 0.5183579625 0.384506495 0.5223054941666666 0.3788594775 0.5415098075 0.38624510333333334 0.5549456541666667 0.40706657583333333 0.560995875 0.4120177683333333 0.5600832341666666 0.41332926583333335 0.5565454258333333 0.41856438583333333 0.52521459
1 0.38998668666666664 0.5588844916666666 0.37845627416666666 0.5431269666666666 0.3765312791666667 0.5353468316666666 0.36318862583333333 0.530302445 0.35601546916666665 0.5332376216666667 0.34673092916666665 0.5532526883333333 0.3494645041666667 0.561234425 0.37271606333333335 0.5747612916666667 0.38080186083333334 0.5767773075 0.3862559708333333 0.5721252575 0.38998668666666664 0.5588844916666666
1 0.37234980833333337 0.6347891025 0.3458682775 0.6273276708333333 0.33909832416666663 0.6286456883333333 0.3308217916666667 0.6446178558333333 0.33456772166666665 0.655428535 0.36347716583333334 0.6669306916666666 0.371357015 0.6628834466666667 0.37234980833333337 0.6347891025
3 0.9950315091666666 0.42975574000000005 0.9798266258333332 0.35639831666666666 0.9754737183333333 0.3445774558333333 0.9702168624999999 0.3415490858333333 0.9358511358333333 0.33126305833333336 0.8452945483333334 0.3155555225 0.7137172083333333 0.31280917083333337 0.6207522683333334 0.3239841958333333 0.4920234325 0.3511487758333333 0.44271745333333334 0.366338445 0.4274650191666667 0.3775653683333333 0.41454078333333333 0.3949552666666667 0.39316449583333335 0.47035696083333334 0.3927699866666667 0.48571780249999996 0.39873788083333334 0.49450594583333335 0.4120783608333333 0.4961144116666667 0.41813944833333333 0.4924725425 0.4395635525 0.4926611033333333 0.45330506166666673 0.4892164891666667 0.4569447575 0.4918416566666666 0.50807167 0.4796825316666667 0.5278786141666667 0.4794678891666666 0.5523310891666667 0.47439959499999995 0.6083160008333334 0.4737578416666667 0.6303427358333333 0.4680847425 0.6830911558333334 0.4632006616666666 0.7463511116666667 0.46093740166666664 0.8342651441666666 0.4527972675 0.9941340824999999 0.4488559916666667 0.9950315091666666 0.42975574000000005
3 0.8571574983333333 0.8570089091666667 0.8512958383333333 0.8564062783333333 0.7825882925 0.8736293508333334 0.6950796366666666 0.8835882458333333 0.6271698033333333 0.8838333166666666 0.568754805 0.8769984241666666 0.50366522 0.8624874566666667 0.4219943158333333 0.8352538558333333 0.34193187833333333 0.7946797758333333 0.31099120416666665 0.7672119716666667 0.2911820866666667 0.7639906933333332 0.265910165 0.7516777825 0.2601503925 0.7523888216666667 0.25772900000000004 0.7586558583333333 0.26096984 0.7697700266666666 0.28180869999999997 0.8033076125 0.28323729833333333 0.82513492 0.2968032875 0.8637299333333334 0.2925696541666667 0.8807101083333333 0.30006586166666666 0.9092033083333333 0.3258559141666667 0.9418282533333333 0.3521445375 0.9638419475000001 0.3592201541666667 0.9664649416666666 0.44835900999999995 0.9775247741666667 0.52456711 0.9956667425000001 0.5484169533333333 0.9964601083333334 0.6229883325 0.9832755875 0.6791726733333333 0.9783893333333333 0.7189816425 0.9668437075 0.7664645133333333 0.9451875733333333 0.7897983983333333 0.929104825 0.832219495 0.8933039791666666 0.8581720266666667 0.8632737725 0.8571574983333333 0.8570089091666667
3 0.9108109791666668 0.20606985583333334 0.8995818824999999 0.18738150083333333 0.876117855 0.15748361083333334 0.8275856816666667 0.11790015083333333 0.7814857666666667 0.08922925749999999 0.723463105 0.06359760166666667 0.6545387425 0.05757780916666667 0.629275515 0.05900858083333334 0.5011493100000001 0.08031150083333333 0.4591183758333333 0.09387966333333334 0.407384485 0.1050286075 0.3805127916666666 0.11979985916666666 0.36930542916666664 0.13547071083333334 0.343047235 0.16155990583333332 0.3375952983333333 0.16964787666666667 0.33537985416666666 0.181978175 0.3184105466666666 0.194924145 0.2923583 0.22707660166666666 0.28227170083333336 0.2571978283333333 0.27661381583333333 0.2592225375 0.27681759083333335 0.2618498791666667 0.2848036741666667 0.265988145 0.298746785 0.2617349508333333 0.3014716666666667 0.255973005 0.30561428 0.2548587625 0.3213826716666667 0.2605079533333334 0.3609922133333333 0.2532068275 0.382813 0.2414704666666667 0.4452556833333334 0.2252619225 0.4684876808333333 0.20786550333333334 0.5024328166666667 0.192281325 0.5198118483333334 0.1880259575 0.5307265883333333 0.18902961833333334 0.5375962566666667 0.18558935083333333 0.5468960108333334 0.18962572916666665 0.5590225333333333 0.1892138325 0.5747844058333333 0.18455526166666666 0.6034835541666667 0.18312231583333333 0.6261150933333334 0.1750234775 0.6483456033333334 0.17197771916666668 0.7097889725 0.17355575666666667 0.7358586066666667 0.16889066583333334 0.7396999033333334 0.17070725333333334 0.7447508108333333 0.1676723625 0.752433405 0.1713055375 0.7611196608333334 0.1640239725 0.7707185566666667 0.16169360083333334 0.7732418366666667 0.15674023416666666 0.7884032508333333 0.16137924416666666 0.7924483233333334 0.1658231725 0.7987131866666667 0.16480864416666668 0.7993223383333333 0.16925474666666665 0.803972215 0.17127293583333333 0.8085136841666667 0.16166969250000002 0.8065908625 0.15732547833333332 0.8235710375 0.16155911166666667 0.8264065 0.17085451833333332 0.8377266166666666 0.17367694083333332 0.8397513266666666 0.17933482583333332 0.8543079358333333 0.18639957499999998 0.8569396241666667 0.19306764083333333 0.9092978808333334 0.21041624416666665 0.9108109791666668 0.20606985583333334
2 0.38717052 0.42033777 0.36837158333333336 0.41650951333333336 0.35806382166666667 0.4165160333333333 0.35473196166666665 0.42126779833333333 0.3609014583333333 0.4292473616666666 0.3855598808333333 0.4302423283333333 0.39182257083333333 0.42579187916666666 0.38717052 0.42033777
1 0.7773042966666667 0.18867152833333334 0.7643626733333333 0.17857406166666667 0.7465739183333333 0.17413882666666666 0.7379873766666666 0.17929814166666666 0.7380914383333333 0.1840477325 0.756088315 0.19798215 0.7678138083333333 0.20262333333333332 0.780343535 0.20059427666666665 0.7773042966666667 0.18867152833333334
1 0.3451441975 0.6009523741666666 0.3434229775 0.59579958 0.32785835999999996 0.59277773 0.32138754833333333 0.5877289966666667 0.3172449358333333 0.5888432391666667 0.3126080991666667 0.6074405733333333 0.31756798583333334 0.6202716158333333 0.33657069666666667 0.6267272133333334 0.34161943 0.6202564016666666 0.3451441975 0.6009523741666666
1 0.31006552249999997 0.741645255 0.30763326333333335 0.7307326883333334 0.29519890416666666 0.7237676533333333 0.28964508 0.7305419533333334 0.2878328391666667 0.7412550925 0.29623299333333336 0.7609558016666667 0.3031070083333333 0.7643873758333334 0.3077547116666667 0.7629696441666667 0.31006552249999997 0.741645255