1 0.3263696059322034 0.6359683677966101 0.3271679508474576 0.6512017 0.33037392627118645 0.6557010949152543 0.40933839237288133 0.6889020508474576 0.433522563559322 0.6969694389830509 0.44327714661016954 0.6968825330508475 0.4547704737288135 0.6894912288135593 0.45757907542372883 0.6783119677966102 0.4551324906779661 0.6640136372881357 0.44934327372881355 0.6588010025423728 0.37674640677966104 0.6337525415254237 0.33590602457627117 0.6155260008474577 0.3304716279661017 0.6170837364406779 0.3263696059322034 0.6359683677966101
1 0.4539967796610169 0.1646599152542373 0.4424147474576271 0.17035862711864405 0.43559822627118644 0.17792914152542375 0.4343935110169491 0.18732710508474576 0.4446803237288136 0.1973957533898305 0.4578644440677966 0.19797773389830509 0.47345439576271187 0.19588776864406782 0.500894293220339 0.18511487796610168 0.5648579855932203 0.17497371779661017 0.5694017330508475 0.1726140381355932 0.5699375618644068 0.16664561186440677 0.5585383381355933 0.1515435381355932 0.5481610211864407 0.1478442872881356 0.4539967796610169 0.1646599152542373
1 0.2705050584745763 0.6792055847457626 0.3195386898305085 0.7080348042372882 0.35445679745762715 0.7185098228813559 0.35993734576271186 0.709736393220339 0.35851446694915257 0.6987788949152542 0.3544621957627119 0.6943238525423728 0.2776374457627119 0.6533731728813559 0.2706896661016949 0.6503428084745763 0.26445332542372885 0.6527911923728813 0.26351472542372884 0.6672669330508475 0.2705050584745763 0.6792055847457626
1 0.2613678127118644 0.7072646177966102 0.2548228042372881 0.6957269389830509 0.1884658754237288 0.6521061127118645 0.1889519533898305 0.6694773618644068 0.19358260762711865 0.6768722652542374 0.24697897711864408 0.7160806008474576 0.2602961550847458 0.7192014703389831 0.2613678127118644 0.7072646177966102
1 0.3366114355932204 0.8475867745762712 0.34396198644067794 0.8421098245762711 0.34935382966101697 0.8316438025423729 0.33661683389830505 0.8234008033898305 0.3193804415254237 0.8183637796610169 0.31100438559322036 0.8285618881355933 0.3106016144067797 0.8370692025423729 0.3259218516949153 0.8460254398305085 0.3366114355932204 0.8475867745762712
1 0.427656606779661 0.836026333898305 0.4282811406779661 0.8317505008474576 0.40703682966101695 0.8231047305084747 0.39768321864406775 0.8227463118644067 0.3821783737288136 0.8426528508474577 0.3966079627118644 0.8508071440677967 0.41152902796610175 0.8521467161016949 0.427656606779661 0.836026333898305
1 0.37504598644067794 0.8684852618644069 0.362353343220339 0.861088559322034 0.35117408220338986 0.8582799567796611 0.33847783983050844 0.8670072347457627 0.3400355754237288 0.8724416313559322 0.3539311347457627 0.8785023610169491 0.3653783101694915 0.87832675 0.37504598644067794 0.8684852618644069
1 0.15693061440677966 0.25278555677966097 0.17488204406779662 0.24717734915254236 0.18472893050847458 0.23265905508474577 0.18833947627118644 0.22058914576271185 0.1693199881355932 0.2220102254237288 0.1586286042372881 0.22851088135593217 0.1465976491525424 0.2499326025423729 0.14806668050847457 0.253674406779661 0.15693061440677966 0.25278555677966097
1 0.14088274322033897 0.31090848305084745 0.13241798220338982 0.31941399830508477 0.12827160762711864 0.3374523338983051 0.14024921355932202 0.35549426779661014 0.14799893644067796 0.3576339838983051 0.15829474576271188 0.32739268135593225 0.14088274322033897 0.31090848305084745
1 0.09603624152542373 0.28101120423728815 0.0884639279661017 0.2822566737288136 0.08030963389830507 0.2966862618644068 0.07986251016949153 0.3043472805084746 0.08836982457627118 0.30475005169491526 0.09701379576271187 0.29156773135593217 0.09603624152542373 0.28101120423728815
1 0.908432027118644 0.45610653813559326 0.8866554855932203 0.43730521271186445 0.8806870601694914 0.4367693847457627 0.8759179508474577 0.4510215635593221 0.8769824110169491 0.4713326720338983 0.8819253313559322 0.4765896593220339 0.9049509398305084 0.48683931610169484 0.908432027118644 0.45610653813559326
1 0.9197227533898304 0.5581979127118644 0.9213302398305085 0.5402926338983051 0.9017785211864406 0.5315581593220339 0.8953168194915254 0.545899043220339 0.8936206288135593 0.5621117288135593 0.8985191966101694 0.5665224186440678 0.9125496127118645 0.5670600466101695 0.9197227533898304 0.5581979127118644
1 0.9440244194915254 0.4389660483050847 0.9348518169491526 0.42586883389830504 0.9266124169491525 0.42248184915254233 0.9276307254237289 0.45000865254237293 0.9426830483050849 0.46194910338983053 0.9457577652542374 0.455847620338983 0.9440244194915254 0.4389660483050847
1 0.9377502932203391 0.6107162288135592 0.9421184305084745 0.5969093745762712 0.9389568076271188 0.5932562754237288 0.9287125483050848 0.5920959127118645 0.925950097457627 0.5960594796610169 0.9209130745762711 0.6132958711864407 0.9261682618644068 0.6164149415254238 0.9377502932203391 0.6107162288135592
1 0.9572223033898305 0.5774481601694915 0.9612320220338983 0.572994916101695 0.9620375644067797 0.5559802872881355 0.9546001076271186 0.5517026542372881 0.9420830745762713 0.5557531262711864 0.9401669203389831 0.5596723406779661 0.9446645169491527 0.5645283559322034 0.9469336915254237 0.5754415016949153 0.9572223033898305 0.5774481601694915
1 0.9655222499999999 0.5091235279661017 0.9626728940677967 0.5033325118644068 0.9552354372881355 0.49905487881355937 0.9494426220338983 0.5099662254237288 0.9493503186440677 0.524397613559322 0.9551395355932204 0.5296102474576272 0.9606626372881357 0.5297451042372882 0.9655222499999999 0.5091235279661017
1 0.9747500008474577 0.4746950966101695 0.967002077118644 0.46449338983050853 0.9627705957627118 0.4647151525423729 0.959339259322034 0.47210825677966106 0.9608508423728814 0.48475834745762714 0.9685987669491526 0.4949600533898305 0.9732755720338984 0.49513926271186437 0.9747500008474577 0.4746950966101695
1 0.8771573915254238 0.6851759016949153 0.8813001677966101 0.6832615466101695 0.8906130245762712 0.6666496881355932 0.8885212593220339 0.659121727118644 0.8801044491525424 0.6523495584745762 0.8722642211864406 0.6565792398305085 0.8637533084745763 0.6723004491525424 0.8640194228813559 0.677378227118644 0.8771573915254238 0.6851759016949153
1 0.7546464101694915 0.7845203889830509 0.7601251593220338 0.78380895 0.8058749059322033 0.7580742398305085 0.8134933711864407 0.7496130771186441 0.8171926220338983 0.7392357593220339 0.8141197042372881 0.7372752525423728 0.8008894322033898 0.743908966101695 0.7638705627118644 0.7662159381355932 0.7539349711864407 0.7790416398305084 0.7546464101694915 0.7845203889830509
1 0.9021914576271186 0.677074956779661 0.9064672915254237 0.6776994898305084 0.9176483516949153 0.6724461025423729 0.9277170008474577 0.6621592889830509 0.9337777305084746 0.648263729661017 0.9330219381355933 0.6419386847457628 0.9195255516949152 0.6434946211864407 0.9134222686440678 0.6484818940677965 0.9020140483050847 0.6736897711864407 0.9021914576271186 0.677074956779661
1 0.9611822720338984 0.596334590677966 0.9552581983050848 0.5966450584745763 0.9525401 0.6014549211864407 0.9499089076271187 0.6160193669491526 0.9541847415254238 0.6166439008474577 0.9599757576271187 0.6137945449152542 0.9611822720338984 0.596334590677966
1 0.1384175347457627 0.5796261093220338 0.14020243135593222 0.565106016101695 0.13601890084745763 0.5500500940677966 0.10876541016949154 0.5238982186440677 0.10448957627118645 0.5232736847457627 0.10292824237288135 0.5339632686440677 0.10622112372881355 0.5482172466101695 0.13146975508474576 0.5765957440677966 0.1384175347457627 0.5796261093220338
1 0.11044540762711864 0.5802434457627119 0.10167557627118644 0.5586389169491526 0.08070097881355932 0.538946943220339 0.08034076101694915 0.5563625440677966 0.08506011949152542 0.5654500398305085 0.09962096694915254 0.5842052127118644 0.10919633983050848 0.5887951127118644 0.11044540762711864 0.5802434457627119
1 0.09061021101694916 0.44465504237288134 0.07511256355932203 0.432313620338983 0.07096798813559323 0.44228996525423725 0.07150021779661017 0.45244551949152545 0.08681865593220339 0.4694637474576271 0.09007078389830508 0.46674744915254235 0.09061021101694916 0.44465504237288134
1 0.04990648474576271 0.4128434093220339 0.04972547627118644 0.42558220508474576 0.05867631610169491 0.4344479381355932 0.06095268813559322 0.41311312288135593 0.05431717542372882 0.4079448415254237 0.04990648474576271 0.4128434093220339
1 0.03288465847457627 0.4442858279661017 0.037737074576271186 0.4559122127118644 0.04285920423728814 0.4564923940677966 0.04366474661016949 0.43947776440677966 0.0359168220338983 0.4292760576271186 0.03288465847457627 0.4442858279661017
1 0.0693569033898305 0.4763192237288136 0.06107495 0.46402395338983055 0.054572494067796615 0.4613945601694915 0.054300981355932205 0.4805027542372881 0.06614552966101696 0.49600579915254234 0.06930895169491526 0.49159690847457627 0.0693569033898305 0.4763192237288136
1 0.042316177966101695 0.49470878050847455 0.0480148906779661 0.5062908127118645 0.05144442796610169 0.5069596991525424 0.05135932118644068 0.48914312627118645 0.042853805932203386 0.48067836440677963 0.042316177966101695 0.49470878050847455
1 0.03256879237288136 0.46254772542372885 0.029761989830508477 0.46566499576271186 0.030471629661016946 0.4792057355932203 0.034344692372881354 0.48833758389830506 0.03951117457627119 0.4897640610169492 0.040449774576271184 0.4752883203389831 0.03256879237288136 0.46254772542372885
1 0.04269438898305085 0.3966732762711864 0.038948986440677964 0.41426628813559324 0.045316584745762716 0.42241878220338985 0.04848000762711865 0.4180098915254237 0.04941860677966101 0.40353415084745764 0.04269438898305085 0.3966732762711864
3 0.3460880296610169 0.09733379830508475 0.35798052881355935 0.0975591593220339 0.36078553305084743 0.10250387966101694 0.36929284745762714 0.10290665084745763 0.3851507127118644 0.0978324720338983 0.40301163898305087 0.09859366186440678 0.48554949491525423 0.08663045 0.567507170338983 0.0797893686440678 0.5846548576271187 0.0831338 0.6460353084745764 0.07227940084745763 0.7000172576271186 0.08217963644067797 0.7067007220338982 0.07207023305084745 0.7072809033898305 0.06694810338983051 0.7019813635593221 0.0629827372881356 0.7082195033898305 0.05247236271186441 0.7020736669491525 0.04855134915254237 0.6996252822033898 0.0423150093220339 0.6788706483050847 0.034916506779661016 0.5631126737288136 0.01213002372881356 0.5231149889830508 0.009983110169491525 0.46636879067796605 0.012108432203389832 0.3872604711864407 0.02474052966101695 0.3021357745762712 0.052114483050847454 0.21865571949152543 0.09467741610169492 0.16141084745762713 0.13586542118644068 0.12978022288135593 0.16383035169491525 0.10287075593220339 0.1928207872881356 0.10242363220338983 0.20048180593220338 0.10580881694915255 0.20030439576271186 0.15316245084745764 0.17278838813559322 0.15873170423728813 0.1657075508474576 0.1672390186440678 0.1661103220338983 0.21018196186440677 0.14349288305084748 0.2561516711864407 0.1300516440677966 0.2835472161016949 0.11843245677966102 0.3305406313559322 0.10833205084745762 0.3460880296610169 0.09733379830508475
3 0.9779937618644068 0.3098926957627119 0.957072513559322 0.25073706694915254 0.9277326550847458 0.1928712593220339 0.8945125372881355 0.15812156440677966 0.8815981313559322 0.14649338050847457 0.8755853525423729 0.1451112559322034 0.8704614237288135 0.1525930652542373 0.8740683711864407 0.156647136440678 0.8652026372881356 0.16559797627118644 0.8682737567796609 0.17562047288135593 0.8850150737288135 0.20359619915254237 0.9446225932203389 0.35322401525423724 0.9960033084745762 0.44303091525423727 0.9966018720338984 0.4220669033898305 0.9955403694915255 0.40181221355932206 0.9900972279661017 0.362721479661017 0.9779937618644068 0.3098926957627119
3 0.24214752288135594 0.8101063864406779 0.19757433305084746 0.7530389245762712 0.19552692033898306 0.7463572593220339 0.18403719237288135 0.7376245838983051 0.17838283220338982 0.7268888483050847 0.1560279093220339 0.7051476627118645 0.15838938813559322 0.7016294203389831 0.15206434237288136 0.7023852127118645 0.14636383050847457 0.698865170338983 0.13946400254237287 0.6805571211864407 0.13581090254237288 0.6837187440677966 0.13064442033898305 0.6822922669491526 0.10766676355932203 0.6567649254237288 0.09404091694915255 0.6396579923728813 0.08999044491525424 0.627140959322034 0.07667506694915255 0.6159580991525424 0.06256134322033897 0.5895419084745762 0.05637115423728813 0.5847745983050848 0.028589032203389833 0.5323431872881356 0.02987345593220339 0.5649477677966102 0.04584998389830509 0.6269084008474576 0.08066319322033899 0.7082487398305085 0.09900839830508475 0.7344431686440678 0.11699878220338983 0.7538672271186441 0.17961210762711863 0.8070190745762712 0.24093741016949155 0.8436903211864407 0.2681501474576271 0.8528719194915254 0.2712692169491525 0.8476167322033898 0.2706926347457627 0.8366148813559322 0.2623219762711865 0.8226270186440678 0.2519003059322034 0.8180814711864407 0.252347429661017 0.8104204525423729 0.24731580423728813 0.8034708737288135 0.24473076440677968 0.8108196254237288 0.24214752288135594 0.8101063864406779