2 0.53046875 0.553515625 0.5296875 0.518359375 0.5375 0.504296875 0.53515625 0.486328125 0.5265625 0.475390625 0.5234375 0.466015625 0.525 0.458203125 0.522265625 0.44765625 0.518359375 0.4515625 0.516796875 0.4484375 0.5125 0.450390625 0.51171875 0.466015625 0.50703125 0.473828125 0.494140625 0.47578125 0.4921875 0.478515625 0.48359375 0.526953125 0.4859375 0.533984375 0.49375 0.541796875 0.49375 0.573828125 0.503125 0.596484375 0.5015625 0.604296875 0.505078125 0.6078125 0.51640625 0.607421875 0.525 0.593359375 0.53046875 0.553515625
2 0.3421875 0.543359375 0.35234375 0.500390625 0.35234375 0.465234375 0.34453125 0.455078125 0.34140625 0.440234375 0.333984375 0.43671875 0.32890625 0.440234375 0.32734375 0.456640625 0.3203125 0.467578125 0.31875 0.478515625 0.3234375 0.489453125 0.3234375 0.511328125 0.33359375 0.574609375 0.336328125 0.578125 0.34140625 0.577734375 0.34375 0.573046875 0.3421875 0.543359375
2 0.38828125 0.554296875 0.3890625 0.528515625 0.392578125 0.5234375 0.40234375 0.519921875 0.40390625 0.512890625 0.39375 0.480859375 0.39609375 0.458203125 0.38828125 0.451953125 0.38671875 0.439453125 0.376171875 0.4375 0.37109375 0.454296875 0.36171875 0.462109375 0.3640625 0.487109375 0.359375 0.519140625 0.365625 0.525390625 0.37109375 0.545703125 0.3703125 0.561328125 0.379296875 0.56171875 0.383984375 0.56953125 0.3890625 0.569921875 0.39140625 0.566796875 0.38828125 0.554296875
3 0.37265625 0.801171875 0.36796875 0.782421875 0.3578125 0.766015625 0.301953125 0.71640625 0.258203125 0.69921875 0.249609375 0.69765625 0.242578125 0.7 0.23515625 0.710546875 0.2328125 0.722265625 0.246875 0.755078125 0.298828125 0.81015625 0.319921875 0.81640625 0.346875 0.817578125 0.364453125 0.8109375 0.37265625 0.801171875
3 0.3015625 0.639453125 0.3265625 0.617578125 0.3296875 0.606640625 0.3296875 0.575390625 0.3234375 0.550390625 0.310546875 0.53359375 0.284765625 0.51875 0.267578125 0.51484375 0.251171875 0.5234375 0.2328125 0.540234375 0.2265625 0.584765625 0.23125 0.624609375 0.2484375 0.666015625 0.258984375 0.6703125 0.275 0.669921875 0.2953125 0.658984375 0.3015625 0.639453125
3 0.29140625 0.478515625 0.31171875 0.463671875 0.3234375 0.444140625 0.325 0.423828125 0.32109375 0.409765625 0.31328125 0.395703125 0.303515625 0.3875 0.279296875 0.38671875 0.264453125 0.39375 0.2546875 0.405078125 0.24609375 0.424609375 0.24296875 0.445703125 0.2546875 0.505859375 0.261328125 0.5109375 0.27265625 0.510546875 0.28125 0.503515625 0.29140625 0.478515625
3 0.302734375 0.38671875 0.307421875 0.38359375 0.315625 0.362890625 0.315625 0.341796875 0.306640625 0.33671875 0.294140625 0.33515625 0.264453125 0.35078125 0.25390625 0.364453125 0.2515625 0.373046875 0.25234375 0.388671875 0.2609375 0.394921875 0.276171875 0.38671875 0.302734375 0.38671875
3 0.51484375 0.366796875 0.51953125 0.352734375 0.5140625 0.343359375 0.506640625 0.33828125 0.478515625 0.33671875 0.46640625 0.344921875 0.46171875 0.360546875 0.4703125 0.376171875 0.480078125 0.38125 0.4859375 0.392578125 0.49140625 0.394921875 0.5015625 0.387890625 0.51484375 0.366796875
3 0.57109375 0.476171875 0.57734375 0.448828125 0.5765625 0.436328125 0.568359375 0.42578125 0.561328125 0.421875 0.533203125 0.41796875 0.524609375 0.42109375 0.5140625 0.431640625 0.5125 0.461328125 0.515234375 0.46640625 0.53203125 0.472265625 0.541015625 0.4921875 0.55546875 0.494921875 0.56484375 0.489453125 0.57109375 0.476171875
3 0.65234375 0.651953125 0.65703125 0.641796875 0.6625 0.612890625 0.659375 0.594140625 0.6515625 0.580859375 0.633203125 0.571875 0.617578125 0.571875 0.598046875 0.578125 0.58515625 0.594921875 0.5796875 0.615234375 0.58203125 0.629296875 0.589453125 0.6453125 0.62421875 0.657421875 0.644140625 0.65625 0.65234375 0.651953125
3 0.722265625 0.77578125 0.7375 0.758984375 0.74296875 0.745703125 0.738671875 0.7421875 0.729296875 0.74140625 0.705859375 0.753125 0.678125 0.784765625 0.675 0.793359375 0.681640625 0.79765625 0.6875 0.797265625 0.698828125 0.79296875 0.722265625 0.77578125
0 0.353125 0.347265625 0.357421875 0.34453125 0.361328125 0.3453125 0.372265625 0.359375 0.381640625 0.3578125 0.389453125 0.34765625 0.405078125 0.34765625 0.415234375 0.35859375 0.423046875 0.3625 0.445703125 0.3625 0.452734375 0.359375 0.45859375 0.351953125 0.4609375 0.337109375 0.45546875 0.292578125 0.4484375 0.259765625 0.4359375 0.237109375 0.434375 0.228515625 0.44140625 0.199609375 0.458203125 0.19609375 0.460546875 0.1921875 0.430859375 0.18359375 0.391796875 0.17734375 0.338671875 0.20546875 0.3203125 0.219921875 0.322265625 0.2296875 0.329296875 0.225 0.33046875 0.229296875 0.30625 0.283984375 0.29765625 0.330078125 0.31640625 0.341015625 0.31640625 0.376171875 0.32421875 0.377734375 0.340234375 0.3734375 0.353125 0.347265625
2 0.35546875 0.398828125 0.36328125 0.376953125 0.37265625 0.369140625 0.361328125 0.34453125 0.353125 0.347265625 0.35 0.359765625 0.34140625 0.373046875 0.34453125 0.382421875 0.34296875 0.405078125 0.346875 0.440234375 0.35 0.445703125 0.35390625 0.440234375 0.35546875 0.398828125
2 0.37265625 0.438671875 0.384375 0.435546875 0.3890625 0.416796875 0.390625 0.383203125 0.376953125 0.371875 0.36953125 0.376171875 0.3703125 0.381640625 0.35859375 0.396484375 0.35625 0.405859375 0.35625 0.434765625 0.36171875 0.461328125 0.36875 0.453515625 0.37265625 0.438671875
2 0.41015625 0.407421875 0.41796875 0.392578125 0.41875 0.384765625 0.41796875 0.365234375 0.404296875 0.346875 0.4 0.349609375 0.390625 0.370703125 0.39140625 0.420703125 0.396875 0.438671875 0.40703125 0.430078125 0.41015625 0.407421875
2 0.394921875 0.346875 0.390234375 0.346875 0.37890625 0.368359375 0.37890625 0.377734375 0.388671875 0.38515625 0.39296875 0.384765625 0.3984375 0.353515625 0.394921875 0.346875
3 0.52265625 0.188671875 0.528125 0.166015625 0.5234375 0.153515625 0.519140625 0.15234375 0.498046875 0.15625 0.49140625 0.163671875 0.49296875 0.186328125 0.500390625 0.19453125 0.50625 0.196484375 0.50703125 0.206640625 0.5109375 0.210546875 0.51484375 0.196484375 0.52265625 0.188671875
3 0.56484375 0.201953125 0.5625 0.176953125 0.5734375 0.168359375 0.570703125 0.16484375 0.551171875 0.16015625 0.520703125 0.1609375 0.51796875 0.165234375 0.5234375 0.169140625 0.52109375 0.188671875 0.51328125 0.196484375 0.5140625 0.205859375 0.51484375 0.200390625 0.518359375 0.19921875 0.544921875 0.20625 0.55078125 0.210546875 0.555078125 0.2046875 0.56484375 0.201953125
3 0.58828125 0.209765625 0.58828125 0.205859375 0.596875 0.200390625 0.6 0.171484375 0.594921875 0.16796875 0.565234375 0.16484375 0.56875 0.169140625 0.5640625 0.174609375 0.5640625 0.193359375 0.570703125 0.20234375 0.5828125 0.210546875 0.584765625 0.215625 0.590625 0.216015625 0.5921875 0.212109375 0.58828125 0.209765625
3 0.64140625 0.188671875 0.64140625 0.176953125 0.623046875 0.16875 0.605078125 0.1703125 0.6015625 0.178515625 0.6015625 0.196484375 0.60625 0.212890625 0.616015625 0.215625 0.615625 0.219921875 0.623046875 0.22265625 0.63984375 0.223828125 0.63515625 0.206640625 0.64140625 0.188671875
3 0.6671875 0.184765625 0.655859375 0.17734375 0.651171875 0.18046875 0.638671875 0.17265625 0.633203125 0.17265625 0.6328125 0.176953125 0.63671875 0.180078125 0.63125 0.208203125 0.634375 0.223046875 0.639453125 0.225 0.644921875 0.22265625 0.651953125 0.22890625 0.665625 0.229296875 0.6640625 0.188671875 0.6671875 0.184765625
3 0.69296875 0.222265625 0.69765625 0.200390625 0.674609375 0.18515625 0.654296875 0.18046875 0.65546875 0.193359375 0.659375 0.196484375 0.65859375 0.208984375 0.66328125 0.216015625 0.6625 0.227734375 0.672265625 0.23515625 0.68828125 0.239453125 0.69453125 0.235546875 0.69296875 0.222265625
3 0.87265625 0.301953125 0.86328125 0.290234375 0.862890625 0.28515625 0.858984375 0.2875 0.83359375 0.266796875 0.835546875 0.2625 0.826953125 0.26640625 0.816015625 0.253125 0.780859375 0.2359375 0.758203125 0.21953125 0.743359375 0.21796875 0.706640625 0.1890625 0.698046875 0.19140625 0.69296875 0.196484375 0.6953125 0.200390625 0.69453125 0.215234375 0.690625 0.223828125 0.6953125 0.226171875 0.6953125 0.236328125 0.698046875 0.23984375 0.707421875 0.24140625 0.713671875 0.24765625 0.722265625 0.24921875 0.733203125 0.25625 0.756640625 0.2625 0.761328125 0.26875 0.803515625 0.2921875 0.812109375 0.3015625 0.835546875 0.3125 0.857421875 0.33359375 0.865234375 0.3359375 0.888671875 0.359375 0.9140625 0.374609375 0.90234375 0.332421875 0.87265625 0.301953125
3 0.136328125 0.325 0.145703125 0.32109375 0.164453125 0.30546875 0.176171875 0.3015625 0.180859375 0.2953125 0.208203125 0.2828125 0.216015625 0.275 0.223828125 0.27421875 0.242578125 0.25859375 0.253515625 0.25703125 0.267578125 0.25 0.278515625 0.240625 0.283203125 0.24296875 0.311328125 0.23046875 0.32265625 0.212109375 0.32109375 0.204296875 0.305859375 0.2 0.289453125 0.20390625 0.275390625 0.21171875 0.269140625 0.209375 0.245703125 0.21171875 0.235546875 0.21484375 0.23671875 0.220703125 0.230859375 0.2265625 0.221484375 0.22734375 0.22265625 0.231640625 0.208984375 0.240625 0.20625 0.239453125 0.208203125 0.23515625 0.201171875 0.23515625 0.20234375 0.243359375 0.196484375 0.2484375 0.19375 0.247265625 0.19375 0.242578125 0.1984375 0.239453125 0.19765625 0.237109375 0.192578125 0.23828125 0.178515625 0.2609375 0.147265625 0.28671875 0.133203125 0.29453125 0.10234375 0.325390625 0.09375 0.344921875 0.08984375 0.361328125 0.09140625 0.366015625 0.129296875 0.334375 0.136328125 0.325
3 0.491015625 0.159375 0.473828125 0.16328125 0.455859375 0.15390625 0.437890625 0.15390625 0.41640625 0.165234375 0.4203125 0.166796875 0.4203125 0.173828125 0.416796875 0.17109375 0.41484375 0.173046875 0.421484375 0.18046875 0.4640625 0.192578125 0.462890625 0.196875 0.444140625 0.2 0.443359375 0.209375 0.454296875 0.20390625 0.464453125 0.20390625 0.464453125 0.20859375 0.471875 0.208984375 0.49140625 0.187890625 0.491015625 0.159375