1 0.5846381605136437 0.5945894590690208 0.6039108707865168 0.5941231749598715 0.622451169341894 0.5896306548956661 0.6286165850722312 0.5813100224719101 0.6369031115569823 0.5204501886035313 0.6360225088282504 0.4329415561797753 0.6309536805778491 0.4244248290529695 0.6133979165329053 0.41849955858747995 0.6094557199036919 0.41441729534510435 0.6070063619582664 0.4167826131621188 0.46743678812199035 0.41113565489566617 0.31010134831460673 0.41160011637239163 0.29878306420545747 0.41621869823435 0.2934200939004815 0.4245533370786517 0.2856378105939005 0.4565251155698234 0.2818837937399679 0.5106411958266452 0.2859161227929374 0.5785389253611557 0.2902385321027287 0.5838318611556983 0.3037820666131621 0.5896870979133226 0.39992151043338686 0.6001948130016052 0.4641031821829855 0.6021177993579454 0.541236044141252 0.5978453250401283 0.570110092295345 0.5991520136436597 0.5846381605136437 0.5945894590690208
1 0.5543890032102728 0.3271668764044944 0.5542168611556982 0.29104280016051365 0.5506388402889246 0.26609694141252005 0.5351662279293741 0.255793235152488 0.5199617744783307 0.2531197688603531 0.44688316292134833 0.2550549390048154 0.4314686083467094 0.2644181621187801 0.4269360979133226 0.2711619157303371 0.4200963282504013 0.2951232415730337 0.41676251444622797 0.32516594221508827 0.4209448555377207 0.3384833378812199 0.42849105537720705 0.34302985553772075 0.44929862359550565 0.34660381460674156 0.5255730128410915 0.3455271171749599 0.5270658507223114 0.35197469903691814 0.5303876886035314 0.345611158105939 0.5474071348314606 0.3362759478330658 0.5543890032102728 0.3271668764044944
1 0.236100113964687 0.32843399197431783 0.22955448555377206 0.3355439518459069 0.20693192375601926 0.3439786693418941 0.1869848587479936 0.3600856460674157 0.17581070304975924 0.4024331958266453 0.17160440930979134 0.4364741195826646 0.1908210930979133 0.4392176195826646 0.2095154654895666 0.42589819261637235 0.21427411396468699 0.4291920176565008 0.22459182744783304 0.41291695906902093 0.23620425361155697 0.3914470120385233 0.24317008426966294 0.3602636725521669 0.2450551107544141 0.3442427664526485 0.236100113964687 0.32843399197431783
1 0.2628648194221509 0.19766128009630818 0.24914122792937402 0.22511455457463883 0.266034613964687 0.22300135874799357 0.30967484510433385 0.20610391091492777 0.3271585457463884 0.1931646974317817 0.342106816211878 0.1645287632423756 0.3175971966292135 0.16610767255216694 0.29501665489566614 0.17213505136436597 0.2780112150882825 0.18066781621187802 0.2628648194221509 0.19766128009630818
1 0.11017618298555377 0.368778577046549 0.11662376404494382 0.3672857391653291 0.134965937399679 0.3511507479935795 0.1567539783306581 0.2985534887640449 0.15564135313001604 0.2933165794542536 0.1435206227929374 0.29792115409309794 0.12844426083467095 0.31090238844301765 0.11504485473515248 0.3427761195826645 0.11017618298555377 0.368778577046549
1 0.13213027367576244 0.2836752520064205 0.151681088282504 0.2442833338683788 0.14362861556982343 0.2457481589085072 0.13018515890850724 0.2571525136436597 0.11387214125200643 0.2949955666131621 0.12030571589085073 0.2943051749598716 0.13213027367576244 0.2836752520064205
1 0.05783916773675763 0.4240533635634029 0.06396256340288925 0.418140069823435 0.07516473194221508 0.3741876284109149 0.07495260032102728 0.36334760433386837 0.06722431300160514 0.3692328852327448 0.061425102728731945 0.37956663563402887 0.053840944622792944 0.42318088443017654 0.05783916773675763 0.4240533635634029
1 0.041644296950240765 0.5241069903691814 0.04612484109149278 0.566326448635634 0.05364505858747993 0.5953545714285714 0.058727893258426964 0.6030688515248797 0.05741511235955057 0.5633127584269663 0.049568678170144466 0.5069874654895666 0.04533030979133226 0.49687985393258427 0.041558225521669344 0.5060449526484752 0.041644296950240765 0.5241069903691814
1 0.7815092303370786 0.3295258940609952 0.7689782431781701 0.31164797431781704 0.7646278202247191 0.30795993017656503 0.7414549341894061 0.30193661235955055 0.7317975690208667 0.3033734237560193 0.7300666163723917 0.31056742375601926 0.7366282825040128 0.3255317319422151 0.7438823707865169 0.3698063282504013 0.7482187865168539 0.37429681861958264 0.7633952271268059 0.37857517656500805 0.7859197415730337 0.37575758186195823 0.7904102311396468 0.3714211661316212 0.7875506163723917 0.35130398956661313 0.7815092303370786 0.3295258940609952
1 0.7646901476725522 0.5343197311396468 0.7784697664526485 0.5036566717495987 0.7781715634028893 0.47475460995184593 0.7720181235955056 0.4593960826645265 0.7661048290529695 0.4532726869983949 0.7334706717495987 0.43745193659711074 0.7125930698234351 0.4378902070626003 0.7089330393258427 0.44063573756019264 0.7092572255216694 0.4450561942215088 0.7125951003210274 0.4607669213483146 0.7117546958266453 0.5089136797752809 0.7082227568218299 0.5273139109149277 0.7157689566613162 0.5318604277688603 0.7382374438202247 0.5322526163723917 0.7575801878009631 0.5277741027287319 0.7606779181380416 0.5342496974317817 0.7646901476725522 0.5343197311396468
1 0.8256118924558588 0.4470871725521669 0.8219518619582664 0.4498327030497592 0.822107967094703 0.4638825112359551 0.8241111404494381 0.5100721789727127 0.8316433330658106 0.5154211412520064 0.843694029695024 0.5148287969502408 0.8506198707865168 0.5089295096308186 0.8531532696629214 0.5017495160513643 0.8514322624398074 0.4623876420545746 0.8431956709470306 0.4514075505617977 0.8256118924558588 0.4470871725521669
1 0.8522387696629214 0.508155077046549 0.8614038683788122 0.5119271613162119 0.8732144189406099 0.5020996845906902 0.8729722431781701 0.46998783788121984 0.8623703338683788 0.45655838844301766 0.8543598804173353 0.4556158747993579 0.8517704550561798 0.4660056524879615 0.8522387696629214 0.508155077046549
1 0.42566919101123596 0.11381246950240771 0.42516291733547357 0.1198238113964687 0.43394780256821835 0.12238522311396469 0.49424330577849124 0.11701616131621187 0.5002966669341894 0.11511509711075442 0.5004087215088283 0.10869552889245586 0.49531187961476725 0.10178369422150883 0.4455322150882825 0.10252016853932584 0.43183460674157303 0.10549183707865167 0.42566919101123596 0.11381246950240771
1 0.5009710216693418 0.0994744036918138 0.4976771974317817 0.1042330529695024 0.4987057817014446 0.11428463723916533 0.5014793258426966 0.1163397760834671 0.5608323154093098 0.11898116773675764 0.5660972375601926 0.11626365008025683 0.5646184069020866 0.1090136227929374 0.5602679839486356 0.10532557865168539 0.5346737528089888 0.10006268699839486 0.5009710216693418 0.0994744036918138
1 0.3898552937399679 0.11920751444622794 0.397133334670947 0.11612379133226325 0.40414321669341896 0.10540982744783306 0.38370185393258427 0.1038489863563403 0.3530688394863563 0.11134119020866773 0.34456611958266453 0.11560757223113964 0.33182706179775284 0.1326430561797753 0.3898552937399679 0.11920751444622794
1 0.29228310032102733 0.14479586115569823 0.331883088282504 0.129433272070626 0.3421587817014446 0.11556555216693419 0.3289254261637239 0.11493321749598714 0.2982363844301766 0.12563520465489567 0.28724228571428573 0.1346742423756019 0.28183729614767256 0.14541621990369183 0.29228310032102733 0.14479586115569823
1 0.29537880016051365 0.12839474237560192 0.2917888033707865 0.1271280433386838 0.2635491195826645 0.13546471268057783 0.24838871669341894 0.1532606227929374 0.24626354494382025 0.16004639646869984 0.2818092825040128 0.14702111155698236 0.29537880016051365 0.12839474237560192
1 0.20628131300160515 0.15132159951845908 0.2386732937399679 0.13503050321027288 0.25704347993579457 0.11729062038523275 0.22755110433386838 0.1284148410914928 0.20628131300160515 0.15132159951845908
1 0.21498215810593901 0.15869768699839484 0.2017788467094703 0.1793371749598716 0.23822507784911717 0.16070877528089889 0.2403222367576244 0.15552789325842697 0.2476142841091493 0.15164172391653288 0.24768431781701447 0.14762949357945426 0.25415991332263244 0.14453176404494383 0.25422994703049756 0.14051953370786516 0.2433759157303371 0.14153411155698234 0.21498215810593901 0.15869768699839484
1 0.16450215650080258 0.19955645987158907 0.1709217239165329 0.19966851444622793 0.20097640048154095 0.17932316853932584 0.21370145184590691 0.16309013001605138 0.21377148555377207 0.1590779004815409 0.2045223467094703 0.16012049197431782 0.19154314365971106 0.16792084349919742 0.17318696388443017 0.1848582800963082 0.16450215650080258 0.19955645987158907
1 0.6136676894060995 0.1271276268057785 0.617892051364366 0.1380376845906902 0.6269731091492776 0.14662444462279295 0.6660968683788122 0.15854501926163722 0.6817375609951847 0.15921937399678973 0.6703892327447833 0.14256613322632425 0.6544803804173355 0.13426153852327447 0.6185383924558587 0.12400188282504014 0.6136676894060995 0.1271276268057785
1 0.6428498868378812 0.11078050401284109 0.6411889678972713 0.11396227447833066 0.6482569069020867 0.12291524077046549 0.6586046645264847 0.12791200401284109 0.7045001902086677 0.1427601966292135 0.7045702239165329 0.13874796709470305 0.6955031733547351 0.12935876083467096 0.6795943210272873 0.12105416613162119 0.6516627857142857 0.11173702407704655 0.6428498868378812 0.11078050401284109
1 0.698909051364366 0.11818054414125201 0.6757921918138041 0.10894744221508829 0.670935495987159 0.11127073996789727 0.6851554157303371 0.12436199678972713 0.7127207447833065 0.13166602086677368 0.698909051364366 0.11818054414125201
1 0.78025836035313 0.1942507150882825 0.7879026075441412 0.1931801099518459 0.7749633932584269 0.17569641011235956 0.7582801091492777 0.1657729165329053 0.7510580947030497 0.16564685634028892 0.7643775216693419 0.1843412287319422 0.78025836035313 0.1942507150882825
1 0.8251273322632424 0.22192403691813806 0.8065990104333869 0.20273739807383626 0.7993910032102729 0.20180889085072232 0.8182014911717496 0.2278233242375602 0.8313367993579454 0.23407278089887637 0.8251273322632424 0.22192403691813806
2 0.5124961789727127 0.6808234775280899 0.4635749871589085 0.6783641741573033 0.4452167768860353 0.6724248972712681 0.4195385056179775 0.6719766813804173 0.4150340088282504 0.6771155433386838 0.41285280898876403 0.6871111011235955 0.4160065658105939 0.690376911717496 0.5009677929373997 0.6974787487961477 0.5098227126805779 0.6960279309791333 0.5164103611556983 0.6865106332263242 0.5356690650080257 0.6868467953451043 0.5394411492776886 0.6776816966292135 0.530276051364366 0.6739096123595506 0.5124961789727127 0.6808234775280899
2 0.4215816677367576 0.6928822969502407 0.4151621003210273 0.6927702431781702 0.41350118138041736 0.6959520136436597 0.4308748579454254 0.7123090818619583 0.4444884261637239 0.714152088282504 0.49660539486356337 0.7174698651685393 0.518327463081862 0.7146382632423756 0.5244368515248796 0.7095274149277688 0.5209308956661316 0.7034460393258427 0.4945342182985553 0.6981691412520065 0.4215816677367576 0.6928822969502407
2 0.2552952921348315 0.7232914125200642 0.2556194783306581 0.7277118683788122 0.2690789719101124 0.7383817808988764 0.29457515569823434 0.7492617945425362 0.3129613796147673 0.7535961797752808 0.3190567616372392 0.7492877776886036 0.30530109550561796 0.7325925168539327 0.2925600072231139 0.726751286516854 0.2606022351524879 0.7181665569823434 0.2552952921348315 0.7232914125200642
2 0.5215731749598715 0.6436568105939005 0.515631867576244 0.6391383065810593 0.5044116308186196 0.6381397664526485 0.4562368579454254 0.638904253611557 0.4481283579454253 0.6435788619582665 0.4144116195826646 0.6437930248796148 0.4126946733547352 0.6501845794542537 0.4238448772070626 0.655195349117175 0.4494811284109149 0.6580509028892456 0.4629406219903692 0.6687208154093098 0.4709510754414125 0.6696633290529694 0.49515051524879616 0.6628615176565008 0.5040894751203853 0.6565960240770465 0.5161541781701444 0.6552012335473515 0.5215731749598715 0.6436568105939005
2 0.40195878892455855 0.7134097311396469 0.39144295024077047 0.7180423186195827 0.3689604566613162 0.7184525762439807 0.36649709149277687 0.7216203394863564 0.4096470866773676 0.7328085016051364 0.4305106821829855 0.7331726773675762 0.4426314125200642 0.728568102728732 0.4574976733547352 0.72762355858748 0.45479416292134833 0.7215561902086678 0.44357392616372393 0.7205576492776886 0.4236528434991974 0.7121830208667737 0.40195878892455855 0.7134097311396469
3 0.314236202247191 0.8415130385232744 0.3149546075441413 0.8463417215088281 0.3186426516853933 0.8419912985553771 0.321430202247191 0.8432439911717496 0.3220505609951846 0.8536897961476726 0.32680920947030495 0.8569836203852327 0.32869626725521667 0.8638394277688602 0.3360023218298555 0.8591508130016052 0.3398744839486356 0.8672453065810594 0.37668895184590695 0.8735067383627608 0.3822080264847512 0.8792219077046549 0.38869762841091493 0.8753217319422151 0.4030996356340289 0.8779811910112361 0.4087587776886035 0.8756719004815409 0.4135034197431782 0.8797681709470305 0.4399701308186195 0.8810328394863564 0.4495574622792937 0.8836082584269662 0.4594409662921348 0.892209025682183 0.46015937158908504 0.8970377078651686 0.4536697704654895 0.9009378844301766 0.4523890642054575 0.9053303266452648 0.3857860473515249 0.9041677664526485 0.38106941894060997 0.8984666043338685 0.37384740449438203 0.898340544141252 0.3757764823434992 0.9027890136436597 0.37213045906902087 0.9047320979133227 0.3504644173354735 0.9043539157303371 0.3340933426966292 0.9225300385232745 0.3147926187800963 0.9246012142857143 0.31355393258426967 0.9265863194221509 0.3186787881219904 0.9318932624398074 0.3498061003210273 0.9420688772070627 0.43866750321027287 0.9556603162118781 0.45860259229534506 0.9632324983948636 0.48661816773675765 0.9677349646869984 0.5573174550561798 0.964152882022472 0.5839802600321028 0.9541833073836277 0.5925810272873194 0.9442998033707866 0.5911302094703049 0.9354448836276084 0.6008996284109149 0.9275885048154093 0.5993647704654895 0.9235482616372392 0.6062766051364367 0.9184514197431781 0.643329187800963 0.9110712704654896 0.6781285064205458 0.894822195024077 0.6933749807383628 0.8950883234349919 0.7023839743178171 0.8848105995184591 0.7541607191011236 0.8616336516853933 0.7635219125200642 0.854171492776886 0.7680824357945425 0.8458228467094704 0.7814698651685393 0.8376282752808989 0.7917875786516854 0.821353216693419 0.817069599518459 0.7985164927768861 0.8291623162118781 0.7955168097913322 0.8324561412520064 0.7907581613162119 0.8351876645264847 0.7952206372391654 0.8301768940609952 0.8063708410914928 0.8333166444622793 0.8104390979133226 0.8276715088282505 0.8119459422150883 0.8250960898876404 0.8215332736757625 0.8112304004815409 0.8341342953451043 0.7980130826645265 0.8555762287319422 0.8007866268057785 0.857631367576244 0.8112884582664527 0.8538012247191012 0.8446929863563403 0.8254874462279294 0.8770129028892456 0.7903318667736757 0.8870624574638845 0.7664265682182986 0.8881030176565008 0.752798992776886 0.8849492608346708 0.7495331821829856 0.8893417038523274 0.7508138884430177 0.8905943964686999 0.7480263370786516 0.8859337945425361 0.7391153908507223 0.9067232953451043 0.6977383683788122 0.9198985930979133 0.6787037728731942 0.9217135858747995 0.6666950963081862 0.9374783089887639 0.6372707231139647 0.9594344309791332 0.5750441123595506 0.9626261468699838 0.5301491573033708 0.9582757239165328 0.5264611131621187 0.9553200922953451 0.5348377728731942 0.9407219903691814 0.5434125569823435 0.9324594157303372 0.5569140714285714 0.9185937263242375 0.5695150922953451 0.9004356717495987 0.5980949991974318 0.8809668667736757 0.6097955272873193 0.8636112584269663 0.6383894406099518 0.8509422343499198 0.6514126950240771 0.8468879839486356 0.6537499991974318 0.8365402271268058 0.648753235152488 0.8268968683788122 0.6493876003210273 0.7951672656500802 0.6737171629213483 0.77382744141252 0.700636150882825 0.7584268932584269 0.7091969285714286 0.7455457367576244 0.7113801589085073 0.7242339253611557 0.7366942544141252 0.7007248772070627 0.7499296404494382 0.6675724711075441 0.7637993916532905 0.657154679775281 0.7628148579454254 0.6433730304975923 0.7706012030497592 0.5747309125200643 0.7942864550561798 0.5506435264847512 0.7946686990369182 0.5338481878009631 0.7911647728731942 0.514491437399679 0.7964457327447834 0.491798841894061 0.8088926797752809 0.4749474759229534 0.8085985385232745 0.46036338041733543 0.8163708764044945 0.4257181356340289 0.8237930465489567 0.42232423354735155 0.8112921035313001 0.4131871484751204 0.8059151268057785 0.40514868218298555 0.8065775056179776 0.4037419149277689 0.8181919622792937 0.39362029695024076 0.8232327768860352 0.3489494494382023 0.8072019253611556 0.33197202327447833 0.8141297969502407 0.3126572929373997 0.81700341894061 0.29984617094703053 0.8151744189406099 0.2979191235955056 0.8336026637239164 0.29977816773675764 0.8420633627608346 0.30654993499197436 0.844990981540931 0.31355981701444624 0.8342770176565009 0.30802673515248796 0.8293642945425361 0.31253123194221505 0.8242254333868378 0.32000739807383627 0.8327841797752809 0.3190928980738363 0.8391897407704656 0.314236202247191 0.8415130385232744