1 0.6649582706576728 0.5256999831365936 0.6602292091062395 0.5151336475548061 0.6493615615514334 0.5082902976391231 0.6270081467116357 0.5038961838111298 0.5390040101180438 0.47203040640809446 0.527782044688027 0.47281406323777403 0.5198459780775717 0.4771060370994941 0.5113784333895447 0.492838521079258 0.5034721281618887 0.5265871880269815 0.5030686770657673 0.5453042588532884 0.5111288954468803 0.5563981989881956 0.5286588591905566 0.5642967554806071 0.535931547217538 0.5722780801011804 0.5453560328836424 0.5720634114671164 0.5862454865092749 0.5887838313659359 0.6345886610455312 0.601562720910624 0.6510336568296795 0.5866669013490725 0.6609973693086003 0.5587930193929174 0.6649582706576728 0.5256999831365936
1 0.36220820741989884 0.40518623777403034 0.3520867065767285 0.3963268642495784 0.30234175463743673 0.38161859359190553 0.29458284738617196 0.38209706492411466 0.2814276264755481 0.3923918507588533 0.2682607824620573 0.4270146905564924 0.2756614966273187 0.44227257757166943 0.2894645994940978 0.4521418988195615 0.3189588018549747 0.4653501273187184 0.338112960370995 0.4683838482293423 0.34811030860033726 0.4618573069139967 0.36233623355817873 0.41246279932546376 0.36220820741989884 0.40518623777403034
1 0.4313635455311973 0.712366516020236 0.4178695033726813 0.6978509013490725 0.4081398313659359 0.6946025118043845 0.40086714333895446 0.6866211871838112 0.3825043903878584 0.6785907293423271 0.36729951011804385 0.6667920269814502 0.33780530775716694 0.6535837984822934 0.29096217622259696 0.6205541593591906 0.23693687268128164 0.5735817672849916 0.21423688701517707 0.5605959569983137 0.19442322428330525 0.5617261838111299 0.18788893507588533 0.5679475387858347 0.18857432630691398 0.6013496349072512 0.19610694182124788 0.6157747327150085 0.22471922175379427 0.6399411247892075 0.23216132040472173 0.660327650084317 0.24626573440134908 0.6817693819561551 0.27351762141652614 0.7091350311973018 0.28828541483979764 0.7183034645868466 0.3204021382799325 0.7472933094435076 0.3496325387858348 0.7621671163575042 0.3874132521079258 0.771565715851602 0.3937703819561551 0.7691578634064081 0.4010430699831366 0.7771391888701518 0.40336815345699834 0.7732390430016863 0.4161237976391231 0.7735519772344013 0.42432366526138277 0.7675944241146712 0.4318381424957841 0.7282347748735245 0.4313635455311973 0.712366516020236
1 0.6496966838111298 0.8160952116357504 0.6425106391231028 0.8102618111298482 0.622259889544688 0.8087617689713322 0.5688785935919056 0.7900628355817876 0.556254849915683 0.7889171112984823 0.5389395556492411 0.7904430413153457 0.5290741087689713 0.7961367925801012 0.5215298701517707 0.8060397495784148 0.5198151585160202 0.8168660126475548 0.5232743431703204 0.824670178752108 0.5476399072512648 0.8379197908937606 0.616497634064081 0.8505331441821248 0.6253531323777403 0.8485209949409781 0.6356142824620573 0.8403288752107926 0.6484229333895447 0.8214423929173693 0.6496966838111298 0.8160952116357504
1 0.9035499072512648 0.614710018549747 0.8954896880269815 0.6036160792580102 0.8668282748735245 0.5905397521079258 0.861089265598651 0.5836550177065767 0.8469318440134908 0.5814127032040473 0.8367120784148397 0.594733460370995 0.8291187074198988 0.6157264831365936 0.8245926930860034 0.6389126880269814 0.8260772377740304 0.6510993440134907 0.8331313827993255 0.6577655345699831 0.8478577917369309 0.6618053296795953 0.8514941357504215 0.6657959924114671 0.867886123946037 0.670099589376054 0.8850695168634063 0.6694064494097808 0.9028451441821248 0.6218546795952782 0.9035499072512648 0.614710018549747
1 0.5020222765598651 0.16653120404721755 0.4854983870151771 0.16306039713322093 0.43894494350758856 0.16593122175379427 0.4221986374367622 0.16925463153457 0.40689161720067457 0.18774541146711635 0.4247306408094435 0.19099767537942666 0.45866034148397977 0.18698112563237773 0.4840397284991568 0.188439784148398 0.498464826306914 0.18090716863406409 0.5025007470489038 0.1742901112984823 0.5020222765598651 0.16653120404721755
1 0.8923018785834738 0.30304246795952783 0.8788983532883642 0.2825654266441821 0.8222841644182125 0.2411587596964587 0.8093099772344013 0.2395306905564924 0.8120643988195616 0.2544795168634064 0.818677581787521 0.2666247892074199 0.8386115227655986 0.2889898279932546 0.8773491779089376 0.3139062411467116 0.8844899645868466 0.3227203558178752 0.8924221568296795 0.3265377335581788 0.8944834384485666 0.32430316694772343 0.8923018785834738 0.30304246795952783
1 0.8536443507588533 0.2021611770657673 0.8378743575042158 0.18045564333895447 0.79624263153457 0.1576418954468803 0.7833137023608768 0.15303311214165263 0.7792363971332209 0.15452153204047217 0.7833964704890387 0.16329038785834737 0.8058740379426644 0.18307041568296795 0.8487756408094436 0.20864633389544687 0.8540361795952782 0.20777216020236086 0.8536443507588533 0.2021611770657673
1 0.20940691989881957 0.4859875978077572 0.2073495126475548 0.4801128128161889 0.19915351854974706 0.47796101433389543 0.1762686247892074 0.48500741062394603 0.1736306070826307 0.5016632006745363 0.17686737352445192 0.5162615826306914 0.18966440219224284 0.521703155143339 0.20544601854974703 0.519080634064081 0.20940691989881957 0.4859875978077572
1 0.21441263827993254 0.37622879510961216 0.1962231703204047 0.3724941863406408 0.1859128878583474 0.39177637099494095 0.18410765935919057 0.40856406239460374 0.19602663996627318 0.4168544468802698 0.20461833642495783 0.4165078768971332 0.21506439460370996 0.38828355143338955 0.21441263827993254 0.37622879510961216
0 0.6155692200674536 0.9588035269814502 0.59926 0.9647572057335583 0.5358360978077572 0.9555655269814504 0.49209395699831365 0.9460764114671164 0.4928853625632378 0.9410796745362563 0.48398847976391235 0.9379631854974705 0.46207215177065764 0.9361993406408095 0.4334521222596964 0.9282516517706577 0.4342435278246206 0.9232549148397976 0.4156169730185498 0.9168900362563238 0.41890674704890385 0.9122890016863408 0.4050131273187184 0.9083811070826308 0.401154365935919 0.9111846618887016 0.3995793035413153 0.9049594325463745 0.39028671838111295 0.9043413119730186 0.38717797807757165 0.8970194915682969 0.33796062984822933 0.878980063237774 0.29602371753794265 0.8527032563237774 0.28979848819561554 0.8542783187183811 0.2878277234401349 0.8505514578414839 0.2741979055649241 0.8449779848229343 0.2570713937605396 0.8183623566610455 0.24734172175379426 0.8151139662731871 0.2434001913996627 0.8076602453625632 0.23393432124789207 0.8027462765598651 0.21680780944350755 0.7761306483979764 0.2008606559865093 0.7582386172006745 0.19152668718381113 0.7524918591905565 0.1898197234401349 0.7470994198988196 0.16952759021922428 0.740470739460371 0.14459303794266443 0.7254236467116357 0.1373164755480607 0.725551673693086 0.14204166273187183 0.7442273608768971 0.16564170826306915 0.8000397546374367 0.22144511973018552 0.8869899165261383 0.24344421669477237 0.8990110362563237 0.2530833726812816 0.9082208532883643 0.3012455134907251 0.9329225978077571 0.3340708735244519 0.9466584300168635 0.39591196543001683 0.9658435826306914 0.500010652613828 0.982331194772344 0.5547600902192243 0.9816121677908938 0.6047352082630691 0.9733075185497471 0.6147286821247893 0.9748903296795953 0.6263463507588533 0.9716083043844855 0.6308646172006745 0.9646408018549747 0.6155692200674536 0.9588035269814502
3 0.9299068406408095 0.49680822849915685 0.9260868220910623 0.4185182681281619 0.9208831644182125 0.3920836728499157 0.9135238347386173 0.3819544241146712 0.859102828836425 0.33748040050590217 0.8071310581787521 0.3044921450252951 0.7614672858347385 0.2801861028667791 0.6933181964586846 0.25231873693086004 0.6231492099494098 0.23181457504215855 0.5266775295109613 0.21568128161888703 0.4469444072512647 0.212443281618887 0.4013556543001687 0.21461321838111297 0.3709303971332209 0.2234532200674536 0.3486558752107926 0.23742573355817878 0.33848136762225967 0.2477657774030354 0.3157581365935919 0.2834360758853289 0.3039930699831366 0.3199882967959528 0.3060879865092749 0.3391010716694772 0.31314213153457 0.34576726138279934 0.4732523836424958 0.38051672006745363 0.5893980767284992 0.41257127993254633 0.660045534569983 0.4408343482293423 0.6935303996627319 0.4504062327150084 0.7534834949409781 0.4761218001686341 0.8324097141652614 0.5167939435075884 0.8523475295109613 0.5310496306913997 0.8871436551433388 0.5485123229342327 0.8905161964586847 0.5541685640809444 0.9139170708263069 0.5681190649241147 0.9215440775716695 0.5684733836424958 0.9243967639123103 0.5612420801011805 0.9299068406408095 0.49680822849915685