1 0.44296875 0.699609375 0.44140625 0.686328125 0.436328125 0.68125 0.370703125 0.6546875 0.333984375 0.6359375 0.32890625 0.637109375 0.32421875 0.654296875 0.32421875 0.668359375 0.326953125 0.67265625 0.398046875 0.70703125 0.419921875 0.715625 0.42890625 0.716015625 0.43984375 0.709765625 0.44296875 0.699609375
1 0.506640625 0.24765625 0.566015625 0.24140625 0.5703125 0.239453125 0.57109375 0.233984375 0.561328125 0.21953125 0.551953125 0.215625 0.464453125 0.2265625 0.453515625 0.23125 0.446875 0.237890625 0.4453125 0.246484375 0.454296875 0.25625 0.46640625 0.257421875 0.480859375 0.25625 0.506640625 0.24765625
1 0.35078125 0.713671875 0.347265625 0.709375 0.278515625 0.66796875 0.272265625 0.66484375 0.26640625 0.666796875 0.26484375 0.680078125 0.270703125 0.69140625 0.314453125 0.7203125 0.34609375 0.731640625 0.3515625 0.723828125 0.35078125 0.713671875
1 0.25546875 0.705859375 0.196484375 0.6625 0.19609375 0.678515625 0.2 0.685546875 0.247265625 0.72421875 0.259375 0.727734375 0.2609375 0.716796875 0.25546875 0.705859375
1 0.3359375 0.835546875 0.324609375 0.82734375 0.308984375 0.821875 0.30078125 0.830859375 0.3 0.838671875 0.313671875 0.84765625 0.3234375 0.849609375 0.33046875 0.844921875 0.3359375 0.835546875
1 0.40859375 0.839453125 0.389453125 0.83046875 0.380859375 0.8296875 0.365625 0.847265625 0.378515625 0.85546875 0.3921875 0.857421875 0.4078125 0.843359375 0.40859375 0.839453125
1 0.346484375 0.86328125 0.336328125 0.86015625 0.32421875 0.867578125 0.325390625 0.87265625 0.337890625 0.87890625 0.3484375 0.879296875 0.3578125 0.870703125 0.346484375 0.86328125
1 0.21328125 0.276171875 0.2171875 0.265234375 0.199609375 0.265625 0.189453125 0.27109375 0.17734375 0.290234375 0.178515625 0.29375 0.18671875 0.293359375 0.203515625 0.2890625 0.21328125 0.276171875
1 0.169140625 0.34609375 0.1609375 0.353515625 0.15625 0.369921875 0.16640625 0.387109375 0.1734375 0.389453125 0.184375 0.362109375 0.169140625 0.34609375
1 0.129296875 0.31640625 0.122265625 0.3171875 0.1140625 0.330078125 0.11328125 0.337109375 0.12109375 0.337890625 0.1296875 0.326171875 0.129296875 0.31640625
1 0.849609375 0.4984375 0.844140625 0.49765625 0.8390625 0.510546875 0.8390625 0.529296875 0.843359375 0.534375 0.8640625 0.544921875 0.86875 0.516796875 0.849609375 0.4984375
1 0.8765625 0.594921875 0.858984375 0.5859375 0.85234375 0.598828125 0.85 0.613671875 0.854296875 0.61796875 0.8671875 0.619140625 0.87421875 0.611328125 0.8765625 0.594921875
1 0.90234375 0.502734375 0.89453125 0.490234375 0.887109375 0.48671875 0.88671875 0.512109375 0.9 0.523828125 0.903125 0.518359375 0.90234375 0.502734375
1 0.89296875 0.648046875 0.890234375 0.64453125 0.880859375 0.64296875 0.878125 0.646484375 0.87265625 0.662109375 0.87734375 0.665234375 0.88828125 0.660546875 0.89296875 0.648046875
1 0.91328125 0.611328125 0.906640625 0.60703125 0.894921875 0.61015625 0.89296875 0.613671875 0.896875 0.618359375 0.8984375 0.628515625 0.9078125 0.630859375 0.91171875 0.626953125 0.91328125 0.611328125
1 0.91640625 0.562890625 0.909765625 0.55859375 0.90390625 0.568359375 0.903125 0.581640625 0.908203125 0.58671875 0.91328125 0.587109375 0.91875 0.568359375 0.91640625 0.562890625
1 0.922265625 0.52734375 0.918359375 0.52734375 0.91484375 0.533984375 0.915625 0.545703125 0.922265625 0.55546875 0.9265625 0.555859375 0.92890625 0.537109375 0.922265625 0.52734375
1 0.8421875 0.709765625 0.840625 0.702734375 0.833203125 0.69609375 0.82578125 0.699609375 0.8171875 0.713671875 0.8171875 0.718359375 0.82890625 0.726171875 0.8328125 0.724609375 0.8421875 0.709765625
1 0.7671875 0.782421875 0.77109375 0.773046875 0.768359375 0.77109375 0.755859375 0.7765625 0.720703125 0.7953125 0.7109375 0.806640625 0.711328125 0.81171875 0.71640625 0.811328125 0.759765625 0.78984375 0.7671875 0.782421875
1 0.8765625 0.707421875 0.8828125 0.694921875 0.882421875 0.6890625 0.869921875 0.68984375 0.8640625 0.694140625 0.85234375 0.716796875 0.85234375 0.719921875 0.85625 0.720703125 0.866796875 0.71640625 0.8765625 0.707421875
1 0.910546875 0.6484375 0.905078125 0.6484375 0.90234375 0.652734375 0.89921875 0.666015625 0.903125 0.666796875 0.90859375 0.664453125 0.910546875 0.6484375
1 0.153125 0.566015625 0.129296875 0.540625 0.125390625 0.53984375 0.1234375 0.549609375 0.12578125 0.562890625 0.14765625 0.590234375 0.15390625 0.593359375 0.15625 0.580078125 0.153125 0.566015625
1 0.12109375 0.572265625 0.102734375 0.553125 0.1015625 0.569140625 0.10546875 0.577734375 0.11796875 0.595703125 0.1265625 0.600390625 0.128125 0.592578125 0.12109375 0.572265625
1 0.11640625 0.466796875 0.102734375 0.4546875 0.0984375 0.463671875 0.0984375 0.473046875 0.11171875 0.489453125 0.11484375 0.487109375 0.11640625 0.466796875
1 0.084765625 0.43125 0.08046875 0.435546875 0.0796875 0.447265625 0.0875 0.455859375 0.090625 0.436328125 0.084765625 0.43125
1 0.066796875 0.45 0.06328125 0.463671875 0.0671875 0.474609375 0.071875 0.475390625 0.0734375 0.459765625 0.066796875 0.45
1 0.0953125 0.494921875 0.08828125 0.483203125 0.082421875 0.48046875 0.08125 0.498046875 0.09140625 0.512890625 0.09453125 0.508984375 0.0953125 0.494921875
1 0.070703125 0.49765625 0.06953125 0.510546875 0.07421875 0.521484375 0.07734375 0.522265625 0.078125 0.505859375 0.070703125 0.49765625
1 0.062109375 0.48046875 0.059375 0.483203125 0.059375 0.495703125 0.0625 0.504296875 0.0671875 0.505859375 0.06875 0.492578125 0.062109375 0.48046875
1 0.08046875 0.426953125 0.074609375 0.4203125 0.0703125 0.436328125 0.07578125 0.444140625 0.07890625 0.440234375 0.08046875 0.426953125
3 0.192578125 0.21328125 0.200390625 0.2140625 0.241015625 0.1953125 0.283984375 0.18515625 0.309765625 0.17578125 0.353515625 0.16875 0.368359375 0.159375 0.379296875 0.16015625 0.381640625 0.16484375 0.389453125 0.165625 0.404296875 0.16171875 0.420703125 0.16328125 0.497265625 0.15625 0.573046875 0.15390625 0.588671875 0.1578125 0.645703125 0.15078125 0.694921875 0.1625 0.7015625 0.153515625 0.70234375 0.148828125 0.69765625 0.144921875 0.70390625 0.135546875 0.6984375 0.131640625 0.696484375 0.12578125 0.677734375 0.11796875 0.572265625 0.09140625 0.535546875 0.0875 0.483203125 0.08671875 0.409765625 0.09453125 0.330078125 0.115625 0.251171875 0.15078125 0.196484375 0.1859375 0.166015625 0.21015625 0.13984375 0.235546875 0.1390625 0.242578125 0.1421875 0.242578125 0.187109375 0.21953125 0.192578125 0.21328125
3 0.9484375 0.434765625 0.93984375 0.385546875 0.9234375 0.330078125 0.89921875 0.275390625 0.8703125 0.241796875 0.858984375 0.23046875 0.853515625 0.22890625 0.8484375 0.235546875 0.8515625 0.239453125 0.84296875 0.247265625 0.8453125 0.256640625 0.859375 0.283203125 0.90703125 0.423828125 0.95 0.508984375 0.95234375 0.480078125 0.9484375 0.434765625
3 0.26328125 0.836328125 0.25625 0.823046875 0.246875 0.818359375 0.24765625 0.811328125 0.243359375 0.8046875 0.240625 0.811328125 0.23828125 0.810546875 0.2 0.755859375 0.1984375 0.749609375 0.18828125 0.741015625 0.18359375 0.730859375 0.1640625 0.709765625 0.16640625 0.706640625 0.160546875 0.70703125 0.15546875 0.703515625 0.15 0.686328125 0.146484375 0.6890625 0.141796875 0.6875 0.121875 0.662890625 0.11015625 0.646484375 0.10703125 0.634765625 0.0953125 0.623828125 0.08359375 0.598828125 0.078125 0.594140625 0.055078125 0.54453125 0.0546875 0.574609375 0.06640625 0.632421875 0.09453125 0.708984375 0.11015625 0.733984375 0.12578125 0.752734375 0.180859375 0.8046875 0.235546875 0.84140625 0.26015625 0.851171875 0.26328125 0.846484375 0.26328125 0.836328125