1 0.36715815078124997 0.162736559375 0.3710570625 0.1742077421875 0.41039568437499996 0.1669824890625 0.42830391640625 0.15783628125 0.438999284375 0.142575246875 0.440833484375 0.13482203671874998 0.43055205390625 0.12703660234375 0.40478650937499994 0.12613685 0.39296583749999997 0.12885096796875 0.37667368359375 0.13649015859375 0.37640103125 0.14429789921875 0.36064426484375 0.158991321875 0.36715815078124997 0.162736559375
1 0.194329384375 0.79146292578125 0.20972178515625 0.8095892796875 0.23346227265625 0.82370766171875 0.26635888671874997 0.83306456171875 0.2635357078125 0.8243669859375 0.24747159375 0.8030902703124999 0.21318198203125 0.77765933828125 0.18004493984375 0.76399454765625 0.194329384375 0.79146292578125
1 0.46849515703125 0.41720943828125 0.483297640625 0.42984310859374997 0.51999402265625 0.43112457421875006 0.5339388953124999 0.43473844453125 0.5401627812500001 0.42440248359375 0.539681925 0.41578670390625005 0.5363184000000001 0.41136975312499996 0.52471585 0.40783767812500005 0.51492023515625 0.3973331671875 0.5017561359375 0.39374656171875 0.48374380156249996 0.394681009375 0.466856771875 0.40816237265625005 0.46849515703125 0.41720943828125
1 0.52465634375 0.54385596015625 0.5438757789062499 0.55312610546875 0.5594912601562501 0.55367141015625 0.57761265546875 0.54961386640625 0.5827831156250001 0.54705838046875 0.583700215625 0.54318177578125 0.58134054609375 0.521211040625 0.5685804671875 0.51724768046875 0.5474723015625 0.51729229375 0.52444813984375 0.5274324390625 0.52107965625 0.53435034453125 0.52465634375 0.54385596015625
2 0.63580140390625 0.47269151484374994 0.6509310703125 0.47595589609375005 0.63668628046875 0.480930540625 0.63571464921875 0.48636869374999997 0.6383519304687499 0.48919683203125003 0.6671587757812499 0.49254796718750005 0.6778491843750001 0.488621790625 0.67847628515625 0.47066398671875 0.6750582296875 0.46780858359375 0.6400051921875 0.46423932656250005 0.63445797734375 0.4663907921875 0.63580140390625 0.47269151484374994
1 0.4857762390625 0.79538666484375 0.49150935156250003 0.79910463671875 0.5570671093749999 0.8021756906249999 0.56625050078125 0.79663343515625 0.5825476125 0.7776593875 0.58772303125 0.7637690453125 0.58363326328125 0.75776328125 0.57663356171875 0.7567371203125 0.5396645273437499 0.7632633953125 0.49429783515625003 0.76402433359375 0.48748403125 0.7688676109375 0.48634385078125 0.790325265625 0.4857762390625 0.79538666484375
1 0.360815203125 0.8144747148437499 0.36934422890624996 0.8276710375 0.37701564374999996 0.83184756015625 0.40741130234374995 0.8344724523437501 0.44249656406250004 0.8259260796874999 0.41980454453125005 0.8153620789062501 0.39344908203125 0.8089696421875001 0.38868760078125 0.79981351640625 0.38292722343749996 0.7968763179687499 0.36588651953125 0.7923726125 0.35643543515625 0.79438775234375 0.360815203125 0.8144747148437499
1 0.63577908125 0.585259309375 0.66355976484375 0.595610146875 0.6766470265625 0.5902042171875 0.6810962015625 0.57472506171875 0.67477317265625 0.56551440546875 0.65603459453125 0.56486003984375 0.6393384210937499 0.5728759851562499 0.63438112421875 0.580520134375 0.63577908125 0.585259309375
1 0.6611976078125 0.640867778125 0.67274562734375 0.6459614015625 0.6876076 0.64569866640625 0.698298009375 0.64177248984375 0.70124016640625 0.6246772554687501 0.6978766421875 0.6202603046874999 0.67598770234375 0.62027765234375 0.6656467828125 0.62538862265625 0.65993597734375 0.6322247328125 0.6611976078125 0.640867778125
2 0.3510915484375 0.20868821093749998 0.36692515234375 0.20298732265625002 0.41950966796875006 0.19700635234375 0.44328733906249995 0.18767424609375 0.44541649765624997 0.182667378125 0.41380878046875 0.18117274921874998 0.35623970234375 0.19557864296875 0.3472967390625 0.20542878828125 0.3510915484375 0.20868821093749998
2 0.56675865546875 0.5582246875 0.5739169890625 0.5659010609374999 0.5981482515625001 0.5659655085937499 0.6049075242187499 0.5626837796874999 0.60954259765625 0.5530740625 0.630655721875 0.54169459296875 0.6258397101562501 0.534100015625 0.6138604046875 0.53016392109375 0.6069474578125 0.51546058046875 0.59300258515625 0.5118467101562499 0.5833879093750001 0.51854649375 0.57512161875 0.52021214453125 0.578961040625 0.54457973203125 0.56662728828125 0.55079370078125 0.56675865546875 0.5582246875
2 0.698298009375 0.64177248984375 0.70252410390625 0.64387438359375 0.71270143203125 0.6434480578125 0.72756836328125 0.63185046640625 0.7240734718749999 0.6200025289062501 0.71677881171875 0.6162300257812501 0.70016443359375 0.6219036484375 0.69805758125 0.6374646 0.698298009375 0.64177248984375
2 0.6744088070312501 0.59833418203125 0.6790661859375 0.59927854765625 0.696947153125 0.59091311328125 0.70268522421875 0.58329622890625 0.702313428125 0.5715573523437499 0.69897716875 0.56635962734375 0.6851140921875001 0.56040343515625 0.6743964179687499 0.5651103859375 0.6795619187499999 0.57388975703125 0.67931653203125 0.58091672421875 0.67301085 0.59359500703125 0.6744088070312501 0.59833418203125
2 0.640322440625 0.600661628125 0.6368994265625 0.6091410820312501 0.638456015625 0.62053046953125 0.64860607890625 0.6208849171875 0.66918381640625 0.602451215625 0.66668286171875 0.5957192078125 0.64118996875 0.5870117140625 0.6372315679687499 0.5884369359375 0.640322440625 0.600661628125
1 0.59175085625 0.603655828125 0.5989909859375 0.60898987890625 0.62986750078125 0.6202305515625001 0.64432545390625 0.6203445710937501 0.6450070851562499 0.60082521953125 0.6381164445312499 0.59667596171875 0.6413758671875 0.59288115234375 0.6320388015625 0.58043833828125 0.62078078203125 0.5894259140625 0.61262355234375 0.58796846796875 0.6151022 0.58414639375 0.612492184375 0.58053748203125 0.6069449703124999 0.58268894765625 0.6062410328125 0.5916542171875 0.5979747421875 0.5933198671875 0.5923184671875 0.59859442890625 0.59175085625 0.603655828125