1 0.6145411295336788 0.6274801070811745 0.6135845354058722 0.6681386718480138 0.6074444723661485 0.6788706208981001 0.6122621502590673 0.693161816925734 0.6177410207253886 0.6949414412780657 0.6270963791018997 0.6870913635578584 0.6751210690846287 0.6930266925734024 0.6813687633851468 0.6909727253886011 0.6951598246977548 0.6770092979274611 0.7064234965457685 0.632484774611399 0.7053050647668393 0.6254520725388601 0.7008531778929188 0.6267962962003454 0.6937128445595855 0.6192367461139896 0.6714210423143351 0.616419609671848 0.6528284870466321 0.6208609671848013 0.6284827184801383 0.6117961364421416 0.6237459594127807 0.621350573402418 0.6145411295336788 0.6274801070811745
1 0.407181707253886 0.46110604576856645 0.40073005958549224 0.49521586010362695 0.4015045379965458 0.5160881744386874 0.4116181908462867 0.5243412841105354 0.4367489671848014 0.5343416511226252 0.4930000552677029 0.5453309792746114 0.5171629283246978 0.5465781001727116 0.5416859386873921 0.5387547357512953 0.5500248419689119 0.5078440328151986 0.5485673324697754 0.4700082590673575 0.5385289438687393 0.4608948765112263 0.5119357832469775 0.457701420552677 0.4866544784110535 0.44942159671848014 0.4418450829015544 0.4463681398963731 0.4275967832469776 0.44078729188255616 0.4172144412780656 0.44551352245250436 0.407181707253886 0.46110604576856645
1 0.7933076295336787 0.8234263031088083 0.7995982210708118 0.810973810880829 0.8010444214162349 0.7993977746113989 0.7854842651122625 0.7989032936096718 0.7492670587219343 0.8165392547495682 0.737271804835924 0.829792938687392 0.7306048937823835 0.8465467892918825 0.7350729645941277 0.8499716925734023 0.7506331200345423 0.8504661735751295 0.7773444412780656 0.8424008333333334 0.7933076295336787 0.8234263031088083
1 0.9257344948186529 0.7266550889464594 0.9330625984455958 0.6973896658031088 0.9261051606217616 0.6976478255613126 0.9116043557858378 0.7098154447322971 0.8748068747841105 0.7638086122625216 0.8662688920552677 0.7821324784110536 0.8660592841105355 0.789482420552677 0.8810602236614853 0.7864605500863557 0.9004644991364422 0.7677870768566494 0.9257344948186529 0.7266550889464594
1 0.9604343316062177 0.607464164075993 0.9628265967184801 0.5751663411053541 0.960697366148532 0.5697789179620034 0.9539657202072538 0.567456262521589 0.939916499136442 0.5744622512953368 0.932604579447323 0.6084968022452505 0.9312231139896373 0.6391493454231434 0.9485790777202073 0.6389340829015544 0.9550363799654576 0.6295301735751295 0.9604343316062177 0.607464164075993
1 0.9446095820379965 0.5059577504317789 0.9425928566493955 0.46460562607944733 0.9349094913644215 0.45829885146804833 0.9161340405872194 0.4549224991364421 0.9119888644214161 0.47753154058721936 0.9170541727115717 0.5187169533678756 0.9231675224525042 0.5231526571675302 0.9404482219343696 0.5237976658031088 0.9446095820379965 0.5059577504317789
1 0.8859282063903281 0.4930220872193437 0.8820242262521589 0.4484708514680484 0.8676253981001727 0.44461054749568224 0.8398870932642487 0.44955204058721937 0.8364354775474956 0.46918776252158895 0.8379196994818653 0.49185588514680484 0.84559253626943 0.5180994378238342 0.8800786709844559 0.5202497271157167 0.8859282063903281 0.4930220872193437
1 0.8346073022452504 0.46035925302245245 0.8389515578583765 0.4503370483592401 0.847296115716753 0.44413225043177895 0.84851652417962 0.4351370284974094 0.8464892694300518 0.413721683074266 0.8332355863557858 0.40172642918825563 0.8124061683937824 0.3921023825561312 0.7959266606217617 0.39716203626943003 0.7965400820379965 0.43969167271157167 0.7999220889464594 0.44562212694300524 0.8287521122625215 0.46288098791018994 0.8346073022452504 0.46035925302245245
1 0.6972057970639033 0.45050532037996543 0.7487468385146805 0.45588143350604493 0.755913884283247 0.44827333246977547 0.7596074766839378 0.4308259214162349 0.7586233894645942 0.41730354922279794 0.7501550164075994 0.4100612383419689 0.7031411260794473 0.40248062953367875 0.6826880276338515 0.3885552245250432 0.6702840872193437 0.39657201381692575 0.6665637823834196 0.42918707685664936 0.6814951131260795 0.45173138341968916 0.6972057970639033 0.45050532037996543
2 0.6288662538860104 0.7708978609671847 0.6334201174438687 0.7535257141623488 0.6311403583765113 0.749858835060449 0.6166662668393783 0.7468588031088083 0.6002029421416234 0.7566875829015545 0.58127696373057 0.7550317746113989 0.573249645941278 0.7625646122625216 0.5835890906735751 0.7682369067357513 0.6202797202072539 0.7749143471502591 0.6288662538860104 0.7708978609671847
2 0.6266463549222798 0.8309501718480139 0.6399858316062177 0.8221483756476684 0.6427762556131261 0.815024225388601 0.6394856968911917 0.8130026260794473 0.6216781493955095 0.8183795189982729 0.5826648635578584 0.818433725388601 0.5740030656303973 0.8233104835924007 0.5734762176165803 0.8293323860103626 0.57880456044905 0.8328325526770293 0.6037524412780656 0.8350152098445597 0.6266463549222798 0.8309501718480139
2 0.5935262823834198 0.8627268013816926 0.5475555587219344 0.8630391666666667 0.5353774101899827 0.8684751407599309 0.5379744093264249 0.8734700595854923 0.5490074136442141 0.8761690354058722 0.5749660949913644 0.8767064127806563 0.5891820267702936 0.8727490069084629 0.5933919378238343 0.8692164715025907 0.5935262823834198 0.8627268013816926
1 0.37193552417962006 0.7648896079447323 0.3727043488773748 0.7610560172711571 0.3706018298791019 0.7405009430051813 0.36509059240069086 0.7291830656303973 0.3499820207253886 0.7235269542314334 0.32957747409326427 0.7239089291882556 0.32814745768566494 0.7402540924006908 0.3392290138169257 0.7572604490500864 0.3670158696027634 0.7666263359240069 0.37193552417962006 0.7648896079447323
1 0.2936112115716753 0.5850992452504318 0.2968855872193437 0.5823517184801382 0.298557579447323 0.568194866148532 0.2998961485319516 0.5479408480138169 0.29595492573402415 0.5384940423143351 0.2785989628670121 0.538709304835924 0.27266850777202073 0.542091311744387 0.2704105872193437 0.5678994645941278 0.27442707340241795 0.5764859982728843 0.28250294300518136 0.5832605414507772 0.2936112115716753 0.5850992452504318
1 0.27509392055267706 0.5886803316062176 0.27388404145077716 0.5777387746113989 0.267921219343696 0.5715825276338514 0.2579742789291883 0.5663780008635578 0.250323280656304 0.5696094792746115 0.24836641623488775 0.5919765449050086 0.25529714162348877 0.6068860371329879 0.2730456079447323 0.6071385423143351 0.27509392055267706 0.5886803316062176
1 0.25873335405872194 0.6518297772020726 0.2551255552677029 0.6484801381692574 0.24136120725388602 0.6472759136442142 0.2363986554404145 0.6594111658031088 0.24435636442141626 0.6774445051813471 0.26150271934369607 0.6845791839378239 0.26382537478411056 0.6778475379965457 0.25873335405872194 0.6518297772020726
1 0.22188010708117442 0.5281124810017271 0.21969744991364423 0.5530603618307427 0.2237139360967185 0.561646896373057 0.23630077288428325 0.561447816925734 0.23943514939550947 0.540484054404145 0.23813382210708117 0.5256336424870467 0.22188010708117442 0.5281124810017271
2 0.90760892746114 0.6613553540587219 0.8761122962003455 0.6646677512953367 0.8719776485319517 0.6673400146804835 0.8709830328151986 0.6737544205526771 0.8665902262521589 0.6694692452504318 0.866063378238342 0.6754911476683938 0.8878121476683939 0.6795610604490501 0.9055282478411054 0.6702753117443869 0.90760892746114 0.6613553540587219
2 0.8808028445595855 0.848851701208981 0.870329055267703 0.8496690768566494 0.8481772521588946 0.8650681753022453 0.8343861917098445 0.8790316027633851 0.8281708644214162 0.8906238229706389 0.8353702789291882 0.8925539749568221 0.8590168324697754 0.879886219343696 0.8749800215889464 0.8609116899827288 0.8808028445595855 0.848851701208981
2 0.6228735984455959 0.5025149101899827 0.6242445345423143 0.4917991450777202 0.6153836571675303 0.4840890664939551 0.6056948756476684 0.4858419775474957 0.5688537184801382 0.4808850811744387 0.5539442262521589 0.48781580656303974 0.5514710423143351 0.49626799568221075 0.5550788411053541 0.4996176347150259 0.6168678799654577 0.5067571882556131 0.6228735984455959 0.5025149101899827
2 0.5875968013816926 0.4747231796200345 0.6154265535405872 0.47369054145077716 0.6207225284974094 0.4676524550949914 0.6224697849740933 0.4526353316062176 0.6208997694300519 0.45076425993091535 0.6116196753022453 0.4577540656303972 0.564154201208981 0.4553350880829016 0.5457121735751296 0.45805590241796196 0.5412012063903282 0.46502952417962 0.5473898203799655 0.4686049550949914 0.5767895889464594 0.4694433886010363 0.5875968013816926 0.4747231796200345
2 0.5836175569948187 0.4310322158894646 0.5905588108808291 0.4260049291882556 0.592306067357513 0.41098780569948185 0.5900263082901555 0.40732092659758207 0.5840044058721935 0.4067940785837651 0.5733800889464594 0.4093319965457686 0.5423350414507773 0.40748276338514683 0.5281191088082902 0.4114401701208981 0.5236081416234888 0.4184137918825561 0.5394426407599309 0.43063483678756476 0.5836175569948187 0.4310322158894646
3 0.8119206563039724 0.24902858203799652 0.7900480708117444 0.23151156131260797 0.780068762521589 0.21676878065630398 0.7625299041450777 0.2091663341968912 0.7327214481865285 0.20309100604490501 0.7200107970639033 0.18984297668393782 0.7042677452504318 0.18153078670120898 0.6897183894645941 0.17939102590673575 0.6782661683937824 0.19139193436960275 0.6633566761658031 0.1983226597582038 0.6578349084628671 0.20694156131260794 0.6122728730569948 0.2124908212435233 0.5993582677029361 0.2312986390328152 0.5741093307426598 0.23255706908462867 0.5599095820379966 0.24128360189982728 0.5518984473229706 0.2535855664939551 0.5483715673575129 0.2740815604490501 0.550758957685665 0.2864264214162349 0.5750351174438687 0.3210574291882556 0.6025209170984456 0.33386440328151984 0.6219203186528497 0.3598336131260794 0.6385989050086356 0.3673607962003454 0.6596864827288429 0.383942280656304 0.6749455820379966 0.3878778480138169 0.6787629896373056 0.3838775457685665 0.7025066459412781 0.39982455094991365 0.7399070189982728 0.4082977979274611 0.764220420552677 0.4078243756476684 0.7810924326424871 0.4032324896373057 0.7909155578583765 0.394989908462867 0.7941413816925734 0.3779350017271157 0.7991363005181348 0.37533800259067357 0.8232562772020726 0.38698364853195166 0.8303966113989638 0.39454319861830744 0.8397090725388601 0.39709164680483594 0.8576566191709845 0.40993098791019 0.875346006044905 0.41581289205526767 0.8808677728842833 0.4071939905008636 0.8768779991364422 0.38343980483592405 0.8868354689119171 0.3687075535405872 0.8868192858376511 0.363938426597582 0.8726082271157167 0.32325314853195164 0.8595374395509499 0.3190756053540587 0.8544348894645941 0.3129946226252159 0.8536927780656304 0.30166056217616577 0.8424016131260795 0.2920041476683938 0.8336588972366148 0.27303527288428325 0.8250399956822106 0.26751350518134714 0.8119206563039724 0.24902858203799652
3 1 0.32806424352331603 0.9912771796200345 0.31933220466321244 0.9776633592400691 0.31640743696027634 0.9740231925734023 0.3035195440414508 0.9649203402417963 0.29362115371329883 0.9523173195164075 0.2890511062176166 0.9486180734024179 0.2817926122625216 0.9403164110535407 0.27759888514680486 0.9376765155440414 0.2830024913644214 0.9420693221070812 0.28728766666666666 0.931262109671848 0.2820078756476684 0.9245895440414508 0.27405582124352335 0.9245571761658032 0.2645175682210708 0.9106261165803108 0.26026475993091536 0.9047223747841106 0.24847911485319515 0.8994854801381693 0.24888780310880831 0.8931301545768566 0.24226378842832472 0.8863232443868739 0.24080140414507772 0.8822047806563039 0.24824279360967183 0.8674296329879102 0.24868384887737477 0.867445816925734 0.25345297582037996 0.8731666632124352 0.2574209110535406 0.8889744490500865 0.2848096079447323 0.8858991528497411 0.30014397236614854 0.888738127806563 0.3073272020725389 0.9174338065630396 0.3310757331606218 0.9256011243523316 0.3417591303972366 0.9341933126079447 0.3624485492227979 0.9371293894645941 0.3982465397236615 0.947216329879102 0.4216673022452504 0.9540394231433506 0.4278988126079447 0.9669435000000001 0.42902777288428323 0.9830199749568221 0.4434371303972366 0.9978703868739206 0.4421358031088083 1 0.44305891191709845 1 0.32806424352331603
1 0.9278331122625216 0.40046721848013817 0.9346238385146806 0.39716047582037994 0.9353602953367877 0.3837886321243523 0.9224610932642486 0.33801698791018997 0.8945504222797926 0.31520399222797923 0.886141128670121 0.30233228324697753 0.8788988186528497 0.31080065630397236 0.878070914507772 0.32026364594127804 0.8967824101899827 0.3739120803108808 0.9127998048359239 0.3939508359240069 0.9278331122625216 0.40046721848013817
1 0.8406001511226252 0.26800798618307425 0.8418367435233161 0.26378189119170986 0.8287870129533679 0.21973079101899826 0.8196841606217616 0.20983240069084627 0.7987042141623489 0.2019288981001727 0.7943437754749568 0.20718197668393784 0.7967311658031088 0.21952683678756477 0.8185179576856649 0.25784090759930917 0.8319974335060449 0.2672553462867012 0.8406001511226252 0.26800798618307425
1 0.6771450094991365 0.8977819006908463 0.6636064533678756 0.8939968609671848 0.6282924145077721 0.901309561312608 0.6167487452504318 0.9094016139896373 0.6140497694300517 0.9204346191709843 0.6340027322970639 0.925214274611399 0.6612732685664939 0.9206652858376511 0.6721071943005181 0.9107774248704664 0.6771450094991365 0.8977819006908463
1 0.5060571934369603 0.2920509455958549 0.5066811442141623 0.3146438031088083 0.5261072582037997 0.3254453609671848 0.5537864827288429 0.32613326683937827 0.56291604835924 0.3208640043177893 0.5571037547495682 0.31298721416234887 0.5472102392055267 0.2774473834196891 0.5525758238341969 0.24584312089810018 0.5490432884283247 0.2416332098445596 0.5386447633851468 0.24159031260794472 0.5239934309153713 0.2554784766839378 0.5120143609671848 0.273501286701209 0.5060571934369603 0.2920509455958549
1 0.6332253255613126 0.16621338687392054 0.634370469775475 0.15807843696027635 0.6238157616580311 0.13505017875647668 0.616842139896373 0.1305392115716753 0.5976903696027633 0.13146421848013817 0.5849101079447323 0.14378236614853196 0.58494247582038 0.1533206200345423 0.5930345284974093 0.16486428929188254 0.6238537841105354 0.16929433765112262 0.6332253255613126 0.16621338687392054
1 0.5807649317789292 0.16639140759930915 0.5905289775474957 0.16377822538860104 0.58445852417962 0.14894399654576856 0.5897383151986183 0.13813678411053543 0.5880015880829016 0.13321712953367876 0.569075609671848 0.13156132037996546 0.5519187253886011 0.14436342055267704 0.5527361001727116 0.1548372098445596 0.5586236588946459 0.1618537279792746 0.5807649317789292 0.16639140759930915
1 0.527678640759931 0.9267478281519861 0.5302109050086357 0.9126662409326425 0.522920043177893 0.9068272340241796 0.49789689810017274 0.9055048488773748 0.4839820224525043 0.9060211675302247 0.4795463186528497 0.9121345181347151 0.48270253367875643 0.9206457875647668 0.4902191873920553 0.9239039792746113 0.5209631787564767 0.9291942996545768 0.527678640759931 0.9267478281519861
1 0.5123815189982729 0.8885681018998274 0.5051659214162348 0.881868823834197 0.4749811459412781 0.880094854058722 0.4652923644214162 0.8818477651122625 0.46250194127806565 0.8889719153713299 0.4700347780656304 0.8969992331606218 0.4954666113989637 0.903558512953368 0.5118708549222798 0.8993591312607945 0.5123815189982729 0.8885681018998274
1 0.36300679188255613 0.4607086675302245 0.3661840647668394 0.4293463799654577 0.35623712348877373 0.42414185319516406 0.33373571329879104 0.4286746580310881 0.32789670639032814 0.43596551986183074 0.32411166666666663 0.4495040759930915 0.32479469775474956 0.46646753540587216 0.3439035725388601 0.475941054404145 0.35866253626943 0.47073087219343696 0.36300679188255613 0.4607086675302245
2 0.3016749922279793 0.4731133886010363 0.29394872970639035 0.47720513903281525 0.29357240932642487 0.48150649740932644 0.3014063031088083 0.4860927288428325 0.32134308203799655 0.4861032582037996 0.32906934369602764 0.4820115077720207 0.33107475993091534 0.4739518221070812 0.3016749922279793 0.4731133886010363
3 0.6256238497409325 1 0.6332185043177893 0.9936273281519861 0.6240403877374784 0.9845892098445596 0.6346323367875647 0.9725130379965458 0.6302395302245251 0.9682278626943006 0.5798598169257341 0.959485926597582 0.5368891252158895 0.9453242003454232 0.4437968799654577 0.9293779749568221 0.42711829274611396 0.921850792746114 0.41926821588946456 0.9124954343696028 0.3776846442141623 0.8923870699481865 0.36732901554404146 0.8819456476683938 0.3403700639032815 0.8631167720207255 0.3276917797927461 0.8594069956822107 0.29194721502590676 0.8320077694300518 0.26801013385146805 0.8281798333333333 0.26043439982728844 0.8305510405872193 0.262187310880829 0.8402398212435233 0.27020409930915373 0.852643762521589 0.3112931908462867 0.8883122832469775 0.32998284801381694 0.9124856856649395 0.3517801692573403 0.9308629775474956 0.41138655094991367 0.9629504119170985 0.4779180034542314 0.9852414335060449 0.4896931191709844 0.9992744706390327 0.4909489179620035 1 0.6256238497409325 1
3 0.7925175138169257 1 0.7957775 0.9983139758203798 0.8305590354058722 0.9723172728842834 0.8501138393782384 0.951923255613126 0.8471996001727116 0.9456002970639033 0.8419627055267702 0.9460089844559585 0.8389732029360968 0.9405462979274611 0.8358655397236614 0.946342408462867 0.8194022150259067 0.9561711882556131 0.8174396960276338 0.9538323488773747 0.8220421113989637 0.9507675820379965 0.8209398635578584 0.9485040069084628 0.814057689119171 0.9479018946459412 0.8129392582037996 0.9408691925734024 0.8092723791018999 0.94314895164076 0.8043365405872193 0.9401165518134714 0.7904540319516408 0.9501711243523316 0.7854429291882556 0.9479989965457687 0.7650545664939551 0.953150098445596 0.7344829412780657 0.9756142668393782 0.6989107435233161 0.9759695284974094 0.6431146381692574 1 0.7925175138169257 1
3 0.23360023661485319 0.4337836433506045 0.25373043955094987 0.42167510362694305 0.25448308031088085 0.4130723860103627 0.26383843782383415 0.4052223091537133 0.2713656208981002 0.3885437219343696 0.2686771744386874 0.3796399481865285 0.27683883678756477 0.3656174404145078 0.2801666373056995 0.332534609671848 0.27624159844559587 0.3278569309153713 0.24335784715025904 0.3371159663212435 0.20340415198618308 0.38259786355785835 0.18916716148531953 0.4264288272884283 0.2032382202072539 0.44889786960276334 0.21599176856649396 0.4517473739205527 0.22137919084628668 0.4496181424870467 0.23360023661485319 0.4337836433506045