1 0.26953125 0.538671875 0.26875 0.491015625 0.251953125 0.45546875 0.232421875 0.45625 0.2265625 0.462890625 0.2140625 0.494140625 0.21484375 0.533984375 0.224609375 0.54453125 0.25703125 0.547265625 0.266015625 0.54609375 0.26953125 0.538671875
1 0.30234375 0.393359375 0.31328125 0.330859375 0.3125 0.322265625 0.308984375 0.31875 0.287890625 0.32265625 0.27734375 0.330078125 0.2625 0.374609375 0.2609375 0.398828125 0.2640625 0.404296875 0.298828125 0.396875 0.30234375 0.393359375
1 0.828125 0.508203125 0.828125 0.492578125 0.82265625 0.467578125 0.812890625 0.45546875 0.792578125 0.4546875 0.78359375 0.469921875 0.784375 0.500390625 0.796484375 0.521875 0.8203125 0.523046875 0.825 0.519921875 0.828125 0.508203125
1 0.81875 0.623046875 0.82421875 0.580078125 0.821875 0.562890625 0.818359375 0.5578125 0.794140625 0.56171875 0.7796875 0.587109375 0.775 0.623046875 0.77734375 0.644140625 0.811328125 0.634375 0.81875 0.623046875
1 0.74296875 0.705078125 0.7578125 0.661328125 0.750390625 0.6375 0.736328125 0.6375 0.704296875 0.64609375 0.68515625 0.667578125 0.68828125 0.674609375 0.67890625 0.686328125 0.675 0.711328125 0.68046875 0.727734375 0.68671875 0.730078125 0.726171875 0.71875 0.74296875 0.705078125
1 0.75859375 0.780859375 0.7609375 0.759765625 0.752734375 0.759375 0.721484375 0.7734375 0.698046875 0.78984375 0.6890625 0.807421875 0.69140625 0.816796875 0.69609375 0.818359375 0.749609375 0.79453125 0.75859375 0.780859375
1 0.270703125 0.84375 0.237890625 0.82578125 0.2328125 0.826953125 0.2375 0.836328125 0.259765625 0.86015625 0.286328125 0.875 0.30859375 0.880859375 0.294140625 0.8625 0.270703125 0.84375
1 0.38671875 0.200390625 0.378515625 0.1984375 0.348046875 0.2078125 0.33515625 0.227734375 0.335546875 0.23203125 0.340625 0.232421875 0.376171875 0.2234375 0.38671875 0.200390625
1 0.49765625 0.192578125 0.49765625 0.188671875 0.487109375 0.1796875 0.466015625 0.1796875 0.45078125 0.191796875 0.455078125 0.19921875 0.47109375 0.198828125 0.491015625 0.1984375 0.49765625 0.192578125
1 0.551171875 0.15859375 0.527734375 0.1578125 0.5203125 0.164453125 0.523046875 0.1703125 0.530078125 0.17265625 0.56640625 0.175390625 0.56484375 0.166015625 0.551171875 0.15859375
1 0.2609375 0.255859375 0.259765625 0.24921875 0.252734375 0.24765625 0.2390625 0.257421875 0.2265625 0.280078125 0.2296875 0.283984375 0.25390625 0.270703125 0.2609375 0.255859375
1 0.68203125 0.431640625 0.67109375 0.401171875 0.662890625 0.3890625 0.658984375 0.38671875 0.655078125 0.3890625 0.615234375 0.38515625 0.604296875 0.39609375 0.59609375 0.398046875 0.59765625 0.448828125 0.6 0.462109375 0.604296875 0.46796875 0.616015625 0.46875 0.626953125 0.4640625 0.652734375 0.4609375 0.665234375 0.46328125 0.673828125 0.4734375 0.6765625 0.473046875 0.6796875 0.469140625 0.68203125 0.431640625
2 0.8359375 0.688671875 0.835546875 0.6796875 0.83125 0.682421875 0.82109375 0.700390625 0.80703125 0.733984375 0.80859375 0.738671875 0.82890625 0.708203125 0.8359375 0.688671875
2 0.85859375 0.698046875 0.86328125 0.684765625 0.863671875 0.67109375 0.859375 0.673828125 0.84140625 0.707421875 0.840625 0.718359375 0.853125 0.707421875 0.85859375 0.698046875
2 0.6765625 0.241015625 0.669140625 0.23359375 0.664453125 0.23359375 0.6609375 0.238671875 0.6640625 0.251171875 0.669921875 0.2578125 0.6796875 0.260546875 0.68203125 0.255078125 0.6765625 0.241015625
0 0.9625 0.380078125 0.94609375 0.326953125 0.92109375 0.270703125 0.89296875 0.231640625 0.849609375 0.184375 0.804296875 0.1453125 0.773046875 0.12890625 0.7890625 0.149609375 0.78359375 0.155859375 0.7859375 0.162109375 0.828125 0.215234375 0.83203125 0.235546875 0.8640625 0.278515625 0.8609375 0.282421875 0.8625 0.293359375 0.875 0.306640625 0.875 0.313671875 0.878515625 0.3171875 0.882421875 0.31640625 0.890625 0.327734375 0.91953125 0.388671875 0.91796875 0.392578125 0.924609375 0.396875 0.9265625 0.387890625 0.9265625 0.396484375 0.93671875 0.408203125 0.9359375 0.412109375 0.94921875 0.424609375 0.9734375 0.469140625 0.97421875 0.446484375 0.9625 0.380078125