1 0.342671590538336 0.29670278058727567 0.32418239804241433 0.29872934828711256 0.3114163507340946 0.3037269429037521 0.2875205358890702 0.3503177251223491 0.2671824575856444 0.4057302781402936 0.25502816231647635 0.4616131867862969 0.255053204730832 0.4979535848287112 0.27459196737357255 0.5179776949429038 0.3140234942903752 0.5271134331158238 0.3414182732463295 0.523606973898858 0.35329863376835235 0.5085591639477977 0.36279587030995103 0.4225256109298532 0.36750947960848285 0.4084072691680261 0.38090721125611743 0.32381732137031 0.3799414567699837 0.3038444893964111 0.37608474388254487 0.29951742006525284 0.342671590538336 0.29670278058727567
1 0.6894705285481241 0.6150694673735726 0.6690711215334421 0.6213355407830343 0.637717075040783 0.6576609477977161 0.6359307104404568 0.6689396068515497 0.6189501998368678 0.7083673866231648 0.6027502650897226 0.7115823646003263 0.5812788017944536 0.7428663947797716 0.5814026508972268 0.7499055489396411 0.6059064706362153 0.762044852365416 0.628296158238173 0.7614618907014682 0.6281172830342577 0.780840517944535 0.6391407479608483 0.7842381190864601 0.684219101141925 0.7785774942903753 0.7018626411092985 0.7714620212071779 0.7117890065252854 0.7635371810766721 0.7255070089722675 0.7186377030995106 0.7314165252854813 0.6865405587275693 0.7355947030995106 0.6393042928221859 0.7337395146818924 0.617126017944535 0.6894705285481241 0.6150694673735726
1 0.6408821378466558 0.8670967275693312 0.6411335848287112 0.8733302634584014 0.6472395228384992 0.8738844347471453 0.6768835252854812 0.866605077487765 0.6985589061990212 0.852282818923328 0.7167603662316476 0.8312166345840131 0.7159184616639478 0.818282955954323 0.6746968221859706 0.8282706500815661 0.662353601141925 0.8358126973898858 0.6523834543230017 0.8466210016313213 0.6408821378466558 0.8670967275693312
1 0.7675492585644372 0.6773985171288744 0.7490050399673736 0.705842865415987 0.7275185848287112 0.7685059853181077 0.7141108026101143 0.7853764453507341 0.7154230636215334 0.7901263409461664 0.7207233825448613 0.7905529151712888 0.7571951264274063 0.7818774812398042 0.7786628417618271 0.7584382234910277 0.807312300163132 0.7026904086460032 0.8121209690048939 0.6671155946166395 0.8097478955954323 0.6638493384991844 0.7936355244698206 0.6612973898858074 0.7804028694942904 0.6666339951060358 0.7675492585644372 0.6773985171288744
1 0.8120870693311583 0.4718019037520391 0.8000903539967373 0.4641210146818924 0.7777882300163131 0.4589370497553018 0.7734611606851549 0.4627937626427406 0.7623751745513866 0.501503486949429 0.7626729584013051 0.5882625913539967 0.7582470815660685 0.621420548939641 0.7615934053833605 0.6289700929853181 0.7683773646003264 0.6304574804241436 0.7893672283849918 0.6308915505709625 0.8031503075040783 0.627293779771615 0.8094714061990211 0.6212754053833605 0.8230618115823818 0.5771815464926591 0.8258764510603589 0.5437683931484502 0.8258113743882545 0.5024666859706362 0.8178502487765089 0.47973423980424146 0.8120870693311583 0.4718019037520391
3 0.7623053270799347 0.825217 0.7359601182707993 0.8507741362153345 0.7360839673735726 0.8578132903752039 0.7428679265905384 0.8593006778140294 0.7500346778140293 0.858371209624796 0.7681047920065253 0.8459554168026101 0.8130742871125611 0.8018765489396411 0.8342905554649266 0.7722037561174552 0.8365034942903753 0.755624777324633 0.8130892781402936 0.7704974600326264 0.7754178800978793 0.8049964681892332 0.7623053270799347 0.825217
1 0.7807529543230016 0.3776496435562806 0.7722226647634585 0.3924022251223491 0.766057953507341 0.4261106060358891 0.7677092243066884 0.4313271101141925 0.7786013442088091 0.4433751019575856 0.7976409608482872 0.44308736949429034 0.8151494078303425 0.4524670587275693 0.8335435407830343 0.47189696329526915 0.8382021256117456 0.48419640212071774 0.8435462259380098 0.481739513050571 0.861218557096248 0.5031196647634584 0.8660122340946167 0.49892394127243067 0.8695449290375205 0.4714053132137031 0.8589517862969006 0.4548626199021207 0.8554816125611746 0.44027392251223496 0.8452712618270799 0.4213143735725938 0.8170858564437194 0.39331414600326264 0.7958445456769984 0.3866465407830343 0.7807529543230016 0.3776496435562806
1 0.5039252838499184 0.13890904078303426 0.5665921508972267 0.15255072349102772 0.572063849918434 0.14928821533442088 0.5717285872756933 0.14097683523654161 0.5681308164763458 0.12719375611745515 0.5621124420880914 0.12087265742251223 0.522764730831974 0.113814764274062 0.5060981884176182 0.1173687528548124 0.5015522096247961 0.13564278466557914 0.5039252838499184 0.13890904078303426
1 0.23263080913539969 0.21196905057096246 0.22019627650897228 0.23312279853181078 0.21641588336052203 0.24656311908646003 0.22112199673735727 0.24813432218597062 0.24499907259380097 0.2407674013050571 0.2618807765089723 0.23064086623164762 0.28772309135399676 0.1926166590538336 0.29646854159869496 0.1712915326264274 0.2900235929853181 0.1702707528548124 0.2664855277324633 0.17810428140293638 0.25176548531810766 0.19022484584013052 0.23263080913539969 0.21196905057096246
1 0.28985970962479607 0.15827029037520393 0.2945658230016313 0.15984149347471452 0.3302757300163132 0.1481549991843393 0.33986308482871125 0.13976355138662316 0.35535246003262644 0.11496450326264275 0.35484581810766724 0.11034220473083196 0.3418683580750408 0.11406757340946166 0.3029722626427406 0.1380497585644372 0.2913033148450245 0.15436979526916803 0.28985970962479607 0.15827029037520393
1 0.14028262969004893 0.5499710913539967 0.12506718841761827 0.5339350399673736 0.11391237846655791 0.5391878295269168 0.10703710766721045 0.5513121419249593 0.10127018026101142 0.5512245783034257 0.09637394779771614 0.5925663197389885 0.10043457911908646 0.6138551598694942 0.11191340783034258 0.6404480676998369 0.12446054649265904 0.6498677911908647 0.1451263915171289 0.6184561639477977 0.14657749347471452 0.5988661239804242 0.1519215938009788 0.5964092340946167 0.14755823898858075 0.5874598662316476 0.15264714518760195 0.5866142145187602 0.153285132137031 0.5825861215334421 0.14981495840130504 0.5679974241435563 0.14028262969004893 0.5499710913539967
2 0.16241218189233278 0.6500979437194128 0.1650441982055465 0.6439081900489396 0.15648511908646 0.6301651451876019 0.15450608075040784 0.6009477169657422 0.14492996982055464 0.5858048474714519 0.14195894290375205 0.5915279934747145 0.144025544045677 0.6149784942903752 0.15338274632952692 0.6445386818923328 0.16241218189233278 0.6500979437194128
2 0.10326421044045678 0.5490629176182708 0.09996166802610114 0.5386299102773247 0.0965277805872757 0.5368472944535074 0.09838296900489396 0.5590255693311583 0.10190067210440457 0.5628860301794453 0.1046602862969005 0.5558906582381729 0.10326421044045678 0.5490629176182708
3 0.08447229282218596 0.563428958401305 0.07663126835236542 0.555580438009788 0.07706159053833604 0.5424353466557912 0.07261816721044045 0.5235633613376836 0.06698258482871125 0.5148254070146818 0.05095777814029363 0.506506530995106 0.04672201957585644 0.49675154486133766 0.03835186623164764 0.5313493605220229 0.04382356443719413 0.528086852365416 0.048084364600326265 0.5741822365415986 0.042229874388254485 0.5798616003262642 0.041460541598694944 0.5925400840130506 0.037982872756933114 0.5936409314845024 0.03285768026101142 0.5816805024469821 0.03637913132137031 0.577696191680261 0.03188443066884176 0.5773972153344209 0.030608455954323002 0.5854534004893964 0.039152544045677 0.6305755350734095 0.04452918270799348 0.6487694991843392 0.07495256933115824 0.6965311460032626 0.09804906851549755 0.725377026101142 0.11161323898858075 0.7361965734094617 0.11445666802610113 0.731279046492659 0.11924659787928221 0.7349280946166394 0.12107299592169658 0.7286107438825449 0.10714477324632951 0.6809841900489396 0.10973675611745513 0.6698331280587275 0.10640167536704731 0.6387492675367047 0.09366186378466558 0.5888334551386623 0.08447229282218596 0.563428958401305
1 0.16600126427406198 0.770824372756933 0.18223748450244698 0.7804154747145188 0.18541992495921697 0.7759645562805872 0.15387064926590538 0.6883848417618271 0.1344594836867863 0.6675551133768352 0.12610806933115826 0.6629290676998368 0.12449308482871126 0.670518645187602 0.13147346492659054 0.7046573482871126 0.14260953588907016 0.7386284208809135 0.16600126427406198 0.770824372756933
1 0.38517158972267534 0.0961512911908646 0.3958635399673736 0.08339273980424143 0.3875959412724307 0.08084453915171289 0.37126840946166395 0.08486513621533442 0.3592204176182708 0.09575725530179445 0.35845483278955953 0.1005909665579119 0.3624829257748777 0.10122895432300162 0.38517158972267534 0.0961512911908646
1 0.19880488091353996 0.27432944616639476 0.1897679502446982 0.28445972838499184 0.169437367862969 0.3241827365415987 0.16146124959216965 0.33282938009787927 0.14493610358890702 0.39545246574225124 0.15057168515497554 0.40419042006525285 0.1671506647634584 0.4064033580750408 0.17584483686786295 0.40365123980424145 0.18831940375203915 0.3874588009787928 0.19507457259380098 0.3604505628058728 0.22618841598694944 0.2943573042414355 0.2316676101141925 0.275405251223491 0.2312485318107667 0.26501602528548124 0.21610941109298532 0.2667473646003263 0.19880488091353996 0.27432944616639476
3 0.7988542446982055 0.21122186704730833 0.779479365415987 0.2031982194127243 0.7701872389885808 0.21493973980424144 0.7621310538336052 0.21366376508972268 0.7588647977161501 0.2160368384991843 0.759152530995106 0.23507645513866232 0.7507535872756933 0.24117864518760196 0.7504108287112562 0.2485568099510604 0.7673576084828712 0.27973198205546496 0.8076197960848287 0.32533571615008156 0.8119356223491028 0.3450133197389886 0.8067591525285481 0.35162589885807505 0.8075572748776508 0.36744304159869495 0.8210338817292007 0.3840295163132137 0.8365920807504078 0.39268740293637844 0.8476192936378467 0.3882402316476346 0.85715911908646 0.39057701957585644 0.8605529722675367 0.38739832707993477 0.8608306541598696 0.338718455954323 0.8565223246329526 0.3033513075040783 0.8430569616639478 0.26323051549755305 0.8200480261011419 0.2286177079934747 0.7988542446982055 0.21122186704730833
1 0.4314788955954323 0.8909126443719413 0.440967442903752 0.9118224404567699 0.4558075872756933 0.9145858026101141 0.5127550579119087 0.9174116859706362 0.516021313213703 0.9150386117455139 0.5149279616639478 0.8958713980424143 0.5181104021207178 0.8914204787928223 0.4758792275693312 0.8843188042414356 0.4405996427406199 0.8828602063621532 0.43398331484502445 0.8855285097879282 0.4314788955954323 0.8909126443719413
2 0.35979588336052204 0.13383648858075042 0.35296064681892336 0.1509221092985318 0.35660594698205544 0.1539769518760196 0.37387419086460033 0.13358878874388255 0.3728171256117455 0.12722765660685156 0.35979588336052204 0.13383648858075042
2 0.3556839747145188 0.13112065579119087 0.34911142903752035 0.13090549510603589 0.34304552528548127 0.13531263213703099 0.33137657748776506 0.15163266802610112 0.33502187765089725 0.15468751141924958 0.34795930424143556 0.14600083442088094 0.3556839747145188 0.13112065579119087
3 0.1366371598694943 0.2809996060358891 0.12072495840130507 0.3032542014681892 0.09716440619902121 0.3581563637846656 0.09147005057096247 0.3836809624796085 0.09285863050570962 0.4061982479608483 0.09823901794453507 0.4165474396411093 0.10341173980424144 0.41777963213703095 0.12182836052202284 0.3901409029363785 0.1308327536704731 0.359359766721044 0.14619453099510604 0.335366336867863 0.1442480318107667 0.3267997618270799 0.15181631484502447 0.2842295758564437 0.14673115660685154 0.277230455954323 0.14189744535073412 0.27646487194127245 0.1366371598694943 0.2809996060358891
3 0.2384640057096248 0.1621045163132137 0.22917188009787928 0.17384603670473084 0.22718159787928222 0.16816292495921695 0.23155244942903752 0.1614227479608483 0.2255741092985318 0.16006295758564437 0.22434191598694941 0.16523567944535075 0.2106389053833605 0.17875606769983687 0.17386068923327896 0.2076157463295269 0.15548410277324634 0.2402157846655791 0.14605688336052203 0.2684524681892333 0.14779196982055465 0.27574681647634586 0.15444833115823817 0.2780398230016313 0.17205183768352364 0.2659630399673736 0.1937384624796085 0.22810646411092986 0.21880394861337685 0.2184502854812398 0.24120488009787927 0.19433300652528548 0.24778492169657423 0.1788586223491028 0.24456619575856445 0.1705034608482871 0.23816502936378464 0.16659921696574226 0.2384640057096248 0.1621045163132137