1 0.5671875 0.580078125 0.54296875 0.541015625 0.519921875 0.51640625 0.504296875 0.5125 0.466796875 0.51328125 0.419140625 0.52265625 0.40546875 0.528515625 0.4046875 0.538671875 0.41484375 0.576171875 0.426953125 0.5875 0.431640625 0.58828125 0.43828125 0.570703125 0.444921875 0.56953125 0.453125 0.591015625 0.45625 0.608984375 0.461328125 0.615625 0.498046875 0.61875 0.527734375 0.61640625 0.55390625 0.623046875 0.56171875 0.613671875 0.5671875 0.580078125
1 0.250390625 0.384375 0.274609375 0.38671875 0.298828125 0.37578125 0.31015625 0.365234375 0.3125 0.345703125 0.305859375 0.340625 0.278515625 0.33984375 0.257421875 0.3328125 0.236328125 0.3390625 0.203515625 0.36328125 0.196875 0.373046875 0.1953125 0.390234375 0.199609375 0.39609375 0.20859375 0.397265625 0.219921875 0.38984375 0.250390625 0.384375
1 0.392578125 0.334375 0.40546875 0.324609375 0.40703125 0.314453125 0.393359375 0.303125 0.359765625 0.303125 0.344921875 0.29765625 0.323828125 0.296875 0.298828125 0.3046875 0.25625 0.330078125 0.279296875 0.33984375 0.305078125 0.33984375 0.314453125 0.34609375 0.335546875 0.34375 0.35625 0.345703125 0.376953125 0.34140625 0.392578125 0.334375
1 0.73359375 0.373046875 0.727734375 0.3671875 0.712890625 0.36171875 0.679296875 0.33671875 0.658984375 0.3265625 0.649609375 0.328125 0.637109375 0.325 0.616796875 0.32578125 0.599609375 0.33046875 0.581640625 0.3296875 0.57265625 0.333203125 0.56640625 0.351171875 0.56875 0.365234375 0.584765625 0.375 0.594921875 0.3765625 0.603515625 0.3875 0.61171875 0.387890625 0.61640625 0.366796875 0.619921875 0.36171875 0.623828125 0.36171875 0.63203125 0.382421875 0.638671875 0.3875 0.700390625 0.3984375 0.708984375 0.40625 0.71796875 0.408203125 0.73984375 0.403515625 0.73359375 0.373046875
1 0.64296875 0.312890625 0.6421875 0.304296875 0.634765625 0.29453125 0.585546875 0.27421875 0.537109375 0.27109375 0.521484375 0.27734375 0.484765625 0.278125 0.458203125 0.28984375 0.45078125 0.299609375 0.455078125 0.30859375 0.480859375 0.31796875 0.504296875 0.315625 0.546484375 0.31875 0.60703125 0.327734375 0.637890625 0.3203125 0.64296875 0.312890625
1 0.478515625 0.26328125 0.437109375 0.2546875 0.403515625 0.25703125 0.366015625 0.2734375 0.341796875 0.2796875 0.326953125 0.2875 0.32265625 0.293359375 0.324609375 0.296875 0.338671875 0.29609375 0.356640625 0.3015625 0.412890625 0.296875 0.421484375 0.296875 0.428515625 0.3015625 0.4421875 0.301171875 0.48125 0.275390625 0.478515625 0.26328125
1 0.63828125 0.267578125 0.631640625 0.26171875 0.583984375 0.24375 0.530859375 0.240625 0.483203125 0.2484375 0.4671875 0.258984375 0.479296875 0.26171875 0.4828125 0.271484375 0.489453125 0.27578125 0.522265625 0.27578125 0.537890625 0.27109375 0.557421875 0.27109375 0.587890625 0.27421875 0.619140625 0.2875 0.6265625 0.287109375 0.64140625 0.280078125 0.63828125 0.267578125
1 0.235546875 0.33828125 0.251171875 0.33359375 0.2625 0.319921875 0.26484375 0.299609375 0.258984375 0.296875 0.231640625 0.30390625 0.201953125 0.328125 0.18828125 0.345703125 0.196875 0.357421875 0.218359375 0.34921875 0.235546875 0.33828125
1 0.268359375 0.30390625 0.280078125 0.303125 0.30703125 0.283984375 0.3109375 0.267578125 0.305859375 0.2640625 0.294140625 0.26328125 0.267578125 0.27109375 0.240234375 0.28984375 0.23125 0.299609375 0.22890625 0.306640625 0.258203125 0.29765625 0.268359375 0.30390625
1 0.173828125 0.38203125 0.183984375 0.375 0.19375 0.352734375 0.176953125 0.3453125 0.169921875 0.3453125 0.159765625 0.35078125 0.1390625 0.373046875 0.1421875 0.390234375 0.14609375 0.391015625 0.160546875 0.38359375 0.173828125 0.38203125
1 0.600390625 0.80859375 0.639453125 0.7984375 0.65078125 0.777734375 0.646875 0.763671875 0.630078125 0.7453125 0.623828125 0.7421875 0.608203125 0.7421875 0.541796875 0.753125 0.508984375 0.76328125 0.50234375 0.775390625 0.5046875 0.788671875 0.508984375 0.79296875 0.521484375 0.79296875 0.544921875 0.8046875 0.551171875 0.81484375 0.5578125 0.816015625 0.564453125 0.8125 0.600390625 0.80859375
1 0.48671875 0.798828125 0.461328125 0.77265625 0.441015625 0.7578125 0.412890625 0.7484375 0.355078125 0.740625 0.33515625 0.742578125 0.33515625 0.749609375 0.3453125 0.772265625 0.356640625 0.77578125 0.381640625 0.79453125 0.392578125 0.80859375 0.401953125 0.8078125 0.412890625 0.8125 0.433984375 0.815625 0.4734375 0.816015625 0.4875 0.812109375 0.48671875 0.798828125
1 0.3421875 0.790234375 0.289453125 0.73515625 0.245703125 0.71640625 0.23125 0.716015625 0.23125 0.723046875 0.24296875 0.746484375 0.2578125 0.758984375 0.275390625 0.78203125 0.312890625 0.79921875 0.34296875 0.804296875 0.3453125 0.796484375 0.3421875 0.790234375
1 0.19453125 0.694921875 0.177734375 0.68125 0.164453125 0.675 0.157421875 0.675 0.15625 0.679296875 0.16328125 0.698828125 0.1859375 0.735546875 0.219140625 0.7578125 0.22421875 0.758203125 0.221875 0.745703125 0.19453125 0.694921875
1 0.716796875 0.74921875 0.737109375 0.74375 0.746875 0.735546875 0.75703125 0.717578125 0.75234375 0.699609375 0.743359375 0.684375 0.736328125 0.68125 0.708203125 0.6875 0.676953125 0.7 0.659765625 0.703125 0.6515625 0.711328125 0.640625 0.729296875 0.640625 0.744921875 0.645703125 0.74765625 0.655078125 0.7453125 0.671484375 0.75546875 0.677734375 0.765625 0.68203125 0.765234375 0.693359375 0.7625 0.716796875 0.74921875
1 0.80546875 0.762890625 0.815625 0.738671875 0.809765625 0.7265625 0.800390625 0.7265625 0.764453125 0.74765625 0.740625 0.769140625 0.737890625 0.77734375 0.755078125 0.78359375 0.759765625 0.79140625 0.76640625 0.791015625 0.794921875 0.7734375 0.80546875 0.762890625
1 0.721484375 0.83828125 0.746875 0.812890625 0.7578125 0.793359375 0.7578125 0.787890625 0.741015625 0.7796875 0.716015625 0.78125 0.639453125 0.8203125 0.628125 0.832421875 0.6265625 0.846484375 0.655859375 0.846875 0.65703125 0.855859375 0.6640625 0.856640625 0.684765625 0.85234375 0.721484375 0.83828125
1 0.59375 0.858203125 0.59453125 0.851953125 0.569140625 0.8328125 0.558203125 0.8296875 0.483984375 0.82734375 0.453515625 0.82890625 0.446875 0.833203125 0.452734375 0.84921875 0.491796875 0.8640625 0.498828125 0.87109375 0.53203125 0.872265625 0.586328125 0.86484375 0.59375 0.858203125
1 0.446484375 0.8546875 0.396484375 0.82109375 0.318359375 0.80078125 0.3125 0.803515625 0.31953125 0.819921875 0.326171875 0.82734375 0.369140625 0.85859375 0.416015625 0.86796875 0.44765625 0.869140625 0.4515625 0.862109375 0.446484375 0.8546875
1 0.269921875 0.78984375 0.230078125 0.76640625 0.22265625 0.766796875 0.21953125 0.773046875 0.2296875 0.791796875 0.262890625 0.825 0.305078125 0.84453125 0.32265625 0.847265625 0.31875 0.836328125 0.269921875 0.78984375
1 0.426953125 0.90390625 0.384765625 0.884375 0.325390625 0.8671875 0.3171875 0.867578125 0.326171875 0.87734375 0.372265625 0.90625 0.404296875 0.91484375 0.440625 0.917578125 0.43984375 0.912890625 0.426953125 0.90390625
1 0.55390625 0.905859375 0.55390625 0.901171875 0.540234375 0.89296875 0.519140625 0.88828125 0.444140625 0.88828125 0.43984375 0.891015625 0.443359375 0.8984375 0.474609375 0.90859375 0.478515625 0.9125 0.5140625 0.912890625 0.546484375 0.91015625 0.55390625 0.905859375
1 0.622265625 0.92265625 0.62421875 0.917578125 0.606640625 0.91171875 0.589453125 0.91015625 0.5171875 0.922265625 0.51640625 0.925390625 0.522265625 0.92890625 0.5625 0.935546875 0.613671875 0.9265625 0.622265625 0.92265625
1 0.657421875 0.88359375 0.6578125 0.874609375 0.66328125 0.872265625 0.66484375 0.866796875 0.654296875 0.8640625 0.626171875 0.86796875 0.576171875 0.88046875 0.565625 0.887890625 0.568359375 0.89453125 0.584765625 0.89453125 0.60078125 0.901171875 0.634765625 0.89296875 0.657421875 0.88359375
1 0.708203125 0.8875 0.715625 0.878515625 0.704296875 0.87421875 0.673828125 0.87578125 0.662109375 0.88359375 0.632421875 0.89453125 0.62265625 0.902734375 0.623828125 0.90625 0.627734375 0.90390625 0.653125 0.908984375 0.691015625 0.896875 0.708203125 0.8875
1 0.7703125 0.832421875 0.76796875 0.823828125 0.762890625 0.82265625 0.748046875 0.82734375 0.722265625 0.83984375 0.702734375 0.85078125 0.69296875 0.862109375 0.694140625 0.86484375 0.71484375 0.869140625 0.758984375 0.8453125 0.7703125 0.832421875
1 0.82265625 0.795703125 0.83515625 0.773828125 0.831640625 0.7671875 0.812109375 0.7765625 0.7828125 0.801171875 0.77578125 0.816015625 0.78671875 0.821484375 0.801171875 0.8140625 0.82265625 0.795703125
1 0.81171875 0.831640625 0.800390625 0.83125 0.779296875 0.84375 0.75234375 0.863671875 0.746875 0.870703125 0.75078125 0.873046875 0.791015625 0.85078125 0.81171875 0.831640625
2 0.56484375 0.438671875 0.55703125 0.433203125 0.55625 0.427734375 0.562109375 0.43046875 0.56953125 0.427734375 0.5546875 0.412109375 0.55078125 0.401171875 0.541015625 0.39609375 0.53671875 0.399609375 0.5328125 0.411328125 0.53125 0.443359375 0.54921875 0.451953125 0.54765625 0.462890625 0.55390625 0.469140625 0.56640625 0.443359375 0.56484375 0.438671875
2 0.44921875 0.449609375 0.46328125 0.438671875 0.4640625 0.430859375 0.4453125 0.415234375 0.440625 0.408203125 0.43984375 0.400390625 0.434765625 0.39765625 0.41171875 0.416015625 0.41015625 0.431640625 0.425 0.451171875 0.424609375 0.459375 0.44140625 0.460546875 0.44921875 0.455078125 0.44921875 0.449609375
2 0.39609375 0.388671875 0.4046875 0.380078125 0.40546875 0.369140625 0.40234375 0.362109375 0.3921875 0.355078125 0.39140625 0.341796875 0.383984375 0.33984375 0.3640625 0.361328125 0.36015625 0.376171875 0.36171875 0.383984375 0.373828125 0.39375 0.39296875 0.395703125 0.396875 0.394140625 0.39609375 0.388671875
2 0.58203125 0.695703125 0.592578125 0.68203125 0.602734375 0.7015625 0.6109375 0.695703125 0.60078125 0.670703125 0.6015625 0.660546875 0.6109375 0.643359375 0.60703125 0.632421875 0.6078125 0.619140625 0.604296875 0.6140625 0.59296875 0.618359375 0.58359375 0.635546875 0.584375 0.673046875 0.565625 0.705078125 0.5734375 0.708203125 0.57890625 0.706640625 0.58203125 0.695703125
2 0.16953125 0.576171875 0.1640625 0.551953125 0.157421875 0.5453125 0.1578125 0.581640625 0.1640625 0.601953125 0.1703125 0.608203125 0.17265625 0.598828125 0.16953125 0.576171875
2 0.4046875 0.596484375 0.404296875 0.54296875 0.396484375 0.54296875 0.39296875 0.546484375 0.3828125 0.565234375 0.3828125 0.593359375 0.38984375 0.608203125 0.3890625 0.632421875 0.39453125 0.637890625 0.41015625 0.612890625 0.4046875 0.596484375
2 0.33515625 0.638671875 0.33828125 0.630078125 0.32578125 0.607421875 0.32265625 0.594921875 0.316796875 0.5921875 0.31015625 0.600390625 0.3109375 0.621484375 0.32109375 0.644921875 0.321875 0.655859375 0.326171875 0.66171875 0.3296875 0.661328125 0.3359375 0.652734375 0.33515625 0.638671875
2 0.4484375 0.651171875 0.459375 0.639453125 0.45546875 0.627734375 0.45625 0.604296875 0.453125 0.591015625 0.44765625 0.580859375 0.446875 0.571484375 0.439453125 0.56875 0.4359375 0.572265625 0.43046875 0.597265625 0.440625 0.670703125 0.4484375 0.673046875 0.4515625 0.670703125 0.4484375 0.651171875
2 0.615625 0.594921875 0.61640625 0.575390625 0.62265625 0.566796875 0.619921875 0.56015625 0.612109375 0.56015625 0.60703125 0.569921875 0.600390625 0.5734375 0.5953125 0.580859375 0.58984375 0.608203125 0.5921875 0.616796875 0.596875 0.616796875 0.6078125 0.612890625 0.615625 0.594921875
2 0.625 0.637109375 0.6265625 0.606640625 0.62421875 0.600390625 0.628125 0.588671875 0.625390625 0.58359375 0.619140625 0.5828125 0.6078125 0.609765625 0.61171875 0.634765625 0.60859375 0.655078125 0.612890625 0.66328125 0.625 0.665234375 0.63046875 0.659765625 0.625 0.637109375
2 0.6703125 0.508203125 0.66484375 0.487890625 0.657421875 0.4859375 0.65390625 0.490234375 0.64921875 0.510546875 0.646875 0.537890625 0.655859375 0.54609375 0.658984375 0.54453125 0.662109375 0.55078125 0.66953125 0.551953125 0.68125 0.520703125 0.6703125 0.508203125
2 0.7046875 0.482421875 0.69609375 0.462890625 0.691796875 0.4609375 0.68046875 0.478515625 0.678125 0.490234375 0.6828125 0.517578125 0.69921875 0.521484375 0.70546875 0.498828125 0.7046875 0.482421875
2 0.2625 0.568359375 0.258984375 0.5609375 0.254296875 0.5609375 0.2515625 0.572265625 0.26015625 0.612109375 0.26328125 0.605859375 0.2625 0.568359375
2 0.2796875 0.635546875 0.28203125 0.615234375 0.27578125 0.598046875 0.27109375 0.569140625 0.266796875 0.5640625 0.26328125 0.566796875 0.26328125 0.574609375 0.26484375 0.596484375 0.271875 0.623046875 0.26953125 0.636328125 0.275390625 0.64609375 0.2828125 0.648046875 0.28359375 0.639453125 0.2796875 0.635546875
2 0.29296875 0.596484375 0.2921875 0.579296875 0.28671875 0.559765625 0.279296875 0.553125 0.2765625 0.562109375 0.28046875 0.605078125 0.2890625 0.622265625 0.28828125 0.631640625 0.2953125 0.635546875 0.29765625 0.608984375 0.29296875 0.596484375
2 0.3140625 0.587890625 0.3109375 0.578515625 0.3046875 0.573046875 0.3 0.551953125 0.296484375 0.54765625 0.291015625 0.546875 0.28828125 0.549609375 0.28828125 0.569140625 0.2921875 0.594140625 0.29765625 0.608203125 0.303125 0.609765625 0.30625 0.608203125 0.3140625 0.587890625
2 0.34296875 0.250390625 0.34765625 0.239453125 0.344921875 0.22890625 0.33828125 0.230859375 0.321875 0.262890625 0.33046875 0.263671875 0.34375 0.258984375 0.34296875 0.250390625
2 0.30390625 0.245703125 0.301953125 0.23984375 0.29765625 0.241015625 0.28984375 0.255078125 0.28828125 0.263671875 0.29453125 0.264453125 0.30078125 0.261328125 0.30390625 0.245703125
1 0.741796875 0.32734375 0.753515625 0.33203125 0.769140625 0.3265625 0.780078125 0.32734375 0.78125 0.324609375 0.761328125 0.30703125 0.730078125 0.29453125 0.715234375 0.29296875 0.678125 0.301953125 0.67890625 0.313671875 0.696484375 0.328125 0.706640625 0.3328125 0.721875 0.333203125 0.730859375 0.32734375 0.741796875 0.32734375
1 0.8859375 0.437109375 0.879296875 0.428125 0.87421875 0.427734375 0.86875 0.412109375 0.857421875 0.40390625 0.839453125 0.40390625 0.8359375 0.427734375 0.84140625 0.439453125 0.855078125 0.44921875 0.875390625 0.453125 0.88359375 0.458203125 0.8875 0.449609375 0.8859375 0.437109375
1 0.90703125 0.436328125 0.8953125 0.419921875 0.891015625 0.41875 0.8859375 0.428515625 0.8875 0.444140625 0.901953125 0.45625 0.91015625 0.455859375 0.91171875 0.447265625 0.90703125 0.436328125
1 0.853125 0.349609375 0.836328125 0.33828125 0.816015625 0.3375 0.81328125 0.341015625 0.81484375 0.349609375 0.82265625 0.362890625 0.830078125 0.36953125 0.839453125 0.3703125 0.859375 0.384765625 0.86015625 0.362890625 0.853125 0.349609375
1 0.83515625 0.392578125 0.823828125 0.38046875 0.816015625 0.37734375 0.792578125 0.35078125 0.777734375 0.34609375 0.769921875 0.35234375 0.753125 0.350390625 0.7515625 0.358203125 0.758984375 0.38125 0.767578125 0.384375 0.772265625 0.390625 0.775390625 0.38984375 0.7796875 0.373828125 0.778125 0.361328125 0.784765625 0.35859375 0.790625 0.365234375 0.79609375 0.398828125 0.819140625 0.409375 0.824609375 0.415625 0.83125 0.416015625 0.83671875 0.410546875 0.83515625 0.392578125
2 0.22578125 0.610546875 0.2203125 0.571484375 0.216796875 0.5625 0.204296875 0.5625 0.2015625 0.576171875 0.203125 0.604296875 0.20859375 0.619921875 0.20859375 0.631640625 0.212890625 0.63984375 0.22265625 0.641015625 0.221875 0.619140625 0.22578125 0.610546875
2 0.65078125 0.601953125 0.65625 0.591015625 0.65859375 0.562890625 0.65390625 0.543359375 0.648828125 0.5390625 0.64296875 0.544921875 0.6421875 0.553515625 0.6328125 0.573828125 0.6328125 0.587890625 0.6390625 0.595703125 0.63984375 0.608203125 0.63203125 0.627734375 0.64140625 0.633203125 0.64765625 0.627734375 0.65078125 0.601953125
2 0.63828125 0.394140625 0.63046875 0.380859375 0.6265625 0.360546875 0.623046875 0.3578125 0.615625 0.367578125 0.6125 0.390234375 0.62265625 0.399609375 0.6203125 0.408984375 0.6234375 0.416796875 0.6359375 0.423828125 0.63359375 0.412109375 0.63828125 0.394140625
2 0.69609375 0.603515625 0.70234375 0.585546875 0.703125 0.558984375 0.70234375 0.551953125 0.698046875 0.546875 0.6921875 0.551171875 0.67734375 0.590234375 0.678125 0.598046875 0.6828125 0.600390625 0.68515625 0.608984375 0.68046875 0.627734375 0.68046875 0.633203125 0.68359375 0.634765625 0.69375 0.624609375 0.69609375 0.603515625
2 0.423828125 0.67109375 0.43203125 0.675390625 0.440234375 0.6890625 0.444921875 0.68984375 0.44921875 0.686328125 0.440625 0.675390625 0.43828125 0.639453125 0.425 0.616015625 0.421484375 0.59609375 0.415625 0.598828125 0.41328125 0.610546875 0.4125 0.664453125 0.403125 0.683203125 0.403125 0.687109375 0.408203125 0.690625 0.41640625 0.691015625 0.41640625 0.674609375 0.423828125 0.67109375