1 0.4326958174061434 0.42430573720136516 0.4139731288395905 0.44400446075085326 0.4230799590443686 0.45192090784982936 0.41606213310580203 0.5105737994880546 0.4210142866894198 0.5324659837883958 0.4279039291808874 0.5392544820819113 0.4679681493174061 0.5373082448805461 0.4899406646757679 0.5396207431740615 0.4988273139931741 0.5321567218430034 0.5001130068259385 0.5260795358361774 0.49804773122866897 0.4843129880546075 0.502059640784983 0.4438321322525597 0.498553843003413 0.4303920682593857 0.48990235409556315 0.4228714436860068 0.4725219616040956 0.4189548438566553 0.4326958174061434 0.42430573720136516
1 0.30775659982935155 0.3316862244027304 0.29281649317406144 0.3626673438566553 0.2831024087030717 0.3949936749146758 0.288646837883959 0.40700819539249145 0.3020481953924915 0.4090647218430034 0.32530640358361773 0.40530003498293515 0.34456476450511947 0.39326178583617744 0.3468385554607508 0.37685159556313996 0.35776091894197953 0.34957272866894196 0.3576776715017065 0.323918773890785 0.35266891467576794 0.31956472781569967 0.32458050767918084 0.3215288609215017 0.30775659982935155 0.3316862244027304
1 0.5674444291808873 0.46149845477815693 0.574334071672355 0.4682869539249147 0.6225736279863481 0.46705202986348127 0.6290258233788396 0.4614688933447099 0.6330614616040956 0.44579082935153586 0.623728616894198 0.38571530972696244 0.6121070025597269 0.3724150955631399 0.6015359206484642 0.36802234215017066 0.5672512892491467 0.36699845392491465 0.5550403156996587 0.38196520477815704 0.5674444291808873 0.46149845477815693
1 0.5868134761092151 0.2736830034129693 0.5889503336177474 0.2675462986348123 0.5830666843003413 0.23844898208191123 0.55863890443686 0.23160388054607509 0.5387258327645051 0.23427932679180888 0.5406304462457338 0.2615165699658703 0.5441154325938566 0.2685431459044369 0.5727395127986349 0.2742394880546075 0.5868134761092151 0.2736830034129693
1 0.7408916348122867 0.37324584385665527 0.7585309155290103 0.38698058788395906 0.7702686518771331 0.3835938276450512 0.8021396424914676 0.3929120895904437 0.8062764232081912 0.39091216638225257 0.8065323950511946 0.3823410085324232 0.7936816894197952 0.35757984215017063 0.7651737312286689 0.3351965255972696 0.7415971151877133 0.32829190443686007 0.7330854769624574 0.32888709641638225 0.7324753063139932 0.35074057337883957 0.7408916348122867 0.37324584385665527
1 0.7609799513651877 0.47704621160409555 0.7689588336177474 0.4871798472696246 0.7840029991467576 0.48826617150170654 0.7906932721843003 0.4860876902730376 0.7931456203071673 0.47223099146757674 0.7839139189419795 0.42583361348122867 0.7719351894197952 0.40742641552901027 0.753703633105802 0.4035693353242321 0.747825816552901 0.41125062201365187 0.7478079215017065 0.42322643515358366 0.7609799513651877 0.47704621160409555
1 0.717285457337884 0.30475982935153584 0.7173628720136519 0.29363517918088733 0.7045716851535836 0.2697251766211604 0.6942178686006826 0.26232359044368597 0.6770160341296929 0.26096048208191125 0.6763047201365188 0.2691358182593857 0.691036311433447 0.2963314377133106 0.7117826518771331 0.30557228583617746 0.717285457337884 0.30475982935153584
1 0.09495900682593857 0.5544106638225257 0.10372661774744027 0.5452443139931741 0.11286340614334471 0.4924305307167236 0.11028618600682595 0.46780629778157 0.10193229351535836 0.46454149232081915 0.08978083873720136 0.48035940784982933 0.08046549317406143 0.5306196996587031 0.08104278924914676 0.5511071510238907 0.09495900682593857 0.5544106638225257
1 0.11108989334470988 0.41814119795221844 0.1027805409556314 0.44609267150170645 0.10462271843003412 0.454089449658703 0.11273853498293515 0.45394959897610915 0.12576196501706485 0.44448565358361775 0.13058924744027303 0.42789690614334475 0.1414341970989761 0.4117426885665529 0.14711264334470991 0.3950944215017065 0.14576451450511946 0.3819311407849829 0.13147328583617748 0.38549645819112627 0.12236937201365186 0.3959693131399317 0.11108989334470988 0.41814119795221844
1 0.17596313395904437 0.33063821160409557 0.1764392875426621 0.33744752218430035 0.1807546262798635 0.338001090443686 0.19538215784982935 0.3331292670648464 0.20874189078498295 0.322358816552901 0.22811637372013652 0.29363359300341296 0.23013419283276448 0.2857945605802048 0.22773844709897614 0.28211312116040954 0.2150305076791809 0.2838570733788396 0.19260556825938566 0.29953805375426623 0.17596313395904437 0.33063821160409557
1 0.2145156476109215 0.2826100870307167 0.23315800511945395 0.25564671075085327 0.23131582679180887 0.24764993259385665 0.21781624317406145 0.2503045674061433 0.2028732209897611 0.26289638395904436 0.18611174829351537 0.2922942133105802 0.1947424257679181 0.2934013498293515 0.2145156476109215 0.2826100870307167
3 0.09062033703071673 0.40674268088737203 0.08925139590443687 0.38716591211604096 0.09500725682593857 0.3593929957337884 0.0937394590443686 0.35349436774744025 0.0884539180887372 0.3512979914675768 0.08383806740614336 0.32809930204778154 0.07910901109215017 0.3399768890784983 0.0740078609215017 0.3771126075085324 0.0702669018771331 0.3786571894197952 0.06490103071672355 0.36919616040955633 0.06982945648464164 0.36628555375426625 0.07410317064846417 0.35401214505119455 0.07540675938566553 0.3359591459044369 0.0728919752559727 0.33057537883959043 0.04081247013651877 0.3794338558020478 0.025259276450511944 0.41387914931740616 0.02096766638225256 0.43812837116040954 0.004783490614334471 0.48801365273037545 0.0023311424914675767 0.5018703515358361 0.005366620307167235 0.5452797081911263 0.009783101535836178 0.5595114172354949 0.023937395904436862 0.5662195853242321 0.03763343259385665 0.5541426288395904 0.047407035836177475 0.5226674616040956 0.06743623037542662 0.5033050409556314 0.06844222269624574 0.48099622269624576 0.07568606399317405 0.4745024035836177 0.07572185409556315 0.450550776450512 0.08749538225255973 0.42321238993174065 0.09062033703071673 0.40674268088737203
3 0.18957923634812288 0.18898497781569967 0.1776063395904437 0.2073563848122867 0.17875509897610922 0.2115526843003413 0.16957085409556313 0.21476088737201365 0.17020475341296928 0.2177102013651877 0.18105261860068259 0.21994528498293514 0.17879672269624572 0.22437966211604093 0.18075793941979523 0.2340787679180887 0.17240404607508533 0.23081396245733787 0.1719278924914676 0.2240046510238908 0.1677702994880546 0.2195910861774744 0.15846701621160408 0.22109696160409553 0.13164932337883958 0.24734902389078497 0.12486374061433447 0.2726279675767918 0.11065576023890784 0.3018472397610922 0.11267649573378839 0.3123975093856655 0.1253844343003413 0.3106535571672355 0.1305122295221843 0.316709930887372 0.17494255887372015 0.2610005196245734 0.19069803839590443 0.2539115085324232 0.20783743686006825 0.23603415102389078 0.21137902645051196 0.22552258873720138 0.2020341194539249 0.21420148634812286 0.20484358276450512 0.20545177133105802 0.2020490981228669 0.18383637116040957 0.18957923634812288 0.18898497781569967
3 0.2960492175767918 0.15203112969283278 0.3019865529010239 0.14520100682593856 0.328548273890785 0.12752010238907852 0.32686384129692836 0.1156633276450512 0.26983877901023895 0.1380404138225256 0.2635056211604096 0.14532587798634813 0.24683945904436858 0.15162324488054607 0.1905494385665529 0.1906277866894198 0.1816240819112628 0.20365413310580205 0.17454090358361773 0.2246772576791809 0.18905231313993173 0.23649240870307167 0.18515360836177475 0.2418969880546075 0.19125160580204778 0.2495961697952218 0.19505208361774745 0.24890275170648463 0.20987606825938565 0.23460860750853244 0.24091087286689417 0.213621273890785 0.2408900614334471 0.20720778498293516 0.25278554351535837 0.19996102815699657 0.2676482346416382 0.18010455887372012 0.2907070742320819 0.16737289163822527 0.295733726109215 0.15975112372013653 0.2960492175767918 0.15203112969283278
1 0.09859802986348122 0.7838111894197952 0.10416035409556314 0.7838498967576792 0.10538652901023891 0.77692154778157 0.09572029778156997 0.7365418353242321 0.08407787116040956 0.7168281331058021 0.07117056228668943 0.7096051040955632 0.06917355546075085 0.7238576254266211 0.07957191211604095 0.7624754906143344 0.0863633276450512 0.7739751501706484 0.09859802986348122 0.7838111894197952
1 0.06287035580204778 0.6704128592150171 0.05601942150170649 0.6580620349829351 0.049367855802047785 0.6546781919795222 0.043787635665529005 0.66661529778157 0.047394576791808876 0.6937335034129692 0.05551330972696246 0.711982954778157 0.06602487201365188 0.7155245443686007 0.06287035580204778 0.6704128592150171
3 0.850235242320819 0.7321069215017065 0.8685055059726963 0.7304016774744027 0.8602498387372014 0.7224257116040956 0.858565406996587 0.7105689360068259 0.8635117278156996 0.6956825162116042 0.8722793387372013 0.6865161672354949 0.8725948302047781 0.6787961732081912 0.8820945665529011 0.667867976109215 0.888445619453925 0.6486066988054607 0.8877313890784984 0.6383927320819113 0.8977430691126279 0.6103222201365188 0.8857406117747441 0.5671122320819112 0.8754671254266212 0.5669752986348123 0.8690357414675768 0.5789719240614335 0.8665833933447099 0.5928286228668942 0.8487505759385666 0.6069055025597269 0.8525123464163822 0.6117744087030716 0.8392953796928327 0.6490499778156996 0.8284683259385666 0.6532283822525597 0.8227869633105802 0.6514873472696247 0.825438680887372 0.6465976288395904 0.8355336092150171 0.6441810716723549 0.8373936825938566 0.6402020358361774 0.8349384172354949 0.6356694325938567 0.8207454155290103 0.6345235895904437 0.8187454923208191 0.6303868080204779 0.825257207337884 0.625654835324232 0.8160908575085324 0.6168872252559727 0.8170431646757679 0.6305058464163823 0.8106742158703072 0.6617429377133106 0.8070789402730375 0.7081819394197952 0.7901684718430034 0.7966076715017065 0.7855971612627987 0.8046252619453925 0.7877161237201366 0.8104643703071672 0.8102005827645051 0.7956345529010239 0.8419467013651877 0.7664718839590444 0.8439050008532423 0.7577816877133106 0.84020275 0.7537639453924915 0.8474852977815699 0.7417078011945393 0.8537797474402731 0.7399846612627986 0.8494048899317406 0.7385799291808873 0.850235242320819 0.7321069215017065
3 0.8400582559726962 0.3419346518771331 0.8187791595563141 0.3434226305460751 0.8105055972696246 0.3474224778156997 0.8094966877133105 0.3513419940273037 0.8160379641638225 0.4081914155290102 0.8241566970989761 0.4264408677474403 0.8387750827645051 0.4887127636518771 0.8371976262798635 0.5273127329351536 0.8488816766211604 0.5598534129692833 0.8559885836177474 0.5636330784982936 0.8648157133105803 0.5553178933447099 0.8803272832764506 0.5080456228668943 0.8726372465870308 0.44699990102389076 0.862435343003413 0.39895971416382253 0.8554058506825939 0.3840553984641638 0.8547095162116041 0.3618656194539249 0.8507096689419795 0.3535920571672355 0.8400582559726962 0.3419346518771331