1 0.19453125 0.357421875 0.19609375 0.346484375 0.20234375 0.335546875 0.20390625 0.314453125 0.209375 0.310546875 0.2171875 0.286328125 0.216015625 0.28203125 0.184375 0.305859375 0.1671875 0.335546875 0.1625 0.364453125 0.166796875 0.37421875 0.17734375 0.377734375 0.18515625 0.375390625 0.19453125 0.357421875
1 0.228515625 0.36171875 0.244140625 0.35625 0.2515625 0.336328125 0.274609375 0.31015625 0.27890625 0.312109375 0.276171875 0.3265625 0.312890625 0.33125 0.391796875 0.3125 0.483203125 0.30625 0.523046875 0.29453125 0.5296875 0.288671875 0.5359375 0.269140625 0.5359375 0.252734375 0.53046875 0.243359375 0.516796875 0.23046875 0.491015625 0.2234375 0.459765625 0.2203125 0.337109375 0.22421875 0.290234375 0.23515625 0.28125 0.240234375 0.278515625 0.2484375 0.267578125 0.2515625 0.260546875 0.24921875 0.247265625 0.25234375 0.24453125 0.255859375 0.24296875 0.263671875 0.24609375 0.266796875 0.2390625 0.269140625 0.20234375 0.339453125 0.19921875 0.367578125 0.2 0.376953125 0.20234375 0.376953125 0.214453125 0.37265625 0.228515625 0.36171875
2 0.6078125 0.334765625 0.609375 0.329296875 0.60546875 0.326171875 0.60546875 0.316796875 0.6109375 0.306640625 0.6109375 0.283203125 0.604296875 0.278125 0.594140625 0.278125 0.5875 0.271484375 0.58203125 0.261328125 0.58828125 0.251171875 0.5875 0.243359375 0.580859375 0.2375 0.573046875 0.23671875 0.54765625 0.253515625 0.54140625 0.274609375 0.54296875 0.295703125 0.547265625 0.30390625 0.569140625 0.309375 0.575 0.313671875 0.5828125 0.337109375 0.587890625 0.34296875 0.60859375 0.346484375 0.6125 0.343359375 0.6078125 0.334765625
2 0.2828125 0.386328125 0.29140625 0.360546875 0.30390625 0.348828125 0.309375 0.335546875 0.301953125 0.3296875 0.278125 0.327734375 0.2765625 0.318359375 0.28671875 0.305078125 0.286328125 0.29765625 0.28046875 0.299609375 0.25703125 0.328515625 0.24296875 0.358984375 0.24140625 0.373828125 0.248046875 0.38125 0.2578125 0.385546875 0.25625 0.400390625 0.26015625 0.403515625 0.272265625 0.390625 0.2828125 0.386328125
1 0.778515625 0.19765625 0.747265625 0.1734375 0.717578125 0.15703125 0.670703125 0.14375 0.632421875 0.140625 0.628125 0.144140625 0.643359375 0.159375 0.685546875 0.17734375 0.726953125 0.18984375 0.7890625 0.221484375 0.78984375 0.216015625 0.778515625 0.19765625
1 0.250390625 0.21171875 0.258984375 0.2109375 0.309765625 0.1859375 0.365234375 0.1671875 0.423828125 0.153125 0.436328125 0.1453125 0.43984375 0.137109375 0.430078125 0.13046875 0.392578125 0.13046875 0.362109375 0.134375 0.322265625 0.14765625 0.294140625 0.16015625 0.236328125 0.1984375 0.21484375 0.218359375 0.2109375 0.230859375 0.2171875 0.231640625 0.239453125 0.22109375 0.250390625 0.21171875
1 0.603515625 0.440625 0.617578125 0.4421875 0.627734375 0.4484375 0.637890625 0.44140625 0.649609375 0.44140625 0.65703125 0.445703125 0.662890625 0.45546875 0.680078125 0.45546875 0.682421875 0.44765625 0.694140625 0.45234375 0.715234375 0.44296875 0.719140625 0.44375 0.725390625 0.453125 0.729296875 0.446875 0.748828125 0.446875 0.754296875 0.44375 0.759765625 0.44453125 0.765234375 0.45078125 0.772265625 0.44609375 0.777734375 0.44609375 0.783203125 0.45078125 0.792578125 0.44609375 0.798828125 0.45078125 0.804296875 0.44765625 0.816015625 0.45703125 0.819921875 0.45 0.827734375 0.45234375 0.831640625 0.45 0.859765625 0.44921875 0.878515625 0.45546875 0.88125 0.451953125 0.863671875 0.43671875 0.858984375 0.44375 0.842578125 0.4234375 0.832421875 0.421875 0.828125 0.409765625 0.81953125 0.398046875 0.801171875 0.384375 0.766796875 0.37265625 0.723046875 0.37109375 0.700390625 0.37578125 0.689453125 0.38203125 0.660546875 0.390625 0.648828125 0.390625 0.621484375 0.3984375 0.600390625 0.39921875 0.592578125 0.403125 0.5859375 0.412890625 0.58515625 0.423828125 0.58828125 0.458984375 0.59296875 0.459765625 0.59609375 0.447265625 0.603515625 0.440625
1 0.8765625 0.332421875 0.853125 0.299609375 0.819140625 0.2703125 0.786328125 0.26484375 0.78359375 0.276953125 0.79140625 0.295703125 0.8140625 0.325390625 0.83203125 0.337890625 0.83984375 0.353515625 0.851171875 0.36171875 0.859765625 0.3578125 0.8875 0.373046875 0.8953125 0.352734375 0.8765625 0.332421875
1 0.1625 0.328515625 0.16484375 0.314453125 0.162890625 0.3109375 0.1578125 0.313671875 0.15 0.331640625 0.14453125 0.353515625 0.14609375 0.360546875 0.15234375 0.353515625 0.1625 0.328515625
1 0.14921875 0.313671875 0.1515625 0.303515625 0.149609375 0.29921875 0.130078125 0.31015625 0.10703125 0.337109375 0.0890625 0.383203125 0.08671875 0.406640625 0.09140625 0.409765625 0.1296875 0.375390625 0.14921875 0.313671875
2 0.32890625 0.649609375 0.328125 0.615234375 0.33359375 0.599609375 0.3265625 0.583984375 0.30859375 0.569921875 0.31015625 0.544140625 0.3078125 0.539453125 0.296484375 0.53671875 0.28984375 0.544140625 0.2890625 0.572265625 0.28125 0.580078125 0.278125 0.591015625 0.2875 0.632421875 0.2875 0.671484375 0.29296875 0.698046875 0.2921875 0.713671875 0.303515625 0.7203125 0.31171875 0.719921875 0.3078125 0.696484375 0.314453125 0.6875 0.31953125 0.702734375 0.315625 0.716796875 0.323046875 0.725 0.33125 0.725390625 0.334375 0.690234375 0.32890625 0.649609375
2 0.24296875 0.698828125 0.240625 0.675390625 0.22734375 0.630859375 0.2234375 0.601953125 0.21328125 0.579296875 0.2125 0.568359375 0.208203125 0.56328125 0.2 0.572265625 0.19765625 0.601171875 0.19765625 0.614453125 0.20390625 0.637109375 0.20234375 0.655859375 0.2078125 0.672265625 0.21640625 0.683203125 0.225 0.713671875 0.232421875 0.71953125 0.2484375 0.722265625 0.25078125 0.715234375 0.24296875 0.698828125
2 0.51875 0.786328125 0.51875 0.780859375 0.530078125 0.76640625 0.537109375 0.76484375 0.543359375 0.76953125 0.553515625 0.76875 0.569140625 0.7578125 0.571875 0.750390625 0.58203125 0.741796875 0.575 0.723046875 0.575 0.716796875 0.5828125 0.706640625 0.58125 0.680078125 0.5796875 0.674609375 0.56953125 0.666796875 0.5703125 0.658984375 0.584375 0.640234375 0.578515625 0.628125 0.564453125 0.63046875 0.546875 0.644140625 0.54765625 0.663671875 0.53671875 0.674609375 0.526171875 0.69921875 0.512109375 0.696875 0.50546875 0.698828125 0.50546875 0.733984375 0.51015625 0.737890625 0.51015625 0.744140625 0.49921875 0.784765625 0.501171875 0.7890625 0.51484375 0.792578125 0.521875 0.788671875 0.51875 0.786328125
2 0.49609375 0.773046875 0.5046875 0.766015625 0.5078125 0.753515625 0.514453125 0.74609375 0.521484375 0.74921875 0.53203125 0.746484375 0.530078125 0.74375 0.516796875 0.74375 0.5171875 0.737890625 0.5078125 0.733984375 0.50703125 0.705859375 0.508984375 0.70078125 0.53125 0.701953125 0.53046875 0.694921875 0.53828125 0.674609375 0.54921875 0.662890625 0.546875 0.646484375 0.5625 0.632421875 0.56328125 0.611328125 0.578125 0.592578125 0.57734375 0.580859375 0.569140625 0.571875 0.558984375 0.5703125 0.553515625 0.57265625 0.5421875 0.591015625 0.523828125 0.60546875 0.51171875 0.619921875 0.50078125 0.655078125 0.5015625 0.699609375 0.4828125 0.729296875 0.48359375 0.738671875 0.490625 0.748046875 0.4890625 0.769140625 0.49296875 0.773046875 0.49375 0.780859375 0.496875 0.780859375 0.50234375 0.776953125 0.49609375 0.773046875
2 0.35859375 0.833203125 0.36171875 0.825390625 0.35703125 0.819921875 0.373046875 0.81484375 0.3734375 0.808203125 0.36328125 0.801171875 0.35390625 0.785546875 0.34140625 0.773046875 0.3375 0.762109375 0.324609375 0.753125 0.318359375 0.753125 0.31640625 0.758984375 0.32109375 0.766796875 0.3203125 0.772265625 0.312890625 0.7796875 0.298828125 0.784375 0.2953125 0.788671875 0.30703125 0.804296875 0.3015625 0.812109375 0.316796875 0.82421875 0.335546875 0.8296875 0.351171875 0.84453125 0.36171875 0.848046875 0.36484375 0.847265625 0.35859375 0.833203125
2 0.5578125 0.832421875 0.569140625 0.82734375 0.575 0.830078125 0.576171875 0.83671875 0.59453125 0.834765625 0.5953125 0.832421875 0.5890625 0.828515625 0.58984375 0.823046875 0.61171875 0.808984375 0.61171875 0.804296875 0.60234375 0.796484375 0.6015625 0.792578125 0.62890625 0.763671875 0.6328125 0.755078125 0.6328125 0.745703125 0.640625 0.736328125 0.64140625 0.729296875 0.638671875 0.725 0.617578125 0.728125 0.608203125 0.7421875 0.580859375 0.75 0.56171875 0.766796875 0.56015625 0.782421875 0.55234375 0.799609375 0.55234375 0.824609375 0.5421875 0.839453125 0.543359375 0.84375 0.55625 0.843359375 0.559375 0.839453125 0.5578125 0.832421875
2 0.819921875 0.6984375 0.83046875 0.687890625 0.846875 0.632421875 0.85625 0.613671875 0.86015625 0.590234375 0.86328125 0.588671875 0.862890625 0.57734375 0.86171875 0.587109375 0.859765625 0.58828125 0.8578125 0.584765625 0.85703125 0.575390625 0.86015625 0.569140625 0.856640625 0.56484375 0.84765625 0.575390625 0.8296875 0.630859375 0.82265625 0.643359375 0.80859375 0.693359375 0.80234375 0.705078125 0.80234375 0.711328125 0.8046875 0.712109375 0.816015625 0.69453125 0.819921875 0.6984375
2 0.907421875 0.56953125 0.89921875 0.587890625 0.890625 0.632421875 0.8796875 0.666015625 0.87890625 0.671484375 0.8828125 0.673828125 0.90546875 0.599609375 0.907421875 0.56953125
2 0.85625 0.376953125 0.83203125 0.338671875 0.824609375 0.334375 0.8234375 0.349609375 0.82890625 0.379296875 0.8375 0.391796875 0.8453125 0.395703125 0.85 0.391796875 0.85625 0.376953125
2 0.52734375 0.906640625 0.53125 0.894921875 0.5421875 0.889453125 0.531640625 0.884375 0.517578125 0.8828125 0.514453125 0.87578125 0.501953125 0.87578125 0.496484375 0.88359375 0.471875 0.891015625 0.489453125 0.8953125 0.4921875 0.906640625 0.500390625 0.91328125 0.5078125 0.914453125 0.520703125 0.91328125 0.52734375 0.906640625
2 0.15859375 0.462890625 0.1671875 0.451171875 0.166015625 0.446875 0.153515625 0.45625 0.146484375 0.44921875 0.14296875 0.451953125 0.140625 0.467578125 0.13359375 0.483984375 0.134375 0.498046875 0.13828125 0.501171875 0.140625 0.536328125 0.15390625 0.551171875 0.15234375 0.489453125 0.15859375 0.462890625