1 0.5296875 0.644140625 0.53125 0.633984375 0.528125 0.616015625 0.5140625 0.594921875 0.4984375 0.555078125 0.486328125 0.55 0.465234375 0.5484375 0.424609375 0.55078125 0.405078125 0.559375 0.400390625 0.55703125 0.3953125 0.566796875 0.4 0.591796875 0.41953125 0.619921875 0.43671875 0.637890625 0.4421875 0.651171875 0.457421875 0.6578125 0.48984375 0.657421875 0.521484375 0.65234375 0.5296875 0.644140625
1 0.64765625 0.526953125 0.65 0.506640625 0.64609375 0.486328125 0.62578125 0.437890625 0.614453125 0.4296875 0.600390625 0.42734375 0.560546875 0.42890625 0.54140625 0.439453125 0.540625 0.451953125 0.55390625 0.498046875 0.55859375 0.508203125 0.565625 0.513671875 0.56875 0.532421875 0.58203125 0.537109375 0.640234375 0.5328125 0.64765625 0.526953125
1 0.484375 0.377734375 0.48515625 0.367578125 0.463671875 0.31875 0.439453125 0.315625 0.414453125 0.31953125 0.393359375 0.33046875 0.38828125 0.337890625 0.3875 0.355859375 0.39765625 0.372265625 0.40390625 0.391796875 0.408203125 0.39453125 0.41953125 0.394140625 0.473046875 0.3890625 0.484375 0.377734375
1 0.34296875 0.333203125 0.346875 0.319921875 0.34296875 0.291015625 0.338671875 0.28046875 0.329296875 0.278125 0.309765625 0.2828125 0.2921875 0.297265625 0.2859375 0.333984375 0.290234375 0.34140625 0.3 0.344140625 0.333203125 0.33828125 0.34296875 0.333203125
1 0.287890625 0.49453125 0.306640625 0.49453125 0.317578125 0.4984375 0.32265625 0.490234375 0.321875 0.458984375 0.31328125 0.407421875 0.31796875 0.400390625 0.301171875 0.38828125 0.280078125 0.390625 0.264453125 0.39609375 0.25625 0.404296875 0.25078125 0.416015625 0.24921875 0.440234375 0.25546875 0.465234375 0.25703125 0.499609375 0.260546875 0.5046875 0.26953125 0.505859375 0.278515625 0.496875 0.287890625 0.49453125
1 0.3171875 0.737890625 0.2765625 0.676171875 0.2734375 0.663671875 0.253515625 0.64453125 0.234765625 0.63984375 0.223046875 0.640625 0.221875 0.655078125 0.253125 0.718359375 0.270703125 0.734375 0.301953125 0.746875 0.31484375 0.748828125 0.31875 0.747265625 0.3171875 0.737890625
1 0.4609375 0.773828125 0.44921875 0.750390625 0.420703125 0.7125 0.408203125 0.70625 0.380078125 0.7015625 0.3515625 0.702734375 0.35078125 0.713671875 0.35625 0.730078125 0.375 0.752734375 0.388671875 0.77734375 0.405859375 0.78359375 0.453125 0.785546875 0.46015625 0.782421875 0.4609375 0.773828125
1 0.755078125 0.68125 0.762890625 0.6828125 0.772265625 0.67890625 0.778515625 0.66953125 0.8015625 0.657421875 0.80390625 0.651171875 0.803125 0.619140625 0.779296875 0.61171875 0.760546875 0.61328125 0.741015625 0.61953125 0.725390625 0.63125 0.708203125 0.6390625 0.673828125 0.65 0.65390625 0.671484375 0.6484375 0.688671875 0.6484375 0.697265625 0.651953125 0.70234375 0.671875 0.704296875 0.731640625 0.6859375 0.755078125 0.68125
1 0.8671875 0.530078125 0.86328125 0.502734375 0.859375 0.494140625 0.851953125 0.48828125 0.843359375 0.48828125 0.8375 0.492578125 0.83515625 0.498828125 0.83515625 0.530078125 0.84140625 0.553515625 0.8421875 0.570703125 0.8484375 0.576953125 0.8671875 0.565234375 0.8671875 0.530078125
1 0.89609375 0.531640625 0.8921875 0.501953125 0.887890625 0.4953125 0.882421875 0.49375 0.87734375 0.502734375 0.87734375 0.530859375 0.88203125 0.561328125 0.8890625 0.564453125 0.8953125 0.559765625 0.89609375 0.531640625
1 0.656640625 0.8484375 0.68359375 0.812109375 0.684375 0.805859375 0.677734375 0.80390625 0.649609375 0.809375 0.626171875 0.8234375 0.60546875 0.855859375 0.605859375 0.859375 0.6140625 0.860546875 0.637890625 0.85625 0.656640625 0.8484375
1 0.4765625 0.853515625 0.46875 0.846484375 0.46484375 0.837109375 0.452734375 0.8296875 0.419921875 0.821875 0.392578125 0.8203125 0.3890625 0.823046875 0.38984375 0.830078125 0.420703125 0.86328125 0.428515625 0.8671875 0.475 0.867578125 0.4796875 0.862890625 0.4765625 0.853515625
1 0.3375 0.821484375 0.294921875 0.77578125 0.263671875 0.76328125 0.25703125 0.765234375 0.25859375 0.773046875 0.294140625 0.81953125 0.311328125 0.82890625 0.3375 0.833203125 0.340625 0.828515625 0.3375 0.821484375
1 0.3765625 0.883203125 0.344921875 0.8546875 0.310546875 0.8421875 0.30078125 0.841796875 0.30078125 0.845703125 0.308203125 0.85 0.331640625 0.8765625 0.353515625 0.88671875 0.3734375 0.889453125 0.37734375 0.887890625 0.3765625 0.883203125
1 0.50546875 0.920703125 0.492578125 0.90625 0.4390625 0.902734375 0.44453125 0.914453125 0.458203125 0.925 0.471484375 0.928125 0.49453125 0.927734375 0.502734375 0.9265625 0.50546875 0.920703125
1 0.4703125 0.192578125 0.4671875 0.183203125 0.459765625 0.175 0.439453125 0.175 0.415625 0.183203125 0.41484375 0.191796875 0.420703125 0.19765625 0.4484375 0.199609375 0.466015625 0.19765625 0.4703125 0.192578125
3 0.780078125 0.378125 0.7828125 0.373828125 0.7875 0.321484375 0.78203125 0.308984375 0.77890625 0.283203125 0.748828125 0.25 0.722265625 0.23984375 0.709765625 0.22109375 0.686328125 0.203125 0.679296875 0.2015625 0.668359375 0.18828125 0.659765625 0.1875 0.655859375 0.1796875 0.644921875 0.1734375 0.626953125 0.1703125 0.623046875 0.165625 0.612890625 0.16171875 0.60859375 0.151171875 0.588671875 0.1375 0.577734375 0.12578125 0.550390625 0.121875 0.529296875 0.1078125 0.494140625 0.10703125 0.48125 0.098828125 0.480859375 0.09296875 0.47734375 0.094140625 0.476171875 0.1015625 0.471484375 0.1015625 0.467578125 0.0921875 0.454296875 0.0921875 0.451171875 0.08828125 0.435546875 0.09765625 0.423828125 0.09765625 0.41328125 0.104296875 0.416015625 0.1109375 0.426171875 0.1109375 0.431640625 0.10703125 0.440625 0.109765625 0.43671875 0.125390625 0.440234375 0.14609375 0.453515625 0.15078125 0.501953125 0.15703125 0.510546875 0.1640625 0.531640625 0.17265625 0.53828125 0.182421875 0.54140625 0.198828125 0.544921875 0.1984375 0.55078125 0.208203125 0.5484375 0.209765625 0.549609375 0.2171875 0.556640625 0.20703125 0.57734375 0.213671875 0.57890625 0.230078125 0.5703125 0.251171875 0.57421875 0.262890625 0.5859375 0.276171875 0.635546875 0.31796875 0.645703125 0.31953125 0.679296875 0.3359375 0.684375 0.348828125 0.691796875 0.3578125 0.714453125 0.36484375 0.71796875 0.357421875 0.7171875 0.351171875 0.720703125 0.35078125 0.7265625 0.367578125 0.740234375 0.375 0.745703125 0.384375 0.75078125 0.383984375 0.76015625 0.406640625 0.765625 0.408984375 0.76484375 0.380859375 0.780078125 0.378125