1 0.6171875 0.624609375 0.61953125 0.603515625 0.6140625 0.582421875 0.6078125 0.573046875 0.596484375 0.56484375 0.555078125 0.5671875 0.5328125 0.581640625 0.53359375 0.612890625 0.54375 0.626953125 0.556640625 0.6328125 0.57265625 0.632421875 0.608984375 0.63125 0.6171875 0.624609375
1 0.55625 0.843359375 0.548046875 0.83671875 0.503515625 0.8296875 0.456640625 0.8265625 0.419921875 0.82890625 0.388671875 0.825 0.371875 0.826953125 0.3734375 0.833203125 0.380078125 0.8390625 0.404296875 0.84765625 0.487109375 0.859375 0.50546875 0.858984375 0.549609375 0.8515625 0.55625 0.843359375
1 0.78671875 0.788671875 0.796875 0.770703125 0.794140625 0.7609375 0.766796875 0.77421875 0.7453125 0.794140625 0.7375 0.808203125 0.74296875 0.814453125 0.764453125 0.8046875 0.78671875 0.788671875
1 0.7078125 0.819921875 0.70703125 0.808203125 0.694921875 0.8078125 0.646484375 0.8265625 0.640625 0.832421875 0.63828125 0.841796875 0.644140625 0.84921875 0.64765625 0.848828125 0.696484375 0.83125 0.7078125 0.819921875
1 0.432421875 0.9015625 0.414453125 0.8921875 0.375390625 0.8828125 0.36484375 0.883984375 0.36875 0.894921875 0.377734375 0.90078125 0.403515625 0.90859375 0.43515625 0.912109375 0.43671875 0.907421875 0.432421875 0.9015625
2 0.7890625 0.544921875 0.7890625 0.533203125 0.784765625 0.5234375 0.78046875 0.523828125 0.775 0.537890625 0.77265625 0.559765625 0.7734375 0.576171875 0.7796875 0.577734375 0.7859375 0.569921875 0.7890625 0.544921875
1 0.31171875 0.278515625 0.31796875 0.261328125 0.316796875 0.25390625 0.309765625 0.253125 0.2984375 0.258984375 0.28828125 0.281640625 0.28828125 0.286328125 0.29140625 0.287109375 0.306640625 0.2828125 0.31171875 0.278515625
1 0.16015625 0.411328125 0.165625 0.391015625 0.161328125 0.38125 0.15 0.388671875 0.14375 0.413671875 0.14609375 0.419140625 0.155859375 0.41640625 0.16015625 0.411328125
1 0.4046875 0.205078125 0.4046875 0.198828125 0.397265625 0.1953125 0.382421875 0.1984375 0.3734375 0.210546875 0.375390625 0.215625 0.38203125 0.215234375 0.400390625 0.21015625 0.4046875 0.205078125
2 0.85546875 0.701953125 0.8609375 0.686328125 0.859765625 0.67890625 0.8390625 0.716796875 0.84140625 0.719140625 0.8484375 0.715234375 0.85546875 0.701953125
1 0.71171875 0.322265625 0.703515625 0.31328125 0.679296875 0.29921875 0.646484375 0.30234375 0.6421875 0.305859375 0.64296875 0.316796875 0.651953125 0.32265625 0.69453125 0.329296875 0.709765625 0.3265625 0.71171875 0.322265625
0 0.97421875 0.447265625 0.96328125 0.383984375 0.94453125 0.323046875 0.93046875 0.290234375 0.9234375 0.282421875 0.92265625 0.275390625 0.9 0.240234375 0.8671875 0.201953125 0.812109375 0.1515625 0.787890625 0.13515625 0.781640625 0.134375 0.77890625 0.145703125 0.80234375 0.176953125 0.7984375 0.183984375 0.8 0.192578125 0.85078125 0.271484375 0.8546875 0.298828125 0.87578125 0.327734375 0.8828125 0.332421875 0.8859375 0.341015625 0.90859375 0.373046875 0.9109375 0.388671875 0.915625 0.396484375 0.9125 0.400390625 0.91796875 0.404296875 0.92421875 0.432421875 0.940625 0.458984375 0.953125 0.469921875 0.95625 0.478515625 0.9734375 0.487890625 0.97578125 0.481640625 0.97421875 0.447265625