1 0.6051146979522184 0.5225808506825939 0.6000023199658703 0.5149444778156997 0.5973615383959044 0.49020896928327645 0.5915395639931741 0.47923420904436864 0.5948255529010239 0.47417422866894204 0.5881689812286689 0.46337686689419794 0.5894309786689419 0.45700249146757677 0.5846936032423208 0.4388187576791809 0.5757106399317407 0.42938819027303754 0.5686528668941979 0.42696299744027305 0.5570935110921501 0.42593079692832764 0.5302090102389078 0.4307729701365188 0.4681464377133106 0.4465816894197952 0.4338553609215017 0.46172122098976115 0.42313060153583615 0.46051162201365187 0.4185826151877133 0.47194597781569964 0.4094544470989761 0.4782477508532423 0.40338846587030713 0.48869630972696243 0.4022634598976109 0.5203383907849829 0.40746043088737205 0.5488920853242321 0.41647558788395905 0.5748895912969284 0.4296113319112628 0.5956497175767917 0.4576912226962458 0.6066910853242321 0.4721293720136519 0.5966437278156996 0.4999734701365187 0.588108369453925 0.6002501023890785 0.5633046962457338 0.6078602764505119 0.5560171262798634 0.6095234752559726 0.5412705819112628 0.6051146979522184 0.5225808506825939
1 0.5131467431740614 0.8203943029010239 0.5053531749146758 0.8124555298634812 0.48914924914675767 0.7731568720136519 0.4825712747440273 0.768885085324232 0.43095126621160407 0.776368040102389 0.41648092235494877 0.7698484598976109 0.39007622013651877 0.7728440392491468 0.3838268455631399 0.7680662551194539 0.3701970938566553 0.7757610221843003 0.3732128779863481 0.7899491697952218 0.382300638225256 0.8080805051194538 0.3999641646757679 0.8296228302047781 0.40856613054607505 0.8352090119453924 0.41964568771331057 0.8380878046075085 0.4889494266211604 0.8399306211604095 0.5127979402730376 0.8331168549488055 0.5144147354948806 0.8284116732081911 0.5131467431740614 0.8203943029010239
1 0.2914183660409556 0.2512411629692833 0.2792542107508532 0.25557134300341294 0.24870871843003414 0.27602085580204777 0.23450036604095564 0.29125319368600683 0.206464659556314 0.3255622559726962 0.20207386774744027 0.35004776194539244 0.2040252576791809 0.3592283284982935 0.21358682081911262 0.36112132423208193 0.22789996928327647 0.3545897542662116 0.2524258848122867 0.3345474377133106 0.2656222406143344 0.3186579010238908 0.28537037116040953 0.3048649598976109 0.29449254351535836 0.28417144027303753 0.2973653412969283 0.25870013737201364 0.2914183660409556 0.2512411629692833
1 0.19777899829351536 0.604801204778157 0.19054382679180887 0.6015414146757679 0.1755734803754266 0.6090849812286689 0.1658607167235495 0.6085325802047782 0.1669835042662116 0.6322822918088737 0.1753414641638225 0.6592917935153584 0.1837196279863481 0.6740847406143345 0.21348891638225256 0.6725547559726963 0.21546051023890786 0.6695187679180887 0.19777899829351536 0.604801204778157
1 0.1746558489761092 0.7135203899317406 0.15598632081911262 0.7057126126279863 0.15753650938566552 0.7232653472696245 0.16864826109215017 0.7427110776450513 0.18451159812286688 0.7537322423208191 0.19202297013651876 0.7521356501706484 0.1746558489761092 0.7135203899317406
1 0.10165958447098976 0.5301508523890786 0.09680320221843004 0.5298746518771331 0.09000742150170649 0.5492013771331058 0.08943481655290103 0.5711306953924915 0.09689978498293515 0.5795754658703072 0.1045825614334471 0.5644217252559727 0.1039919709897611 0.5431758046075085 0.10165958447098976 0.5301508523890786
1 0.25020452559726963 0.830924574232082 0.231174204778157 0.8070558575085324 0.21017828583617745 0.8006148745733789 0.20924488737201363 0.806483252559727 0.22625121587030717 0.8290375733788395 0.24712213481228668 0.838994343003413 0.2521297158703072 0.8379299488054608 0.25020452559726963 0.830924574232082
1 0.1861141843003413 0.7756353600682594 0.1791552133105802 0.767519188566553 0.17310943686006827 0.7657511928327646 0.16967224744027304 0.7721517679180887 0.1714462380546075 0.7804977372013652 0.18220319197952217 0.798274273890785 0.19437334300341297 0.808335840443686 0.19869752730375426 0.80610825 0.1986189300341297 0.7995826749146758 0.1861141843003413 0.7756353600682594
1 0.7858983063139932 0.8601172457337884 0.7800299283276451 0.8591838472696246 0.7144313651877133 0.8870841203071672 0.7010052124573379 0.897788675767918 0.6968382226962457 0.9130674163822525 0.70323879778157 0.9165046058020477 0.7174269453924915 0.9134888225255973 0.7648941732081911 0.8946763088737201 0.7792799240614334 0.8802785674061433 0.7862793037542662 0.8639616313993175 0.7858983063139932 0.8601172457337884
3 0.7151742414675768 0.059545624573378836 0.7047256825938566 0.05347964419795222 0.6586334616040955 0.03361850255972697 0.6148474291808873 0.024607122013651877 0.5577078455631399 0.01843412627986348 0.5053258421501706 0.018228308873720137 0.4600278105802048 0.022622877133105804 0.39826763822525596 0.03575040699658703 0.3809447005119454 0.042485575938566555 0.3820090947098976 0.04749315784982935 0.38871206911262796 0.04824915699658703 0.3924576535836178 0.05355913822525597 0.39761643515358364 0.051154149317406146 0.40105961945392493 0.059145320819112626 0.39878562627986347 0.06486249829351537 0.40500880204778156 0.06746509044368601 0.498358656996587 0.051112183447098974 0.5244609590443685 0.05079779351535836 0.5373871100682593 0.05415638481228669 0.5596188267918089 0.052047800341296926 0.5689041902730375 0.05879717832764505 0.6024976604095563 0.06910275085324231 0.6548796638225256 0.06930856740614334 0.6695476109215017 0.06444619112627986 0.6971941058020478 0.06729278924914675 0.7165672346416382 0.06404720819112628 0.7151742414675768 0.059545624573378836
3 0.8375482909556313 0.9245930204778157 0.8566392235494881 0.9118120750853241 0.8766373558020478 0.8909875597269624 0.8956960938566554 0.8616396766211604 0.8943292994880546 0.8593132849829351 0.8891705187713311 0.8617182738907849 0.8855761339590443 0.8550676979522185 0.8682793959044369 0.8639780588737201 0.7758607201365187 0.9298543805460752 0.7426340383959044 0.9500014940273038 0.7159793353242321 0.9600286467576791 0.7095323566552901 0.9666328199658704 0.810309936006826 0.9452118839590444 0.8336051032423208 0.9306649965870307 0.8375482909556313 0.9245930204778157
3 0.5015747354948805 0.9711457329351535 0.4958313583617748 0.96669654778157 0.42184264163822527 0.9510203813993173 0.3885515708191126 0.9380336194539248 0.35673209044368603 0.9360740162116041 0.36219327218430036 0.9309878370307167 0.36049787883959045 0.9291674428327646 0.3449953353242321 0.9342072192832765 0.34044135324232083 0.9312498284982934 0.33960076109215015 0.917035481228669 0.3237434197952218 0.920406063993174 0.33353478071672354 0.927484040102389 0.33022259215017064 0.9303688284982935 0.3049226928327645 0.9139388813993174 0.2867591629692833 0.9064597030716723 0.28296717576791813 0.9111910844709897 0.2837291706484642 0.9188798558020478 0.2799109837883959 0.921436045221843 0.28527336348122867 0.9220408447098976 0.29013574061433445 0.9367087909556314 0.3326133720136519 0.9621359104095563 0.3847251706484642 0.9815898549488054 0.45544810238907846 0.9901094462457338 0.5003913353242321 0.9840456843003412 0.5021331322525597 0.9758247158703072 0.5015747354948805 0.9711457329351535
3 0.24428153071672357 0.8810325844709898 0.2156836518771331 0.8408791254266212 0.21118206825938565 0.8422721186006826 0.20341469965870307 0.8365085375426621 0.190153954778157 0.8192641979522184 0.1838581766211604 0.8245277764505119 0.17682660324232083 0.8242777747440273 0.14039474744027303 0.8006186510238908 0.14290453327645053 0.8144782005119454 0.17871138566552902 0.8557162576791809 0.18453336006825938 0.8666910179180888 0.2073556680887372 0.885828354095563 0.21102265443686008 0.8846127602389079 0.20656747440273038 0.8759643907849829 0.20869026791808873 0.8715878080204778 0.21934242491467576 0.8806635776450512 0.2241988063139932 0.8809397781569966 0.227214590443686 0.8951279257679181 0.22185221075085323 0.8945231262798635 0.22463220221843003 0.8891345477815699 0.21593143430034129 0.8892393438566554 0.21428844027303753 0.8917693344709897 0.21856622098976108 0.8995831066552901 0.23865494112627988 0.9140676587030716 0.2741474027303754 0.9292034138225257 0.27996338225255973 0.9257864283276451 0.2748510034129693 0.9181500554607508 0.2772499982935154 0.9089170912969283 0.28096938310580205 0.9120518805460751 0.2852673686006826 0.9076490981228669 0.24428153071672357 0.8810325844709898
3 0.1980880008532423 0.1787608071672355 0.16319302303754266 0.22805587030716723 0.1367920008532423 0.25984125511945394 0.11444008959044369 0.2942557457337884 0.10903519965870308 0.3180884948805461 0.11617337627986347 0.3270406723549488 0.15071356313993173 0.27607613737201364 0.17438030460750853 0.23963728668941978 0.20508061433447097 0.20344815699658703 0.23922490187713308 0.17525167747440273 0.28040278412969283 0.14730504692832763 0.3202658029010239 0.12138278412969285 0.34773138822525596 0.09460577389078498 0.4023712670648464 0.0725222662116041 0.37807680546075084 0.056747326791808876 0.34574779778156994 0.0688537252559727 0.31149895392491467 0.08834800255972695 0.2531237790102389 0.13390924402730375 0.2259084667235495 0.15365338310580204 0.1980880008532423 0.1787608071672355
3 0.10101725597269624 0.32398742576791806 0.09224388651877133 0.3319583933447099 0.0917176843003413 0.34384634812286685 0.07960592662116041 0.352526912116041 0.07278394624573378 0.3696784453924915 0.07468293771331058 0.3745086279863481 0.06214377986348123 0.3893861672354949 0.0639177704778157 0.3977321365187713 0.05171320648464164 0.4264954249146758 0.05568858788395905 0.43699038651877137 0.055162385665529015 0.44887834215017064 0.06755633873720136 0.44973314334470993 0.07385211689419795 0.44446956484641637 0.07195312627986349 0.4396393822525597 0.08440769112627987 0.40384452047781566 0.0922940656996587 0.39170056911262796 0.10462363054607508 0.3594214940273037 0.10606302730375428 0.35388171587030715 0.10234364163822525 0.3507469257679181 0.09870285409556313 0.3541377124573379 0.0926570776450512 0.3523697167235495 0.10585343344709898 0.336480180887372 0.10542003754266212 0.32828541126279864 0.10101725597269624 0.32398742576791806