1 0.29586857499999997 0.6691317091666666 0.30397949916666667 0.7054392933333333 0.30827306416666667 0.71108841 0.3386280091666667 0.721024015 0.38102615083333335 0.7240804841666666 0.39070715333333333 0.7304291825 0.39456104666666664 0.7285449641666667 0.39416498833333335 0.7201794383333333 0.4020036166666667 0.7139144275 0.400023325 0.6720867975 0.3968218608333334 0.6535605225000001 0.38113575916666664 0.6264524250000001 0.37009920583333333 0.6300464083333334 0.3534117666666666 0.6300063341666667 0.3195099908333333 0.6240572325 0.2918732258333333 0.6259467583333334 0.29586857499999997 0.6691317091666666
1 0.28264896833333336 0.5073848466666666 0.28541253 0.5263054100000001 0.320804235 0.5356705033333333 0.3673633333333333 0.5389450391666667 0.377438625 0.54573164 0.3915351858333333 0.5155947625 0.3961652725 0.4590929816666666 0.3952387775 0.4290032558333333 0.3857322283333333 0.41932579249999996 0.3836700183333333 0.4029454158333333 0.379552675 0.40189515833333334 0.372371785 0.4115325475 0.3092997016666667 0.40488917166666666 0.28814601333333334 0.41045636916666667 0.28421373916666665 0.4536430891666667 0.28264896833333336 0.5073848466666666
1 0.29758417833333334 0.3099792908333333 0.32009695583333336 0.31032465833333334 0.3315295675 0.31509620166666663 0.3599112975 0.31491467083333335 0.38097775916666665 0.31101185583333335 0.39765989 0.2872690591666667 0.4054914408333333 0.24929355333333333 0.4046120975 0.23422688333333336 0.39392268166666666 0.22323571333333334 0.3828861283333333 0.22682969666666664 0.34718913 0.22328994249999998 0.3217872591666666 0.23030345583333334 0.31311820916666666 0.2444524775 0.2962250891666667 0.30406672583333333 0.29758417833333334 0.3099792908333333
1 0.17732019833333332 0.5427541708333333 0.18253849 0.5705653891666667 0.19436539 0.5757748341666666 0.2190729875 0.5979316283333334 0.2475454825 0.6119409625 0.25674143083333334 0.6036608941666667 0.25808282666666665 0.5302972216666667 0.25343504666666666 0.5075227641666668 0.24638145833333336 0.4988083316666667 0.242918315 0.48527520416666664 0.23805777666666667 0.4904445741666667 0.23061166833333333 0.48921986333333334 0.19674996666666666 0.46658332333333336 0.18588786666666665 0.46684854166666667 0.17804923916666668 0.47311355250000003 0.17732019833333332 0.5427541708333333
1 0.1006890675 0.6196823674999999 0.11155824416666665 0.6511276441666667 0.152079245 0.682040715 0.1562402016666667 0.6822587816666666 0.1541744525 0.6500231575 0.1429092175 0.6102123549999999 0.13243609833333334 0.5871326041666667 0.12371989666666666 0.5862585683333333 0.0994083575 0.5724673008333334 0.095160175 0.5739136166666666 0.1006890675 0.6196823674999999
1 0.04830401 0.4170797525 0.06043797333333334 0.42439148250000003 0.07011720583333333 0.4228125566666667 0.08482081416666666 0.36516975333333335 0.0884949475 0.34283142916666665 0.08599660416666667 0.334772965 0.07018497 0.3339443125 0.061864826666666664 0.34143580333333334 0.05192922166666667 0.37179074749999996 0.0465488625 0.4028016608333333 0.04830401 0.4170797525
1 0.33073931 0.8954335075000001 0.3456332958333333 0.9058105533333333 0.3720017366666667 0.9121993266666667 0.39539031916666667 0.9117561166666667 0.4001200175 0.9090833199999999 0.39372239833333333 0.8958136425 0.38474274750000004 0.8920051308333332 0.35504554083333334 0.8854419041666667 0.33345218083333333 0.8834757674999999 0.32832819333333335 0.8857106616666666 0.33073931 0.8954335075000001
1 0.25890741083333335 0.8887482883333333 0.2815981808333333 0.9016201383333333 0.29964470916666663 0.9075727783333334 0.3192230108333333 0.9081815958333334 0.3135703558333333 0.8966199133333334 0.30222497083333333 0.8901839883333335 0.27116867499999997 0.8777081966666667 0.25045111999999997 0.8749534816666666 0.25890741083333335 0.8887482883333333
1 0.15943166916666668 0.8522421 0.17962763416666666 0.8729107341666665 0.21611498 0.8852539166666666 0.21633304666666664 0.8810929599999999 0.19767062416666667 0.8630081266666667 0.17020477333333334 0.8457136399999999 0.15377901416666667 0.8406804175 0.15943166916666668 0.8522421
1 0.46727167 0.5512740675 0.464960165 0.595380205 0.46084636 0.610185195 0.46312663750000005 0.622404615 0.5088099308333334 0.6264677291666666 0.5366211491666667 0.6212494375 0.54993621 0.6219472508333332 0.5530905216666666 0.6254504683333334 0.5719639333333333 0.6076638508333334 0.5777751175 0.5445481533333333 0.5748388725 0.5368839791666666 0.5616528825 0.5257619683333333 0.5584113441666667 0.5239231325 0.5540323208333333 0.5278660224999999 0.5252545325 0.5196820266666666 0.4911783033333333 0.5170616908333333 0.46253489416666665 0.5222363683333333 0.46727167 0.5512740675
1 0.5527775316666667 0.40054252583333333 0.5631162725 0.41026360333333334 0.5618585641666667 0.4661076458333333 0.555509865 0.4757886475 0.5560367633333333 0.48165759999999996 0.5719810066666666 0.4879173025 0.6253720883333334 0.48821198 0.6309357474999999 0.4935104208333333 0.6336922325000001 0.4807204891666667 0.6467420741666667 0.47055620166666673 0.6488390508333333 0.4464662683333333 0.6462481733333333 0.41628931583333334 0.6366543975 0.4082762341666667 0.6313960316666667 0.397152455 0.5778287274999999 0.39225891916666666 0.5526013091666667 0.39594366750000004 0.5527775316666667 0.40054252583333333
1 0.5159076625 0.24423202166666666 0.5097805691666667 0.26560731499999995 0.5122352991666667 0.27449797 0.5337414325000001 0.27812849 0.5582274241666667 0.2885909925 0.5880118575000001 0.29348983666666667 0.6004947266666666 0.2941440358333333 0.6043922341666667 0.2914276258333333 0.6145058308333333 0.2735991641666667 0.6102941833333333 0.24250279416666667 0.6039401766666667 0.22840092500000003 0.5894840933333333 0.21762959 0.5590855358333333 0.20852617666666667 0.5201033858333333 0.20397977750000001 0.5124828241666667 0.20608383166666666 0.5159076625 0.24423202166666666
1 0.6009285600000001 0.6680124483333334 0.6293539033333334 0.6669987258333333 0.6488868225 0.6605121108333334 0.6734983466666667 0.6446951683333333 0.6826854483333333 0.5967769808333333 0.672432165 0.5774638975 0.6279335075 0.5826421141666667 0.6069560416666667 0.5928081708333334 0.600445275 0.6613113041666667 0.6009285600000001 0.6680124483333334
1 0.71239504 0.6588335733333334 0.7352567241666667 0.6525214108333334 0.7582910916666666 0.6349528591666667 0.7663843225 0.5919842058333333 0.7615656283333333 0.5883937608333333 0.7606444408333334 0.5820869066666666 0.7345848316666667 0.5857280425 0.7169797441666667 0.5952363608333333 0.718255145 0.6186685558333334 0.7106416616666666 0.6524831058333334 0.7067005408333333 0.6560317066666667 0.71239504 0.6588335733333334
1 0.7307969316666667 0.49081639250000003 0.7292268533333334 0.5207752783333334 0.7265558266666666 0.5239732033333333 0.7292722358333333 0.5278707108333333 0.7442080658333333 0.5294879416666667 0.7612007975 0.5237026775 0.7721919683333334 0.5130132608333333 0.773584055 0.4705278925 0.7631999316666667 0.45371138333333333 0.74659972 0.45200692583333335 0.7288620233333333 0.4560841941666666 0.7307969316666667 0.49081639250000003
1 0.6994105725 0.3731792058333333 0.7027900283333334 0.40423196333333333 0.6995520283333334 0.418248375 0.7138755025000001 0.42358866 0.7413814283333334 0.4241957075 0.7437471625 0.4268231208333333 0.7522853724999999 0.4151706741666667 0.7555233725 0.4011542616666667 0.7538118375 0.38604397916666666 0.7393086025000001 0.3602495883333333 0.7330017474999999 0.361170775 0.7050997641666666 0.35219820166666665 0.69174109 0.35233258 0.6994105725 0.3731792058333333
1 0.7116140691666666 0.299550315 0.7172720316666666 0.3348948683333334 0.7265587450000001 0.340805665 0.7520513816666667 0.3479830158333333 0.7581366316666667 0.3353675375 0.7498076408333334 0.30322090916666666 0.7350881083333334 0.28951509833333333 0.7146322333333334 0.2817672358333333 0.7053909024999999 0.2829518725 0.7116140691666666 0.299550315
1 0.2190976683333333 0.11977762666666666 0.23976807166666664 0.10750928500000001 0.2760703483333333 0.07561549 0.2772950591666667 0.06816938166666667 0.27199484916666666 0.06580541749999999 0.26437428749999997 0.06790947166666667 0.24199588833333333 0.0809227775 0.22837730416666668 0.09397792749999999 0.217694965 0.11469725166666668 0.2190976683333333 0.11977762666666666
1 0.44772760500000003 0.9003128891666667 0.4783878416666667 0.904423155 0.49257870750000005 0.90433239 0.5171047741666667 0.8981074541666667 0.5295422608333333 0.8916662208333335 0.5315555491666667 0.8850959175 0.5239768316666666 0.8784401558333333 0.4997996716666666 0.8780075616666666 0.44684826166666664 0.8852462191666666 0.44772760500000003 0.9003128891666667
1 0.7894222291666667 0.5902709024999999 0.7944153766666666 0.5905325816666667 0.8054955433333333 0.5861064075 0.820164385 0.5689339141666666 0.8213855575000001 0.5456325583333332 0.8131054883333333 0.53643661 0.8047835758333333 0.5360004775 0.7947990500000001 0.5434047416666666 0.7896839091666666 0.5852777541666666 0.7894222291666667 0.5902709024999999
1 0.7840100216666667 0.4785845866666667 0.7983771091666667 0.48309268083333334 0.80774928 0.47941147 0.8155861383333333 0.46521883583333334 0.8111128116666667 0.43911561333333327 0.8036213208333334 0.43079547 0.79218871 0.4260239275 0.7839104100000001 0.42475560333333334 0.7803635783333334 0.4287421058333334 0.7840100216666667 0.4785845866666667
1 0.5756493016666667 0.831914055 0.5898401666666667 0.83182329 0.6169500341666667 0.8240648116666667 0.6478230300000001 0.8002312491666667 0.6468128466666667 0.7876611533333334 0.6366939425 0.7817067441666666 0.6316571816666666 0.7822772558333333 0.6122551025 0.7862672975 0.5984166825 0.7955557799999999 0.584883555 0.7990189233333334 0.5773083766666667 0.8082184108333333 0.5708742208333334 0.8274914191666667 0.5756493016666667 0.831914055
1 0.5517444375 0.8740540558333333 0.57771682 0.8720773033333334 0.6024609533333333 0.8616914108333333 0.6187941775 0.8446061441666667 0.6035948991666668 0.8400544375 0.57998825 0.8446586041666667 0.5569957258333333 0.8534673408333333 0.5495531566666667 0.8680978775 0.5517444375 0.8740540558333333
1 0.6363432666666667 0.7804366508333334 0.6467692333333332 0.788493345 0.6436184608333334 0.8008453741666667 0.6532104666666667 0.8009308316666667 0.6951200158333333 0.7735032858333333 0.70383091 0.75059445 0.7002823091666667 0.7466533291666667 0.6920040091666667 0.7453850049999999 0.6692295516666666 0.750032785 0.6501799175 0.7632205441666666 0.6434351608333334 0.76453602 0.6369992358333334 0.775881405 0.6363432666666667 0.7804366508333334
1 0.7421482441666667 0.720057975 0.7372894750000001 0.7331549691666667 0.7399186583333333 0.7387168591666667 0.7515675666666667 0.7313998216666667 0.7622952883333334 0.7177759291666667 0.7640433591666667 0.7003435258333334 0.7588303758333333 0.6963151783333333 0.7390357766666666 0.7077949416666667 0.7421482441666667 0.720057975
1 0.6928798141666667 0.7445964266666667 0.7039181366666667 0.7489300675 0.7064164791666667 0.7569885308333334 0.716533615 0.7550153166666667 0.7308099366666666 0.745332545 0.7406147016666668 0.717474175 0.7338245624999999 0.7116942183333334 0.7279992233333333 0.711388925 0.7160432525 0.7166036783333333 0.6964684891666667 0.7318501091666667 0.6930106533333333 0.7420998533333333 0.6928798141666667 0.7445964266666667
1 0.7592246641666667 0.6967530808333333 0.7663672491666667 0.7117307541666666 0.778935575 0.7027929475 0.7888311058333333 0.6891254416666667 0.792592465 0.665122735 0.7855842591666666 0.663503735 0.7719202925 0.6694634525 0.76443234 0.6769985566666666 0.7600550866666667 0.68886907 0.7592246641666667 0.6967530808333333
1 0.36963352416666667 0.11348076833333333 0.3953006141666666 0.11732935416666666 0.42376957083333333 0.11548344083333334 0.4371700883333333 0.1065892475 0.44706561833333336 0.09292174166666667 0.4336179491666667 0.08679287916666667 0.39603850166666665 0.087326855 0.3779955116666667 0.09722946166666667 0.36893217250000004 0.11094058083333333 0.36963352416666667 0.11348076833333333
1 0.5591639158333334 0.167223675 0.5551809516666666 0.17953209083333335 0.5587295525 0.18347321166666666 0.6117717275 0.19042541916666667 0.6174226133333334 0.1940594775 0.6256991433333333 0.1874001775 0.6208769108333333 0.167954485 0.6061137649999999 0.15508086583333333 0.5756279799999999 0.147641835 0.5523702375 0.14558847083333334 0.5505750150000001 0.14799781833333334 0.5591639158333334 0.167223675
1 0.6480863891666666 0.21402499083333335 0.6790554583333333 0.228165165 0.6923269058333333 0.22969516916666669 0.699640405 0.22548883 0.7000765375 0.2171669175 0.6956503633333333 0.20608675083333333 0.6792664475 0.19229371333333334 0.6482101525 0.17981792166666669 0.6390560483333333 0.17933817500000002 0.6480863891666666 0.21402499083333335
1 0.8092668991666666 0.41064665666666667 0.8162314916666666 0.4130978475 0.8280566225 0.4103796691666667 0.8303769741666667 0.40591165 0.8279640883333333 0.38826118 0.8128956491666667 0.3812128991666667 0.8053187008333333 0.3824847625 0.8092668991666666 0.41064665666666667
1 0.8340446491666667 0.5508856166666667 0.8398699883333333 0.5511909091666667 0.848102905 0.5453638016666666 0.8536630258333334 0.5348069941666667 0.8529145225 0.5172437508333333 0.8452921916666667 0.5114201816666667 0.8377588566666666 0.5118598533333333 0.8345627008333333 0.5171164500000001 0.8327727866666667 0.5433086683333334 0.8340446491666667 0.5508856166666667
1 0.8423506383333333 0.479973135 0.8501038083333333 0.48330013083333334 0.8584239525 0.47580864 0.8586820933333333 0.45496024500000004 0.8513650558333333 0.44331133666666667 0.842123725 0.4444959725 0.8423506383333333 0.479973135
1 0.8533541941666666 0.5247770858333333 0.8566847283333334 0.5328791625 0.8657934500000001 0.5262634766666666 0.8695147341666666 0.5189482083333333 0.8695548091666666 0.5022607691666667 0.8653484699999999 0.49494727 0.8565450416666666 0.4957376175 0.8547079750000001 0.50690678 0.8533541941666666 0.5247770858333333
1 0.29704781416666665 0.06544943333333333 0.3079099141666667 0.065184215 0.3249462591666667 0.05856675916666667 0.34206806166666665 0.0423572975 0.3293217433333333 0.03876862166666666 0.3174529991666667 0.0423189925 0.29941000916666666 0.0522216 0.29319215083333333 0.05940602833333333 0.29704781416666665 0.06544943333333333