1 0.7036662484276729 0.42034735849056604 0.714681391509434 0.41445456367924527 0.7114128545597485 0.39025254088050315 0.6935124221698112 0.337126516509434 0.6711093710691823 0.2985008451257862 0.6612953333333332 0.28775990172955973 0.6237227358490566 0.28014215172955975 0.6000856014150944 0.28021885455974843 0.5939953097484277 0.28891960377358494 0.5952949811320755 0.3187758852201258 0.5998578144654088 0.33894698506289306 0.6093071477987421 0.3501074724842767 0.6237250573899371 0.4097816847484277 0.636676088836478 0.4203032672955975 0.6743391910377359 0.42358023113207544 0.7036662484276729 0.42034735849056604
1 0.6947366163522013 0.8110729897798742 0.7306091745283019 0.7943790377358491 0.750012514937107 0.7788367248427672 0.7640166202830189 0.7593375062893082 0.7763015094339623 0.7096173011006289 0.7781388325471699 0.679541659591195 0.7746509355345912 0.652202643081761 0.7681932523584906 0.6443793341194969 0.7485322004716981 0.6449660856918239 0.7187691100628931 0.658868572327044 0.6997139858490566 0.6850256588050314 0.6925679323899371 0.7068036077044024 0.6820106847484277 0.7248796737421384 0.6765811603773585 0.7599350062893082 0.6776614716981132 0.7866542940251573 0.6713545070754717 0.8091616509433962 0.6747108608490566 0.8120792853773584 0.6947366163522013 0.8110729897798742
1 0.8221361367924529 0.7170513561320755 0.8386766831761007 0.7056496462264151 0.8484688569182389 0.6935377036163523 0.8594264724842768 0.6699170581761006 0.8636000518867925 0.6507112146226415 0.865854231918239 0.6040566753144654 0.8632054237421385 0.5774470668238993 0.8549598828616352 0.56659644418239 0.8369056800314465 0.5788920825471698 0.8330036132075472 0.5850755660377359 0.8213932916666666 0.6331724339622642 0.8185742240566038 0.6830188073899371 0.811921730345912 0.7118549921383648 0.813144698899371 0.7180741399371069 0.8221361367924529 0.7170513561320755
1 0.7783374253144654 0.3217379756289308 0.7775696650943397 0.3107584968553459 0.748305875 0.25291049371069185 0.7215290597484276 0.2362629544025157 0.6996962712264151 0.2283326525157233 0.693477123427673 0.2295556210691824 0.6947741077044025 0.24246830110062892 0.7013058066037735 0.25698514150943397 0.7233249779874215 0.29012107468553455 0.7273942523584905 0.3032339378930818 0.7523832099056603 0.31685416352201257 0.7721182775157233 0.32296094418238996 0.7783374253144654 0.3217379756289308
1 0.43536081210691824 0.20110795990566038 0.4439848577044025 0.1835611179245283 0.4447855951257862 0.17247195911949686 0.4245953191823899 0.17112550943396226 0.3920407633647799 0.17891852830188681 0.3763584811320755 0.19695893081761007 0.3751025353773585 0.21280841981132076 0.43536081210691824 0.20110795990566038
1 0.5823032767295597 0.16679620283018867 0.5802412201257862 0.1598476462264151 0.5595738726415094 0.14040864150943397 0.527765213836478 0.1363282539308176 0.5152364143081761 0.14311497720125785 0.5157299740566037 0.150173213836478 0.5249791226415095 0.16410599056603772 0.5729471352201259 0.16823853066037736 0.5823032767295597 0.16679620283018867
1 0.4493787185534591 0.15363082075471698 0.45266105660377354 0.14985492216981133 0.45110904795597484 0.13893028380503145 0.44341190801886793 0.13592214544025158 0.43321667767295596 0.13663506525157232 0.4092340149371069 0.1430405959119497 0.4026336745283019 0.15571742767295596 0.4061545487421384 0.16098780660377357 0.4493787185534591 0.15363082075471698
1 0.26620436556603777 0.2389432783018868 0.2848234575471698 0.22345580581761007 0.3305073655660377 0.20055919418238996 0.34254260534591197 0.18671423506289309 0.3388215479559748 0.18421614544025158 0.3310339025157233 0.18554879402515723 0.27577449292452827 0.2067507397798742 0.23842662971698114 0.23615718710691821 0.2309323608490566 0.24732036163522012 0.23272021776729562 0.25034767531446545 0.26620436556603777 0.2389432783018868
1 0.5436860314465408 0.12733412971698113 0.5446704646226415 0.124507 0.5414594544025157 0.11803282783018867 0.5299864166666667 0.11174235141509434 0.50551019418239 0.1110896462264151 0.5029572641509434 0.11402645518867925 0.5018823270440251 0.12119437185534591 0.5058227452830188 0.12682945518867925 0.5322870086477988 0.12773718474842766 0.5436860314465408 0.12733412971698113
1 0.6117346399371069 0.13124462264150943 0.6126642327044025 0.12763324449685534 0.6063162287735849 0.12137843317610064 0.5900828600628931 0.11463274764150945 0.5691631753144654 0.11412538679245283 0.5703861438679245 0.12034453459119497 0.5765696273584906 0.12424660141509433 0.6073938529874213 0.13115411871069182 0.6117346399371069 0.13124462264150943
2 0.3432858152515723 0.15789722562893083 0.3478624504716981 0.15009040566037737 0.34184348742138365 0.14854108411949685 0.3365731077044025 0.15206195833333333 0.33154126415094337 0.16462910927672958 0.3432858152515723 0.15789722562893083
3 0.919427037735849 0.6432610369496855 0.9254624897798742 0.6337760393081762 0.9378735479559749 0.5745900133647799 0.93665631918239 0.48956213836477985 0.9258359858490566 0.4587954402515723 0.9163866533018868 0.44763495283018867 0.9081932657232704 0.4206249764150944 0.9027940306603773 0.4166680699685535 0.8994020125786163 0.4188754709119497 0.8963528356918239 0.3978104426100629 0.8896757924528301 0.38685013993710693 0.8861576053459119 0.39852336242138364 0.8896290141509433 0.43689669732704406 0.8969998011006289 0.45214294654088044 0.9028185809748427 0.45646455738993713 0.9078366226415094 0.47187532704402513 0.906076003144654 0.5255881022012578 0.9106936768867924 0.5465434512578616 0.919177753144654 0.5664403514150943 0.9096076257861635 0.598632889937107 0.9092456092767295 0.615996036163522 0.9035035322327045 0.6353115597484277 0.9039422523584906 0.6415855471698113 0.9111650086477987 0.6434447327044025 0.919427037735849 0.6432610369496855
3 0.07294068003144655 0.6476813427672956 0.07407045676100628 0.6412976753144654 0.07207435455974842 0.5902118451257862 0.05864893867924528 0.5785413097484277 0.05543792924528301 0.5720671375786164 0.05248463128930818 0.5805485267295597 0.0545850393081761 0.5993156493710692 0.06829002908805032 0.6487946312893081 0.07294068003144655 0.6476813427672956
3 0.1819727146226415 0.7756074001572327 0.16185108018867925 0.7470672783018868 0.16465903380503144 0.742142427672956 0.16513073113207546 0.7263477783018868 0.1412305110062893 0.6775817161949685 0.12362614150943396 0.6512298199685534 0.11056274371069182 0.6221961375786164 0.08951151650943397 0.5972673938679245 0.0885489465408805 0.622947409591195 0.10971791509433962 0.7002754559748428 0.1447237822327044 0.7388079363207547 0.1601399261006289 0.7676770982704403 0.17314579716981132 0.7789829300314466 0.18414445125786164 0.7841244536163522 0.1819727146226415 0.7756074001572327