3 0.09494093344709897 0.6416778276450512 0.09739810068259386 0.6609789675767919 0.10752821501706485 0.7115154368600682 0.11310709044368601 0.7239314692832765 0.12822463737201367 0.7389805162116041 0.14162490699658703 0.7417254291808874 0.21840012457337885 0.8085212773037543 0.23062661092150172 0.8257488950511945 0.25370484982935154 0.8393318617747441 0.2627548284982935 0.8393113122866894 0.26490599914675766 0.8301357354948805 0.2612476476109215 0.8132506629692833 0.24706638822525595 0.7854087883959044 0.2084595571672355 0.7351783156996587 0.1690991348122867 0.6719175179180887 0.11004707849829352 0.5985654078498294 0.10522179351535836 0.5991796996587031 0.10513044539249146 0.6120912755972696 0.09791649232081912 0.623571021331058 0.09494093344709897 0.6416778276450512
0 0.07001296757679182 0.6106023464163822 0.09010194795221843 0.636258800341297 0.09186262372013651 0.6145347431740614 0.07285607935153585 0.5873071604095563 0.07020251450511945 0.5877958532423209 0.07001296757679182 0.6106023464163822
1 0.6961147414675768 0.8058678515358362 0.7125248208191126 0.8055892542662116 0.7231185281569966 0.7945845025597269 0.7039292866894198 0.7931800716723549 0.6950186066552901 0.8014056612627987 0.6961147414675768 0.8058678515358362
1 0.7285786544368601 0.8078454735494881 0.7399191023890785 0.8068543865187713 0.7493116254266211 0.7982657022184301 0.7362744505119454 0.796002633105802 0.7276012679180888 0.8025383455631399 0.7285786544368601 0.8078454735494881
1 0.7594577389078498 0.8027073421501707 0.7654910571672355 0.8026936424914676 0.7723624650170648 0.799782031569966 0.7758472679180888 0.7933787670648464 0.7670347866894198 0.7917094402730376 0.7592065418088737 0.7983639010238908 0.7594577389078498 0.8027073421501707
3 0.7770895972696246 0.6496615529010239 0.7820610307167235 0.6602689598976109 0.7887017918088738 0.6620638856655291 0.7902797704778157 0.6661629803754266 0.7818851843003413 0.6891087713310581 0.7828762704778157 0.700449218430034 0.7955845998293516 0.7173137414675768 0.7998092935153583 0.7179074829351536 0.8277630665529011 0.6998646254266212 0.8336502372013652 0.6886292269624573 0.8363814496587031 0.669195638225256 0.8287359018771331 0.6500269462457338 0.8288272508532423 0.6371153703071673 0.8167058131399317 0.6130094948805461 0.8085510221843003 0.5821372610921501 0.8043263293515359 0.5815435196245733 0.7986698054607508 0.5880723813993174 0.7771466962457337 0.6216666800341297 0.7770895972696246 0.6496615529010239
0 0.8278430136518772 0.6287915827645051 0.8372423865187713 0.6232195571672355 0.8421932704778157 0.6247769863481228 0.84401559556314 0.6302028626279863 0.8493227244027304 0.6292254761092151 0.8570596203071672 0.6354825912969284 0.8629673404436861 0.6332971706484641 0.8707544854948805 0.6085427542662115 0.8687997116040955 0.597928497440273 0.880281755119454 0.5530143011945392 0.8781945332764506 0.537211664675768 0.8803457039249147 0.5280360878839591 0.8841022534129692 0.5350262440273037 0.8862602747440274 0.5288673267918088 0.8914715034129692 0.4856567081911263 0.8897496749146757 0.4182077662116041 0.8828097670648465 0.3909527841296928 0.8776213873720136 0.39108523208191126 0.8708824283276451 0.39918522354948804 0.8558150836177474 0.512525747440273 0.8521064846416383 0.526652207337884 0.8442919394197952 0.5393399863481229 0.84707795221843 0.5440396732081911 0.84373929778157 0.5616646356655289 0.8226135332764505 0.6108240742320818 0.8278430136518772 0.6287915827645051
1 0.8212274462457337 0.3723892354948805 0.82836375 0.3798543848122867 0.8367788865187713 0.3659585716723549 0.8356690511945393 0.35546306313993176 0.8286514957337885 0.3471529752559727 0.8199920127986348 0.35972200597269627 0.8212274462457337 0.3723892354948805
1 0.6503464590443686 0.8433785469283277 0.6710999795221843 0.8428487542662116 0.682182380546075 0.8344975656996587 0.6778320887372014 0.8317321032423208 0.662993138225256 0.833093135665529 0.6500952627986348 0.8390351058020478 0.6503464590443686 0.8433785469283277
1 0.6431599061433447 0.8669249300341297 0.6467840076791809 0.8687267064846417 0.6590881416382253 0.8670094291808873 0.6699330460750853 0.8603481186006826 0.6532786203071673 0.8592999325938566 0.6439979948805461 0.8640270196245734 0.6431599061433447 0.8669249300341297
1 0.6704217389078498 0.8630016825938566 0.674045840443686 0.8648034581911264 0.687313662116041 0.8623599906143345 0.69562375 0.8553424351535835 0.6822303302047782 0.8556141817406143 0.6712598276450511 0.860103771331058 0.6704217389078498 0.8630016825938566
1 0.7007778796928328 0.8401266902730375 0.7105471979522184 0.8380531672354948 0.7174049061433447 0.8291082380546074 0.7030477994880546 0.8301061749146758 0.6969094317406144 0.8369981322525597 0.7007778796928328 0.8401266902730375
3 0.13248601706484642 0.22432609641638226 0.1416478933447099 0.22044394880546073 0.14624253156996586 0.22453619368600686 0.1703415571672355 0.20939809641638224 0.18080966552901023 0.19622162372013652 0.18152215614334472 0.19115199232081911 0.1754682866894198 0.18211571416382252 0.16678140443686007 0.18261810750853244 0.15413472440273038 0.19290351877133105 0.1494281877133106 0.19267287201365188 0.13331725597269625 0.21841152645051193 0.13248601706484642 0.22432609641638226
3 0.1964387542662116 0.17084606484641637 0.2027301194539249 0.17819246587030715 0.20984587372013652 0.17660763737201365 0.24393801450511945 0.15167282167235496 0.24800285921501708 0.1350115460750853 0.24437875767918088 0.13320977047781568 0.21087350938566554 0.1509032329351536 0.19666940102389077 0.1661395281569966 0.1964387542662116 0.17084606484641637
3 0.2643010401023891 0.13859454778156996 0.2702156100682594 0.13942578583617746 0.3308502431740614 0.11262069539249146 0.3342094470989761 0.10404571075085324 0.32550201450511945 0.09549812627986348 0.3203136348122867 0.09563057508532423 0.2706495034129693 0.11794607508532423 0.2589665110921502 0.12750529692832763 0.2643010401023891 0.13859454778156996
3 0.3312909863481229 0.09415764419795222 0.33999841979522183 0.10270522866894197 0.3573721851535836 0.10170044197952219 0.4023503293515358 0.08820427303754266 0.4177761715017065 0.07960188822525598 0.41221784641638226 0.07623583361774744 0.4103886706484642 0.06779329692832764 0.3896351501706485 0.06832309044368601 0.3547825699658703 0.07721092150170648 0.340194816552901 0.08291539505119454 0.3314028848122867 0.09029604607508532 0.3312909863481229 0.09415764419795222
3 0.420765430887372 0.06752840017064847 0.43840409385665535 0.07690037372013653 0.4513019701365188 0.07095840358361774 0.4821810537542662 0.06582027218430034 0.501230997440273 0.05901966296928328 0.5020690861774745 0.05612175170648464 0.49795629095563143 0.051666412116040956 0.47767776450511945 0.04881645136518772 0.4236427918088737 0.05931651109215017 0.41966929607508535 0.06306621075085325 0.420765430887372 0.06752840017064847
3 0.5119160529010238 0.035103335324232085 0.51905235665529 0.0425684837883959 0.5359511296928328 0.04494345221843003 0.5544073310580205 0.04236753583617748 0.5539323370307168 0.04574729010238908 0.5439186723549487 0.04649403071672355 0.558645723549488 0.04899459641638225 0.5644346962457338 0.04765411433447099 0.5700843694539249 0.03810859300341297 0.5612581885665529 0.03040594709897611 0.5506439308873721 0.032360720989761095 0.5229984530716724 0.02675214675767918 0.5127541416382253 0.032205424061433445 0.5119160529010238 0.035103335324232085
3 0.5720254436860068 0.04268953156996587 0.5847063728668942 0.04748741638225256 0.6084697030716724 0.043934113481228665 0.6168985392491467 0.03607161945392491 0.5944345912969283 0.02731393771331058 0.5715025 0.024952669795221843 0.5720254436860068 0.04268953156996587
1 0.6985104436860068 0.16041464249146759 0.7145848267918089 0.171720840443686 0.7166240998293516 0.16640686177474404 0.6966196177474402 0.1248221723549488 0.681641369453925 0.11797816467576792 0.6985104436860068 0.16041464249146759
3 0.6824794581911262 0.11508025341296928 0.6955303327645052 0.12337664163822525 0.7094672457337884 0.1498917337883959 0.7165053515358362 0.16725180034129694 0.7179851313993174 0.18124581143344712 0.7336187721843004 0.21101506058020478 0.760111016211604 0.24015631740614335 0.7657880895904438 0.242677433447099 0.7703690273037542 0.24073635921501707 0.7586883336177475 0.19816743259385666 0.751650228668942 0.18080736689419796 0.7383413071672354 0.16515087798634812 0.7386838523890785 0.15658274317406143 0.7316457465870307 0.13922267747440273 0.71604635665529 0.1245367252559727 0.7093781953924915 0.11067516211604095 0.6828014530716723 0.09746214078498293 0.6781017670648464 0.10024815358361774 0.6824794581911262 0.11508025341296928
1 0.653032204778157 0.11309578071672356 0.6601616587030716 0.11754427133105802 0.6675217593856655 0.11728622440273037 0.6637515102389079 0.10426275 0.6514336757679181 0.09994670819112628 0.649994994880546 0.10405265273037542 0.653032204778157 0.11309578071672356