1 0.7459386879936809 0.38433254107424963 0.7437122677725119 0.3795567969984202 0.7501732417061612 0.3757608665086888 0.7601557503949447 0.39423118720379147 0.7726875821484992 0.4056993443917851 0.7819778278041074 0.3924191374407583 0.8233040971563981 0.38928772037914694 0.8340481334913112 0.3809474842022117 0.83199909478673 0.352311724328594 0.8182151058451816 0.3140572646129542 0.8040839589257504 0.28556702843601894 0.7869108064770932 0.261761070300158 0.7763926587677725 0.2502686595576619 0.7526670663507109 0.23552705687203793 0.6860158894154819 0.20689479304897315 0.6782840552922591 0.19521390126382304 0.6692196990521326 0.18866146129541864 0.6651923293838863 0.1887099691943128 0.6640482890995261 0.1966247345971564 0.6600451737756714 0.1986869273301738 0.6078237938388625 0.1847533072669826 0.5636384502369668 0.1820321524486572 0.5230848088467615 0.18499934281200633 0.5180291184834124 0.18970787519747237 0.5141472725118483 0.20183849131121645 0.5140856105845182 0.222443766192733 0.5424989778830964 0.30482951184834123 0.5826119407582938 0.36817394391785147 0.6046765568720379 0.38649874091627173 0.6116787211690363 0.3890480655608215 0.6349060813586098 0.3881486176935229 0.7103922298578199 0.3785638293838862 0.7427082006319116 0.3862305063191153 0.7459386879936809 0.38433254107424963
1 0.7691066595576619 0.8029606761453397 0.7931087030015798 0.7506180276461295 0.7989501753554502 0.7211126240126382 0.7828649518167456 0.7233203396524487 0.7736904265402843 0.7333458056872038 0.6930010102685624 0.786835990521327 0.6254164739336493 0.8221974636650868 0.6069218996840442 0.8301662875197473 0.5425137922590837 0.846279260663507 0.536733981042654 0.8551793902053714 0.5410281437598736 0.8772814139020536 0.5533770442338073 0.8992864225908374 0.5593023791469195 0.9024684020537125 0.5727655173775671 0.9012217954186414 0.6416451674565561 0.8833508301737757 0.6858679194312797 0.8634530252764614 0.7117118159557662 0.8482693033175356 0.7444608609794628 0.8275801666666666 0.7691066595576619 0.8029606761453397
1 0.8675428870458136 0.5765194944707741 0.8587190157977882 0.6413828751974724 0.8433129012638231 0.6999737630331754 0.8562348491311216 0.6923819020537124 0.8971189992101106 0.6396809952606635 0.9054910924170616 0.6144829075829383 0.9122396169036335 0.5702490552922591 0.9138894936808847 0.5400195308056872 0.9105806943127962 0.5225532772511848 0.9065346208530806 0.5339112646129541 0.8675428870458136 0.5765194944707741
1 0.874014131121643 0.31632869668246444 0.858580266192733 0.30830376145339655 0.8545771508688784 0.3103659541864139 0.8554225402843603 0.31624278120063193 0.8909648909952607 0.42456943917851503 0.8942438854660348 0.42669884360189575 0.9081511974723538 0.42374275276461293 0.9136510624012638 0.41732473696682465 0.914278167456556 0.40507840126382305 0.9050814415481832 0.36181120853080573 0.8978852464454976 0.343152406793049 0.874014131121643 0.31632869668246444
1 0.9349555924170617 0.5783412022116904 0.9391547930489732 0.54110951342812 0.936174448657188 0.5251885173775671 0.9242919210110584 0.5547666824644549 0.9172689999999999 0.6148058120063191 0.923705720379147 0.6089961966824645 0.9349555924170617 0.5783412022116904
1 0.9081047440758293 0.3684364099526066 0.9164560789889417 0.405826775671406 0.9236093159557661 0.43378137282780416 0.9327893917851501 0.43707907109004734 0.9357101287519747 0.4223263696682464 0.929913667456556 0.3912570047393365 0.9186415947867298 0.36861934123222745 0.9131604344391786 0.3637278775671406 0.9092972922590837 0.36454901421800945 0.9081047440758293 0.3684364099526066
1 0.669764996050553 0.09244876935229068 0.6615460300157978 0.09177315639810427 0.6604934549763033 0.09441949605055293 0.7000541287519747 0.12477234439178515 0.7396335063191154 0.14381571248025277 0.7964532480252764 0.17938292812006318 0.8062417251184835 0.1817437709320695 0.8008520300157979 0.17158388230647711 0.7834474383886256 0.15428740600315954 0.720982308056872 0.11305609794628751 0.669764996050553 0.09244876935229068
1 0.5341745616113744 0.05101377251184835 0.49926075829383887 0.046321890205371245 0.485304939178515 0.04525061137440758 0.4761976248025276 0.04799396682464455 0.4707407180094787 0.04511618799368088 0.44067542101105844 0.044238939968404424 0.4246144510268563 0.048460340442338073 0.41682095497630334 0.057384723538704586 0.45946104186413905 0.06043433333333333 0.4748463988941548 0.06443189889415482 0.4875182045813586 0.07465899921011059 0.5185688657187993 0.08017201816745656 0.5815100276461296 0.08375171721958925 0.6025109684044234 0.07807652527646129 0.5599810505529226 0.058449010268562404 0.5341745616113744 0.05101377251184835
1 0.17170475829383886 0.8265777606635071 0.15533403791469194 0.8179444241706161 0.15069826777251186 0.8189297875197472 0.18398644786729856 0.8558648791469193 0.22078506240126383 0.888419893364929 0.2415358609794629 0.9005636635071089 0.2687718870458136 0.9109251872037916 0.28101822274881516 0.9115522922590837 0.27829912085308056 0.904458663507109 0.213394836492891 0.8536516137440758 0.17170475829383886 0.8265777606635071
1 0.030712698262243283 0.46529534913112164 0.03192744628751975 0.5147006113744076 0.04051782464454976 0.5076256856240127 0.04601213981042654 0.4878845047393365 0.05041297551342812 0.4288064849921011 0.05842681042654029 0.3867262914691943 0.057040230647709314 0.3745042093206951 0.04325418799368089 0.38752872353870454 0.03581895023696683 0.41333521248025273 0.030712698262243283 0.46529534913112164
3 0.7098128017377567 0.11179633807266982 0.7097698436018958 0.1210921327014218 0.7264877227488152 0.11996124644549763 0.7308678009478673 0.12347168009478672 0.7309163088467615 0.12749904976303317 0.7209206469194313 0.1336613728278041 0.7279470639810426 0.13822438230647707 0.7341523451816746 0.13892424881516588 0.7316217251184834 0.13461693285939969 0.7332584478672985 0.1290200521327014 0.7459974652448657 0.13196504265402845 0.7485523388625592 0.13828604344391784 0.7460030150078989 0.14528820774091625 0.7510400015797788 0.15188915481832543 0.7526524699842022 0.14427859004739338 0.767052463665087 0.14364038467614534 0.7706599131121643 0.1473150458135861 0.7668937867298578 0.15619092101105844 0.7767979826224328 0.15529702290679304 0.7793958151658767 0.1523222290679305 0.7886243981042654 0.1596472969984202 0.7890013609794628 0.1652199233807267 0.7978529818325434 0.16697236492890996 0.8105005331753555 0.1751857812006319 0.8818581887835704 0.2601527093206951 0.8980272740916272 0.2906323767772512 0.9028515260663507 0.2924333262243286 0.904980929699842 0.28915433175355454 0.8764386895734597 0.23465597077409162 0.833283720379147 0.17599581753554502 0.7881206169036336 0.13068308293838862 0.7146446571879936 0.07564147867298579 0.6423238388625592 0.03933143838862559 0.58111086492891 0.024886432859399683 0.5656097883096367 0.024143608214849923 0.5574393301737757 0.02749536492890995 0.5552614186413902 0.026746990521327018 0.5572265955766194 0.022695367298578198 0.541725518957346 0.021952542654028438 0.5289677977883096 0.03031703159557662 0.5216856872037915 0.030249820695102684 0.5062816263823064 0.0375617345971564 0.5134480173775671 0.040883687203791465 0.5860861903633491 0.052092655608214855 0.6000905173775671 0.057191304107424956 0.6119896951026856 0.06758263191153238 0.6360866998420222 0.07457369589257504 0.6668387101105845 0.0938783064770932 0.7037232401263823 0.1078417298578199 0.7098128017377567 0.11179633807266982
2 0.8102499976303318 0.8103661097946288 0.8275464739336492 0.7929615181674565 0.8296273704581358 0.785655154028436 0.825295800157978 0.7861720900473933 0.7909342867298579 0.8144717914691944 0.7719283262243286 0.8314322093206951 0.7698231761453397 0.8367248886255925 0.8102499976303318 0.8103661097946288