1 0.28708444975288305 0.5141145205930807 0.2882528261943987 0.5071742866556836 0.2739121960461285 0.5003117059308073 0.26225488138385505 0.5050950799011532 0.2578407874794069 0.5147640691927512 0.2609842635914333 0.5309358517298187 0.2656331845140033 0.5375844579901153 0.28273664909390445 0.5413925766062603 0.2932710280065898 0.5351491976935749 0.28708444975288305 0.5141145205930807
1 0.5906346499176277 0.21511612602965405 0.5829199069192751 0.20780474382207578 0.5777540238879736 0.20713060873146621 0.5402672973640856 0.20854330560131795 0.513561136738056 0.21793016062602963 0.5075298649093904 0.2279134975288303 0.5124476927512356 0.24457952141680395 0.5311456161449754 0.2522734110378913 0.5532691499176278 0.25384701647446456 0.596753068369028 0.24875116062602964 0.5992469958813839 0.23567928171334432 0.5906346499176277 0.21511612602965405
1 0.7157104406919276 0.32758377347611206 0.7048067808896211 0.31250084843492587 0.6702400634266886 0.3116676721581549 0.6629854810543657 0.3088821169686985 0.6238474958813839 0.31690934102141677 0.6218705296540362 0.32400674876441515 0.6253283533772653 0.3417957092257002 0.6326492289950576 0.3621903311367381 0.6400269044481054 0.37208465403624386 0.6820053780889621 0.3765119744645799 0.711249039538715 0.3758624266886326 0.7216035247116969 0.37301057825370676 0.7256691902800659 0.36802458978583197 0.7157104406919276 0.32758377347611206
1 0.8155021021416804 0.33587787973640854 0.80781007907743 0.32436637808896207 0.759228439044481 0.31618773970345965 0.7369250115321252 0.3180056647446458 0.7299506968698518 0.3231374670510708 0.7392693912685337 0.36244398599670513 0.7468042405271829 0.3731468986820428 0.7993833863261943 0.3889399069192751 0.8024832891268533 0.3833025032948929 0.818452457166392 0.387750676276771 0.8272124835255354 0.3810130560131796 0.8155021021416804 0.33587787973640854
1 0.9080145947281713 0.3757959744645799 0.8992564349258649 0.3523241705107084 0.8684751153212521 0.33858764827018123 0.8569976943986821 0.3399794925864909 0.8540663253706754 0.3443254258649094 0.8576813228995058 0.3629229752883031 0.8685054621087314 0.39270631878088963 0.8958725313014828 0.4104630658978583 0.9036213550247117 0.41147426935749587 0.9092814785831961 0.41037405271828664 0.9122128476112026 0.4060281194398682 0.9117754060955519 0.3973021729818781 0.9080145947281713 0.3757959744645799
1 0.7811435988467874 0.23682478006589788 0.7663768879736408 0.21913619275123558 0.7333156144975288 0.2087798410214168 0.7187837306425041 0.2074088500823723 0.7039034192751236 0.21072085996705106 0.7142560370675453 0.23807843657331137 0.726148179571664 0.24961265815485997 0.7856902792421746 0.262373924217463 0.7881387668863262 0.25770228336079076 0.7811435988467874 0.23682478006589788
1 0.8490632174629326 0.2538316054365733 0.8359023245469522 0.23792873064250414 0.8083326416803954 0.22776363261943985 0.7879834596375618 0.2266842693574959 0.7881065535420099 0.2337930370675453 0.8009076589785833 0.25647897281713344 0.8142484456342669 0.2689903171334431 0.841975302306425 0.27996400411861616 0.8532728303130148 0.2819636902800659 0.8583042586490939 0.2776291169686985 0.8490632174629326 0.2538316054365733
1 0.7360253830313015 0.15580682784184513 0.722830410214168 0.14620413179571665 0.6981466556836903 0.1400933401976936 0.674708931630972 0.14255132042833607 0.6846354678747941 0.15908289044481055 0.6931588006589786 0.16623709884678747 0.7452891441515651 0.17540422075782536 0.7474005642504119 0.17331552059308072 0.7360253830313015 0.15580682784184513
1 0.8200259036243822 0.18647065485996706 0.8023619036243822 0.16682782207578253 0.7636405065897859 0.15757168698517296 0.7602376161449752 0.159491852553542 0.7733757891268533 0.17959484678747942 0.7807761853377265 0.1852890510708402 0.8036628673805601 0.1951057207578254 0.8273808591433279 0.200565097199341 0.8200259036243822 0.18647065485996706
1 0.5467686993410215 0.768664626029654 0.5348197561779242 0.7676307026359144 0.5142016672158155 0.7565339225700165 0.505307186985173 0.7582628344316309 0.4999500510708402 0.7630802891268533 0.503385154859967 0.7850693690280066 0.5125599019769357 0.7912578138385503 0.5267547182866557 0.7952117462932455 0.5443637850082372 0.795145453047776 0.5500239085667216 0.7940452364085667 0.5539324003294893 0.7882506589785832 0.5467686993410215 0.768664626029654
1 0.46162252224052724 0.7407409143327841 0.44017312355848437 0.7340014275123559 0.4243270494233938 0.7366620214168039 0.4256961729818781 0.7523395626029654 0.4366225527182867 0.7632223690280066 0.4646978377265239 0.7695130543657331 0.47312079654036243 0.7653583756177924 0.46162252224052724 0.7407409143327841
1 0.8936193484349259 0.7075372446457989 0.8826702487644151 0.7008545576606261 0.8722930444810545 0.7079065255354201 0.8588935897858319 0.7361049036243822 0.8596340189456343 0.7485480881383856 0.8680228978583197 0.7506935881383855 0.878220208401977 0.7470331499176277 0.8937651622734761 0.7104458929159803 0.8936193484349259 0.7075372446457989
1 0.8524798105436573 0.7570714200988468 0.8372737907742999 0.7608663113673805 0.8222022257001648 0.7696699118616145 0.8139023599670511 0.7809333591433278 0.8101056021416804 0.7959367644151565 0.8142943616144975 0.7980595436573311 0.8246488459637562 0.7952076952224053 0.841831831136738 0.7843153962108732 0.85472568369028 0.7599914291598023 0.8524798105436573 0.7570714200988468
1 0.2909832899505766 0.301054089785832 0.2863002891268534 0.3007056622734761 0.2668487100494234 0.31287807248764415 0.2627716845140033 0.31996412026359144 0.26301787149917627 0.3341816565074135 0.27270958072487644 0.33439563097199343 0.28712973146622733 0.3265577940691928 0.29144345057660626 0.30557991680395385 0.2909832899505766 0.301054089785832
1 0.27127603047775944 0.2708995988467875 0.2531045617792422 0.2853406021416804 0.24983612520593082 0.29226947611202636 0.2512279695222405 0.3037468978583196 0.2705110148270181 0.2928659579901153 0.2749591878088962 0.2768967899505766 0.27127603047775944 0.2708995988467875
0 0.35532433360790777 0.8004232273476112 0.35552694728171336 0.7928315774299834 0.34140029159802304 0.7762772874794069 0.32448808072487645 0.7669775790774299 0.28590300411861613 0.7325207281713344 0.2692388467874794 0.7072291317957166 0.2623099728171334 0.703960694398682 0.2576156120263592 0.7057123270181219 0.2394119299835255 0.6962440848434925 0.2454091219110379 0.6925609266886326 0.2351909579901153 0.6702120593080725 0.22036744645799008 0.6630237710049423 0.2113839522240527 0.6513437355848435 0.21302385090609555 0.6468292685337726 0.2096777611202636 0.6382491359143327 0.20710617957166394 0.6358120082372323 0.20353475535420099 0.6390236449752883 0.1985601276771005 0.6328579192751236 0.2008514406919275 0.6273776894563426 0.19309125782537068 0.6284665461285008 0.18762238797364086 0.6240751721581549 0.18333325453047777 0.6106435049423394 0.1756185115321252 0.6033321227347611 0.17012692174629326 0.6031408690280067 0.16967812026359144 0.5965149827018121 0.1629405 0.5877549555189456 0.14652253047775948 0.57668089538715 0.1425704654036244 0.5606662874794069 0.13353017133443162 0.559486550247117 0.13259662191103788 0.5827443805601318 0.13643695304777595 0.5895501614497529 0.14382412191103788 0.6275538492586491 0.1715586054365733 0.6968463261943987 0.18043036490939043 0.6993175337726524 0.17782470428336078 0.7031805848434927 0.17908209472817133 0.7096492981878089 0.20434723723228995 0.7576041095551895 0.2101418146622735 0.7615126013179572 0.2454016540362438 0.8133986252059308 0.25842809308072484 0.824292791598023 0.26707451976935753 0.8385557685337727 0.27111746457990116 0.837769899505766 0.2706573039538715 0.8332440724876442 0.27599171993410215 0.83262673723229 0.27190333360790775 0.841812845140033 0.27768655107084017 0.8478213962108732 0.28463814579901153 0.8468897141680396 0.2823468319604613 0.8523699439868204 0.2982592001647446 0.8673184159802306 0.2991132298187809 0.8587610032948929 0.3031448146622735 0.8600751935749588 0.3074793879736408 0.8651066227347611 0.3026051334431631 0.8702497850082371 0.30821981713344315 0.8775498064250413 0.3161598945634267 0.8730694200988467 0.32453741268533776 0.8773149794069193 0.32321186243822075 0.8834466243822077 0.3193488105436573 0.8808409637561779 0.31610309390444813 0.8835697182866556 0.3281637701812191 0.8938124695222406 0.33078079159802304 0.8878493583196045 0.3357895 0.8877149044481054 0.33898977677100495 0.8933863879736409 0.3329925848434926 0.8970695461285009 0.33927004365733116 0.9013037454695223 0.3414041836902801 0.8950149266886327 0.34767028253706755 0.9013491853377265 0.36604249835255354 0.9095259571663922 0.3742969233937397 0.9066627487644151 0.36946810873146624 0.9034056721581549 0.3709508327841845 0.8980826161449754 0.3617874456342669 0.889794111202636 0.36102429654036244 0.8815510461285009 0.3539155280065898 0.8816741400329489 0.35023237067545304 0.8756769481054366 0.3411920766062603 0.8744972108731466 0.344617686985173 0.8683769258649093 0.35124357331136735 0.8679281243822076 0.3539609686985173 0.8732739011532126 0.36546111037891266 0.8676819373970347 0.3738386285008237 0.871927496705107 0.38873030065897857 0.8665154275123558 0.38924726194398684 0.8605409563426689 0.39454759802306427 0.8662237998352553 0.407170676276771 0.8620918410214168 0.35532433360790777 0.8004232273476112
0 0.5281390947281713 0.927526866556837 0.4897774859967051 0.9114876713344316 0.46590232042833607 0.9052197051070839 0.46060198434925864 0.8995368616144975 0.42208320098846785 0.8826890766062603 0.3351058714991763 0.8647714217462932 0.3358917405271829 0.8688143673805601 0.34682948023064253 0.8775971136738057 0.41507293986820426 0.9243304827018123 0.45278313344316307 0.9413354406919274 0.47618677759472816 0.9451776392092258 0.5191537339373969 0.9460562553542011 0.5613348220757826 0.9428919266886326 0.579775197693575 0.9384683401976935 0.5281390947281713 0.927526866556837