1 0.675390625 0.78359375 0.705078125 0.7734375 0.725390625 0.759375 0.7453125 0.733203125 0.7484375 0.725390625 0.746875 0.715234375 0.739453125 0.71015625 0.686328125 0.7078125 0.631640625 0.68984375 0.578515625 0.68125 0.448828125 0.68125 0.362109375 0.6890625 0.331640625 0.68359375 0.301953125 0.68984375 0.29921875 0.694140625 0.29921875 0.726171875 0.30703125 0.741015625 0.323046875 0.75390625 0.355859375 0.76640625 0.369140625 0.78203125 0.383984375 0.7890625 0.407421875 0.7921875 0.440234375 0.7875 0.497265625 0.79609375 0.534765625 0.7984375 0.616015625 0.7953125 0.634375 0.801171875 0.655078125 0.796875 0.675390625 0.78359375
1 0.7734375 0.677734375 0.7765625 0.654296875 0.77265625 0.642578125 0.728515625 0.6375 0.702734375 0.61953125 0.671484375 0.603125 0.644140625 0.59609375 0.558203125 0.58984375 0.494921875 0.5921875 0.440234375 0.609375 0.370703125 0.61171875 0.348828125 0.62265625 0.340625 0.630859375 0.3359375 0.641015625 0.33515625 0.674609375 0.337890625 0.6796875 0.348046875 0.6828125 0.366015625 0.684375 0.416015625 0.6796875 0.504296875 0.67734375 0.578515625 0.6796875 0.639453125 0.6890625 0.676953125 0.703125 0.705859375 0.70390625 0.718359375 0.7078125 0.741796875 0.70859375 0.745703125 0.7125 0.75 0.712109375 0.76484375 0.695703125 0.7734375 0.677734375
1 0.109375 0.528515625 0.08671875 0.469921875 0.076171875 0.465625 0.06875 0.473828125 0.0671875 0.482421875 0.065625 0.516796875 0.06875 0.543359375 0.071484375 0.5484375 0.0890625 0.560546875 0.098046875 0.575 0.103125 0.575390625 0.1125 0.565234375 0.109375 0.528515625
1 0.2171875 0.788671875 0.2015625 0.762109375 0.1859375 0.744921875 0.151171875 0.71796875 0.142578125 0.7171875 0.16875 0.768359375 0.1828125 0.787890625 0.219921875 0.81796875 0.24375 0.827734375 0.23984375 0.816796875 0.2171875 0.788671875
1 0.5296875 0.888671875 0.53046875 0.882421875 0.492578125 0.85546875 0.473828125 0.85 0.421484375 0.8453125 0.367578125 0.83515625 0.34453125 0.835546875 0.362109375 0.86171875 0.394921875 0.8796875 0.405078125 0.8890625 0.437890625 0.89609375 0.4953125 0.898828125 0.522265625 0.896875 0.5296875 0.888671875
1 0.714453125 0.85703125 0.7359375 0.837109375 0.7390625 0.812109375 0.718359375 0.81171875 0.680078125 0.8296875 0.608984375 0.8546875 0.60078125 0.862890625 0.59765625 0.874609375 0.611328125 0.8765625 0.623046875 0.88203125 0.623828125 0.88671875 0.628125 0.887109375 0.663671875 0.878125 0.714453125 0.85703125
1 0.462890625 0.91796875 0.434765625 0.90234375 0.32578125 0.878515625 0.341796875 0.89453125 0.374609375 0.915625 0.422265625 0.9265625 0.46796875 0.929296875 0.46953125 0.925390625 0.462890625 0.91796875
1 0.68359375 0.901171875 0.6875 0.887890625 0.677734375 0.8859375 0.587890625 0.91015625 0.57578125 0.916796875 0.575 0.922265625 0.581640625 0.93125 0.596875 0.932421875 0.666796875 0.91328125 0.68359375 0.901171875
1 0.349609375 0.9171875 0.309765625 0.89140625 0.25 0.865234375 0.276953125 0.8921875 0.293359375 0.903125 0.341796875 0.92265625 0.3546875 0.924609375 0.35625 0.922265625 0.349609375 0.9171875
1 0.9015625 0.408203125 0.8828125 0.361328125 0.87109375 0.344921875 0.863671875 0.33984375 0.841015625 0.34140625 0.83984375 0.346484375 0.84921875 0.381640625 0.86640625 0.397265625 0.883984375 0.42421875 0.8984375 0.430078125 0.90234375 0.421484375 0.9015625 0.408203125
1 0.872265625 0.7 0.90703125 0.678515625 0.9171875 0.658203125 0.925 0.633203125 0.91796875 0.626953125 0.915234375 0.61640625 0.902734375 0.62109375 0.89140625 0.637890625 0.878125 0.649609375 0.85078125 0.704296875 0.851171875 0.709375 0.85703125 0.708984375 0.866796875 0.70625 0.872265625 0.7
1 0.94296875 0.601171875 0.937109375 0.57421875 0.921875 0.594140625 0.915625 0.611328125 0.9171875 0.626953125 0.9296875 0.632421875 0.9359375 0.624609375 0.94296875 0.601171875
1 0.32109375 0.118359375 0.315234375 0.11796875 0.284765625 0.1296875 0.27734375 0.139453125 0.278515625 0.14375 0.28203125 0.143359375 0.316015625 0.12890625 0.32109375 0.118359375
1 0.53125 0.951171875 0.525390625 0.94453125 0.518359375 0.9421875 0.4296875 0.937109375 0.437890625 0.94609375 0.455078125 0.95703125 0.51953125 0.958203125 0.530859375 0.95390625 0.53125 0.951171875
1 0.795703125 0.87578125 0.81953125 0.841015625 0.82109375 0.831640625 0.749609375 0.88125 0.72890625 0.913671875 0.73046875 0.915234375 0.762109375 0.8984375 0.795703125 0.87578125
2 0.866796875 0.70546875 0.8609375 0.706640625 0.8609375 0.710546875 0.84453125 0.733984375 0.82734375 0.766015625 0.82421875 0.778515625 0.840625 0.758984375 0.866796875 0.70546875
2 0.880859375 0.7046875 0.87421875 0.708984375 0.86015625 0.732421875 0.8390625 0.771484375 0.83984375 0.775390625 0.8703125 0.730078125 0.880859375 0.7046875
2 0.894140625 0.7046875 0.890625 0.704296875 0.88203125 0.717578125 0.8765625 0.732421875 0.85078125 0.773046875 0.84921875 0.777734375 0.8515625 0.778515625 0.87578125 0.744921875 0.894140625 0.7046875