1 0.6586366532786885 0.8089628918032786 0.6631749614754098 0.8110275147540984 0.6845103959016393 0.8074098696721311 0.72713965 0.7908289721311476 0.7563300893442623 0.7753143827868852 0.7880607139344262 0.732901356557377 0.7907617778688525 0.7259878204918033 0.7891574860655738 0.7208907237704918 0.7812400614754098 0.7187692557377049 0.7190501983606558 0.7339275459016393 0.7083748655737705 0.7420987303278689 0.6586934983606558 0.805583774590164 0.6586366532786885 0.8089628918032786
1 0.11306883934426229 0.4239011868852459 0.09985073360655737 0.5714078975409835 0.10394951639344262 0.5877807303278688 0.11301090163934427 0.6046347 0.11742028934426231 0.6261822811475409 0.12466523606557377 0.6387308967213116 0.13447675 0.6464514057377049 0.14496631721311473 0.6611422950819672 0.16169136721311475 0.6715638680327869 0.17731406967213115 0.6765985459016394 0.18289230573770493 0.6700316524590164 0.18164988770491802 0.6493326590163935 0.18978354016393442 0.6031426040983606 0.19192432049180327 0.534980674590164 0.20163030819672131 0.4544198565573771 0.1998235262295082 0.41999224999999996 0.20381270163934426 0.39560353524590164 0.20247182622950818 0.3689380508196721 0.2108592393442623 0.3313018606557377 0.2244214 0.29335506639344266 0.22694077950819672 0.2617838245901639 0.2246584344262295 0.2497163467213115 0.21363088442622952 0.24336717540983607 0.21152464836065574 0.2385598762295082 0.20671734918032786 0.24066611229508197 0.20239118770491804 0.23780974672131144 0.18223575163934427 0.24810797459016395 0.1680676131147541 0.2629805475409836 0.15795664508196722 0.2848803459016393 0.1405078475409836 0.3056625655737705 0.1356076655737705 0.3191998393442623 0.11306883934426229 0.4239011868852459
1 0.07591786885245902 0.3630313918032787 0.07941625000000001 0.373727531147541 0.08453415327868852 0.37679604344262296 0.09250842295081967 0.37553839426229507 0.09766236475409835 0.3705549860655738 0.12461615327868854 0.3047987475409836 0.15747958852459018 0.24232316721311473 0.18561895 0.20064503852459017 0.2042005573770492 0.1598002655737705 0.22635819590163933 0.13094531885245903 0.226606381147541 0.12210165573770493 0.21488554590163936 0.12150682868852458 0.2003291524590164 0.12991096639344263 0.18056197213114755 0.1466776295081967 0.16855691393442623 0.16297838524590164 0.16066587049180328 0.18292724999999999 0.13681105737704918 0.21811613606557376 0.09495423278688525 0.29515368524590163 0.08758594098360656 0.31948555573770493 0.08301159426229508 0.3254728532786885 0.07591786885245902 0.3630313918032787
1 0.24396907213114755 0.8569631163934427 0.2498066426229508 0.8763476163934426 0.25536964590163935 0.8825054475409835 0.30618123524590163 0.9113949385245901 0.31589429180327866 0.9131489573770492 0.3242152040983607 0.9090141360655737 0.32282305901639347 0.9031252967213115 0.3003588967213115 0.8792857147540983 0.2702310696721311 0.861878530327869 0.24553175000000002 0.852714606557377 0.24396907213114755 0.8569631163934427
1 0.5232322573770491 0.05859540491803279 0.5320606885245902 0.07156831393442623 0.5952447852459016 0.08595268032786885 0.6021375139344262 0.08398093934426229 0.6127920401639344 0.07113695081967214 0.6322541909836066 0.06659306803278689 0.6347431073770491 0.06047127459016394 0.6324607631147541 0.048403797540983604 0.6030109885245901 0.03796699344262295 0.5884490196721311 0.028973603278688528 0.5567224762295082 0.02386684918032787 0.5460263368852459 0.027365230327868854 0.5447534565573771 0.032115685245901644 0.5485984795081967 0.039934652459016395 0.5418818590163934 0.04916657049180328 0.524003193442623 0.05413474754098361 0.5232322573770491 0.05859540491803279
1 0.6468258163934426 0.04546420573770492 0.6552659926229508 0.051968679508196725 0.6930006401639345 0.06632258278688524 0.7021701393442623 0.05902079180327868 0.6939213032786885 0.04705177213114754 0.6825263040983607 0.03890696885245901 0.652709081147541 0.026674532786885245 0.6356581959016394 0.02380293606557377 0.6468258163934426 0.04546420573770492
1 0.49508512131147536 0 0.4798666106557377 0.006667730327868853 0.4783815836065574 0.01220992786885246 0.489253831147541 0.015971725409836067 0.5273711598360656 0.01939653606557377 0.5648672786885246 0.01247185 0.5710251098360656 0.0069088467213114756 0.561911931147541 0 0.49508512131147536 0
1 0.8079111204918032 0.7348259090163934 0.8131635204918033 0.7358089909836065 0.84654005 0.7078386696721312 0.8684439295081968 0.6704298573770492 0.8741150475409837 0.6524319270491803 0.872510755737705 0.6473348303278689 0.8626063590163935 0.6510453573770492 0.8370696032786885 0.6798434598360656 0.8098980926229509 0.728993913114754 0.8079111204918032 0.7348259090163934
2 0.874798275409836 0.43452813032786886 0.8768268606557377 0.4380417426229508 0.883119187704918 0.43039330901639344 0.8938361327868852 0.43156773196721315 0.9102505786885245 0.43681455655737705 0.917050424590164 0.44627385327868857 0.9193480016393443 0.445616606557377 0.9166205565573771 0.4304598098360656 0.902943212295082 0.4102475295081967 0.8843504549180328 0.41629724672131146 0.878270274590164 0.423153937704918 0.874798275409836 0.43452813032786886
2 0.7281579704918032 0.29298124180327867 0.7362875418032787 0.2943109663934426 0.7429320860655738 0.3011828893442623 0.7460214049180328 0.3007377893442623 0.7471389836065574 0.29339995983606554 0.7508647426229508 0.29057963196721315 0.7549011057377049 0.29293405327868854 0.7548082237704918 0.3043650901639344 0.7614679991803278 0.29851228852459016 0.7769562065573771 0.3056323959016394 0.777437344262295 0.30066979426229506 0.7696128024590164 0.2871172893442623 0.7598012877049181 0.27939678032786885 0.752690836885246 0.26476273524590166 0.741720131147541 0.2550344467213115 0.7312929836065574 0.254361968852459 0.7301033295081967 0.27780363852459017 0.7190397409836066 0.27950638770491804 0.7103305737704918 0.2771727737704918 0.7281579704918032 0.29298124180327867
2 0.703349043442623 0.24305577049180327 0.7112664680327869 0.2451772385245902 0.7240480368852459 0.24181335327868853 0.727158162295082 0.24604105655737707 0.7386668508196721 0.24742762622950817 0.747474475409836 0.25572773196721316 0.7529390221311475 0.25591907213114756 0.7511794278688525 0.2482346008196721 0.7372538991803278 0.23686598278688523 0.7295070081967213 0.22460716557377047 0.7244875622950819 0.2275051442622951 0.7184226131147541 0.22163711065573768 0.7128235713114754 0.22353119999999999 0.7092891524590164 0.220886981147541 0.7046371557377049 0.2255805918032787 0.703349043442623 0.24305577049180327
2 0.6499653114754098 0.20159685819672132 0.6582501852459017 0.20551395737704917 0.6674252590163935 0.2156096942622951 0.6728121540983607 0.2145073475409836 0.6901167991803279 0.22593280901639345 0.7034211196721312 0.2269519295081967 0.7071108401639344 0.23218352295081965 0.7243170286885247 0.23764249426229506 0.7282757409836066 0.23870322786885245 0.7340092786885246 0.23472370901639344 0.7242906467213115 0.21557216229508197 0.6891017598360656 0.19171734918032787 0.6616597647540984 0.18012135327868853 0.6555587778688524 0.18230524016393443 0.6499236983606558 0.19225125 0.6499653114754098 0.20159685819672132