1 0.1264324347471452 0.6066611549755302 0.13911540538336054 0.6360274151712888 0.15113828874388255 0.6793399257748777 0.16972745921696575 0.7230109290375204 0.17254965660685156 0.7399842830342578 0.20790448531810765 0.7837093955954323 0.2342663246329527 0.7982190448613377 0.26005918841761827 0.8045919567699837 0.26062537601957586 0.7951493621533442 0.24529090130505712 0.7512507683523655 0.22147830179445352 0.7030391084828711 0.21320508564437193 0.6782704021207178 0.18734974877650895 0.6359251517128874 0.1757991541598695 0.5876737006525286 0.16126124551386622 0.5551665399673736 0.1450418800978793 0.5395388336052203 0.1374912251223491 0.5367962169657423 0.1260627903752039 0.5429101117455138 0.12315226835236541 0.5655990774877652 0.1264324347471452 0.6066611549755302
1 0.10833620554649266 0.33033356117455137 0.12704791517128874 0.3114455831973899 0.15268161663947796 0.2687704779771615 0.16728795350734096 0.25548431647634584 0.19926035318107668 0.20991300897226753 0.24396704404567698 0.15936297145187603 0.2481094176182708 0.14844382626427408 0.2448917251223491 0.143354088091354 0.23192984257748775 0.14507812398042413 0.20615966231647634 0.16241554730831975 0.19149642740619902 0.1748880342577488 0.16009021615008157 0.2110167471451876 0.11489412969004895 0.2779540562805873 0.10859522267536705 0.29311226264274065 0.10481412969004895 0.3150444518760196 0.10833620554649266 0.33033356117455137
2 0.5622794999999999 0.706599323817292 0.5871249991843394 0.7052707838499184 0.5654971924959218 0.7116890619902121 0.5718557854812398 0.7149238621533442 0.6335811973898858 0.7089722952691679 0.6603357438825449 0.6940189967373572 0.6665976484502447 0.6841781182707993 0.6570981557911909 0.6827982561174551 0.6476925636215335 0.6769147398042414 0.6378715807504078 0.6767838376835237 0.5596108882544861 0.7035153213703099 0.5622794999999999 0.706599323817292
3 0.08027896900489397 0.2448067022838499 0.09382414763458402 0.22219174143556283 0.12977101549755302 0.18083960032626428 0.20006008646003262 0.12195944861337685 0.24304831810766722 0.0936061924959217 0.2498593034257749 0.08577105057096249 0.31727485562805874 0.04426253588907015 0.3199036769983687 0.03508453344208809 0.3485131615008156 0.02327213458401305 0.35500265660685154 0.016685951060358892 0.32794372675367045 0.021439879282218594 0.26904051223491027 0.04436479934747145 0.2300637520391517 0.07161989396411092 0.17595146818923327 0.11628641517128875 0.16100374551386623 0.12469053425774879 0.13623782707993476 0.15054308319738988 0.1153325823817292 0.1789874502446982 0.07999448123980424 0.24073833360522023 0.08027896900489397 0.2448067022838499
3 0.15818206117455139 0.8268424698205546 0.1830132414355628 0.8545415921696573 0.1962226092985318 0.8622032544861337 0.2267495057096248 0.8895040938009788 0.25740730424143554 0.9069839502446981 0.2876668197389886 0.9187680905383361 0.3176987446982056 0.9272975350734095 0.32702754404567697 0.9262363760195759 0.32134893556280586 0.915186328711256 0.303331528548124 0.897231396411093 0.2644403042414356 0.8672448376835238 0.22564576753670473 0.8503339575856445 0.17753675122349102 0.8054565734094618 0.1729960938009788 0.8106800016313214 0.16073408972267536 0.8107197920065252 0.15282494208809136 0.8145434632952692 0.15818206117455139 0.8268424698205546
1 0.3355426704730832 0.925232114192496 0.3615062259380098 0.9340460473083199 0.38646552039151716 0.9343448548123979 0.36507962398042415 0.9149901647634584 0.319149823817292 0.8895840538336052 0.29301557422512237 0.8783290995106037 0.2756439371941272 0.8754555799347472 0.3355426704730832 0.925232114192496
2 0.5625695644371941 0.7458263580750407 0.5794490179445351 0.7475078156606851 0.5685497683523654 0.7494964437194127 0.5667716231647635 0.7533002194127243 0.5713890734094617 0.7550214673735727 0.5972559412724306 0.7507597226753671 0.6145137838499185 0.7520058939641109 0.649632658238173 0.7397383132137031 0.6551377871125612 0.7307680065252854 0.6412285399673736 0.724790590538336 0.6297802096247961 0.7247734828711255 0.598672805872757 0.735942901305057 0.571992264274062 0.740261544045677 0.5673378115823817 0.7438576247960849 0.562341973898858 0.7425716631321371 0.5625695644371941 0.7458263580750407
2 0.5752326394779772 0.769061616639478 0.5626889355628059 0.7826123711256118 0.6049430742251224 0.7788400212071778 0.6326620921696574 0.7601398433931484 0.6302580734094617 0.7549932079934747 0.6114297814029365 0.7546745057096248 0.590558751223491 0.7602222120717781 0.5522591859706362 0.7620827267536704 0.5752326394779772 0.769061616639478
2 0.6526899176182709 0.21050339722675365 0.6943408662316476 0.22149097063621534 0.6999227871125612 0.21946533931484502 0.7046711394779772 0.2113656044045677 0.7035160799347472 0.20654045921696573 0.6988417324632952 0.20400553752039152 0.6802979282218597 0.20775520473083195 0.6479387773246329 0.20102379934747144 0.6526899176182709 0.21050339722675365
1 0.3741182251223491 0.038652354812398045 0.4073650546492659 0.03469220554649266 0.42961594698205546 0.019645005709624797 0.41587739233278953 0.016108610929853183 0.39152407667210437 0.018629212887438823 0.37144961337683524 0.03556835318107667 0.3741182251223491 0.038652354812398045
2 0.8324601215334421 0.34919834176182707 0.8480536141924959 0.3558756370309951 0.8484121068515498 0.3493093491027732 0.8424689045676997 0.3403219355628059 0.83578882137031 0.3383360946166395 0.8285795530179445 0.3404755212071778 0.8324601215334421 0.34919834176182707
3 0.7481316590538336 0.17807340783034256 0.7584647210440457 0.18552737438825448 0.7590336965742251 0.19366411256117455 0.78651638091354 0.23589556769983686 0.7891109877650897 0.24961422675367048 0.7964169453507342 0.26055047879282217 0.8027783254486134 0.28136461174551386 0.8151370179445351 0.2944004991843393 0.8289352577487765 0.3163299004893964 0.8349552528548123 0.3322619902120718 0.8463295783034258 0.34291375448613376 0.8495671663947798 0.3541344942903752 0.8585573678629691 0.3657706247960848 0.8682275538336053 0.36959150815660685 0.8808508384991842 0.38056476264274064 0.8929079355628058 0.40098061174551386 0.9033205783034258 0.43295858646003266 0.9156621631321371 0.4574428050570963 0.9217788458401306 0.48645057259380103 0.9321318026101142 0.5000355407830342 0.937807623980424 0.49350625611745513 0.9388090978792821 0.48444204893964116 0.9363796076672104 0.43800574632952693 0.9235032610114192 0.38248812887438827 0.8984958123980423 0.31718931973898856 0.9015400236541599 0.3022587039151713 0.8956907218597064 0.2887676353996737 0.8648395473083197 0.2451364225122349 0.8585947495921697 0.24352897063621531 0.8571380946166395 0.24608378711256115 0.8427736672104406 0.23359698042414356 0.8093306729200653 0.19382644127243065 0.8017800187601958 0.19108382463295268 0.7886645505709625 0.17891850815660687 0.7598616900489397 0.16457955138662317 0.7507974828711256 0.16357807748776507 0.7437020097879282 0.16734485154975529 0.7481316590538336 0.17807340783034256
3 0.7052437960848287 0.8392826386623164 0.7100888360522023 0.8442585807504079 0.7306013735725938 0.8452771623164764 0.7578679983686786 0.8376469265905384 0.7736862936378467 0.8299995840130505 0.821744367862969 0.7922976337683524 0.8534521737357259 0.7487889592169658 0.8684910089722675 0.7183018531810766 0.9005600962479607 0.6858062243066885 0.9190016362153344 0.6338222145187602 0.9211752765089724 0.6181348221859707 0.9190358507340947 0.6109255530179445 0.9068677463295269 0.6064616892332789 0.9020426011419249 0.607616748776509 0.8983156174551387 0.6127832789559543 0.8911063491027733 0.6149227055464926 0.8747417618270799 0.6381436451876019 0.8501437479608484 0.6488578825448613 0.8350651223491028 0.6670829836867863 0.8287833230016313 0.6707928597063622 0.8147232781402937 0.6685054241435563 0.809955030995106 0.6704741574225123 0.7996076500815661 0.6920478539967373 0.7901479477977161 0.7029299967373573 0.7790410032626428 0.7077949323001631 0.7528753278955955 0.737015971451876 0.7398052259380098 0.7722713246329528 0.7040119437194128 0.8275128172920065 0.7052437960848287 0.8392826386623164
2 0.8489325489396411 0.40937041109298533 0.864090756117455 0.4156693181076672 0.8690098009787928 0.4100106044045677 0.8686115179445351 0.40431488743882543 0.8627821109298532 0.39695482137030996 0.8478343874388254 0.4053589396411093 0.8489325489396411 0.40937041109298533
2 0.8454474755301794 0.3887639738988581 0.8587137414355627 0.3972393091353997 0.8636526818923328 0.3977115970636215 0.8670012773246328 0.39298035236541595 0.862950015497553 0.3818165097879282 0.8573481990212072 0.3777111386623165 0.8455982732463295 0.3850739934747145 0.8454474755301794 0.3887639738988581