1 0.78984375 0.458984375 0.79296875 0.515234375 0.803125 0.537109375 0.805859375 0.53828125 0.811328125 0.53203125 0.822265625 0.5328125 0.835546875 0.52890625 0.838671875 0.5203125 0.862109375 0.5109375 0.866015625 0.5046875 0.86484375 0.461328125 0.85859375 0.423828125 0.847265625 0.41953125 0.825390625 0.434375 0.800390625 0.4328125 0.79921875 0.439453125 0.790625 0.448828125 0.78984375 0.458984375
2 0.685546875 0.69765625 0.686328125 0.68984375 0.662109375 0.6890625 0.633203125 0.69296875 0.6296875 0.694921875 0.6265625 0.708984375 0.630078125 0.7125 0.653515625 0.71015625 0.667578125 0.7015625 0.685546875 0.69765625
2 0.679296875 0.67734375 0.663671875 0.68125 0.631640625 0.68046875 0.625390625 0.68203125 0.621875 0.689453125 0.630859375 0.69453125 0.660546875 0.69140625 0.677734375 0.68203125 0.679296875 0.67734375
2 0.572265625 0.63359375 0.593359375 0.63046875 0.595703125 0.6265625 0.590234375 0.61875 0.555859375 0.61328125 0.537109375 0.61875 0.52578125 0.628515625 0.52578125 0.632421875 0.548828125 0.63984375 0.562890625 0.6390625 0.572265625 0.63359375
2 0.520703125 0.5125 0.518359375 0.49375 0.501953125 0.490625 0.490234375 0.4984375 0.486328125 0.49765625 0.484375 0.501171875 0.501953125 0.51640625 0.514453125 0.51640625 0.520703125 0.5125
2 0.470703125 0.575 0.471484375 0.57109375 0.425390625 0.56796875 0.416015625 0.571875 0.41484375 0.576953125 0.436328125 0.5875 0.451953125 0.590625 0.462890625 0.58515625 0.46484375 0.576171875 0.470703125 0.575
2 0.416015625 0.62421875 0.391796875 0.625 0.38828125 0.632421875 0.398046875 0.63828125 0.410546875 0.640625 0.4234375 0.636328125 0.423828125 0.6265625 0.416015625 0.62421875
1 0.533203125 0.828125 0.573046875 0.83203125 0.5796875 0.826953125 0.58359375 0.807421875 0.58359375 0.791015625 0.58046875 0.782421875 0.584375 0.776953125 0.583984375 0.76953125 0.582421875 0.7640625 0.576953125 0.76328125 0.5546875 0.771484375 0.54921875 0.783984375 0.5453125 0.808984375 0.533203125 0.81171875 0.52890625 0.816015625 0.533203125 0.828125
3 0.535546875 0.8828125 0.53359375 0.873046875 0.526953125 0.865625 0.505859375 0.85859375 0.458984375 0.8546875 0.439453125 0.85859375 0.334765625 0.84140625 0.325390625 0.8421875 0.30546875 0.851171875 0.30546875 0.858203125 0.313671875 0.8671875 0.371875 0.895703125 0.369921875 0.90078125 0.355859375 0.9015625 0.357421875 0.909375 0.372265625 0.91484375 0.429296875 0.92578125 0.475390625 0.9296875 0.566796875 0.92578125 0.634765625 0.9109375 0.657421875 0.90234375 0.658203125 0.89765625 0.640234375 0.896875 0.601953125 0.9046875 0.586328125 0.9015625 0.573046875 0.90625 0.562109375 0.90625 0.56015625 0.893359375 0.553515625 0.88515625 0.535546875 0.8828125
0 0.21015625 0.623046875 0.192578125 0.61328125 0.167578125 0.6125 0.16484375 0.620703125 0.17265625 0.650390625 0.1796875 0.662890625 0.18203125 0.689453125 0.204296875 0.70859375 0.226953125 0.71796875 0.228515625 0.7125 0.22578125 0.697265625 0.2171875 0.680078125 0.2171875 0.669921875 0.21171875 0.654296875 0.20546875 0.646484375 0.2046875 0.638671875 0.2109375 0.630859375 0.21015625 0.623046875
0 0.31796875 0.839453125 0.304296875 0.82265625 0.269140625 0.8015625 0.262890625 0.79296875 0.258984375 0.796875 0.244921875 0.7921875 0.219921875 0.77734375 0.2171875 0.779296875 0.225 0.805859375 0.23828125 0.833984375 0.282421875 0.88203125 0.326171875 0.89921875 0.354296875 0.8984375 0.356640625 0.89375 0.353515625 0.89453125 0.35390625 0.890234375 0.346484375 0.88515625 0.316015625 0.87109375 0.303125 0.858984375 0.3 0.850390625 0.316015625 0.84296875 0.31796875 0.839453125
0 0.241015625 0.1640625 0.21953125 0.187890625 0.209375 0.208203125 0.20390625 0.211328125 0.19296875 0.233203125 0.18828125 0.235546875 0.1859375 0.245703125 0.17265625 0.266796875 0.17109375 0.277734375 0.1625 0.290234375 0.1484375 0.330859375 0.14765625 0.352734375 0.140625 0.378515625 0.14375 0.393359375 0.1953125 0.369921875 0.20390625 0.341796875 0.209375 0.340234375 0.21953125 0.321484375 0.226953125 0.31796875 0.24296875 0.301171875 0.24453125 0.291015625 0.2421875 0.281640625 0.25546875 0.262890625 0.2515625 0.258203125 0.25234375 0.250390625 0.259765625 0.246875 0.26640625 0.234765625 0.271875 0.230859375 0.27265625 0.218359375 0.281640625 0.21015625 0.287890625 0.20859375 0.314453125 0.1796875 0.325 0.172265625 0.3265625 0.163671875 0.33203125 0.160546875 0.32890625 0.158203125 0.330078125 0.15546875 0.337890625 0.1546875 0.341796875 0.1578125 0.344921875 0.15390625 0.357421875 0.153125 0.358984375 0.14765625 0.369140625 0.14296875 0.390234375 0.1390625 0.412890625 0.128125 0.401171875 0.121875 0.398046875 0.11328125 0.369921875 0.11640625 0.360546875 0.12109375 0.321484375 0.12734375 0.314453125 0.13359375 0.280078125 0.1453125 0.241015625 0.1640625
3 0.331640625 0.16875 0.291015625 0.2078125 0.27421875 0.219140625 0.27734375 0.223046875 0.2703125 0.242578125 0.24453125 0.281640625 0.24765625 0.292578125 0.24609375 0.300390625 0.21796875 0.328515625 0.2 0.352734375 0.196875 0.379296875 0.1921875 0.391796875 0.19453125 0.415234375 0.18828125 0.437109375 0.196484375 0.46875 0.204296875 0.475 0.213671875 0.47421875 0.2265625 0.455078125 0.2375 0.446484375 0.2625 0.391796875 0.2734375 0.382421875 0.28203125 0.366015625 0.29765625 0.349609375 0.303125 0.338671875 0.328125 0.315234375 0.33671875 0.299609375 0.36796875 0.271484375 0.3765625 0.246484375 0.393359375 0.23515625 0.394921875 0.23046875 0.408984375 0.2265625 0.431640625 0.19921875 0.458203125 0.1890625 0.461328125 0.1796875 0.45625 0.173046875 0.45703125 0.163671875 0.45 0.156640625 0.45234375 0.152734375 0.437890625 0.13984375 0.416015625 0.13984375 0.382421875 0.1453125 0.331640625 0.16875
3 0.1984375 0.525390625 0.20078125 0.560546875 0.19609375 0.574609375 0.2015625 0.583984375 0.19609375 0.592578125 0.2015625 0.611328125 0.212109375 0.6203125 0.219140625 0.6109375 0.241015625 0.59921875 0.2265625 0.577734375 0.2171875 0.545703125 0.2125 0.520703125 0.2125 0.485546875 0.209765625 0.48125 0.196484375 0.47578125 0.19375 0.509765625 0.1984375 0.525390625
3 0.31328125 0.691796875 0.260546875 0.63984375 0.240234375 0.63046875 0.227734375 0.6328125 0.2203125 0.648828125 0.2140625 0.654296875 0.21875 0.679296875 0.23203125 0.706640625 0.2328125 0.725390625 0.23828125 0.745703125 0.2671875 0.783203125 0.27109375 0.799609375 0.323828125 0.8375 0.365234375 0.84453125 0.371484375 0.84375 0.372265625 0.83984375 0.36796875 0.830078125 0.3625 0.826171875 0.34921875 0.792578125 0.34921875 0.787890625 0.35390625 0.783984375 0.34375 0.777734375 0.33828125 0.766015625 0.31328125 0.691796875
3 0.219921875 0.6515625 0.22578125 0.634765625 0.237109375 0.63125 0.259765625 0.6390625 0.262109375 0.62734375 0.251171875 0.6078125 0.241015625 0.60234375 0.233984375 0.603125 0.217578125 0.61171875 0.21171875 0.619140625 0.20703125 0.647265625 0.212109375 0.653125 0.219921875 0.6515625