1 0.49917479335494325 0.4533474862236629 0.4667625486223663 0.448708982171799 0.4464565186385737 0.4371312925445705 0.40776643679092384 0.44146146920583473 0.4036876799027553 0.4470269692058346 0.39538311750405186 0.479289393841167 0.39006349918962724 0.4845354878444084 0.39270335413290114 0.533904340356564 0.40815899108589954 0.5458212025931929 0.41677150324149104 0.5586227585089141 0.4278064424635332 0.5537893622366289 0.46520190356564023 0.5657967463533226 0.48795012560777956 0.5658307390599676 0.5062041239870341 0.5596801855753647 0.5089289602917342 0.5521784813614262 0.49917479335494325 0.4533474862236629
1 0.2671390478119935 0.4285492487844409 0.26067185737439225 0.42900147893030793 0.2521921693679092 0.42390797568881683 0.23613725121555917 0.42665534764991897 0.22957677066450566 0.4315820356564019 0.22209760291734199 0.4524138200972447 0.22228972528363047 0.4783956377633712 0.2231376564019449 0.49052161831442465 0.23077218395461913 0.500954507293355 0.25120826742301455 0.5027748833063209 0.27156805591572125 0.49769560615883307 0.2665425372771475 0.4606788500810373 0.2699599448946515 0.434038453808752 0.2671390478119935 0.4285492487844409
2 0.698901911669368 0.7712268419773096 0.6828469943273906 0.7739742139384116 0.6594627293354943 0.7938873128038898 0.6746724862236628 0.7964793249594814 0.6952951523500811 0.789350786871961 0.7011602917341977 0.786097425445705 0.7018358670988655 0.7783328444084279 0.698901911669368 0.7712268419773096
3 0.5857569335494328 0.8550935858995138 0.5852086426256078 0.8356354870340357 0.5682125024311183 0.8307313354943274 0.5395058492706645 0.8384251620745542 0.5237901045380875 0.8460229270664504 0.5054258184764993 0.868022049432739 0.5105220915721231 0.877007726904376 0.5255820275526742 0.8832657982171799 0.5828087528363047 0.8768270607779579 0.5886173638573744 0.8727653006482983 0.5917181353322528 0.8648311329011346 0.5857569335494328 0.8550935858995138
3 0.5466853768233387 0.8249254943273906 0.5427762066450568 0.8329161904376013 0.5425105591572124 0.8175000858995138 0.5255709481361426 0.813404333063209 0.4676318857374392 0.8328905081037277 0.46031953484602917 0.8386821231766612 0.45857268395461914 0.8485524943273905 0.4675413646677472 0.8548303314424636 0.48664329416531604 0.8608057593192868 0.5087527042139384 0.8633214764991897 0.526910641815235 0.8441800145867099 0.5473071928687196 0.8338178808752026 0.5466853768233387 0.8249254943273906
3 0.4479476726094003 0.8302052042139385 0.4195406588330632 0.8305669132901133 0.38017223176661263 0.8251963055105348 0.3742505632090762 0.8276412674230146 0.39256386061588333 0.839764478930308 0.4232094878444084 0.8481820988654781 0.4539851685575365 0.8468424051863858 0.45971748460291734 0.8358809918962723 0.4479476726094003 0.8302052042139385
3 0.4396347998379254 0.8100715307941654 0.4391430372771475 0.7914218306320908 0.42959207293354945 0.788434116693679 0.40874329173419777 0.7923290607779578 0.39992720016207456 0.7998505307941652 0.39763482820097246 0.8077281693679093 0.3703753857374392 0.8128837414910859 0.36704849918962723 0.8175843144246353 0.43456106239870335 0.8246424740680713 0.4521197196110211 0.8201652471636953 0.4396347998379254 0.8100715307941654
3 0.7191059643435981 0.8510491985413291 0.7116042601296596 0.8483243622366289 0.6823888484602918 0.8487425996758509 0.6705652771474878 0.8597237795786061 0.6546459529983792 0.8876445705024311 0.688222765802269 0.8857028273905996 0.7194281401944894 0.8672737025931928 0.7170397066450567 0.86216043273906 0.7202535356564019 0.8558430623987034 0.7191059643435981 0.8510491985413291
3 0.8203593857374393 0.8236600794165315 0.813835666936791 0.8233039108589951 0.7286541588330632 0.8365715461912479 0.7326028614262561 0.8407633598055105 0.7241627050243111 0.8478523662884927 0.7132803565640194 0.8664850696920584 0.7200867188006482 0.8708832325769854 0.7115165089141006 0.8877295518638574 0.722328102917342 0.8971279270664505 0.7304120899513776 0.8965626393841167 0.7571627739059967 0.884131478930308 0.7975036458670989 0.856940021069692 0.8213938995137763 0.8268371458670989 0.8203593857374393 0.8236600794165315
3 0.5711800737439222 0.9312554238249594 0.5582456936790924 0.9321598841166936 0.5575108200972447 0.9216507001620746 0.5203244781199352 0.9242510226904376 0.5057337682333873 0.9130860299837925 0.47820867828200975 0.9028254975688816 0.45978509319286875 0.9065508549432739 0.43212994975688823 0.9060476361426256 0.39990705753646677 0.9099255834683955 0.3903390964343598 0.9183119805510535 0.39267100162074553 0.9226168525121555 0.4139352495948136 0.9304719546191247 0.4079202901134522 0.9373913743922205 0.4152721734197731 0.9437822698541328 0.43939408184764994 0.9518437204213939 0.47385558833063207 0.9567451021069693 0.5355765364667747 0.9564909108589952 0.556086145056726 0.947745574554295 0.5604843071312804 0.9409392123176661 0.5730229862236629 0.9343759611021069 0.5711800737439222 0.9312554238249594
3 0.3732219659643436 0.7432286256077796 0.2987279141004862 0.6944163743922204 0.28310269043760133 0.6800743160453809 0.2713328776337115 0.6743985283630469 0.26509180307941654 0.6780843533225284 0.25377422042139386 0.6788757560777957 0.2427562779578606 0.6723350413290113 0.23527434116693677 0.6757014594813614 0.23664802674230145 0.6837289181523502 0.2328886766612642 0.6880535559157213 0.23529687682333872 0.6992580810372772 0.24469802188006481 0.7059118533225284 0.26884246677471635 0.7375299254457051 0.30248134764991896 0.7713273128038898 0.3215267487844408 0.7764943419773096 0.32214579497568885 0.7679213614262561 0.3296842609400324 0.7653633419773095 0.3340258946515397 0.7577485810372772 0.35843044732576984 0.7698520259319287 0.38273893841166934 0.7689645615883307 0.3732219659643436 0.7432286256077796
3 0.42512264505672615 0.10880834440842788 0.4183162828200973 0.10441018233387357 0.3666182949756888 0.1202105316045381 0.3562984643435981 0.12946185656401946 0.35966488249594813 0.13694379416531605 0.36791845623987035 0.13880370259319288 0.40256654538087516 0.13475616936790924 0.4177000064829822 0.13044852836304702 0.4273047301458671 0.11677927471636954 0.4464236564019449 0.1113805907617504 0.42512264505672615 0.10880834440842788
3 0.4940966458670989 0.08448877390599675 0.4602004270664506 0.08767138006482982 0.43786767260940035 0.09938743354943273 0.44209901863857376 0.10762124068071312 0.4548835786061588 0.11038283954619124 0.444224574554295 0.11478377228525123 0.4428904213938412 0.11893882333873583 0.5048544805510534 0.11054411588330632 0.5048714764991896 0.09917000486223664 0.4940966458670989 0.08448877390599675
3 0.6108480072933549 0.09866439303079418 0.5898833987034036 0.08347717260940032 0.5732066653160454 0.07733215883306321 0.5266757066450567 0.07408710777957861 0.5042101280388979 0.07809510858995138 0.4914085721231767 0.08670762155591571 0.49740653565640197 0.09116231280388978 0.5012054181523501 0.09902018476499189 0.49825446677471635 0.10328829335494327 0.5048544805510534 0.11054411588330632 0.5492033541329011 0.10581823743922203 0.5770280834683954 0.10874665235008103 0.6109808314424635 0.10637244489465154 0.6124280421393842 0.10383419124797408 0.6108480072933549 0.09866439303079418
3 0.713065188006483 0.10248341815235008 0.6683546053484604 0.07880228282009724 0.6453237398703403 0.07472629659643436 0.5981539683954619 0.07396297001620745 0.5849567115072933 0.07691669124797407 0.596859347649919 0.09030053160453809 0.6181433622366288 0.10424688897893031 0.6563472220421394 0.11619774392220421 0.6715372115072934 0.11269850162074554 0.7055294918962722 0.1225068038897893 0.726491329821718 0.12022865802269045 0.713065188006483 0.10248341815235008
3 0.7760495348460292 0.12610525445705026 0.7531289562398703 0.10618069935170178 0.7322406426256078 0.09789313290113452 0.7184045729335494 0.1033285794165316 0.7205866580226904 0.11129950891410048 0.7341626199351702 0.1253786904376013 0.7907165397082657 0.14416990032414911 0.7760495348460292 0.12610525445705026
3 0.3517504813614262 0.13993427795786062 0.3226481272285251 0.1419693128038898 0.3084361215559157 0.14783722285251213 0.30063477795786064 0.15244450405186385 0.2905975907617504 0.16573782252836305 0.28699083063209074 0.1838617674230146 0.29325167179902756 0.18626719692058347 0.35895254538087523 0.14999123176661264 0.3517504813614262 0.13993427795786062
3 0.3431126628849271 0.08611073419773095 0.335837074554295 0.08661949351701782 0.2884071961102107 0.10537079416531604 0.24511537277147488 0.13683035980551056 0.24205413371150727 0.15694703727714748 0.2513224546191248 0.15589275769854133 0.3013075834683955 0.127214556726094 0.33320829902755267 0.10711210534846029 0.3468550170178282 0.09316020826580228 0.3431126628849271 0.08611073419773095
3 0.28539102917341974 0.17260071393841167 0.28010817341977307 0.17256395137763372 0.25773865559157216 0.18956286061588332 0.25480470097244734 0.18245685818476498 0.24850709724473258 0.1853342844408428 0.2250493071312804 0.215813095623987 0.22988270340356562 0.2268480340356564 0.23591742949756891 0.2260198695299838 0.2747545623987034 0.20055826742301458 0.2842094659643436 0.19055507212317666 0.28633225202593193 0.18025223743922206 0.28539102917341974 0.17260071393841167
3 0.21984274635332254 0.22267598703403566 0.21224775121555917 0.2244256077795786 0.1841459173419773 0.2523859311183144 0.1764773978930308 0.2647012649918963 0.18083879740680714 0.26317775850891406 0.18527649270664506 0.2685539059967585 0.22001510210696917 0.24256654943273903 0.22285299594813615 0.2366816426256078 0.21984274635332254 0.22267598703403566
2 0.2243951385737439 0.5956332212317667 0.21638744651539707 0.603098162884927 0.2174784886547812 0.6070836280388979 0.22985035089141004 0.615560546191248 0.23641083225283632 0.6106338589951378 0.23951160372771477 0.6026996912479741 0.2243951385737439 0.5956332212317667
1 0.17505196920583468 0.523128755267423 0.17309599918962723 0.5183914205834684 0.16504877471636953 0.5136738517017828 0.15882746596434358 0.5234509319286872 0.16041027066450567 0.5460860964343598 0.16971812398703404 0.557214326580227 0.1769937131280389 0.5567055680713128 0.17505196920583468 0.523128755267423