1 0.56953125 0.798828125 0.58359375 0.728515625 0.59296875 0.714453125 0.5859375 0.709765625 0.58203125 0.698046875 0.573828125 0.69296875 0.512890625 0.6890625 0.487109375 0.6921875 0.474609375 0.696875 0.46640625 0.713671875 0.4703125 0.723046875 0.4703125 0.758203125 0.465625 0.789453125 0.4671875 0.808203125 0.470703125 0.8125 0.487890625 0.81640625 0.5453125 0.816015625 0.558984375 0.8125 0.56953125 0.798828125
1 0.176171875 0.68125 0.157421875 0.6734375 0.15625 0.679296875 0.1671875 0.723828125 0.184375 0.757421875 0.202734375 0.77734375 0.222265625 0.7890625 0.22734375 0.788671875 0.1875 0.694140625 0.176171875 0.68125
1 0.16953125 0.481640625 0.160546875 0.4796875 0.15390625 0.483984375 0.153125 0.524609375 0.1453125 0.538671875 0.14765625 0.593359375 0.15546875 0.621484375 0.169921875 0.63203125 0.1828125 0.633984375 0.1734375 0.501953125 0.16953125 0.481640625
1 0.204296875 0.42109375 0.20859375 0.416796875 0.21796875 0.394140625 0.21796875 0.383984375 0.21484375 0.375390625 0.207421875 0.36953125 0.199609375 0.36875 0.192578125 0.371875 0.181640625 0.36953125 0.1640625 0.388671875 0.16015625 0.434765625 0.16484375 0.451171875 0.16953125 0.454296875 0.197265625 0.421875 0.204296875 0.42109375
1 0.25859375 0.283984375 0.2671875 0.269140625 0.29453125 0.238671875 0.30234375 0.223828125 0.302734375 0.21484375 0.275390625 0.2234375 0.253125 0.241015625 0.2234375 0.283203125 0.21875 0.299609375 0.22421875 0.301953125 0.248828125 0.2921875 0.25859375 0.283984375
1 0.294140625 0.20546875 0.309765625 0.196875 0.32109375 0.183984375 0.32109375 0.179296875 0.316015625 0.178125 0.295703125 0.184375 0.273828125 0.19609375 0.247265625 0.21796875 0.240625 0.227734375 0.240625 0.240234375 0.24375 0.242578125 0.250390625 0.240625 0.294140625 0.20546875
1 0.52265625 0.193359375 0.5140625 0.172265625 0.506640625 0.16640625 0.476171875 0.165625 0.45546875 0.173046875 0.453125 0.190234375 0.458203125 0.21171875 0.5171875 0.212109375 0.521875 0.208203125 0.52265625 0.193359375
3 0.13984375 0.601171875 0.1421875 0.548828125 0.15078125 0.522265625 0.15234375 0.485546875 0.165625 0.455859375 0.1625 0.439453125 0.159375 0.436328125 0.1640625 0.410546875 0.16328125 0.387890625 0.18515625 0.340234375 0.21484375 0.301171875 0.2234375 0.277734375 0.23828125 0.255859375 0.23984375 0.231640625 0.24765625 0.213671875 0.275390625 0.1890625 0.278515625 0.19296875 0.2828125 0.177734375 0.294140625 0.1703125 0.299609375 0.1625 0.324609375 0.146875 0.337890625 0.13125 0.3421875 0.130078125 0.343359375 0.12578125 0.358203125 0.1234375 0.383984375 0.1078125 0.400390625 0.103125 0.400390625 0.10078125 0.381640625 0.1015625 0.347265625 0.11015625 0.304296875 0.12578125 0.273828125 0.14140625 0.263671875 0.15390625 0.251171875 0.16171875 0.2421875 0.172265625 0.22421875 0.208203125 0.1890625 0.242578125 0.1484375 0.316015625 0.1375 0.344140625 0.12265625 0.358203125 0.11640625 0.368359375 0.09609375 0.417578125 0.0953125 0.429296875 0.0796875 0.483984375 0.07890625 0.501171875 0.08125 0.516015625 0.08984375 0.533203125 0.1015625 0.587890625 0.11640625 0.614453125 0.1234375 0.615234375 0.131640625 0.61171875 0.13984375 0.601171875
3 0.167578125 0.7546875 0.1703125 0.751171875 0.16328125 0.730859375 0.121875 0.658203125 0.109765625 0.64765625 0.100390625 0.64609375 0.096875 0.651171875 0.0984375 0.662890625 0.125 0.723828125 0.1515625 0.758984375 0.157421875 0.76484375 0.16171875 0.764453125 0.16015625 0.753515625 0.167578125 0.7546875
3 0.788671875 0.81796875 0.796484375 0.8171875 0.805078125 0.81015625 0.81875 0.794921875 0.82265625 0.785546875 0.86171875 0.733203125 0.87734375 0.703515625 0.88203125 0.687109375 0.88984375 0.629296875 0.887890625 0.62109375 0.876171875 0.62734375 0.859375 0.643359375 0.8390625 0.679296875 0.82734375 0.688671875 0.79765625 0.726171875 0.77890625 0.757421875 0.7765625 0.776171875 0.7484375 0.799609375 0.740625 0.820703125 0.73203125 0.833203125 0.73203125 0.836328125 0.7375 0.839453125 0.7359375 0.843359375 0.7421875 0.845703125 0.768359375 0.83359375 0.788671875 0.81796875
1 0.77578125 0.763671875 0.8046875 0.712109375 0.81015625 0.687109375 0.808203125 0.66640625 0.794921875 0.66640625 0.779296875 0.67265625 0.76484375 0.683984375 0.75859375 0.694140625 0.7359375 0.778515625 0.73828125 0.783203125 0.762109375 0.7734375 0.77578125 0.763671875
1 0.242578125 0.825 0.217578125 0.8078125 0.2078125 0.804296875 0.220703125 0.8328125 0.27109375 0.860546875 0.259375 0.841796875 0.242578125 0.825