0 0.733203125 0.575 0.746875 0.551171875 0.7453125 0.525390625 0.734375 0.518359375 0.730859375 0.51015625 0.723046875 0.50625 0.708203125 0.51640625 0.69296875 0.536328125 0.6984375 0.570703125 0.70703125 0.579296875 0.718359375 0.57421875 0.733203125 0.575
1 0.75390625 0.688671875 0.759375 0.680078125 0.756640625 0.671875 0.750390625 0.67109375 0.725 0.698046875 0.72265625 0.705859375 0.726171875 0.7109375 0.7296875 0.710546875 0.742578125 0.7015625 0.75390625 0.688671875
1 0.7734375 0.690234375 0.769140625 0.6828125 0.765234375 0.6828125 0.7578125 0.690234375 0.740625 0.712109375 0.73984375 0.719140625 0.74765625 0.721484375 0.771875 0.694140625 0.7734375 0.690234375
1 0.79765625 0.630078125 0.796484375 0.621875 0.792578125 0.6203125 0.77109375 0.647265625 0.76875 0.655078125 0.77421875 0.660546875 0.79375 0.638671875 0.79765625 0.630078125
1 0.81953125 0.621484375 0.816796875 0.6171875 0.81171875 0.619921875 0.79609375 0.643359375 0.7953125 0.653515625 0.80078125 0.655859375 0.81875 0.630078125 0.81953125 0.621484375
1 0.82421875 0.578515625 0.820703125 0.575 0.81484375 0.580078125 0.80390625 0.600390625 0.80390625 0.610546875 0.809375 0.613671875 0.82578125 0.588671875 0.82421875 0.578515625
1 0.836328125 0.57890625 0.82421875 0.603515625 0.825 0.610546875 0.82890625 0.612890625 0.84296875 0.589453125 0.836328125 0.57890625
1 0.843359375 0.60625 0.83828125 0.607421875 0.8234375 0.632421875 0.8234375 0.641796875 0.82734375 0.641796875 0.8421875 0.619140625 0.843359375 0.60625
1 0.859375 0.508203125 0.855859375 0.5046875 0.84609375 0.525390625 0.846875 0.534765625 0.8515625 0.537109375 0.8609375 0.518359375 0.859375 0.508203125
1 0.13828125 0.521484375 0.134765625 0.51875 0.12890625 0.527734375 0.1296875 0.539453125 0.13359375 0.540234375 0.13984375 0.531640625 0.13828125 0.521484375
1 0.141796875 0.56484375 0.137890625 0.56484375 0.13125 0.571484375 0.13359375 0.585546875 0.1390625 0.585546875 0.1453125 0.580078125 0.141796875 0.56484375
1 0.212109375 0.26640625 0.206640625 0.2671875 0.20078125 0.275390625 0.196875 0.291015625 0.20078125 0.293359375 0.20703125 0.286328125 0.212109375 0.26640625
1 0.252734375 0.22421875 0.24296875 0.230859375 0.240625 0.245703125 0.24375 0.246484375 0.25234375 0.239453125 0.252734375 0.22421875
3 0.45546875 0.184765625 0.45390625 0.180859375 0.432421875 0.1734375 0.400390625 0.15078125 0.380078125 0.14609375 0.357421875 0.14765625 0.345703125 0.153125 0.3328125 0.171484375 0.3328125 0.176953125 0.33828125 0.184765625 0.348828125 0.19140625 0.376953125 0.1890625 0.385546875 0.20078125 0.4140625 0.205859375 0.450390625 0.1890625 0.45546875 0.184765625
0 0.14453125 0.408203125 0.1578125 0.376953125 0.1625 0.333203125 0.1796875 0.259765625 0.173828125 0.25234375 0.165625 0.258984375 0.165234375 0.26328125 0.161328125 0.26171875 0.15546875 0.266796875 0.13046875 0.304296875 0.11953125 0.328515625 0.10703125 0.373046875 0.10703125 0.382421875 0.0984375 0.388671875 0.09375 0.396484375 0.08359375 0.425390625 0.08046875 0.438671875 0.08046875 0.486328125 0.0828125 0.500390625 0.087109375 0.50546875 0.090625 0.505078125 0.13203125 0.450390625 0.14453125 0.408203125