1 0.6083398875 0.5680785703125 0.6156891625 0.5690376328125 0.63601279765625 0.55076141484375 0.641307421875 0.5350086046875 0.63517579375 0.47889765859375 0.6166265265625 0.39575317656250003 0.610374609375 0.3902035109375 0.591692509375 0.38826383671875 0.50567261015625 0.4002091765625 0.43219964062500005 0.41528674765625 0.38262797578124996 0.43049361015625004 0.349055159375 0.43383601484375 0.3048733171875 0.44401583984375004 0.27677474687500003 0.45504875546875 0.27211949765625 0.46590204921874995 0.27211772734375 0.49455380078125 0.2803686515625 0.55542596796875 0.2914752171875 0.5982338617187499 0.298589228125 0.61436023203125 0.3053099015625 0.6182270359375 0.32673989921875 0.622020190625 0.414293590625 0.6097767109375 0.44141154921875003 0.6100766210937499 0.589444071875 0.5773226515625 0.6083398875 0.5680785703125
1 0.52241488515625 0.25091221953125 0.5033178992187499 0.24069652968750002 0.5006975234375 0.24359349687499998 0.48305890937499996 0.24702209609375 0.445055334375 0.24804226328125 0.4241785171875 0.2552837953125 0.41877792109375 0.26230260781250003 0.42469937578124994 0.27229380703125 0.42840456484375 0.2954497640625 0.42940495468749995 0.3087851390625 0.42579319218749995 0.32500670703125 0.434356571875 0.3281173890625 0.51411378046875 0.3126141578125 0.52265561171875 0.319708390625 0.5351504406250001 0.304147746875 0.5371960875 0.29419964453124997 0.54352342421875 0.28580688359375 0.537666615625 0.26386503125 0.52241488515625 0.25091221953125
1 0.1910816171875 0.34993733203125 0.188631859375 0.34961764453125 0.18228297421875 0.36199395703125 0.16044709453125 0.37658476328125 0.1478031953125 0.3913785109375 0.14300788046875 0.428124884375 0.1426756484375 0.46121816953124994 0.1463395109375 0.46368947578124997 0.15324157734375 0.46234785 0.16708880703125 0.45169749765624995 0.17465179687500001 0.4414728046875 0.1793806953125 0.445328834375 0.18262967265625002 0.43952412656249995 0.1936679 0.38166744296875 0.1910816171875 0.34993733203125
1 0.3868825046875 0.18215029140625 0.38457104140625 0.184589275 0.38693460546875 0.200843165625 0.38421726015625 0.2216661109375 0.39233343125000003 0.22247610390625 0.44559050781250004 0.20575699765625002 0.46060874453125 0.205225365625 0.47046164921875 0.19654523906250002 0.463688875 0.1739855609375 0.4496189265625 0.16915969375 0.4017732203125 0.17686821171875 0.3868825046875 0.18215029140625
1 0.27102730078125 0.21461866640625 0.26707430234374996 0.23727354296874997 0.27120692265625 0.23806198828124997 0.3234205125 0.2159746078125 0.33960075390625 0.1989017203125 0.34107167109375 0.18190248203124998 0.3354160328125 0.1794204015625 0.31424107734375 0.185128140625 0.2833730609375 0.1982911265625 0.27102730078125 0.21461866640625
1 0.5930483007812499 0.16595189296875 0.5809485789062501 0.16512035078125 0.57558030546875 0.1661638375 0.574642790625 0.1695295609375 0.5959219484375 0.20120757109374998 0.62806694453125 0.20689730312500001 0.6502853867187499 0.20655783749999998 0.66159666328125 0.211522 0.6660597453125 0.20786891093749998 0.6511707999999999 0.18449923906250001 0.6412550203125 0.176478265625 0.5930483007812499 0.16595189296875
1 0.7618913734375 0.3364775265625 0.76099695625 0.33187614921874997 0.7473652125 0.3026909953125 0.7284388453124999 0.2892586515625 0.7076482226562499 0.28056598046875003 0.69141588125 0.27894599296875 0.689689921875 0.2864443375 0.71419473671875 0.34495294140625 0.74091758828125 0.36164503671875 0.76053720234375 0.36021898750000003 0.765490590625 0.3508994859375 0.76338206875 0.3441464890625 0.75726844765625 0.34135549453124997 0.75774797890625 0.33768085703125 0.7618913734375 0.3364775265625
1 0.768831225 0.41312405312499995 0.76261163125 0.4015990609375 0.74962826640625 0.39417436640625 0.72804919921875 0.389614315625 0.71827171484375 0.38435201406249997 0.70384975625 0.38795123125000003 0.70030263984375 0.392222146875 0.7015059703125 0.39636554140625 0.70694789375 0.41003137812499996 0.7181281078125 0.46754859609375005 0.71731811484375 0.4756647671875 0.7330924734375001 0.47697584062500004 0.7624266976562499 0.46411099375 0.7680500125 0.47256840078125 0.7748155546875 0.43981635234375 0.768831225 0.41312405312499995
1 0.8079339289062499 0.37886153125 0.806825796875 0.38544391015625 0.8207862312499999 0.43883928203125 0.82644186953125 0.44132136328125 0.8376471742187499 0.43755152734375 0.8420258328125 0.42118089062499997 0.83361329375 0.390185353125 0.8252420804687499 0.379874465625 0.8180526499999999 0.37769052421875 0.8079339289062499 0.37886153125
1 0.8339545296875001 0.38375204453125 0.8343694156250001 0.39202805937499996 0.8441128062500001 0.4319174375 0.8520691335937499 0.43395231015625 0.85900352265625 0.42663535859375 0.8608785507812501 0.41990391015624995 0.8545960820312499 0.39167781953124997 0.8480568007812501 0.38260258515625 0.8416342664062499 0.3802695734375 0.8339545296875001 0.38375204453125
1 0.8305707984374999 0.329494578125 0.8415731617187501 0.3349167234375 0.845439965625 0.32819604999999996 0.8365155718749999 0.30685047578125 0.8232556171875001 0.29390843828125 0.8166732390625 0.29280030546875 0.8169498289062499 0.29831764843749997 0.8305707984374999 0.329494578125
1 0.066411684375 0.48240936171875 0.0696283390625 0.4825799796875 0.0771805546875 0.47434706171874996 0.0826583421875 0.42473407031250004 0.08117842109375 0.4150733328125 0.07054784609375 0.42589430390625005 0.06712825078125 0.43491566640625 0.06465517265625001 0.46723128046875007 0.066411684375 0.48240936171875
1 0.11578926171875 0.3331357234375 0.12082884375 0.30788201875 0.10928230312500001 0.31808516328124997 0.0984703359375 0.3341145640625 0.0892119390625 0.3745140265625 0.10601000625000001 0.3565251734375 0.11578926171875 0.3331357234375
1 0.44792883124999994 0.11337920937499998 0.44928123124999997 0.1182895 0.45231649375 0.1236685484375 0.46042188984375 0.1264703171875 0.5123786671875 0.12353379453124999 0.52619357421875 0.11885876718749999 0.51659748203125 0.10838803671875 0.49271772656249996 0.10427519375000001 0.45147594765625004 0.10910829375 0.44792883124999994 0.11337920937499998
1 0.3618981578125 0.127316325 0.36660550703125 0.13515590546875 0.40618597265625 0.12587049765625 0.42537992734375 0.11816020859375001 0.42588100703125004 0.1105020203125 0.42007629921875 0.10725304296875 0.38450093359375004 0.11257644921875001 0.36147249765625 0.12103208593749999 0.3618981578125 0.127316325
1 0.30295311953125 0.1475286765625 0.29369649296875 0.1592763875 0.29336603125 0.16371792109375 0.30148220234375 0.16452791484375 0.357232134375 0.14016139453125 0.363548696875 0.13376040859375 0.36312303671875 0.12747616875 0.360684053125 0.12516470546875 0.33705933906249996 0.1305527578125 0.31417997265625003 0.13977528984375 0.30295311953125 0.1475286765625
1 0.29786143671875 0.15408950625 0.30251668515625 0.14323621250000002 0.28518698515624996 0.14620682812500002 0.252763628125 0.1636515046875 0.24115244140624997 0.18580530078125 0.28816837578125 0.161544753125 0.29786143671875 0.15408950625
1 0.2048730546875 0.20797887578125002 0.24055616328124999 0.18273771640625 0.24983433828125 0.16700645390625 0.2364881890625 0.16999861875 0.21296944765624998 0.18412066875 0.19845051953124998 0.2056458640625 0.19950478046875 0.2090223625 0.2048730546875 0.20797887578125002
1 0.38863532421875 0.08471314296875 0.38782533046875 0.09282931328125 0.39148919375 0.0953006203125 0.40329077656249995 0.0945983703125 0.43381755625 0.08786869296875 0.4411883796875 0.08484420468750001 0.44260542578125 0.07780384375 0.43128337421875 0.07483145703125 0.40414386718750006 0.07851509765625 0.38863532421875 0.08471314296875
1 0.5223500890625 0.0929441390625 0.53579143671875 0.10067774765625 0.57132370546875 0.10332144296875001 0.5799194078125 0.10045679921874999 0.57704398984375 0.093852871875 0.56205807578125 0.088409178125 0.52620611875 0.088215240625 0.5217538109375 0.0898765546875 0.5223500890625 0.0929441390625
1 0.56039676171875 0.0839568703125 0.570003628125 0.0924358265625 0.5767350765625 0.0943108546875 0.60229769375 0.09889245468749999 0.6102755695312501 0.0969437765625 0.60493961875 0.09201193671874999 0.58689689375 0.08517274609375 0.56561596640625 0.0821464875 0.56039676171875 0.0839568703125
2 0.2232897890625 0.71216562734375 0.2116372765625 0.71363477421875 0.20087918046875003 0.7197052984375001 0.20115577109375 0.72522264140625 0.21060279296875 0.7349264765625 0.22863474374999998 0.74375744296875 0.24088353515625 0.74535588125 0.24396189375000002 0.74276782734375 0.2432380953125 0.7349497953124999 0.2319483671875 0.7260020828125 0.2284766703125 0.7163305703125 0.2232897890625 0.71216562734375
2 0.46796747421875 0.74260060078125 0.43245675390624994 0.73597335390625 0.42295586015625003 0.73622839609375 0.416650071875 0.74063760625 0.38497383281249997 0.7332650125 0.38174640390625003 0.73508616953125 0.382800665625 0.73846266796875 0.408181890625 0.74825269765625 0.3891477796875 0.75473810703125 0.39187412890625 0.76057513828125 0.41364536249999995 0.75793498359375 0.41975898359375 0.760725978125 0.45682504453124995 0.76307153515625 0.47023583984375 0.7481287179687499 0.46796747421875 0.74260060078125
2 0.4281552859375 0.7097498125 0.4493931171875 0.72074317265625 0.49894323359375 0.7095198609375 0.5264347515625001 0.69741113515625 0.5224835234375 0.6914142609375 0.49464176562500006 0.68329631875 0.45444347343749997 0.69349769296875 0.4295615578125 0.7047012265625 0.4281552859375 0.7097498125
2 0.5803168875 0.73508778984375 0.52003022421875 0.748398075 0.5163124890625 0.7558856453125 0.51749427109375 0.7640125906249999 0.52039123828125 0.7666329671875001 0.5504277125 0.76556970234375 0.580336665625 0.759755990625 0.6081155484375 0.75117283359375 0.61198235234375 0.744452159375 0.61078979609375 0.73831698984375 0.6062207414062499 0.73323608046875 0.5803168875 0.73508778984375
2 0.45912573359375 0.7626243265625 0.46217176953125005 0.7660115992187501 0.48407052421875 0.76812189140625 0.50599082734375 0.7662486335937501 0.5116787890625 0.76275538828125 0.51910348359375 0.74977202421875 0.5018384296875 0.74079198828125 0.4696503359375 0.7430693578125 0.45912573359375 0.7626243265625
2 0.44989965937500004 0.7970484625 0.447577421875 0.801479221875 0.4739069359375 0.8059117515625 0.5114417546875 0.8065744460937501 0.52202923203125 0.8037205765625 0.52621572421875 0.79455014453125 0.51813187578125 0.787764825 0.50895066953125 0.78557010859375 0.4886916796875 0.791895675 0.44989965937500004 0.7970484625
3 0.335619575 0.8499033484374999 0.3660260671875 0.8937349515624999 0.3638007984375 0.8802397328125 0.37148053515625 0.87675726171875 0.39979105000000004 0.8831923414062499 0.42017756093749997 0.88161722265625 0.441756628125 0.8861772734375 0.4538778984375 0.8830252648437501 0.47456254765625 0.88298393828125 0.48005834218750004 0.8866908984374999 0.500764540625 0.88266602109375 0.51102155703125 0.8842536851562499 0.51220333828125 0.8923806304687499 0.49058117421874997 0.8957876812500001 0.4744548046875 0.9029016921874999 0.46755273906249994 0.9042433179687499 0.45975625546875004 0.900983565625 0.42126237421874996 0.90767014609375 0.420005171875 0.913485628125 0.40679731796874996 0.9192364648437501 0.40812816953125 0.9281303062499999 0.39963843906249996 0.93972894765625 0.39336497421875 0.9381628328125 0.39340807109375 0.9301957312500001 0.38652755390625 0.9275538062500001 0.38547329296875 0.9241773078125 0.378549678125 0.9295024843749999 0.37305388359374997 0.9257955242187499 0.3606237 0.929405515625 0.37100823671875 0.9357436265624999 0.38417299374999997 0.93795989140625 0.38934910078125 0.9441166101562499 0.43757736875 0.9506594328125001 0.52738865234375 0.9459358460937499 0.56997205703125 0.9480048125 0.6293427546875 0.93407670078125 0.6506883289062501 0.92515230703125 0.67390893125 0.90949646484375 0.67933107578125 0.8984941015624999 0.679992 0.8896110343749999 0.68709700703125 0.879077428125 0.71259675 0.8669579281249999 0.74676761484375 0.8380313578124999 0.7575257109375 0.8319608335937501 0.76242522734375 0.83260020859375 0.76368242890625 0.8267847265625001 0.77335394140625 0.8233130296875 0.7790634515625 0.815836234375 0.78935278984375 0.8114485726562499 0.81751600625 0.7884650046874999 0.853382278125 0.7293636640625001 0.86540835 0.71548588203125 0.87917115625 0.69211798125 0.88639291015625 0.688326596875 0.8853494234375001 0.6829583234375 0.8904195578125 0.68038104453125 0.89575550859375 0.6853128835937501 0.897970003125 0.700799878125 0.8935069203125 0.70445296640625 0.888458334375 0.7030466953125 0.88256743203125 0.7157319203125 0.88484657265625 0.7192682625 0.87731590546875 0.7235176296875 0.8735981710937499 0.73100519921875 0.86937935625 0.7461509578125 0.87408670546875 0.75399053828125 0.8947300289062501 0.73326456171875 0.8947731265625001 0.7252974601562501 0.9021870468750001 0.71430587109375 0.900994490625 0.7081707015625 0.9052869546875 0.7077342671875 0.9133079273437501 0.6978184875 0.9132019554687499 0.68908448984375 0.9201686671875 0.67579221171875 0.92121392421875 0.652508734375 0.9135880593750001 0.646032328125 0.9203626046875 0.63994025546875 0.9181050132812499 0.6324203625 0.92189816796875 0.61099036484375 0.9268623296875 0.59967908828125 0.9432059562499999 0.52407781875 0.9452102765625 0.49344506718750003 0.94101478125 0.47595552265625 0.93184434921875 0.47176903125 0.9203409054687499 0.47400507421875 0.9138537250000001 0.48362271484374997 0.9122552867187499 0.49587150546875 0.9042450882812499 0.50379551015625 0.90128347578125 0.5131257859375 0.88805407265625 0.5228601726562501 0.876697928125 0.55451486328125 0.86865540703125 0.56841419375 0.8629674453125 0.57190743828125 0.8495045492187501 0.56815738125 0.83642421640625 0.57865866484375 0.8038069218749999 0.631955296875 0.79641454921875 0.63896333515625 0.7849111062499999 0.6411993781249999 0.7781365609375 0.6472914507812499 0.77179845 0.6576759875 0.7700509421875 0.6691578828125 0.76294593515625 0.6796914890625 0.7146297015624999 0.7177346203125 0.70527787734375 0.71875655859375 0.69358226640625 0.72819280703125 0.6671665585937501 0.7396944796875 0.634870721875 0.76188960234375 0.54086217265625 0.77777539609375 0.5432796078125001 0.78407041015625 0.54096814453125 0.7865093937500001 0.53901946640625 0.77853151796875 0.53227724453125 0.7786482648437499 0.48409030234375 0.7927900921875 0.45143345156250003 0.7967503234375 0.44774803984375 0.7982625671875 0.4467997515625 0.80362006640625 0.45459623515625003 0.80687981875 0.4585474625 0.8128766929687499 0.47449243984375 0.8109711125000001 0.46589673749999994 0.8138357562499999 0.46143365546875004 0.81748884453125 0.46110319296875 0.821930378125 0.45603305859375 0.8245076578124999 0.42733821015625006 0.83247298828125 0.4059082125 0.82867983359375 0.3967485546875 0.82250156640625 0.35870188203125003 0.8314888351562499 0.35487817499999996 0.8302424078125 0.35111911406249996 0.817045328125 0.347742615625 0.8180995890625 0.34955299921875 0.82331879296875 0.34615495234375004 0.8283566046875 0.335930259375 0.82079361484375 0.30893982109375 0.8252441515625 0.27483537265625 0.8135683195312501 0.26684672265625 0.8175087734375 0.26573858984375 0.8240911515624999 0.27398228203124997 0.8296515921875001 0.27827474609374997 0.8292151578125001 0.288318046875 0.84198657734375 0.29660483593750003 0.8395799164062501 0.3031441171875 0.84865515078125 0.31846049296875 0.8496573109375 0.32446814218750003 0.8437143070312499 0.335619575 0.8499033484374999