1 0.7262216081967213 0.395780468852459 0.720331331147541 0.3862616991803279 0.6925055434426229 0.3885169032786885 0.6846299057377049 0.38548511475409836 0.6812558877049181 0.3909256672131147 0.6609437680327869 0.40247148770491803 0.6589518270491803 0.4118564401639344 0.663870268852459 0.44096338852459016 0.6682446516393442 0.45441997704918036 0.6733363950819672 0.4582568803278689 0.7011490213114754 0.4617976180327869 0.7061464295081967 0.45612891311475406 0.732361987704918 0.4483059196721311 0.733884462295082 0.44147012950819675 0.7262216081967213 0.395780468852459
1 0.8085186795081967 0.24515614590163937 0.7952419721311476 0.2213625131147541 0.7843674483606558 0.2117165057377049 0.7654834680327869 0.2069209286885246 0.7527179180327869 0.21326751065573768 0.7679470836065574 0.24506401967213112 0.7760442934426229 0.25261716967213116 0.7923791114754097 0.25694328114754095 0.809082481147541 0.25211259344262293 0.8085186795081967 0.24515614590163937
1 0.5252678147540983 0.37353130409836066 0.5190221475409836 0.36737339098360655 0.5055787204918033 0.365951831147541 0.48540041803278683 0.3696154344262295 0.4624184795081967 0.3827780655737705 0.4595073475409836 0.3885674270491803 0.46522432459016394 0.42335624180327863 0.46880675327868854 0.42823299344262294 0.4765683147540984 0.4304530868852459 0.4955795319672131 0.43026441721311476 0.5289862696721311 0.42060304098360657 0.5311997827868852 0.4157394508196721 0.5293811426229509 0.39985435737704916 0.5252678147540983 0.37353130409836066
1 0.2625221114754098 0.45639668114754095 0.250574837704918 0.4597312163934426 0.24545677213114755 0.46748619754098364 0.2478523754098361 0.4845317950819672 0.2544534319672131 0.48732885081967214 0.26489139262295086 0.4850341639344262 0.2673330581967213 0.48179396393442625 0.26562849426229507 0.4667205655737705 0.2625221114754098 0.45639668114754095
1 0.26453821065573774 0.5384722254098361 0.25027650737704915 0.5400627131147542 0.24655368032786884 0.5459661516393443 0.2505726729508197 0.5627835967213115 0.25809950163934425 0.5662782713114755 0.26783984344262296 0.564909355737705 0.26900692868852455 0.5614344221311475 0.26453821065573774 0.5384722254098361
1 0.2628841262295082 0.6032674385245902 0.2579064598360655 0.6002422295081967 0.24850834672131147 0.604046231147541 0.2511386827868852 0.6198172475409837 0.26144282540983604 0.6254047786885246 0.2685199286885246 0.6227547016393442 0.2628841262295082 0.6032674385245902
1 0.6321967139344262 0.8104426524590164 0.6242004196721311 0.8094971393442623 0.5721115319672132 0.8275782122950819 0.5698848581967213 0.8382377450819671 0.5759023721311476 0.8427722672131148 0.5880777991803279 0.8410611229508197 0.6283334885245901 0.8271262795081967 0.6339144393442623 0.8197201081967214 0.6321967139344262 0.8104426524590164
1 0.36893967704918035 0.2506494745901639 0.36396201065573774 0.24762426639344262 0.3524842016393443 0.2484096401639344 0.3425025467213115 0.2539511073770492 0.33494939672131147 0.2620483172131147 0.3334006 0.28047599180327865 0.3367548762295082 0.28372935327868853 0.3598377295081967 0.2771743598360656 0.3691283467213115 0.2696606918032787 0.3704292491803279 0.2583035409836065 0.36893967704918035 0.2506494745901639
1 0.3327227221311475 0.27270785 0.3200778286885246 0.27696815655737705 0.30079239590163936 0.29581923442622954 0.29971306557377053 0.3116977467213115 0.30735396967213113 0.3160041163934426 0.32696189098360656 0.308282037704918 0.3373055163934426 0.2964817426229508 0.3375534098360656 0.289411218852459 0.3327227221311475 0.27270785
1 0.45913654426229505 0.1945174368852459 0.446625468852459 0.19089552540983606 0.44188911557377053 0.18369776475409838 0.429599612295082 0.18459721475409838 0.40638294098360656 0.1990344262295082 0.40553176311475414 0.21653632950819673 0.4355579024590164 0.21521347704918034 0.4465794057377049 0.21118132295081968 0.46133031639344263 0.1983477606557377 0.45913654426229505 0.1945174368852459
1 0.49562771475409834 0.15379665409836066 0.4822983639344262 0.15318679016393444 0.45317825409836066 0.16390117459016393 0.4431636967213115 0.18393249836065573 0.44905397377049183 0.19345126721311476 0.4786172278688524 0.19177960573770492 0.4905645024590164 0.18844507049180328 0.49697030901639344 0.17512888032786883 0.50544265 0.1706272606557377 0.49562771475409834 0.15379665409836066
1 0.6048204303278689 0.05319468442622951 0.5917323926229507 0.048412268032786886 0.5809456229508196 0.05116984098360656 0.5820863860655738 0.05928679262295082 0.5963217672131148 0.0692881893442623 0.6172854426229508 0.07710239426229508 0.6294608696721312 0.07539124999999999 0.6048204303278689 0.05319468442622951
1 0.5921557959016394 0.06614890409836065 0.5778063385245902 0.05533581229508197 0.5645910631147542 0.05553764344262296 0.5553004467213115 0.06305131065573771 0.5567966 0.06780740491803278 0.569180437704918 0.07641356393442623 0.5813427040983606 0.08049836147540983 0.5911971221311475 0.07994114098360657 0.592491444262295 0.07148196065573771 0.5921557959016394 0.06614890409836065
1 0.2493506918032787 0.3862355098360655 0.23461294262295085 0.39327313032786887 0.23100419180327866 0.3999882639344262 0.23224586967213115 0.4147128524590164 0.24824503934426229 0.41370590737704915 0.25141722704918035 0.3950500795081967 0.2493506918032787 0.3862355098360655
1 0.21424380655737707 0.4809778967213115 0.20636158770491803 0.4808440786885246 0.20135759918032786 0.4894107549180328 0.20365228688524592 0.4998487155737705 0.21500943852459015 0.5011496180327868 0.21584745491803278 0.4894436573770492 0.21424380655737707 0.4809778967213115
1 0.4949851245901639 0.7941342 0.4882699918032787 0.7905254491803279 0.4720360885245901 0.792806975409836 0.4620478532786886 0.8012464139344262 0.469897168852459 0.815870087704918 0.48193877868852464 0.8220411614754098 0.4957375959016393 0.8201018639344262 0.49876938442622953 0.8122262262295081 0.5034114032786885 0.8099183778688525 0.4949851245901639 0.7941342
3 0.4836630844262296 0.8284206459016393 0.4629275614754098 0.822229831147541 0.4393884024590164 0.8255380442622952 0.43380087131147543 0.8358421868852459 0.45139710901639346 0.8461989737704918 0.4685436221311475 0.8504110081967213 0.4854751442622951 0.8472037106557379 0.49013032295081965 0.8390999204918033 0.4836630844262296 0.8284206459016393
3 0.3914632786885246 0.7966811975409835 0.3787174696721311 0.7943338663934426 0.35788103196721316 0.7815354139344263 0.3442094516393443 0.7784904647540983 0.3336508344262295 0.7828714278688524 0.33687129344262295 0.794007006557377 0.34682004590163934 0.8029553950819672 0.3582846934426229 0.8079659639344262 0.3796037581967213 0.812419312295082 0.40348514672131147 0.8115461844262295 0.3914632786885246 0.7966811975409835
0 0.43736112950819667 0.033687723770491805 0.4306394163934426 0.03297694344262295 0.39260382049180326 0.039150225409836065 0.3415679426229508 0.052944670491803285 0.2692875926229508 0.0804852893442623 0.21043750901639346 0.11524340983606557 0.16985495983606558 0.1710244295081967 0.1492554631147541 0.20702860081967214 0.11637525163934427 0.2911114549180328 0.1113252 0.31996392950819674 0.10514754590163933 0.3349035098360656 0.13238979016393443 0.33438577213114756 0.12055659262295083 0.33853200245901643 0.12379021229508196 0.3438716393442623 0.11949042295081966 0.34861457295081966 0.12516570819672132 0.35071400983606554 0.13608629590163934 0.34007421885245903 0.1878592762295082 0.30796617540983606 0.22204259836065576 0.2626033737704918 0.23724323360655736 0.25591456311475413 0.23819532704918034 0.24502029672131145 0.25179231393442625 0.22986572459016397 0.24716345655737706 0.22637763032786884 0.2518120549180328 0.22117181147540985 0.25923138770491805 0.22095681967213116 0.25425372131147544 0.21793161147540985 0.25518607295081963 0.21573125901639345 0.26388656721311476 0.21285302950819673 0.2849226278688525 0.18878955245901638 0.28390910163934424 0.1756883532786885 0.29391049836065575 0.16145297213114754 0.30991624836065573 0.15754805573770492 0.3119213508196721 0.14236716147540984 0.33592997540983605 0.1365097868852459 0.3470787163934426 0.12749338606557378 0.35022458114754096 0.12042944344262296 0.3595086180327869 0.11581374754098361 0.3634661778688525 0.10863572786885245 0.38238964098360656 0.0960434786885246 0.3862265442622951 0.09095173606557377 0.38613220901639345 0.08144612704918033 0.4027215016393442 0.07580374426229508 0.40307689180327866 0.0724428868852459 0.41213277540983606 0.06620380081967213 0.4188413286885246 0.07271052295081967 0.42339559262295084 0.057999095081967204 0.43511471393442624 0.05304116967213115 0.44429783524590166 0.04181783606557377 0.43736112950819667 0.033687723770491805
2 0.30363335081967213 0.37198475901639344 0.290874381147541 0.37543337049180325 0.28401885 0.38260480901639343 0.284589231147541 0.3866632844262295 0.30128601967213114 0.3847305680327869 0.3045459614754098 0.3784783204918033 0.30363335081967213 0.37198475901639344