2 0.5796875 0.381640625 0.57578125 0.348828125 0.5859375 0.337109375 0.5875 0.330078125 0.58125 0.313671875 0.572265625 0.3046875 0.553515625 0.29609375 0.542578125 0.29765625 0.527734375 0.30546875 0.516015625 0.30078125 0.498046875 0.30234375 0.49375 0.306640625 0.49375 0.318359375 0.499609375 0.325 0.522265625 0.33671875 0.528125 0.350390625 0.546484375 0.3609375 0.553125 0.367578125 0.56484375 0.390234375 0.5734375 0.394140625 0.57734375 0.391796875 0.5796875 0.381640625
2 0.67890625 0.169921875 0.662109375 0.1515625 0.651171875 0.15 0.65078125 0.162109375 0.662109375 0.1703125 0.675390625 0.1859375 0.68125 0.187109375 0.68828125 0.184765625 0.67890625 0.169921875
3 0.231640625 0.28671875 0.2359375 0.287890625 0.239453125 0.2953125 0.254296875 0.29921875 0.276953125 0.2796875 0.302734375 0.27890625 0.318359375 0.284375 0.333984375 0.27734375 0.345703125 0.26640625 0.3578125 0.261328125 0.3734375 0.237109375 0.383203125 0.22734375 0.401171875 0.215625 0.415234375 0.2125 0.428515625 0.19765625 0.4625 0.176171875 0.46640625 0.161328125 0.4671875 0.141015625 0.46484375 0.136328125 0.455859375 0.13046875 0.431640625 0.12890625 0.419921875 0.11875 0.391015625 0.1171875 0.357421875 0.1296875 0.325390625 0.1359375 0.291015625 0.1515625 0.237109375 0.1890625 0.216015625 0.20625 0.2078125 0.218359375 0.203125 0.240234375 0.19140625 0.258203125 0.18359375 0.280859375 0.188671875 0.28828125 0.19609375 0.291015625 0.1921875 0.298046875 0.20078125 0.299609375 0.219921875 0.2953125 0.231640625 0.28671875
3 0.94296875 0.471484375 0.9453125 0.448046875 0.94375 0.402734375 0.93203125 0.350390625 0.91171875 0.304296875 0.8828125 0.258203125 0.866796875 0.24140625 0.858203125 0.24140625 0.848046875 0.234375 0.840234375 0.23515625 0.85 0.246484375 0.86015625 0.267578125 0.86171875 0.278515625 0.8546875 0.283203125 0.86484375 0.287109375 0.87109375 0.305859375 0.87890625 0.317578125 0.88359375 0.337890625 0.878515625 0.3328125 0.87734375 0.341015625 0.88671875 0.342578125 0.8953125 0.365234375 0.90390625 0.416015625 0.9109375 0.431640625 0.9109375 0.446484375 0.915625 0.455078125 0.921875 0.491796875 0.926171875 0.49921875 0.93359375 0.499609375 0.93671875 0.475390625 0.94296875 0.471484375
1 0.695703125 0.728125 0.732421875 0.7109375 0.73984375 0.703515625 0.75 0.675390625 0.77265625 0.632421875 0.77578125 0.608203125 0.78359375 0.591796875 0.7859375 0.547265625 0.7828125 0.530859375 0.776953125 0.5234375 0.744921875 0.51640625 0.718359375 0.51484375 0.682421875 0.51953125 0.653125 0.568359375 0.6390625 0.598828125 0.6171875 0.612109375 0.61953125 0.620703125 0.625 0.622265625 0.62734375 0.629296875 0.61484375 0.658984375 0.59921875 0.682421875 0.58984375 0.730859375 0.596484375 0.7375 0.6421875 0.737109375 0.663671875 0.7359375 0.695703125 0.728125
2 0.71875 0.627734375 0.71328125 0.626171875 0.715625 0.612109375 0.71171875 0.597265625 0.693359375 0.58125 0.674609375 0.5765625 0.65859375 0.584765625 0.64921875 0.627734375 0.659765625 0.63671875 0.67890625 0.636328125 0.702734375 0.63359375 0.71875 0.627734375
1 0.681640625 0.51640625 0.698828125 0.51015625 0.756640625 0.51328125 0.784765625 0.52578125 0.7859375 0.523046875 0.79609375 0.448046875 0.79609375 0.412109375 0.78828125 0.383984375 0.763671875 0.3421875 0.711328125 0.32265625 0.70234375 0.326953125 0.6796875 0.391015625 0.675390625 0.3921875 0.661328125 0.3875 0.6578125 0.392578125 0.662890625 0.40078125 0.675 0.408203125 0.67578125 0.412109375 0.659375 0.464453125 0.66015625 0.530078125 0.6625 0.541015625 0.66484375 0.541015625 0.67421875 0.530859375 0.681640625 0.51640625
1 0.8078125 0.337109375 0.79765625 0.319140625 0.78828125 0.292578125 0.773046875 0.27734375 0.740234375 0.26171875 0.733984375 0.26171875 0.7296875 0.270703125 0.73046875 0.287109375 0.72734375 0.298828125 0.73203125 0.326171875 0.76796875 0.344921875 0.78359375 0.369921875 0.8 0.406640625 0.81484375 0.412109375 0.8140625 0.368359375 0.8078125 0.337109375
1 0.7859375 0.266796875 0.76484375 0.235546875 0.723046875 0.21640625 0.71875 0.226953125 0.7140625 0.228515625 0.72109375 0.234765625 0.721875 0.248046875 0.72890625 0.264453125 0.737890625 0.2609375 0.777734375 0.28046875 0.79296875 0.301953125 0.79375 0.294140625 0.7859375 0.266796875
1 0.7671875 0.212109375 0.757421875 0.20390625 0.733984375 0.1921875 0.728515625 0.1921875 0.725 0.201171875 0.73046875 0.216796875 0.764453125 0.234375 0.776953125 0.25078125 0.7890625 0.255859375 0.78515625 0.237109375 0.7671875 0.212109375
1 0.38828125 0.884765625 0.38984375 0.874609375 0.380078125 0.86171875 0.366015625 0.853125 0.334765625 0.84453125 0.269140625 0.815625 0.244140625 0.81171875 0.23046875 0.819921875 0.22890625 0.827734375 0.23125 0.834765625 0.257421875 0.8578125 0.301171875 0.88046875 0.33046875 0.888671875 0.382421875 0.88828125 0.38828125 0.884765625
1 0.13046875 0.589453125 0.122265625 0.57890625 0.099609375 0.5609375 0.089453125 0.55703125 0.08515625 0.564453125 0.084375 0.580078125 0.08828125 0.625390625 0.11015625 0.658984375 0.130078125 0.675 0.135546875 0.67421875 0.14765625 0.692578125 0.15859375 0.698046875 0.15703125 0.671484375 0.13046875 0.589453125
1 0.1703125 0.620703125 0.1640625 0.582421875 0.15703125 0.562109375 0.135546875 0.528125 0.120703125 0.52109375 0.109765625 0.52265625 0.09609375 0.537890625 0.09296875 0.555078125 0.12578125 0.582421875 0.13359375 0.597265625 0.146875 0.639453125 0.155078125 0.646875 0.1625 0.648828125 0.16953125 0.639453125 0.1703125 0.620703125
1 0.17265625 0.518359375 0.165625 0.471484375 0.16171875 0.463671875 0.153515625 0.45859375 0.137890625 0.45546875 0.128515625 0.45625 0.109765625 0.46875 0.098828125 0.465625 0.090625 0.474609375 0.08828125 0.494140625 0.0890625 0.521484375 0.09375 0.536328125 0.108984375 0.525 0.129296875 0.52578125 0.1453125 0.541796875 0.16171875 0.577734375 0.165234375 0.58125 0.17109375 0.580859375 0.17578125 0.573828125 0.17265625 0.518359375
1 0.20703125 0.463671875 0.21171875 0.452734375 0.215625 0.424609375 0.21484375 0.396484375 0.209765625 0.39140625 0.196484375 0.390625 0.178515625 0.38125 0.149609375 0.3921875 0.114453125 0.41796875 0.1046875 0.431640625 0.10078125 0.449609375 0.10078125 0.455078125 0.106640625 0.46328125 0.113671875 0.4640625 0.133984375 0.45625 0.144140625 0.45625 0.158203125 0.4625 0.16484375 0.472265625 0.16953125 0.490234375 0.175 0.491796875 0.186328125 0.48828125 0.20703125 0.463671875
1 0.368359375 0.30859375 0.412109375 0.29921875 0.4359375 0.281640625 0.44375 0.268359375 0.44140625 0.253515625 0.44609375 0.240234375 0.44609375 0.226171875 0.443359375 0.22109375 0.434765625 0.21796875 0.419921875 0.21796875 0.392578125 0.225 0.375 0.239453125 0.365625 0.260546875 0.356640625 0.26953125 0.343359375 0.2734375 0.330859375 0.28515625 0.304296875 0.29609375 0.29609375 0.305859375 0.298046875 0.3109375 0.305078125 0.309375 0.312109375 0.31875 0.316015625 0.31875 0.325390625 0.30859375 0.329296875 0.30859375 0.3328125 0.330078125 0.33984375 0.331640625 0.355078125 0.3265625 0.368359375 0.30859375
1 0.52890625 0.212109375 0.5296875 0.200390625 0.520703125 0.190625 0.512890625 0.1875 0.484765625 0.18125 0.458984375 0.18203125 0.447265625 0.19296875 0.433984375 0.19609375 0.4265625 0.209765625 0.444921875 0.21171875 0.452734375 0.22265625 0.46015625 0.223828125 0.522265625 0.21640625 0.52890625 0.212109375
1 0.5515625 0.176953125 0.543359375 0.16171875 0.522265625 0.15 0.474609375 0.146875 0.46796875 0.151171875 0.469921875 0.178125 0.52109375 0.187890625 0.537109375 0.18515625 0.5515625 0.176953125