1 0.4416515099502487 0.7914856774461029 0.45192789966832503 0.7972843872305141 0.4924673275290216 0.8060091608623549 0.5788588084577114 0.8135101857379768 0.6066456815920398 0.8096196293532338 0.6205839203980099 0.800925403814262 0.6357764543946932 0.7836055638474295 0.6421965945273632 0.767959372305141 0.6395622131011609 0.7619567039800995 0.6208184262023217 0.7540897462686567 0.6097852603648425 0.758702771973466 0.5790361376451079 0.7561045762852404 0.4665752935323383 0.7393126451077944 0.45620929933665005 0.7470118308457712 0.4431993673300166 0.7770041774461028 0.4416515099502487 0.7914856774461029
1 0.20699309369817578 0.5211806285240465 0.2063849784411277 0.5590742396351575 0.20923475290215587 0.5748329071310115 0.22297091293532337 0.5889064908789386 0.26323964925373133 0.6077151318407961 0.2897836625207297 0.6145641791044776 0.3207596135986733 0.6290323648424544 0.38739127529021555 0.6512760257048094 0.42465202155887233 0.6551399527363184 0.4345433665008292 0.6498826252072969 0.4401952943615257 0.6425341782752902 0.4470900837479271 0.6244461276948591 0.4544805132669984 0.5777343797678275 0.44995709121061356 0.5532033184079601 0.4420996890547264 0.5436512777777778 0.4187886177446103 0.5332071152570481 0.3701096608623549 0.5229001774461028 0.24955315008291873 0.48257222470978445 0.22172053482587065 0.4780068192371476 0.21669003648424545 0.479985464344942 0.2133103150912106 0.4865085223880597 0.20699309369817578 0.5211806285240465
1 0.26398530928689884 0.23449955970149253 0.27472491293532336 0.23574242039800997 0.29161396600331674 0.231422956053068 0.3291682736318408 0.22943099668325043 0.3926108573797678 0.23331591542288554 0.41470005970149254 0.22831784411276948 0.4315090646766169 0.20920044693200662 0.4366406019900498 0.19583789718076286 0.4388098905472637 0.17598659452736318 0.42674737810945274 0.1706854054726368 0.3994122835820896 0.16790612271973468 0.34169024129353237 0.16935669983416252 0.3129311990049751 0.17390299253731345 0.2936231583747927 0.18197578855721394 0.28504328606965174 0.1891774543946932 0.2616787960199005 0.22898297678275292 0.26398530928689884 0.23449955970149253
1 0.13860757711442787 0.6557115630182421 0.14717789303482587 0.6768057263681592 0.15569103150912106 0.6873299361525704 0.23107409701492537 0.7340817877280266 0.2527572628524047 0.7442095174129353 0.2631689983416252 0.7449662935323383 0.2665144137645108 0.732101263681592 0.26465967910447763 0.71991484079602 0.25214350912106137 0.6908736724709785 0.16943486815920397 0.6426978731343284 0.14607805472636815 0.6237977487562189 0.13793852570480927 0.6222155845771143 0.1356777545605307 0.6251549635157545 0.13860757711442787 0.6557115630182421
2 0.6577912479270315 0.8550390165837479 0.670610535655058 0.8499284701492538 0.6727016550580431 0.8456890538971807 0.6614759668325041 0.8447740613598673 0.6382563781094528 0.8512418225538971 0.6577912479270315 0.8550390165837479
2 0.7989068142620233 0.27681415339966836 0.8142594444444444 0.28909017993366504 0.8256433499170812 0.2891912189054726 0.8136704411276949 0.27039213432835824 0.7970520796019901 0.2646277305140962 0.7957634776119403 0.26691137313432833 0.7989068142620233 0.27681415339966836
2 0.8365125016583748 0.3745076119402985 0.8523397810945272 0.38434178026534 0.8580260157545606 0.3833353043117744 0.8581613615257049 0.37829337064676616 0.8470252769485903 0.36388048341625207 0.8335273814262023 0.36379087893864015 0.8365125016583748 0.3745076119402985
2 0.561924652570481 0.08799399751243782 0.5900736998341625 0.09093149668325042 0.5962345845771144 0.08748316252072968 0.5900279585406302 0.08247553482587065 0.5682094469320066 0.07738973880597015 0.5467531102819236 0.07913199834162521 0.561924652570481 0.08799399751243782
2 0.5989165862354893 0.13235161028192372 0.6103347976782753 0.13879462106135987 0.6305139684908789 0.14144999419568824 0.6301632288557214 0.1367359286898839 0.6149916865671642 0.1278739303482587 0.6042520820895523 0.1266310696517413 0.5993912354892206 0.1299097520729685 0.5989165862354893 0.13235161028192372
2 0.6030549635157545 0.1458266351575456 0.6467034220563846 0.15811221807628523 0.6401346218905473 0.14627653399668325 0.6015624029850746 0.1404682686567164 0.6030549635157545 0.1458266351575456
2 0.6483198922056385 0.1563146600331675 0.6567987247097844 0.16049689966832503 0.6691662346600332 0.16205619237147595 0.672727043946932 0.15894716252072968 0.660799876451078 0.14860403897180763 0.6448601227197347 0.14803978606965174 0.6483198922056385 0.1563146600331675
2 0.32604404892205635 0.16293655970149254 0.3400165936981758 0.16058430514096186 0.3558762993366501 0.14635062520729683 0.34186944859038143 0.1423609087893864 0.3097649908789386 0.15977223134328358 0.32604404892205635 0.16293655970149254
2 0.42201044195688225 0.16680816334991708 0.42934745356550585 0.17034610199004976 0.44282247761194027 0.16620772470978443 0.44798832172470976 0.15918714593698177 0.44453998756218904 0.15302626202321723 0.4367168913764511 0.14981619237147595 0.4212975281923715 0.1552660422885572 0.42201044195688225 0.16680816334991708