1 0.2857398073770492 0.7516268368852459 0.28917120655737705 0.6959405368852459 0.309022162295082 0.6389012475409837 0.31900993934426225 0.5833293893442623 0.3213846106557377 0.44728453852459016 0.3147770213114754 0.3561717368852459 0.321071756557377 0.3243095295081967 0.31505897786885245 0.2930522901639344 0.3106015360655738 0.29010519590163936 0.2770000975409836 0.2895186803278688 0.26128564590163933 0.2974423540983607 0.24746985819672132 0.3140070368852459 0.233756281147541 0.34819913852459017 0.21712214590163936 0.361845337704918 0.2094744204918033 0.3772879893442623 0.2057670737704918 0.4018171868852459 0.21008353688524592 0.4363240049180328 0.20002423360655738 0.4959935991803279 0.1968789393442623 0.5352889532786885 0.19866938278688523 0.6205790926229509 0.1921866049180328 0.6397311647540984 0.19631502540983606 0.6615278467213115 0.20987539262295082 0.6830792655737705 0.2199859081967213 0.7144080303278689 0.23436582295081967 0.7359737549180327 0.2614558729508197 0.7573514368852459 0.26959412540983607 0.7607726786885246 0.28027685081967213 0.7593195516393443 0.2857398073770492 0.7516268368852459
1 0.40713895327868854 0.6537306344262295 0.4152689090163934 0.5636948737704919 0.41396899262295084 0.49726862786885245 0.39694031967213117 0.4395856016393443 0.39575484508196723 0.3666029770491803 0.38468173032786884 0.3434553795081967 0.3762266885245902 0.33469992786885244 0.36565840491803275 0.32959667540983606 0.3304321770491803 0.3281620024590164 0.3250550508196721 0.3309374344262295 0.3215908934426229 0.34153432786885246 0.3196227786885246 0.36035530491803275 0.32362452622950816 0.4128921631147541 0.32446667459016393 0.5055439229508197 0.3206490336065574 0.583358 0.30969865655737705 0.6471110254098361 0.29426015327868854 0.6861918008196721 0.29291131147540983 0.7165007450819671 0.28858469098360656 0.729541975409836 0.2873359868852459 0.7541140893442623 0.28316672377049185 0.7581402991803279 0.283497818852459 0.762654962295082 0.300436512295082 0.7785267713114754 0.31912874180327866 0.787870812295082 0.34365793934426225 0.7915781590163935 0.35602267540983606 0.7876950008196721 0.3621579795081967 0.7414835631147542 0.38147964016393443 0.7147675229508197 0.39926234344262296 0.6822860418032787 0.40713895327868854 0.6537306344262295
1 0.472994212295082 0.05109965819672131 0.4676170868852459 0.05387509016393442 0.45459223524590164 0.07209317295081967 0.4392661 0.08125331967213115 0.43876334262295086 0.0865732237704918 0.4492457942622951 0.09659375983606557 0.48782173770491805 0.09398791721311475 0.5497026368852459 0.07129394016393442 0.5544032680327868 0.06030873032786885 0.5459339213114754 0.0523728262295082 0.5369475114754099 0.0505763737704918 0.5009160418032786 0.048307848360655735 0.472994212295082 0.05109965819672131
1 0.21438734344262292 0.16627601967213115 0.1821552737704918 0.20465376393442622 0.17147462213114753 0.22947114016393444 0.1830198106557377 0.22557367704918033 0.2129383655737705 0.2023217950819672 0.24108907868852458 0.18641722786885248 0.2594052237704918 0.17034099754098359 0.2883161893442623 0.1343646737704918 0.28929309426229505 0.12536395901639344 0.23513352049180325 0.15188179918032788 0.21438734344262292 0.16627601967213115
1 0.16143377213114754 0.33504968852459016 0.13365706967213115 0.3530102762295082 0.11420666147540985 0.3871022418032787 0.10418612540983607 0.397584693442623 0.09620937950819672 0.43187693278688527 0.09228952786885246 0.4920635901639344 0.09384486475409837 0.5203737352459016 0.10231421147540984 0.5283096393442623 0.10885628442622951 0.5292436286885246 0.13782447131147543 0.48998911639344267 0.14390462786885247 0.4704201180327869 0.14978036393442623 0.415596281147541 0.16142154098360656 0.35923348606557376 0.16143377213114754 0.33504968852459016
1 0.12805749426229507 0.6033605163934426 0.11582150573770492 0.5998677483606557 0.11352229590163934 0.614174062295082 0.10757088606557377 0.6263671352459017 0.10263929672131147 0.6271008508196722 0.10215084426229508 0.6316012081967214 0.11092474918032787 0.6690551204918033 0.13212268524590162 0.7227119360655738 0.15262774672131146 0.7456142704918033 0.17879603852459017 0.7493502278688524 0.17958490163934426 0.7276393770491804 0.1614362713114754 0.6871525393442623 0.1365125360655738 0.6121159680327869 0.12805749426229507 0.6033605163934426
1 0.060827867213114756 0.4628215303278688 0.06489699344262295 0.46453215081967214 0.0728042868852459 0.45770189918032783 0.08971022213114754 0.42848430163934426 0.11670199672131149 0.31459376475409834 0.09960801967213115 0.33110122622950816 0.07687942213114754 0.3651359704918033 0.06453314016393442 0.41492808196721315 0.060827867213114756 0.4628215303278688
1 0.05669758524590164 0.5820298983606557 0.05518931147540984 0.597989612295082 0.0739879 0.6716895737704918 0.08638332049180328 0.6895315713114755 0.10024409836065573 0.6938724975409836 0.10247178196721311 0.6836639196721311 0.07871091967213115 0.5889725180327868 0.07196649918032787 0.5761479401639344 0.0662439737704918 0.575228256557377 0.05669758524590164 0.5820298983606557
1 0.06781941229508197 0.3440730049180328 0.07024944426229508 0.34575501475409837 0.07569809590163934 0.3388818467213115 0.10347272459016393 0.2975570081967213 0.1320219106557377 0.23534086639344262 0.1032539975409836 0.2631217172131147 0.09147992540983606 0.2801319368852459 0.07010431721311475 0.330586237704918 0.06781941229508197 0.3440730049180328
1 0.6283495557377049 0.8727885893442623 0.611643894262295 0.8905325245901639 0.5830476450819673 0.9084788073770492 0.5766363926229509 0.9235331434426229 0.5855798868852459 0.927788237704918 0.5995264959016393 0.9272118795081968 0.6490426598360656 0.9084010598360657 0.666467731147541 0.8964082606557376 0.6719306885245901 0.8887155450819672 0.6707064467213114 0.8649200631147541 0.6654008467213115 0.8635977581967214 0.6283495557377049 0.8727885893442623
1 0.3761784016393443 0.924543019672131 0.3587655606557377 0.9123520204918033 0.3467155409836065 0.8982051377049179 0.28984791393442627 0.8685196155737706 0.28451370409836063 0.8688364049180328 0.2848161885245902 0.874990162295082 0.2875057885245902 0.8852845713114753 0.2939620295081967 0.891135844262295 0.31586299672131146 0.9279990934426229 0.3369852581967213 0.9390251450819671 0.363067718852459 0.9476783860655738 0.3697528442622951 0.9404169024590163 0.3808668008196721 0.9377416073770493 0.3761784016393443 0.924543019672131
1 0.3718824655737705 0.959309405737705 0.3963401368852459 0.9671144885245901 0.42472180819672134 0.9614614155737705 0.4041023040983607 0.9451154590163935 0.3861867057377049 0.9382443655737706 0.36976715 0.9395973549180328 0.36380143442622953 0.952609974590164 0.3718824655737705 0.959309405737705
1 0.9032364385245901 0.31807531229508196 0.9142073426229508 0.3235954901639344 0.9147244057377049 0.31745603852459015 0.902989100819672 0.2852791147540984 0.8928806598360657 0.27731459999999997 0.8883516918032788 0.2784652426229508 0.8886970918032787 0.2821603573770492 0.9032364385245901 0.31807531229508196
1 0.02956047131147541 0.5163823573770492 0.03386055491803279 0.5283444721311475 0.03672181803278689 0.5288043139344262 0.043795259016393445 0.5227793040983607 0.04638264836065573 0.515446294262295 0.05333335163934426 0.4225206606557377 0.043758352459016395 0.4309613967213115 0.031969975409836066 0.4487911639344262 0.02956047131147541 0.5163823573770492
1 0.0878140581967213 0.7719461426229509 0.11096580409836064 0.8076015286885246 0.14699934836065573 0.8332343049180327 0.1568053049180328 0.835045062295082 0.10607298278688525 0.7591481016393442 0.07244085901639344 0.7368364303278688 0.07077315409836066 0.7384469147540983 0.0878140581967213 0.7719461426229509
2 0.23266557213114752 0.8568641327868853 0.28832533524590165 0.8852988770491804 0.28720330409836065 0.8791308139344262 0.28310556721311475 0.879059287704918 0.2588195590163934 0.8614196377049179 0.22553283606557376 0.8428030819672131 0.2124773 0.8392960081967213 0.23266557213114752 0.8568641327868853
2 0.28888738852459017 0.9000650336065574 0.2845014729508197 0.8930202024590164 0.26017254836065573 0.877839193442623 0.2195814262295082 0.8549961540983606 0.21546938442622954 0.8557441754098362 0.26244522213114757 0.888536224590164 0.28888738852459017 0.9000650336065574
2 0.21197661639344262 0.8679801639344262 0.2467736868852459 0.894001255737705 0.28864419918032785 0.913997336885246 0.2891183467213115 0.9103165270491803 0.2753434 0.9010583172131147 0.2598721385245902 0.895049686885246 0.2177277524590164 0.8672607532786886 0.21283907950819672 0.8655358270491802 0.21197661639344262 0.8679801639344262