1 0.391015625 0.38828125 0.41328125 0.370703125 0.4171875 0.364453125 0.42109375 0.341796875 0.42734375 0.266796875 0.44140625 0.237109375 0.440234375 0.23359375 0.43515625 0.234765625 0.4328125 0.227734375 0.452734375 0.221875 0.46640625 0.212109375 0.45546875 0.200390625 0.4609375 0.159765625 0.455078125 0.14765625 0.426953125 0.14375 0.387109375 0.14921875 0.356640625 0.15703125 0.330078125 0.16875 0.316796875 0.1765625 0.29765625 0.196484375 0.25625 0.255078125 0.243359375 0.26015625 0.23515625 0.267578125 0.234375 0.271484375 0.241796875 0.27421875 0.24296875 0.278515625 0.21875 0.326171875 0.20703125 0.368359375 0.2015625 0.408203125 0.205078125 0.4140625 0.216015625 0.4203125 0.2359375 0.424609375 0.321484375 0.4140625 0.391015625 0.38828125
1 0.903125 0.520703125 0.9046875 0.507421875 0.9015625 0.437109375 0.89140625 0.390234375 0.88203125 0.362109375 0.86875 0.326171875 0.85 0.297265625 0.804296875 0.26328125 0.776953125 0.2515625 0.77578125 0.267578125 0.78359375 0.278515625 0.81875 0.367578125 0.8390625 0.440234375 0.84296875 0.459765625 0.8453125 0.525390625 0.852734375 0.5328125 0.875 0.533203125 0.898828125 0.52578125 0.903125 0.520703125
1 0.718359375 0.13984375 0.695703125 0.1265625 0.654296875 0.1109375 0.625390625 0.103125 0.6078125 0.102734375 0.61796875 0.108984375 0.651171875 0.15546875 0.712109375 0.17734375 0.765625 0.204296875 0.7609375 0.190234375 0.718359375 0.13984375
1 0.51171875 0.098828125 0.51171875 0.084765625 0.506640625 0.078125 0.494921875 0.075 0.451171875 0.075 0.431640625 0.078125 0.40078125 0.095703125 0.38984375 0.108984375 0.391015625 0.11328125 0.396875 0.113671875 0.508984375 0.1015625 0.51171875 0.098828125
1 0.666796875 0.090625 0.631640625 0.07890625 0.615625 0.078515625 0.641796875 0.09609375 0.6984375 0.115234375 0.694140625 0.1078125 0.666796875 0.090625
1 0.5296875 0.063671875 0.516015625 0.0578125 0.484765625 0.05703125 0.460546875 0.06328125 0.4546875 0.067578125 0.4546875 0.071484375 0.458203125 0.0734375 0.49609375 0.073046875 0.524609375 0.071875 0.5296875 0.063671875
1 0.20625 0.190234375 0.25234375 0.142578125 0.256640625 0.13359375 0.245703125 0.13671875 0.225390625 0.15 0.17265625 0.201953125 0.1421875 0.247265625 0.13984375 0.255078125 0.1421875 0.256640625 0.1796875 0.224609375 0.20625 0.190234375
1 0.075 0.430078125 0.0875 0.419921875 0.09921875 0.391015625 0.115625 0.330859375 0.114453125 0.309375 0.08671875 0.346484375 0.07421875 0.369921875 0.0625 0.402734375 0.05859375 0.416015625 0.059375 0.425390625 0.05546875 0.430078125 0.0484375 0.458984375 0.04921875 0.475390625 0.05625 0.484765625 0.06796875 0.444140625 0.075 0.430078125
1 0.819921875 0.8453125 0.8359375 0.827734375 0.8515625 0.803515625 0.8546875 0.791796875 0.847265625 0.79296875 0.784765625 0.8453125 0.75 0.880078125 0.73828125 0.894140625 0.73828125 0.898828125 0.780859375 0.87421875 0.819921875 0.8453125
1 0.396484375 0.93203125 0.340234375 0.915625 0.301171875 0.89921875 0.2890625 0.898046875 0.298828125 0.9140625 0.322265625 0.9265625 0.371484375 0.9421875 0.41953125 0.951171875 0.414453125 0.94140625 0.396484375 0.93203125
3 0.0859375 0.319921875 0.09375 0.307421875 0.10625 0.298046875 0.11796875 0.276171875 0.14296875 0.250390625 0.1640625 0.217578125 0.169140625 0.2125 0.178125 0.214453125 0.18046875 0.198046875 0.184765625 0.19453125 0.188671875 0.1953125 0.192578125 0.20625 0.1984375 0.200390625 0.200390625 0.19453125 0.195703125 0.19609375 0.190625 0.193359375 0.19609375 0.181640625 0.202734375 0.18046875 0.208984375 0.184375 0.21640625 0.180859375 0.209375 0.177734375 0.21171875 0.163671875 0.216015625 0.1609375 0.223828125 0.16640625 0.225 0.156640625 0.22265625 0.153515625 0.231640625 0.14609375 0.237109375 0.146875 0.240625 0.138671875 0.251171875 0.128125 0.348046875 0.0765625 0.380859375 0.0671875 0.38359375 0.062890625 0.380859375 0.06015625 0.322265625 0.0765625 0.256640625 0.10625 0.203515625 0.140625 0.13515625 0.200390625 0.08515625 0.262890625 0.05859375 0.319140625 0.0546875 0.333984375 0.05625 0.342578125 0.055078125 0.34453125 0.0515625 0.341796875 0.04765625 0.356640625 0.053125 0.370703125 0.0515625 0.377734375 0.05546875 0.394140625 0.06015625 0.387890625 0.0859375 0.319921875
2 0.85234375 0.238671875 0.845703125 0.23515625 0.8453125 0.239453125 0.865625 0.278515625 0.878125 0.300390625 0.8828125 0.303515625 0.865625 0.258984375 0.85234375 0.238671875