2 0.5794165316045381 0.4120745542949757 0.576580226904376 0.41085899513776336 0.5352512155591572 0.41166936790923825 0.5271474878444085 0.4059967585089141 0.49635332252836306 0.406807131280389 0.489870340356564 0.4027552674230146 0.48257698541329014 0.4027552674230146 0.46880064829821716 0.406807131280389 0.4574554294975689 0.4173419773095624 0.4436790923824959 0.419773095623987 0.4392220421393841 0.4282820097244733 0.4436790923824959 0.4367909238249595 0.4615072933549433 0.440032414910859 0.47366288492706643 0.4481361426256078 0.4874392220421394 0.4481361426256078 0.49959481361426256 0.44165316045380876 0.5190437601296597 0.44084278768233387 0.5490275526742301 0.42949756888168555 0.5611831442463533 0.4286871961102107 0.563614262560778 0.42382495948136145 0.5733387358184765 0.42301458670988656 0.5790113452188006 0.4173419773095624 0.5794165316045381 0.4120745542949757
2 0.5538897893030794 0.31442463533225284 0.5465964343598055 0.31280388978930307 0.5352512155591572 0.3014586709886548 0.5085089141004863 0.29821717990275526 0.45421393841166935 0.3063209076175041 0.4473257698541329 0.3140194489465154 0.45259319286871963 0.3217179902755267 0.46312803889789306 0.3209076175040519 0.476904376012966 0.32820097244732577 0.5044570502431118 0.3225283630470016 0.5506482982171799 0.3217179902755267 0.5555105348460292 0.3192868719611021 0.5538897893030794 0.31442463533225284
2 0.5178282009724473 0.2816045380875203 0.5093192868719612 0.2755267423014587 0.48176661264181525 0.2739059967585089 0.46636952998379255 0.26742301458670986 0.4534035656401945 0.26742301458670986 0.4282820097244733 0.273095623987034 0.4145056726094003 0.27957860615883307 0.4100486223662885 0.28646677471636955 0.4145056726094003 0.2909238249594814 0.43962722852512154 0.29983792544570503 0.46312803889789306 0.29983792544570503 0.48419773095623986 0.2901134521880065 0.5174230145867099 0.28444084278768234 0.5178282009724473 0.2816045380875203
2 0.5271474878444085 0.3427876823338736 0.48419773095623986 0.3419773095623987 0.4712317666126418 0.34035656401944897 0.4639384116693679 0.3354943273905997 0.4461102106969206 0.3346839546191248 0.4290923824959481 0.3395461912479741 0.42098865478119935 0.34764991896272285 0.40559157212317665 0.3500810372771475 0.40032414910858993 0.35615883306320906 0.40316045380875204 0.36304700162074555 0.41774716369529985 0.36547811993517015 0.4266612641815235 0.37439222042139386 0.4404376012965964 0.3752025931928687 0.47042139384116693 0.3679092382495948 0.502836304700162 0.36628849270664504 0.5081037277147488 0.3618314424635332 0.5052674230145867 0.3549432739059968 0.5255267423014587 0.3541329011345219 0.5320097244732577 0.34764991896272285 0.5271474878444085 0.3427876823338736
2 0.46312803889789306 0.3225283630470016 0.4497568881685575 0.31969205834683956 0.4497568881685575 0.30591572123176664 0.4428687196110211 0.30307941653160453 0.39829821717990277 0.31523500810372773 0.3897893030794165 0.32050243111831445 0.3857374392220421 0.3286061588330632 0.3926256077795786 0.3354943273905997 0.4226094003241491 0.33630470016207453 0.4606969205834684 0.33063209076175043 0.46636952998379255 0.3273905996758509 0.46312803889789306 0.3225283630470016
2 0.6503241491085899 0.6312803889789304 0.6381685575364667 0.6345218800648298 0.630064829821718 0.6312803889789304 0.6179092382495948 0.6361426256077796 0.6094003241491086 0.6284440842787682 0.606969205834684 0.6195299837925445 0.609805510534846 0.6175040518638574 0.6308752025931929 0.6158833063209076 0.6426256077795786 0.6114262560777958 0.6422204213938412 0.6061588330632091 0.630064829821718 0.5988654781199352 0.6017017828200972 0.6134521880064829 0.589546191247974 0.6126418152350082 0.5563209076175041 0.6183144246353323 0.5409238249594813 0.6312803889789304 0.5263371150729336 0.6320907617504052 0.5178282009724473 0.6397893030794165 0.5214748784440842 0.6450567260940032 0.5376823338735819 0.646677471636953 0.5530794165316045 0.660453808752026 0.5619935170178282 0.660453808752026 0.6179092382495948 0.6434359805510534 0.6341166936790924 0.6458670988654781 0.6503241491085899 0.6361426256077796 0.6503241491085899 0.6312803889789304
2 0.856969205834684 0.46029173419773095 0.8496758508914101 0.46110210696920584 0.8460291734197731 0.4582658022690438 0.8407617504051864 0.44327390599675853 0.8310372771474879 0.44408427876823336 0.8168557536466775 0.4574554294975689 0.8168557536466775 0.46555915721231766 0.8241491085899514 0.47366288492706643 0.8257698541329012 0.48095623987034036 0.836709886547812 0.49108589951377635 0.8407617504051864 0.49108589951377635 0.8411669367909238 0.48500810372771475 0.8492706645056726 0.48176661264181525 0.8500810372771475 0.47366288492706643 0.856969205834684 0.4651539708265802 0.856969205834684 0.46029173419773095
2 0.869935170178282 0.5243111831442464 0.8658833063209076 0.5243111831442464 0.8626418152350082 0.5194489465153971 0.8577795786061588 0.5235008103727715 0.8512965964343598 0.5226904376012966 0.8371150729335495 0.5409238249594813 0.8354943273905997 0.5514586709886548 0.8480551053484603 0.5632090761750406 0.8642625607779578 0.5510534846029174 0.8739870340356564 0.5388978930307942 0.869935170178282 0.5243111831442464
2 0.8675040518638574 0.5688816855753647 0.856969205834684 0.5656401944894651 0.8427876823338736 0.576580226904376 0.8403565640194489 0.5838735818476499 0.8496758508914101 0.5907617504051864 0.8577795786061588 0.5907617504051864 0.8691247974068071 0.5761750405186385 0.8675040518638574 0.5688816855753647
2 0.8772285251215559 0.5956239870340356 0.8666936790923825 0.593192868719611 0.856969205834684 0.5980551053484603 0.846839546191248 0.6138573743922204 0.8492706645056726 0.6260129659643436 0.8545380875202593 0.6272285251215559 0.8707455429497569 0.6175040518638574 0.8788492706645057 0.5996758508914101 0.8772285251215559 0.5956239870340356
2 0.830226904376013 0.593192868719611 0.8237439222042139 0.5940032414910859 0.7905186385737439 0.6029173419773096 0.773095623987034 0.6227714748784441 0.7755267423014587 0.6349270664505673 0.7824149108589952 0.6377633711507293 0.796191247974068 0.6337115072933549 0.7941653160453809 0.6276337115072933 0.8245542949756888 0.6077795786061588 0.8318476499189628 0.5956239870340356 0.830226904376013 0.593192868719611
2 0.8375202593192869 0.6345218800648298 0.8261750405186385 0.6393841166936791 0.809967585089141 0.6393841166936791 0.7917341977309562 0.663290113452188 0.7949756888168558 0.6762560777957861 0.7994327390599676 0.6774716369529984 0.8075364667747164 0.673419773095624 0.8391410048622366 0.6410048622366289 0.8375202593192869 0.6345218800648298
2 0.2313614262560778 0.4165316045380875 0.20786061588330632 0.41572123176661263 0.20299837925445705 0.4100486223662885 0.19043760129659643 0.42179902755267423 0.18881685575364668 0.4282820097244733 0.20299837925445705 0.4376012965964344 0.21839546191247974 0.42706645056726095 0.2313614262560778 0.42949756888168555 0.23379254457050244 0.4213938411669368 0.2313614262560778 0.4165316045380875
2 0.22974068071312803 0.4683954619124797 0.2106969205834684 0.4582658022690438 0.23055105348460292 0.4546191247974068 0.2273095623987034 0.4473257698541329 0.19003241491085898 0.44327390599675853 0.17423014586709887 0.4590761750405186 0.18273905996758508 0.4708265802269044 0.19003241491085898 0.47487844408427876 0.2159643435980551 0.4692058346839546 0.2313614262560778 0.47487844408427876 0.22974068071312803 0.4683954619124797
2 0.5008103727714749 0.729740680713128 0.4923014586709887 0.7212317666126418 0.41936790923824957 0.7147487844408428 0.396677471636953 0.7155591572123177 0.3897893030794165 0.7208265802269044 0.3926256077795786 0.7285251215559158 0.4072123176661264 0.7309562398703403 0.4315235008103728 0.7439222042139384 0.45502431118314424 0.7414910858995137 0.4639384116693679 0.7374392220421394 0.5004051863857374 0.7382495948136143 0.5020259319286872 0.7350081037277147 0.5008103727714749 0.729740680713128
2 0.4226094003241491 0.7390599675850892 0.3739870340356564 0.7285251215559158 0.3411669367909238 0.7337925445705025 0.3472447325769854 0.7423014586709886 0.37155591572123176 0.7504051863857374 0.4039708265802269 0.752836304700162 0.4250405186385737 0.747163695299838 0.4226094003241491 0.7390599675850892
1 0.6025121555915721 0.8743922204213939 0.5940032414910859 0.8715559157212318 0.5972447325769854 0.869935170178282 0.5948136142625607 0.8634521880064829 0.5745542949756888 0.843192868719611 0.5737439222042139 0.830226904376013 0.549837925445705 0.8209076175040518 0.5125607779578606 0.8282009724473258 0.5012155591572123 0.8354943273905997 0.49027552674230146 0.8480551053484603 0.5024311183144247 0.8820907617504052 0.5401134521880064 0.899513776337115 0.5538897893030794 0.9019448946515397 0.5773905996758509 0.8987034035656402 0.5976499189627229 0.8889789303079416 0.6049432739059968 0.8808752025931929 0.6025121555915721 0.8743922204213939
1 0.21110210696920584 0.2439222042139384 0.20623987034035657 0.2439222042139384 0.17909238249594814 0.2653970826580227 0.16774716369529985 0.28565640194489467 0.16653160453808752 0.3006482982171799 0.17625607779578606 0.29821717990275526 0.20016207455429497 0.27431118314424635 0.21110210696920584 0.24716369529983792 0.21110210696920584 0.2439222042139384
1 0.13209076175040518 0.44773095623987036 0.12439222042139383 0.42625607779578606 0.11102106969205834 0.4404376012965964 0.09886547811993517 0.4647487844408428 0.09805510534846029 0.4923014586709887 0.10494327390599675 0.4983792544570502 0.11304700162074555 0.4983792544570502 0.12560777957860617 0.48257698541329014 0.13249594813614263 0.46353322528363045 0.13209076175040518 0.44773095623987036
2 0.4250405186385737 0.7641815235008104 0.4104538087520259 0.7568881685575365 0.3820907617504052 0.7568881685575365 0.37682333873581847 0.7597244732576985 0.3820907617504052 0.7682333873581848 0.40316045380875204 0.7747163695299838 0.4274716369529984 0.7771474878444085 0.43314424635332255 0.7747163695299838 0.4250405186385737 0.7641815235008104
2 0.19286871961102106 0.7256888168557536 0.17949756888168558 0.7147487844408428 0.1705834683954619 0.7106969205834684 0.16693679092382496 0.7135332252836305 0.16612641815235007 0.7175850891410048 0.1746353322528363 0.7252836304700162 0.19246353322528362 0.7293354943273906 0.19286871961102106 0.7256888168557536
3 0.14222042139384117 0.36709886547811993 0.1219611021069692 0.37763371150729336 0.12074554294975688 0.37074554294975687 0.1260129659643436 0.36223662884927066 0.11790923824959482 0.36385737439222043 0.1126418152350081 0.36993517017828204 0.09805510534846029 0.41369529983792547 0.09886547811993517 0.4266612641815235 0.10494327390599675 0.4327390599675851 0.11709886547811993 0.43111831442463533 0.12641815235008103 0.4128849270664506 0.13776337115072934 0.40153970826580226 0.14222042139384117 0.37682333873581847 0.14222042139384117 0.36709886547811993
3 0.11385737439222042 0.42949756888168555 0.10251215559157212 0.42706645056726095 0.09764991896272285 0.4189627228525122 0.09278768233387358 0.42949756888168555 0.0846839546191248 0.42625607779578606 0.07617504051863858 0.43314424635332255 0.06564019448946515 0.48176661264181525 0.06645056726094004 0.5239059967585089 0.07171799027552674 0.5356564019448946 0.08508914100486224 0.5182333873581848 0.08346839546191248 0.5068881685575365 0.0940032414910859 0.48824959481361424 0.09805510534846029 0.4639384116693679 0.1146677471636953 0.4327390599675851 0.11385737439222042 0.42949756888168555