1 0.68671875 0.190234375 0.6828125 0.187890625 0.67109375 0.166015625 0.655859375 0.153125 0.616796875 0.140625 0.604296875 0.1390625 0.596875 0.141796875 0.60234375 0.156640625 0.628515625 0.19296875 0.651171875 0.203125 0.69453125 0.214453125 0.6953125 0.207421875 0.68671875 0.190234375
1 0.827734375 0.44140625 0.82890625 0.439453125 0.8265625 0.387109375 0.834375 0.353515625 0.8296875 0.336328125 0.815234375 0.31953125 0.808203125 0.31328125 0.792578125 0.31328125 0.78203125 0.325390625 0.76796875 0.372265625 0.77109375 0.405078125 0.800390625 0.43515625 0.812109375 0.44296875 0.81640625 0.442578125 0.823828125 0.4359375 0.827734375 0.44140625
1 0.76015625 0.773046875 0.77890625 0.706640625 0.776953125 0.68671875 0.755859375 0.69140625 0.736328125 0.7015625 0.722265625 0.7109375 0.7109375 0.724609375 0.69609375 0.808203125 0.698828125 0.81171875 0.70390625 0.811328125 0.741796875 0.79375 0.76015625 0.773046875
1 0.14453125 0.637109375 0.14921875 0.614453125 0.153125 0.612109375 0.15390625 0.591796875 0.1421875 0.562109375 0.131640625 0.55546875 0.12109375 0.579296875 0.11640625 0.611328125 0.11640625 0.637109375 0.13203125 0.670703125 0.14296875 0.675390625 0.146875 0.670703125 0.14453125 0.637109375
1 0.2015625 0.756640625 0.18046875 0.712109375 0.168359375 0.7 0.153515625 0.69296875 0.15234375 0.697265625 0.1640625 0.725390625 0.18984375 0.775390625 0.211328125 0.796875 0.228125 0.801953125 0.22734375 0.795703125 0.2015625 0.756640625
1 0.223828125 0.8125 0.21328125 0.809765625 0.22578125 0.830078125 0.253515625 0.86015625 0.278515625 0.8734375 0.28671875 0.874609375 0.245703125 0.8265625 0.223828125 0.8125
1 0.45859375 0.096484375 0.454296875 0.08984375 0.427734375 0.0921875 0.418359375 0.0953125 0.4125 0.101953125 0.410546875 0.115625 0.4359375 0.117578125 0.45859375 0.105859375 0.45859375 0.096484375
1 0.153125 0.378515625 0.153125 0.365234375 0.150390625 0.36015625 0.13359375 0.370703125 0.11171875 0.403515625 0.09921875 0.429296875 0.09453125 0.448046875 0.09453125 0.471484375 0.096875 0.477734375 0.10078125 0.478515625 0.13828125 0.425390625 0.153125 0.378515625
3 0.84609375 0.717578125 0.87890625 0.671484375 0.89921875 0.630078125 0.90625 0.600390625 0.91171875 0.534765625 0.9015625 0.518359375 0.89609375 0.494921875 0.890234375 0.484375 0.886328125 0.484375 0.87890625 0.494921875 0.87421875 0.512109375 0.86796875 0.521484375 0.85078125 0.537890625 0.84296875 0.557421875 0.833203125 0.56953125 0.825 0.573046875 0.81640625 0.616015625 0.8 0.644140625 0.79765625 0.658984375 0.8078125 0.670703125 0.80625 0.723046875 0.8125 0.730078125 0.827734375 0.728125 0.84609375 0.717578125
3 0.1546875 0.288671875 0.16875 0.276953125 0.17890625 0.258984375 0.18828125 0.250390625 0.225 0.194921875 0.230859375 0.17578125 0.223828125 0.17578125 0.192578125 0.19296875 0.1484375 0.242578125 0.11484375 0.308203125 0.1125 0.334765625 0.11875 0.338671875 0.13125 0.328515625 0.1546875 0.288671875
3 0.79765625 0.230859375 0.78671875 0.199609375 0.775 0.180078125 0.745703125 0.15234375 0.711328125 0.12734375 0.680078125 0.11484375 0.666796875 0.1140625 0.66640625 0.119140625 0.6734375 0.125390625 0.671875 0.132421875 0.67421875 0.136328125 0.708984375 0.1671875 0.730859375 0.1796875 0.746875 0.202734375 0.763671875 0.21953125 0.776171875 0.22734375 0.792578125 0.2484375 0.79765625 0.249609375 0.8 0.247265625 0.79765625 0.230859375
1 0.88671875 0.465234375 0.88671875 0.416015625 0.87578125 0.374609375 0.857421875 0.3578125 0.853125 0.414453125 0.85390625 0.469140625 0.86171875 0.490234375 0.87109375 0.494140625 0.88359375 0.476171875 0.88671875 0.465234375
1 0.568359375 0.071875 0.544140625 0.06640625 0.53125 0.067578125 0.550390625 0.084375 0.58203125 0.086328125 0.58359375 0.082421875 0.568359375 0.071875
2 0.4953125 0.262890625 0.48984375 0.255859375 0.49375 0.248828125 0.49296875 0.242578125 0.481640625 0.2359375 0.466796875 0.23828125 0.46171875 0.243359375 0.46171875 0.259765625 0.45859375 0.266015625 0.463671875 0.26484375 0.470703125 0.27421875 0.48359375 0.275390625 0.4953125 0.271484375 0.4953125 0.262890625
1 0.83671875 0.765234375 0.85546875 0.742578125 0.859375 0.733984375 0.857421875 0.72890625 0.852734375 0.7296875 0.8109375 0.775390625 0.76953125 0.814453125 0.7640625 0.823046875 0.76953125 0.826171875 0.786328125 0.81640625 0.83671875 0.765234375
1 0.739453125 0.8359375 0.775 0.801171875 0.78515625 0.782421875 0.796875 0.776171875 0.80859375 0.761328125 0.80859375 0.757421875 0.789453125 0.76875 0.744140625 0.8140625 0.704296875 0.8453125 0.696875 0.855078125 0.7015625 0.855859375 0.719921875 0.85078125 0.739453125 0.8359375
1 0.71640625 0.862109375 0.7171875 0.857421875 0.711328125 0.85703125 0.673046875 0.87421875 0.66484375 0.881640625 0.65390625 0.901171875 0.655078125 0.90390625 0.66171875 0.903515625 0.696484375 0.88828125 0.71640625 0.862109375
3 0.341015625 0.08359375 0.344140625 0.07890625 0.366015625 0.0671875 0.36640625 0.063671875 0.329296875 0.0734375 0.287109375 0.09140625 0.26328125 0.110546875 0.26328125 0.114453125 0.2703125 0.117578125 0.2625 0.125390625 0.2671875 0.127734375 0.337109375 0.08359375 0.341015625 0.08359375
1 0.14765625 0.358984375 0.14921875 0.347265625 0.16953125 0.311328125 0.175 0.298828125 0.173046875 0.29609375 0.153515625 0.2984375 0.140625 0.312890625 0.1296875 0.331640625 0.115625 0.344921875 0.10625 0.360546875 0.096875 0.386328125 0.09453125 0.404296875 0.103125 0.413671875 0.1296875 0.376953125 0.14765625 0.358984375