1 0.083203125 0.61484375 0.090625 0.613671875 0.09140625 0.593359375 0.08203125 0.553515625 0.078515625 0.5484375 0.072265625 0.5484375 0.0640625 0.556640625 0.0609375 0.576171875 0.0671875 0.610546875 0.07421875 0.626171875 0.07890625 0.629296875 0.078125 0.619921875 0.083203125 0.61484375
2 0.30703125 0.271484375 0.32109375 0.243359375 0.31953125 0.235546875 0.315234375 0.23125 0.30625 0.235546875 0.296875 0.251953125 0.284375 0.298046875 0.2875 0.299609375 0.303125 0.287109375 0.30703125 0.271484375
1 0.84375 0.355859375 0.828125 0.304296875 0.817578125 0.28984375 0.773046875 0.259375 0.748828125 0.246875 0.735546875 0.2453125 0.70625 0.249609375 0.703125 0.264453125 0.70546875 0.282421875 0.71171875 0.294140625 0.726953125 0.30546875 0.736328125 0.31796875 0.744140625 0.32109375 0.754296875 0.31875 0.763671875 0.32265625 0.815234375 0.3515625 0.823828125 0.36640625 0.8328125 0.368359375 0.84375 0.366015625 0.84375 0.355859375
1 0.269921875 0.82109375 0.242578125 0.80625 0.164453125 0.75078125 0.158984375 0.7484375 0.1515625 0.750390625 0.15234375 0.757421875 0.16875 0.783984375 0.201953125 0.8125 0.261328125 0.8453125 0.3015625 0.858984375 0.30078125 0.849609375 0.269921875 0.82109375
2 0.294140625 0.19453125 0.280078125 0.20390625 0.275 0.211328125 0.2703125 0.232421875 0.2703125 0.239453125 0.27421875 0.239453125 0.2984375 0.201171875 0.294140625 0.19453125
2 0.317578125 0.19609375 0.313671875 0.19609375 0.29765625 0.208203125 0.29609375 0.227734375 0.2984375 0.229296875 0.31796875 0.203515625 0.317578125 0.19609375
1 0.450390625 0.11875 0.453125 0.113671875 0.440234375 0.109375 0.403515625 0.1109375 0.348828125 0.128125 0.33984375 0.133984375 0.3390625 0.137890625 0.34453125 0.138671875 0.427734375 0.1265625 0.450390625 0.11875
2 0.616015625 0.12578125 0.604296875 0.12265625 0.60078125 0.126171875 0.610546875 0.1390625 0.6203125 0.140234375 0.62109375 0.130078125 0.616015625 0.12578125
2 0.5078125 0.110546875 0.499609375 0.1078125 0.490234375 0.109375 0.4859375 0.114453125 0.491015625 0.121875 0.49453125 0.122265625 0.508203125 0.115625 0.5078125 0.110546875
2 0.509765625 0.1109375 0.50703125 0.118359375 0.509765625 0.12265625 0.51484375 0.122265625 0.51796875 0.115234375 0.509765625 0.1109375
1 0.928125 0.413671875 0.916796875 0.39453125 0.905859375 0.39296875 0.90390625 0.396484375 0.9078125 0.423046875 0.928125 0.448046875 0.93515625 0.452734375 0.93671875 0.441015625 0.928125 0.413671875