1 0.24459688111888112 0.6195937578671329 0.25492703234265734 0.6177722727272728 0.2673854012237762 0.6053680034965034 0.27057930332167834 0.5781765122377622 0.277922493006993 0.5719998513986014 0.2861785262237762 0.555898513986014 0.2782854274475524 0.5111345253496503 0.264414201048951 0.4878396870629371 0.24157998776223774 0.46656907080419574 0.22790834702797202 0.4645416958041958 0.20826068094405592 0.46889372027972026 0.19023281293706293 0.4773981844405594 0.17139609615384616 0.47628155244755244 0.15863519755244757 0.47941925349650355 0.13422582867132868 0.497037444055944 0.09831872989510489 0.5375418452797203 0.09896948251748251 0.5915713513986014 0.10782532167832168 0.6317275297202797 0.11207755332167833 0.6407414632867133 0.12549550961538464 0.6463640122377622 0.13440544842657343 0.6616575524475524 0.14270927622377622 0.665962833041958 0.14822887937062937 0.6645457727272728 0.15278679370629372 0.6601916468531468 0.15638406993006992 0.6453555786713286 0.15446069143356644 0.6394814475524475 0.16033587325174825 0.6300131931818181 0.21872370804195804 0.6037408505244756 0.22216709178321678 0.6031336888111889 0.2315334527972028 0.6134648907342658 0.24459688111888112 0.6195937578671329
1 0.1425427744755245 0.7707302508741259 0.12441511363636365 0.7686009825174825 0.11464117657342658 0.776093861013986 0.12537259965034966 0.8017175524475525 0.13863666433566435 0.8215690069930071 0.162483513986014 0.8435486791958041 0.18516698688811187 0.8564135734265734 0.22466190472027972 0.8689769886363636 0.2363082727272727 0.8695862517482518 0.2586881660839161 0.8807294545454545 0.269119159965035 0.881996826048951 0.2850198618881119 0.876530270979021 0.27940151660839163 0.8597687237762238 0.26876988636363636 0.844778763986014 0.23084802272727276 0.8084162937062938 0.2210252403846154 0.8030474300699301 0.20289757954545456 0.8009181617132867 0.1729738618881119 0.7822290323426573 0.1425427744755245 0.7707302508741259
2 0.3102197062937063 0.6368700297202797 0.3030314597902098 0.6212729090909092 0.29746195979020984 0.6173731031468531 0.2914360384615385 0.6184356354895105 0.29026845979020977 0.6395003618881119 0.2831779038461538 0.6496267255244755 0.2884905664335664 0.679756333041958 0.2942108059440559 0.6920618610139859 0.3038817980769231 0.6965698784965035 0.31015930244755247 0.707001923951049 0.3195745078671329 0.7301948680069931 0.3212940979020979 0.7449810393356644 0.33268573164335663 0.7567303522727272 0.3373444886363636 0.7554650821678323 0.33537331555944055 0.7291843330419581 0.3282370673076923 0.703814326048951 0.3305170751748252 0.6940923872377622 0.3335549833916084 0.6962195541958043 0.33791016083916087 0.6932325917832168 0.3335082395104895 0.6682680603146853 0.32338397814685316 0.6460877526223776 0.3102197062937063 0.6368700297202797
2 0.330938854020979 0.2107140034965035 0.3477014527972028 0.19755078234265736 0.35398210926573426 0.18534820017482517 0.35388231643356644 0.17471446765734266 0.3448195367132867 0.16610495804195805 0.3372237141608392 0.16833191695804195 0.3230935498251748 0.1863566328671329 0.32633104370629373 0.20975126398601399 0.330938854020979 0.2107140034965035
2 0.6169382054195803 0.916528896853147 0.6141040847902098 0.9054896896853146 0.609547222027972 0.9022989396853146 0.5922284090909091 0.9097907666083916 0.5883265017482517 0.9304500183566434 0.5913134632867132 0.9348051958041959 0.6093402814685315 0.9338456075174826 0.6169382054195803 0.916528896853147
2 0.6574520646853147 0.884532111013986 0.6519792045454545 0.9139006660839161 0.6575996512237762 0.9155724615384615 0.6627657779720281 0.9071168435314685 0.6666645323426573 0.9090922194055944 0.6763365751748253 0.906055361013986 0.6795283767482517 0.8939536223776224 0.6908732657342658 0.8777514414335664 0.6871273522727274 0.8690920349650351 0.6747719283216783 0.8694954082167833 0.6574520646853147 0.884532111013986
2 0.6896048435314686 0.8957273120629371 0.6908690620629371 0.90793094493007 0.6864629388111888 0.9131459169580419 0.6910707491258741 0.9141086573426572 0.6997301555944057 0.9103627438811189 0.7096059860139861 0.8984138452797202 0.7136586328671328 0.8861603155594405 0.722319090034965 0.8748695262237762 0.7204466590909091 0.8667673846153846 0.7092556617132867 0.868740659090909 0.6931002246503496 0.8853472639860139 0.6896048435314686 0.8957273120629371
2 0.4641598479020979 0.9687647473776224 0.46851397377622384 0.9733226617132867 0.4760588496503496 0.9733237124125874 0.4777826433566434 0.9579303793706294 0.4700360804195804 0.9517516171328672 0.44699702797202795 0.946937916958042 0.43940120541958044 0.9491648758741259 0.43550139947552446 0.9547343758741259 0.4489682010489511 0.973218666083916 0.45631034003496507 0.9745868811188811 0.4641598479020979 0.9687647473776224
2 0.6169297989510489 0.9768879047202798 0.6529345891608391 0.9621069877622378 0.6572398697552448 0.953803159965035 0.6531394283216784 0.9456500716783216 0.6464553977272728 0.9454972298951049 0.6246285673076922 0.9626600498251748 0.6137411512237761 0.9663550157342659 0.6081695498251748 0.9775449624125875 0.6169297989510489 0.9768879047202798
2 0.678053013111888 0.9434761608391609 0.6814974475524475 0.9353241232517482 0.6750671022727273 0.9315761083916084 0.6663068522727272 0.9322331660839162 0.6453918146853146 0.9470161844405593 0.6535937482517482 0.9557774851398602 0.6582525061188812 0.9545122150349651 0.678053013111888 0.9434761608391609
1 0.5285820445804196 0.15367390996503497 0.5338968085664336 0.16871376573426572 0.5556185926573426 0.1786415944055944 0.6144076993006994 0.17981442744755244 0.6731448085664336 0.19076014685314688 0.6995253505244755 0.19942270541958043 0.7259069423076923 0.20054038811188812 0.7287431652097902 0.19648984353146853 0.7246427237762237 0.18833675524475524 0.6957337438811189 0.1552669291958042 0.656593354020979 0.14219719580419582 0.5964381337412588 0.13327674912587414 0.5707146494755245 0.13337443968531468 0.5361789178321679 0.14390207517482517 0.5285820445804196 0.15367390996503497
1 0.8580155410839161 0.21985139073426574 0.8579656451048951 0.21453452447552446 0.840093770104895 0.19372033041958042 0.8191829353146853 0.17832384527972028 0.7864229956293707 0.1636852604895105 0.7742703085664335 0.16272147027972028 0.7740166241258741 0.16631664423076925 0.790623229020979 0.1824720812937063 0.8580155410839161 0.21985139073426574
1 0.3469509073426573 0.13288754458041957 0.4160722666083916 0.11714914160839161 0.43850415734265735 0.11851945804195806 0.46726660139860143 0.1130040576923077 0.4904085979020979 0.10581686188811189 0.4902578583916084 0.09741113986013986 0.46701606905594406 0.09396460402097902 0.4247847220279721 0.09608546590909091 0.3640181372377623 0.11390113986013987 0.3510035541958042 0.12063401486013986 0.34239404370629367 0.12969679458041958 0.3469509073426573 0.13288754458041957
1 0.01142949125874126 0.5129202823426573 0.02449607255244755 0.49641452010489506 0.028399030594405596 0.4682103924825175 0.026071228146853146 0.45752571328671326 0.016753712412587413 0.4600562534965035 0.00935852534965035 0.47600580069930076 0.006873678321678322 0.5021846555944056 0.008695162587412588 0.5125148068181818 0.01142949125874126 0.5129202823426573
2 0.0995850506993007 0.5346557263986014 0.10571286625874125 0.529137173951049 0.10060188986013986 0.505185277972028 0.10425116346153845 0.4805763243006993 0.0993917701048951 0.468119006993007 0.09615112412587414 0.4673590043706293 0.09224711538461539 0.5031080078671328 0.0965471416083916 0.5325285603146853 0.0995850506993007 0.5346557263986014
2 0.120501138986014 0.5123278321678322 0.12384473076923076 0.5010869379370629 0.12025586101398603 0.4555639973776224 0.11711815996503495 0.4428030987762238 0.1137257229020979 0.4411822508741259 0.10703748951048951 0.4712089134615385 0.11351247727272727 0.5179981748251749 0.120501138986014 0.5123278321678322