1 0.7440001516666667 0.5125638233333334 0.7365857041666666 0.5064777858333332 0.6635728208333334 0.4900517883333333 0.6485986658333334 0.47954003749999996 0.6123620458333334 0.4730236775 0.5756170183333333 0.4723184541666667 0.5712897124999999 0.464411215 0.5664539983333333 0.46231511166666667 0.5616339016666667 0.4648212158333333 0.5551120858333334 0.47721663750000004 0.5335747191666667 0.4891348841666667 0.5267467666666668 0.5002487475 0.5196806033333333 0.55233108 0.5197016775000001 0.5807744858333334 0.5282680408333333 0.5928169183333334 0.5459505725 0.6010560716666666 0.5507448908333333 0.6131867516666667 0.5548957025000001 0.6135499008333333 0.5595549216666666 0.6081019141666667 0.5807759916666667 0.6141410991666667 0.6074864425000001 0.6148049283333333 0.626434915 0.6181357375 0.6302225775 0.6226496975 0.6864869558333333 0.639283425 0.7174934775 0.6386500775 0.7232163666666667 0.6353864408333333 0.7274812025 0.6248848508333333 0.7304176283333333 0.6008827758333334 0.7363427891666667 0.5905264450000001 0.7392948325 0.5711265766666667 0.7440001516666667 0.5125638233333334
2 0.7698000958333334 0.28937982083333336 0.7316227925000001 0.26679986 0.7101994508333334 0.26785336833333334 0.7108999708333333 0.27418852916666664 0.7228439966666667 0.28108911166666667 0.7335220808333334 0.29289803833333333 0.756185585 0.30157297 0.7678390916666668 0.3117942016666667 0.7760680841666666 0.3133506616666667 0.7797518816666666 0.30949037 0.7912288941666668 0.31216751083333333 0.7931071075 0.3098222841666667 0.7698000958333334 0.28937982083333336
2 0.6998227991666667 0.30040619 0.6927144883333334 0.29560171083333336 0.6919413383333334 0.2900967108333333 0.6558187433333333 0.2727156125 0.6274167333333334 0.26270211 0.6164067341666667 0.2642484091666667 0.6086603724999999 0.2715175975 0.6193540741666667 0.2879287308333333 0.62812271 0.29287847 0.6990082541666667 0.30493576749999995 0.6998227991666667 0.30040619
2 0.45779418916666664 0.27964968833333337 0.448444515 0.2813412475 0.40231857833333334 0.27312316833333333 0.3829655616666667 0.2839777466666667 0.3786851083333333 0.28987712916666664 0.3845118616666667 0.294987745 0.4033150741666667 0.29997887916666666 0.4389808158333333 0.29389754583333333 0.4624432483333334 0.2934406925 0.45779418916666664 0.27964968833333337
2 0.319210155 0.3720897225 0.28517350333333336 0.3691119016666667 0.2680774666666667 0.37807264916666666 0.2666662666666667 0.3846413175 0.27635331166666666 0.39343573083333333 0.28465493416666665 0.39416202833333336 0.3097464558333333 0.3846460208333333 0.31960453916666665 0.3771433258333334 0.319210155 0.3720897225
2 0.8137478916666667 0.38942415583333334 0.7993703925 0.376873315 0.7973000675 0.367072245 0.7657952966666667 0.35427773583333333 0.7547540633333334 0.3466196208333333 0.7356603316666667 0.3449491358333333 0.7294860475 0.34859153833333334 0.7212570541666666 0.34703507833333336 0.7162916983333333 0.35120150749999995 0.7207798808333333 0.3620506291666667 0.7379540033333334 0.3761009175 0.7521706258333333 0.3857098766666667 0.7726341633333333 0.39084627 0.7866328966666667 0.40294571583333333 0.7913803633333333 0.40126977333333336 0.7922675375 0.39591003416666665 0.8157299699999999 0.3954531808333333 0.8137478916666667 0.38942415583333334
2 0.4831340825 0.20992622 0.44184385916666663 0.20380424416666665 0.42390204333333337 0.20809015416666665 0.42211207666666667 0.21420742666666664 0.4379734066666667 0.21935943750000003 0.48601895250000005 0.2151977125 0.4831340825 0.20992622
2 0.6906230891666667 0.25735723416666667 0.6701283175 0.24301642666666667 0.6114773166666667 0.23453906249999998 0.6013857275 0.23993003666666668 0.6069945908333333 0.2475311391666667 0.6227989083333334 0.25811552 0.6421105291666667 0.2572955183333333 0.6752029941666667 0.27106544833333335 0.69033257 0.26067788333333336 0.6906230891666667 0.25735723416666667
1 0.671560405 0.7094996841666666 0.66490349 0.7043164383333334 0.6267160266666666 0.7009754683333334 0.6172937225 0.70349719 0.6099261266666667 0.7112177741666666 0.6041876208333333 0.7098792033333333 0.60137538 0.7037775483333333 0.5797653841666667 0.7165259583333333 0.5737261983333334 0.7377470275 0.5774256133333334 0.7384889425 0.5872110666666667 0.7318164100000001 0.5944232416666667 0.7449951416666667 0.6015729483333333 0.7397650441666667 0.6352878466666667 0.7368591 0.6718977766666666 0.7199856566666667 0.671560405 0.7094996841666666
1 0.5387711366666667 0.7309245316666666 0.5303812675 0.7264261883333333 0.5320931475 0.69729788 0.5402182758333334 0.6904800883333333 0.5401870408333334 0.6812756733333333 0.5286944116666668 0.673996325 0.5117280183333334 0.6766945400000001 0.50205659 0.6725023341666666 0.49664529499999993 0.7008887275 0.4999815608333334 0.7057814533333333 0.5102496441666666 0.7079345691666666 0.4794039991666667 0.7115097991666667 0.4710453641666667 0.7162158708333333 0.4697067933333333 0.7219543766666666 0.48036926 0.7291610958333333 0.5108673741666666 0.7343388841666667 0.5216180883333333 0.7453176483333334 0.5349733141666667 0.7456495625 0.5415107475000001 0.7378563483333334 0.5387711366666667 0.7309245316666666
1 0.4993325966666667 0.6701727241666666 0.4839070458333333 0.6600397391666667 0.4557541591666667 0.6567401641666667 0.44521117416666667 0.662509905 0.4360067591666667 0.66254114 0.4292615966666667 0.6535858491666666 0.42103260416666666 0.6520293891666666 0.41572987666666666 0.645709845 0.40991874166666664 0.6452014366666666 0.4075165016666667 0.6487555916666666 0.42078893666666667 0.66915666 0.4190872175 0.6790459766666667 0.41208277 0.6826157500000001 0.4136860825 0.6881933791666667 0.42242348333333335 0.6839387033333334 0.4253083541666667 0.6892101958333333 0.4348032875 0.6858583125000001 0.44447471499999996 0.6900505191666666 0.47616613999999996 0.6911501258333334 0.49869454583333334 0.6822463916666667 0.4993325966666667 0.6701727241666666
1 0.4256474175 0.38893042583333337 0.4117525483333333 0.3852052325 0.40478949666666664 0.3787404283333333 0.37331596083333335 0.37515033416666665 0.3575171 0.3884071525 0.3614086275 0.401295365 0.3492053175 0.40691984583333335 0.34179632666666665 0.4246750066666667 0.35780291583333335 0.42816669333333335 0.39076028166666665 0.4243579566666667 0.3938474241666667 0.42253675583333333 0.3930586566666667 0.4124295491666667 0.4105904716666667 0.3984878283333333 0.4253568983333333 0.39225107416666666 0.4256474175 0.38893042583333337
2 0.3726310583333333 0.37341738 0.35588255416666664 0.37362510916666664 0.33902002416666666 0.38469757666666665 0.33223346666666664 0.38577686333333333 0.32856528583333333 0.3942393625 0.3365193766666667 0.40371867833333336 0.34655395333333333 0.40376007416666665 0.3531484 0.39053449 0.3697047925 0.3781804641666667 0.37649135 0.37710117833333334 0.3726310583333333 0.37341738
2 0.2962092791666667 0.35292881833333334 0.29731434333333334 0.34507859166666666 0.2861590858333333 0.34828521583333333 0.27675239916666666 0.3554091441666667 0.2783557108333333 0.36098677333333334 0.286221555 0.36669404499999997 0.30077009166666663 0.3629477775 0.2962092791666667 0.35292881833333334
1 0.33263255416666665 0.3477502766666667 0.3275633333333334 0.3435424525 0.30756681 0.3426295 0.2984506425 0.34643278 0.2952338575 0.35451651250000005 0.30160025416666664 0.3630204075 0.3174459666666667 0.3635702108333333 0.33174537916666663 0.3531100158333333 0.33263255416666665 0.3477502766666667
2 0.32297655666666664 0.7927687975 0.31556210916666666 0.78668276 0.28044617083333334 0.7769183808333333 0.27320821749999996 0.7783764333333334 0.2915186383333333 0.7937809108333334 0.3234591875 0.8015944458333333 0.32297655666666664 0.7927687975
3 0.29859722083333334 0.9232237516666667 0.28189011166666667 0.9133969041666667 0.27377514416666665 0.900975705 0.25295861833333333 0.8807511316666667 0.21622375083333334 0.8608069158333332 0.20837352416666666 0.8597018516666666 0.2162706025 0.8746135383333332 0.24406579750000001 0.9059051225 0.28805423583333334 0.9289934925 0.30685744833333334 0.9339846266666666 0.29859722083333334 0.9232237516666667
3 0.2527868283333333 0.8301268516666667 0.24701708749999998 0.8195838658333333 0.2441423783333333 0.7950733825 0.21362319 0.7614521875 0.198804455 0.7300411208333334 0.17889072166666667 0.709059015 0.17269536333333332 0.6842580116666667 0.15956818749999999 0.66219662 0.15467000416666668 0.6416916875 0.13173630166666667 0.5978594216666666 0.11628422000000001 0.5354418333333334 0.1030375625 0.5004039808333334 0.09963957916666666 0.5440238141666667 0.10591848166666666 0.6156770516666666 0.11963760916666667 0.6787795433333333 0.13877348916666668 0.73733684 0.16062790500000002 0.7743825483333333 0.16376189916666667 0.7863679683333333 0.17532715833333334 0.7928171549999999 0.1865448858333333 0.8080193600000001 0.2115848525 0.82777692 0.23630306499999998 0.841650715 0.24951303083333334 0.8436429541666667 0.251391245 0.8412977266666667 0.2527868283333333 0.8301268516666667
3 0.6083519775 0.06947187416666667 0.5672070133333333 0.06168957333333334 0.5164944866666666 0.05808931916666667 0.4553842341666667 0.058598479999999994 0.38849408 0.06780364750000001 0.3147033441666666 0.08895284083333334 0.2682095541666667 0.12796576250000002 0.24610676666666667 0.151127515 0.2138139825 0.19514718833333333 0.196297785 0.21369111583333336 0.17588655666666667 0.2462025425 0.15684513333333333 0.28217987833333336 0.13132874583333332 0.34435925666666667 0.11313855916666665 0.4088526275 0.11117755499999998 0.43126700749999997 0.12688816833333333 0.414238145 0.1394647875 0.38522386166666667 0.1624391325 0.3521001616666667 0.19312314833333336 0.2786616608333334 0.20894778666666666 0.2507680583333333 0.2209019725 0.23842965000000002 0.218774635 0.23406094916666664 0.23264842916666667 0.20934273666666667 0.2686406291666667 0.16606497833333334 0.310771175 0.15302059333333332 0.3403352625 0.14975149999999998 0.3560771108333333 0.14192705166666666 0.40077077250000004 0.12827039333333334 0.4149663216666667 0.10943594583333334 0.4570968675 0.09639156 0.4653516375 0.08331123666666666 0.4843985175 0.0711751 0.5058374766666667 0.07472379833333334 0.529050785 0.06755301833333333 0.5618941258333333 0.07460902083333333 0.6219563266666667 0.07651771666666667 0.6083519775 0.06947187416666667
2 0.49130738166666665 0.7953663466666666 0.46416115166666666 0.7996834916666666 0.4599533283333333 0.8047527116666667 0.4697856325 0.8118868008333333 0.5164199783333333 0.8142937450000001 0.5105932249999999 0.8091831291666667 0.5148010491666667 0.8041139083333333 0.5335730266666667 0.7999006275 0.49130738166666665 0.7953663466666666
2 0.41474504749999996 0.7334579191666667 0.3857932333333334 0.7392901291666667 0.38173066916666665 0.742699025 0.3841641433333334 0.7483492841666667 0.39217524666666664 0.7523962308333334 0.43278056666666664 0.7567852525 0.41474504749999996 0.7334579191666667
2 0.6014005916666666 0.17761085583333333 0.5548076416666667 0.16516933583333335 0.5476423175 0.16579722583333334 0.5484880974999999 0.1704720625 0.5659527391666667 0.1812017025 0.6055826375 0.18717841916666667 0.6141747791666666 0.18458406833333332 0.6014005916666666 0.17761085583333333
2 0.6490001983333333 0.19766909583333334 0.6156172141666667 0.18721981416666666 0.6089032866666667 0.18746893833333333 0.59942397 0.19542302916666665 0.60766858 0.20158169666666667 0.6411968241666667 0.21037065333333332 0.6504738683333333 0.20950925666666667 0.6525699716666667 0.2046735425 0.6490001983333333 0.19766909583333334
2 0.5707673791666666 0.1548544 0.5511340041666667 0.14979063666666667 0.5270592991666666 0.1476843725 0.5061029708333333 0.15296132166666665 0.5434032591666667 0.16166203166666668 0.5741192625 0.16434933416666667 0.5759974766666667 0.16200410666666668 0.5707673791666666 0.1548544