2 0.832421875 0.55625 0.828125 0.557421875 0.81953125 0.574609375 0.81640625 0.588671875 0.815625 0.614453125 0.809375 0.639453125 0.812890625 0.64375 0.8171875 0.643359375 0.83203125 0.584765625 0.832421875 0.55625
2 0.7375 0.638671875 0.737890625 0.646875 0.746875 0.642578125 0.75390625 0.598046875 0.7640625 0.586328125 0.76015625 0.566796875 0.75546875 0.558203125 0.75625 0.552734375 0.753515625 0.55078125 0.74296875 0.563671875 0.73671875 0.584765625 0.740625 0.617578125 0.7359375 0.629296875 0.7203125 0.646484375 0.71953125 0.655078125 0.721875 0.657421875 0.733203125 0.63984375 0.7375 0.638671875
2 0.40390625 0.573046875 0.4078125 0.552734375 0.3953125 0.540234375 0.3953125 0.523828125 0.386328125 0.5203125 0.38125 0.526171875 0.38125 0.541015625 0.3734375 0.548046875 0.37109375 0.555078125 0.37421875 0.584765625 0.3703125 0.610546875 0.371875 0.630078125 0.36796875 0.636328125 0.374609375 0.63984375 0.3828125 0.639453125 0.38359375 0.619140625 0.388671875 0.61484375 0.38984375 0.621484375 0.3859375 0.636328125 0.391015625 0.640625 0.396875 0.640234375 0.40234375 0.613671875 0.40390625 0.573046875
2 0.501953125 0.61328125 0.490625 0.633984375 0.491796875 0.64140625 0.49921875 0.641796875 0.503125 0.639453125 0.501953125 0.61328125
2 0.525 0.576953125 0.5328125 0.569140625 0.53359375 0.559765625 0.540625 0.549609375 0.540625 0.542578125 0.535546875 0.53671875 0.526953125 0.5375 0.52109375 0.547265625 0.50625 0.561328125 0.5015625 0.610546875 0.51484375 0.611328125 0.5234375 0.590234375 0.525 0.576953125
2 0.54375 0.629296875 0.546875 0.619140625 0.5453125 0.600390625 0.53828125 0.588671875 0.54609375 0.575390625 0.54609375 0.570703125 0.541796875 0.56640625 0.533984375 0.56796875 0.525 0.576171875 0.5234375 0.588671875 0.51484375 0.609765625 0.50390625 0.611328125 0.50390625 0.633984375 0.5078125 0.644921875 0.51875 0.651171875 0.517578125 0.659375 0.525390625 0.6640625 0.53359375 0.664453125 0.54765625 0.644921875 0.54375 0.629296875
2 0.4546875 0.728515625 0.469921875 0.71328125 0.4734375 0.715234375 0.482421875 0.73359375 0.4859375 0.728515625 0.48125 0.713671875 0.48203125 0.698046875 0.4765625 0.686328125 0.47734375 0.678515625 0.471875 0.662890625 0.47421875 0.641796875 0.464453125 0.6359375 0.4578125 0.639453125 0.44921875 0.656640625 0.44921875 0.666015625 0.453125 0.674609375 0.45078125 0.710546875 0.43671875 0.732421875 0.439453125 0.73671875 0.4546875 0.737890625 0.45703125 0.735546875 0.4546875 0.728515625
2 0.48984375 0.666015625 0.48984375 0.658984375 0.487109375 0.65546875 0.478515625 0.65390625 0.47109375 0.660546875 0.47421875 0.683984375 0.48203125 0.714453125 0.484765625 0.715625 0.487109375 0.7125 0.490625 0.715234375 0.484375 0.674609375 0.48984375 0.666015625
2 0.540625 0.727734375 0.548046875 0.7203125 0.55078125 0.722265625 0.552734375 0.7359375 0.5703125 0.733984375 0.5625 0.727734375 0.5609375 0.722265625 0.57578125 0.707421875 0.56796875 0.690234375 0.5828125 0.664453125 0.58203125 0.651171875 0.58671875 0.642578125 0.580859375 0.634375 0.571484375 0.63515625 0.563671875 0.646875 0.548828125 0.65 0.5375 0.662890625 0.534375 0.694140625 0.5359375 0.723046875 0.53046875 0.730859375 0.5296875 0.738671875 0.53828125 0.740234375 0.54140625 0.737109375 0.540625 0.727734375
2 0.40546875 0.697265625 0.3953125 0.670703125 0.384765625 0.6640625 0.3796875 0.666796875 0.3828125 0.680078125 0.36875 0.698828125 0.37734375 0.706640625 0.38203125 0.737890625 0.38984375 0.756640625 0.3984375 0.758203125 0.39609375 0.726953125 0.40546875 0.697265625
2 0.3265625 0.624609375 0.3296875 0.616015625 0.325 0.574609375 0.31796875 0.544921875 0.309765625 0.5375 0.30625 0.541796875 0.30546875 0.560546875 0.29921875 0.576171875 0.303125 0.588671875 0.303125 0.615234375 0.30859375 0.641796875 0.30703125 0.651171875 0.315234375 0.65390625 0.318359375 0.65 0.32734375 0.653515625 0.3296875 0.643359375 0.3265625 0.624609375
2 0.3453125 0.623828125 0.3453125 0.603515625 0.3484375 0.596484375 0.3421875 0.559765625 0.334375 0.535546875 0.326171875 0.53125 0.3234375 0.533203125 0.3265625 0.551953125 0.325 0.584765625 0.33046875 0.617578125 0.33671875 0.635546875 0.3328125 0.648046875 0.336328125 0.65234375 0.34921875 0.653515625 0.3515625 0.651171875 0.3453125 0.623828125
1 0.2984375 0.354296875 0.2984375 0.344921875 0.294921875 0.340625 0.26328125 0.361328125 0.253125 0.385546875 0.2546875 0.400390625 0.258984375 0.4078125 0.271484375 0.4125 0.28359375 0.412109375 0.2890625 0.406640625 0.2984375 0.354296875
1 0.326171875 0.4046875 0.337109375 0.40234375 0.359765625 0.37109375 0.365234375 0.371875 0.3671875 0.376171875 0.3640625 0.388671875 0.383203125 0.3953125 0.447265625 0.38828125 0.455078125 0.38828125 0.466796875 0.39453125 0.483984375 0.39453125 0.502734375 0.3875 0.51640625 0.378515625 0.52265625 0.353515625 0.511328125 0.33671875 0.475390625 0.32578125 0.437890625 0.325 0.390234375 0.3140625 0.355859375 0.315625 0.321484375 0.32421875 0.315625 0.330078125 0.3 0.395703125 0.29921875 0.416015625 0.301171875 0.41875 0.30703125 0.418359375 0.318359375 0.41328125 0.326171875 0.4046875
1 0.24921875 0.369921875 0.24609375 0.354296875 0.240234375 0.35 0.23515625 0.355078125 0.23046875 0.376171875 0.22890625 0.396484375 0.23203125 0.397265625 0.2421875 0.389453125 0.24921875 0.369921875
1 0.2140625 0.400390625 0.2234375 0.357421875 0.220703125 0.34765625 0.210546875 0.34453125 0.198828125 0.3453125 0.176953125 0.35546875 0.171875 0.362109375 0.1609375 0.382421875 0.153125 0.407421875 0.1578125 0.423046875 0.165625 0.424609375 0.179296875 0.4140625 0.2140625 0.400390625
1 0.808203125 0.36484375 0.770703125 0.3296875 0.744140625 0.32109375 0.716015625 0.325 0.7078125 0.329296875 0.7046875 0.343359375 0.709375 0.358203125 0.729296875 0.3765625 0.741015625 0.37421875 0.74765625 0.388671875 0.754296875 0.39453125 0.765234375 0.396875 0.772265625 0.39140625 0.777734375 0.39140625 0.806640625 0.3984375 0.816796875 0.39453125 0.83046875 0.404296875 0.8265625 0.374609375 0.808203125 0.36484375
1 0.587109375 0.47734375 0.600390625 0.4765625 0.619921875 0.47109375 0.626953125 0.47578125 0.652734375 0.47578125 0.666796875 0.471875 0.675390625 0.4734375 0.696484375 0.4703125 0.761328125 0.471875 0.772265625 0.46796875 0.784765625 0.46796875 0.78984375 0.462890625 0.773046875 0.453125 0.757421875 0.453125 0.705078125 0.4234375 0.659765625 0.41953125 0.627734375 0.42421875 0.601171875 0.4359375 0.576953125 0.440625 0.549609375 0.4515625 0.5453125 0.455078125 0.54453125 0.474609375 0.55 0.479296875 0.580859375 0.47421875 0.587109375 0.47734375
2 0.5625 0.400390625 0.57421875 0.380078125 0.569921875 0.3734375 0.553125 0.366015625 0.55078125 0.356640625 0.55390625 0.343359375 0.545703125 0.33828125 0.52734375 0.356640625 0.5234375 0.372265625 0.52421875 0.388671875 0.528515625 0.39296875 0.540234375 0.39609375 0.5453125 0.412109375 0.549609375 0.41640625 0.55703125 0.416796875 0.5609375 0.416015625 0.5625 0.400390625
1 0.7265625 0.257421875 0.694140625 0.23671875 0.677734375 0.23046875 0.640234375 0.22265625 0.620703125 0.22734375 0.605078125 0.2265625 0.5953125 0.232421875 0.5984375 0.244140625 0.606640625 0.25 0.642578125 0.26171875 0.655859375 0.259375 0.680859375 0.2640625 0.704296875 0.27109375 0.713671875 0.278125 0.7234375 0.278515625 0.7328125 0.272265625 0.7265625 0.257421875
1 0.306640625 0.27890625 0.319921875 0.27421875 0.330859375 0.278125 0.398828125 0.26015625 0.417578125 0.259375 0.444140625 0.25234375 0.45546875 0.243359375 0.45546875 0.230859375 0.423828125 0.21953125 0.396484375 0.21875 0.375390625 0.221875 0.335546875 0.23515625 0.316796875 0.2484375 0.288671875 0.2625 0.27734375 0.273046875 0.271875 0.289453125 0.276171875 0.29296875 0.28671875 0.292578125 0.301953125 0.2875 0.306640625 0.27890625
1 0.284375 0.302734375 0.251171875 0.3 0.24296875 0.319921875 0.2421875 0.326171875 0.2453125 0.329296875 0.282421875 0.3140625 0.284375 0.302734375
1 0.226953125 0.3359375 0.23671875 0.304296875 0.219921875 0.3109375 0.18984375 0.341796875 0.19296875 0.345703125 0.211328125 0.34296875 0.226953125 0.3359375
1 0.165625 0.330078125 0.163671875 0.328125 0.148828125 0.3296875 0.1375 0.339453125 0.11640625 0.368359375 0.118359375 0.3765625 0.12578125 0.376953125 0.1515625 0.360546875 0.165625 0.330078125
1 0.833203125 0.29609375 0.808203125 0.2828125 0.795703125 0.2828125 0.79140625 0.285546875 0.79453125 0.298828125 0.800390625 0.30546875 0.812109375 0.31484375 0.823828125 0.31796875 0.85 0.333203125 0.8484375 0.315234375 0.833203125 0.29609375
2 0.3734375 0.433203125 0.3765625 0.416015625 0.3859375 0.404296875 0.385546875 0.4 0.3625 0.392578125 0.3671875 0.377734375 0.364453125 0.37109375 0.358203125 0.371875 0.353125 0.377734375 0.34140625 0.397265625 0.33828125 0.410546875 0.33828125 0.421484375 0.351953125 0.43046875 0.35390625 0.441796875 0.359375 0.442578125 0.365234375 0.4359375 0.3734375 0.433203125
2 0.454296875 0.8859375 0.460546875 0.8875 0.456640625 0.88203125 0.441015625 0.87265625 0.425 0.877734375 0.42578125 0.882421875 0.43359375 0.890234375 0.433984375 0.8953125 0.440234375 0.89453125 0.4515625 0.899609375 0.44765625 0.889453125 0.454296875 0.8859375
2 0.725390625 0.803125 0.73046875 0.800390625 0.7375 0.783984375 0.75546875 0.762890625 0.758984375 0.7390625 0.74921875 0.744921875 0.74609375 0.752734375 0.73671875 0.762109375 0.721875 0.790234375 0.7125 0.800390625 0.7140625 0.804296875 0.721484375 0.79921875 0.725390625 0.803125
2 0.567578125 0.89375 0.555078125 0.89375 0.5375 0.906640625 0.548046875 0.9140625 0.55390625 0.914453125 0.56796875 0.901171875 0.567578125 0.89375
2 0.52421875 0.807421875 0.531640625 0.8046875 0.53359375 0.800390625 0.522265625 0.7921875 0.514453125 0.790625 0.511328125 0.78046875 0.503515625 0.7796875 0.4984375 0.783203125 0.49921875 0.788671875 0.495703125 0.7921875 0.484765625 0.79609375 0.478125 0.804296875 0.49296875 0.808984375 0.49375 0.827734375 0.499609375 0.83671875 0.51484375 0.837890625 0.51875 0.835546875 0.52421875 0.807421875
1 0.12578125 0.450390625 0.13359375 0.443359375 0.13515625 0.434765625 0.129296875 0.43359375 0.123828125 0.42578125 0.108203125 0.43046875 0.09453125 0.451171875 0.09375 0.471484375 0.09921875 0.477734375 0.120703125 0.46640625 0.12578125 0.450390625
1 0.87109375 0.454296875 0.853515625 0.4375 0.838671875 0.440625 0.8328125 0.451953125 0.83515625 0.462890625 0.84921875 0.468359375 0.8765625 0.466796875 0.87109375 0.454296875
2 0.57265625 0.796484375 0.571875 0.772265625 0.567578125 0.7609375 0.555078125 0.76015625 0.54921875 0.764453125 0.54921875 0.773046875 0.53984375 0.783984375 0.54140625 0.819921875 0.548828125 0.8203125 0.552734375 0.828125 0.56328125 0.827734375 0.5609375 0.823828125 0.57265625 0.796484375
1 0.115625 0.416015625 0.11953125 0.385546875 0.114453125 0.3796875 0.10078125 0.390234375 0.09453125 0.401953125 0.08984375 0.416796875 0.09140625 0.430078125 0.110546875 0.421875 0.115625 0.416015625