1 0.46746611073825506 0.7241806820469799 0.4528138271812081 0.7201612214765101 0.41055534983221476 0.7134681359060403 0.4001284068791946 0.7203105050335571 0.388396802852349 0.7193017852348993 0.3864321031879195 0.723662216442953 0.3937132147651007 0.7286376568791946 0.39785234731543623 0.7373623741610739 0.3882462919463087 0.7604730461409396 0.385621552852349 0.7770449983221476 0.38836596476510066 0.7838500461409396 0.39451482802013427 0.7852486224832215 0.46333345973154366 0.7931755805369127 0.4774723590604027 0.7763038338926174 0.4711961132550335 0.7676653229865772 0.47591293456375844 0.7539728741610738 0.47460827432885905 0.7461217852348994 0.4851664546979865 0.7384508179530201 0.47487460318791946 0.7363960570469799 0.46746611073825506 0.7241806820469799
1 0.44328767030201344 0.9411909018456376 0.4476069253355705 0.93805277852349 0.4463961812080537 0.9162017365771812 0.37465687080536914 0.9052640377516777 0.37730736661073827 0.926069038590604 0.3844572407718121 0.931873077181208 0.431076149328859 0.9405308615771812 0.44328767030201344 0.9411909018456376
1 0.5515042013422818 0.37055733808724833 0.5150459068791946 0.3647829110738255 0.505406385067114 0.36665369546979865 0.4961567197986577 0.37410721895973154 0.4936143322147651 0.40088481627516775 0.48190848573825507 0.43725304949664434 0.4739519161073826 0.4767632600671141 0.4743379169463087 0.4904145327181208 0.47878455453020136 0.4945163447986577 0.4796955041946309 0.5048532273489933 0.48453585234899327 0.5064692466442953 0.4921694983221476 0.5038560713087249 0.5564064001677853 0.5165783473154363 0.5601595327181208 0.511651792785235 0.5702081837248323 0.47502108557046985 0.5731031065436242 0.4406548724832215 0.5830694068791946 0.3938185201342282 0.5700369983221476 0.37689017869127517 0.5515042013422818 0.37055733808724833
1 0.5177388053691275 0.296834052852349 0.51131590352349 0.3212982701342282 0.514191552852349 0.32727472147651004 0.5619427088926174 0.33950937080536914 0.5667007055369128 0.330919744966443 0.5616467684563758 0.31992667785234896 0.5638777969798657 0.30584051845637583 0.5608709110738255 0.3006926652684564 0.5486632449664429 0.2919640931208054 0.539679908557047 0.28969188926174494 0.5278170679530202 0.28951176677852347 0.5177388053691275 0.296834052852349
1 0.5446965251677853 0.2875136006711409 0.5496269345637584 0.2831981996644295 0.5472800880872483 0.2658388263422819 0.5428784815436242 0.25877130369127516 0.5116542466442953 0.2521271040268456 0.5012723338926174 0.2560037634228188 0.5008258825503356 0.27759233137583894 0.5152156912751678 0.2832689874161074 0.5446965251677853 0.2875136006711409
1 0.1698387231543624 0.6485867877516779 0.18282995637583893 0.6604123070469798 0.20877510067114094 0.6708919899328859 0.21318056291946308 0.6698909798657718 0.21396798489932886 0.664919394295302 0.2101929505033557 0.6244004630872483 0.20248851761744965 0.5926023951342282 0.19006340855704698 0.5825653078859061 0.17292533305369126 0.5781521367449665 0.16419290604026845 0.5984283347315437 0.1698387231543624 0.6485867877516779
1 0.2062274572147651 0.5260932894295303 0.20656457298657718 0.5507788045302013 0.21650388926174496 0.5604221803691275 0.249734 0.5678087718120804 0.25697779026845635 0.5596128565436241 0.2610873120805369 0.5390291535234899 0.25975689513422817 0.49380111157718115 0.2509086501677852 0.48263177684563763 0.22853651510067113 0.4790883783557047 0.21644852181208055 0.49373680704697986 0.20941832046979866 0.5113097692953019 0.2062274572147651 0.5260932894295303
2 0.3403663523489933 0.5613536308724831 0.3573281610738255 0.5695611098993288 0.35881294295302013 0.5655493590604026 0.35166692449664433 0.5516767877516779 0.3601561510067114 0.49271512164429526 0.35797786325503356 0.4876985050335571 0.3506517214765101 0.4856887751677852 0.34388784899328856 0.49353600922818797 0.3364896937919463 0.5509717181208054 0.3403663523489933 0.5613536308724831
1 0.2882610738255033 0.3513723850671141 0.2781712458053691 0.38290027013422817 0.27982073154362413 0.39929980872483223 0.2910273875838926 0.40362291946308726 0.3167589437919463 0.4047255553691275 0.32439258976510066 0.40211238003355704 0.3275011006711409 0.37712321560402684 0.3349250134228188 0.3570644597315436 0.3291325394295302 0.340008735738255 0.3250345822147651 0.336386841442953 0.3021374991610738 0.33615783305369124 0.2882610738255033 0.3513723850671141
1 0.329496639261745 0.3082145226510067 0.33398830704697985 0.309350625 0.3729362491610738 0.3074502298657718 0.38161979110738253 0.2982082734899329 0.3835059941275168 0.2755736644295302 0.377750841442953 0.2716892953020134 0.33932399244966444 0.27834383305369126 0.3348735 0.28231055369127517 0.32827818540268455 0.3025005461409396 0.329496639261745 0.3082145226510067
1 0.38359991023489937 0.26157371140939595 0.3915372055369128 0.2624061644295302 0.4165714010067114 0.26254896560402685 0.42433628439597315 0.25910719295302015 0.4280520947986577 0.24100928271812083 0.42639875419463086 0.23267827600671143 0.4099580394295302 0.22922493875838926 0.3883205855704698 0.239812730704698 0.3811591476510067 0.25821429110738253 0.38359991023489937 0.26157371140939595
2 0.40494405117449667 0.31719137667785235 0.41222901677852347 0.31409828439597315 0.41227790268456377 0.30306404110738255 0.4186107432885906 0.28453124496644294 0.41521014597315437 0.28186918456375837 0.40513188338926176 0.2891914706375839 0.39958646392617453 0.30275268204697986 0.39774914681208057 0.3143530486577181 0.40494405117449667 0.31719137667785235
1 0.6165325536912751 0.6437410092281879 0.613555279362416 0.6679015763422819 0.6189578968120806 0.6793745604026846 0.631473067114094 0.6834802273489933 0.6645307651006711 0.6865925939597315 0.6746090276845638 0.6792703070469799 0.6839268523489933 0.6204398775167785 0.6710256812080537 0.602682937919463 0.6503107407718121 0.5994020134228188 0.6248339488255034 0.6127792474832214 0.6245225897651007 0.6254706854026846 0.6165325536912751 0.6437410092281879
1 0.5617140494966443 0.9094094798657718 0.5515907558724832 0.9196974765100671 0.5552950025167785 0.925805163590604 0.5657180906040269 0.9270313271812081 0.6002193951342282 0.9210291199664429 0.6125209773489932 0.9157577390939599 0.6425048565436241 0.8712424765100673 0.641417639261745 0.8646999018456376 0.5989790394295302 0.8698696568791946 0.5876372927852349 0.8744436770134228 0.5725835889261744 0.8890470746644296 0.5617140494966443 0.9094094798657718
1 0.5913518766778524 0.9502024488255034 0.6070656191275168 0.9233875302013423 0.5872654832214765 0.9223749555369127 0.5667641317114094 0.9284710788590603 0.5463001015100671 0.9477385578859061 0.5465587206375838 0.9541498951342282 0.5578104068791946 0.9555072953020134 0.5913518766778524 0.9502024488255034
1 0.6358398070469798 0.4896630310402684 0.6323041191275167 0.495898100671141 0.6284828271812081 0.5522015620805368 0.6424338951342282 0.5633297206375839 0.6813329513422819 0.5724635679530201 0.6860008875838927 0.5698053624161074 0.6880106174496644 0.5624792206375839 0.6880749219798658 0.5191708473154362 0.684464591442953 0.49906320721476505 0.6799317474832215 0.49282428271812084 0.6712108850671141 0.4888948825503356 0.6455243590604027 0.4848265369127517 0.6358398070469798 0.4896630310402684
1 0.6712559152684564 0.48592917281879194 0.6838984681208053 0.49727477516778523 0.691475519295302 0.5218329077181207 0.7041219261744966 0.5251099773489933 0.7096184597315436 0.5225830083892617 0.7157300025167785 0.5108102298657718 0.7178786795302013 0.4865184253355705 0.7145719983221477 0.4698564119127517 0.7108677516778524 0.46374872399328865 0.6844426895973155 0.45361772147651 0.6731832944630872 0.4683973859060403 0.6712559152684564 0.48592917281879194
1 0.5842414286912752 0.22285337667785238 0.5590798515100671 0.21547064010067113 0.5525372768456376 0.21655785654362414 0.5539693187919463 0.23164888087248323 0.584582399328859 0.23947035906040268 0.5877243775167785 0.23572108221476512 0.5842414286912752 0.22285337667785238
2 0.6637701526845637 0.3615829379194631 0.6677407281879195 0.3579648976510067 0.6678796744966443 0.3409992348993289 0.6637855713087248 0.32930880704697985 0.6588590167785235 0.32555567533557045 0.6541460503355704 0.33117959060402685 0.6533509186241611 0.3522882416107383 0.6584498867449664 0.3603155989932886 0.6637701526845637 0.3615829379194631
1 0.09247426929530202 0.7267928036912752 0.09766329865771813 0.7288887407718121 0.10037038926174496 0.7225224337248323 0.09182964932885906 0.7067301937919462 0.08438768959731544 0.6732749303691276 0.08068344379194631 0.6671672432885907 0.07431713674496644 0.6644601518456377 0.07156501510067115 0.673792168624161 0.08223130369127517 0.7137038003355705 0.09247426929530202 0.7267928036912752
1 0.19351534395973155 0.38647976174496645 0.2056818347315436 0.39010551174496644 0.22338988842281882 0.3882385830536913 0.23752878775167788 0.3713668355704698 0.2437792768456376 0.34262839345637586 0.23937766946308725 0.3355608716442953 0.22132093540268455 0.33694788338926174 0.21220250671140942 0.3435728087248322 0.20129179194630872 0.3588323917785235 0.19351534395973155 0.38647976174496645
3 0.6173804857382551 1 0.6191974161073825 0.9996300738255034 0.6567544916107383 0.9877414773489933 0.682231283557047 0.9743642432885906 0.6827150562080536 0.9659470302013423 0.7068833330536912 0.9527872390939598 0.7076295788590604 0.9427128305369128 0.7113376803691276 0.9407519857382551 0.7043602189597316 0.9392221728187921 0.7016531283557047 0.9455884798657719 0.7007833548657718 0.9403544203020135 0.6955943255033556 0.9382584832214764 0.7172768095637584 0.9247049815436242 0.7468669781879195 0.8826755117449665 0.7720439756711409 0.8577841174496644 0.7757597860738255 0.8396862072147652 0.7823062156040268 0.8305304580536913 0.7787782365771813 0.8206284622483221 0.7838887684563758 0.8044502214765101 0.8022980377516779 0.7954745939597316 0.8020020981543624 0.7758919018456376 0.8067150645973155 0.7702679857382551 0.8124290411073826 0.7690495318791947 0.8143975956375838 0.7566205679530201 0.8233397567114094 0.7537899496644295 0.8271083078859061 0.716589264261745 0.8246598355704697 0.729366908557047 0.8199468691275168 0.7349908238255034 0.8153239639261746 0.7346833196308725 0.8152789337248323 0.7376490293624162 0.8205129932885905 0.7367792567114093 0.822953755033557 0.7401386770134228 0.8146600696308725 0.7549633733221477 0.8089460931208053 0.7561818263422819 0.8026248162751678 0.7505090260067114 0.8115335109060402 0.726438519295302 0.8139330973154363 0.7246951182885907 0.8180310553691276 0.7283170125838926 0.8161602709731544 0.7186774916107384 0.8305577894295302 0.7082170822147651 0.8162992181208054 0.7017118280201343 0.8220659345637584 0.6813905989932886 0.8358149781879195 0.6589361124161074 0.8385709546979866 0.641535562919463 0.838496312080537 0.6151928523489933 0.8320476535234899 0.6022801166107383 0.8341551552013423 0.5728854890939598 0.8301884345637583 0.5684349966442953 0.8209426241610739 0.5678199874161074 0.8159298624161073 0.5619297432885906 0.8093010813758389 0.5608798473154362 0.7953423045302014 0.5658887541946309 0.7849900033557047 0.5990738338926175 0.7836776333892618 0.6073598104026846 0.7869431384228187 0.6189190008389261 0.7773859689597316 0.6309954295302014 0.769141168624161 0.6347858825503355 0.7671764689597315 0.6391463137583893 0.765043211409396 0.6311639874161075 0.7519168867449665 0.6282355981543625 0.7460266417785235 0.6332483598993288 0.7423635713087249 0.6322434949664429 0.7292295369127517 0.6454521711409397 0.7244715402684564 0.6540417969798659 0.7228889874161074 0.680122033557047 0.717515980704698 0.6979574697986577 0.7046778867449665 0.7307488389261745 0.6880905159395974 0.7603982298657718 0.6882140427852349 0.7757066979865772 0.6809625436241611 0.800039677852349 0.6762946073825504 0.8026978833892617 0.6638502248322148 0.8330034597315435 0.6656721233221476 0.8536772239932886 0.6591256937919463 0.8628329731543625 0.6437683406040268 0.8739907432885907 0.6183211602348994 0.9166763976510066 0.6016514370805369 0.936120144295302 0.5904293624161073 0.9640711644295302 0.5834480469798657 0.9706098842281878 0.5888956946308724 0.979117158557047 0.5871484387583893 0.9847861048657718 0.5704825704697987 0.9961613179530202 0.5602769253355705 0.9962436694630872 0.5536154219798658 1 0.6173804857382551 1
3 0.828903048657718 0.5202412441275168 0.8327089203020134 0.496211913590604 0.8322894530201342 0.46132075335570466 0.827325577181208 0.44439626593959736 0.8023106552013423 0.4039108011744967 0.7868001635906041 0.3704516837248322 0.777644413590604 0.3639052541946309 0.7556325234899329 0.3366361753355705 0.7373622005033557 0.32864613926174496 0.7214876090604027 0.3269812348993289 0.7104495109060402 0.3350008817114094 0.7060363397651007 0.3521389580536913 0.6915075838926175 0.3634279647651007 0.6913197525167785 0.3914278708053691 0.7166306140939598 0.45149602768456376 0.7196182265100671 0.49698654446308727 0.7153208724832214 0.5455701526845638 0.729264230704698 0.5728353766778523 0.7377226191275168 0.57842197147651 0.7478420578859061 0.5762025075503355 0.7501889043624161 0.5935618817114093 0.7480067609060402 0.5966137978187919 0.7524533984899329 0.6007156098993288 0.7794934697986577 0.601600802852349 0.7861711359060403 0.5916164555369128 0.7900181837248322 0.5726899479865772 0.7961297265100671 0.5609171686241611 0.8089974320469798 0.5574342206375839 0.8163274278523489 0.5513754177852349 0.8196495285234899 0.5357633003355705 0.828903048657718 0.5202412441275168
3 0 0.6284845696308724 0.008764010067114095 0.668092384228188 0.01473275167785235 0.6813538011744966 0.02611181963087248 0.6899511359060403 0.03156332214765101 0.6903898775167786 0.036797381711409394 0.6895201040268456 0.035099010906040264 0.684154807885906 0.04151420302013423 0.6758276560402684 0.03807628523489933 0.6599942399328859 0.04113591191275168 0.64603931795302 0.03959190604026845 0.5914342281879195 0.05413608053691275 0.5478710906040268 0.06694070889261744 0.4938398330536912 0.07929503104026846 0.4694656770134228 0.08188630369127517 0.4316538372483222 0.07478146057046979 0.42288408976510067 0.07888327265100671 0.4184374513422819 0.07976075587248323 0.4075344463087249 0.06929649161073825 0.40120545973154365 0.06140037164429531 0.4054758305369127 0.04681502097315436 0.4439361451342282 0.03193373070469799 0.46281376761744963 0.027651796140939596 0.47912324580536914 0.01962058389261745 0.4922907466442953 0.01471593120805369 0.5339831006711409 0.010040285234899329 0.5527783716442953 0.0014841258389261744 0.5692602625838926 0 0.5786306644295303 0 0.6284845696308724
3 0.2910375503355705 0.1997724899328859 0.29553307382550337 0.19284005956375838 0.3000247424496644 0.19397616191275166 0.3109316023489933 0.18678511241610737 0.31407358053691276 0.18303583473154364 0.30810483892617446 0.16977441862416107 0.29746430704697985 0.16723974077181208 0.2297174731543624 0.19812948741610736 0.10951299916107382 0.30012811744966444 0.09860228439597316 0.31538769966442953 0.0972899144295302 0.3236736753355705 0.0819248515100671 0.35096851090604025 0.0765029605704698 0.3798381895973154 0.08225811325503356 0.3837225587248322 0.09992113674496644 0.3848213397651007 0.10393674244966443 0.3782375897651007 0.11471236577181208 0.3718751375838926 0.11213265687919463 0.3854813791946309 0.11657929446308724 0.389583192114094 0.12491030117449664 0.3879298515100671 0.1342912038590604 0.37964772986577183 0.160042033557047 0.34040770302013423 0.20066644546979864 0.2984271182885906 0.20935384144295302 0.2811166300335571 0.2340547760067114 0.24850538338926173 0.2630711115771812 0.22082454614093963 0.2910375503355705 0.1997724899328859
3 0.610195510067114 0.1233393129194631 0.6030494907718121 0.10946674161073824 0.5843404261744967 0.10692820889261745 0.5813708615771812 0.11495171140939596 0.5836803867449665 0.1191397298657718 0.5944933313758389 0.1259486325503356 0.6017332667785236 0.12582125083892617 0.598591288590604 0.12957052768456376 0.607608091442953 0.15308261996644296 0.6257356132550336 0.18610685151006712 0.6366797953020135 0.19208715687919464 0.643390927852349 0.2033426979865772 0.6580843859060403 0.21246498070469796 0.6636632709731544 0.22014365771812083 0.687951220637584 0.23036086661073824 0.7026485343959732 0.23141461744966443 0.7077963875838926 0.22840773154362418 0.7036611090604027 0.21161448154362417 0.6977335436241611 0.20345588758389263 0.6819078372483222 0.19075673993288592 0.6581975763422818 0.1581223649328859 0.6351357894295302 0.13748206711409397 0.610195510067114 0.1233393129194631