1 0.3845965612903226 0.8266164524193548 0.4539512209677419 0.829040939516129 0.45935760967741934 0.8326526750000001 0.4698159427419355 0.8333839927419354 0.4742321653225806 0.8280338588709678 0.49763821774193545 0.8227989919354839 0.502279460483871 0.8142309096774194 0.5066618548387097 0.7862426250000001 0.5053227556451613 0.7360268911290323 0.49806545725806456 0.7242015193548388 0.4949431056451613 0.7110484491935484 0.48220349193548384 0.7024776104838709 0.47045680241935484 0.6854877838709678 0.34080494919354837 0.6667205927419354 0.28708999032258065 0.6718571064516129 0.25036485806451614 0.6652469306451613 0.24755761048387095 0.6707095750000001 0.25455330322580644 0.6804956016129032 0.2633802346774194 0.7045570459677419 0.2751831790322581 0.7207423854838709 0.2946316959677419 0.7778833991935484 0.2937316129032258 0.7907551935483871 0.30405776451612904 0.7991572669354838 0.3622396870967742 0.8226278443548387 0.3845965612903226 0.8266164524193548
1 0.4363631403225806 0.24817328629032256 0.45664408467741935 0.24716620564516129 0.4734482306451612 0.22651390161290322 0.4934872403225806 0.2174056943548387 0.5026375451612903 0.20794028467741937 0.5099959532258065 0.17207589516129032 0.5099452112903226 0.13811866935483869 0.5042209612903226 0.13327207661290322 0.49071344516129034 0.1299022758064516 0.4855883322580645 0.12226810564516129 0.4711075637096774 0.12125551129032257 0.45991791370967744 0.13098252661290322 0.370467989516129 0.13847073306451613 0.31183051209677415 0.15619776532258065 0.29199685322580643 0.1681498056451613 0.2768016806451613 0.18891461935483872 0.24884171129032256 0.24193208790322582 0.23897700241935482 0.2731749056451613 0.2445521572580645 0.27437317903225805 0.2859016185483871 0.2610961975806451 0.3291019887096774 0.2560328524193548 0.3440890540322581 0.24980506290322582 0.40124698225806454 0.24167562096774195 0.42760937822580647 0.23462642983870968 0.43355864919354836 0.2362550741935484 0.4363631403225806 0.24817328629032256
1 0.12434879919354838 0.2534372177419355 0.10834913951612904 0.27414577661290324 0.08504732741935483 0.3299142379032258 0.07589150887096774 0.37414135967741935 0.0823274064516129 0.3745914016129032 0.10231016048387097 0.3662876814516129 0.11610170887096774 0.348254189516129 0.13876779919354837 0.29001601129032256 0.16339730887096773 0.23838249596774191 0.1649893693548387 0.22717593145161288 0.16231430241935485 0.22496782016129033 0.12434879919354838 0.2534372177419355
1 0.811936220967742 0.6923895120967742 0.7920097225806452 0.6998887451612903 0.774589525 0.7120095516129032 0.7676473306451613 0.7187998935483871 0.7573915919354839 0.7382932645161291 0.7380614733870968 0.7603857766129033 0.698560164516129 0.7992572516129032 0.6788390161290323 0.8096003177419355 0.6557846524193548 0.8387081935483872 0.6453967322580646 0.8658723193548387 0.6516076088709677 0.8695403096774194 0.6813004637096775 0.8611071653225807 0.7276849540322581 0.8336306911290322 0.7581287975806451 0.8086774322580644 0.7760187072580645 0.7840589483870968 0.7993374338709677 0.7396095620967742 0.810268235483871 0.7104623451612903 0.811936220967742 0.6923895120967742
1 0.8820265870967743 0.30278131612903225 0.8666119072580645 0.2920023661290323 0.8513266516129033 0.29093351693548386 0.8766626709677419 0.38526937499999997 0.8909550032258065 0.39475721209677417 0.9033598411290322 0.39077411693548386 0.9074019475806452 0.38499361209677424 0.9068055669354839 0.3704003330645161 0.8965215129032258 0.3324938411290323 0.8860293524193548 0.3091243733870968 0.8820265870967743 0.30278131612903225
1 0.949108985483871 0.476432139516129 0.9361809362903225 0.47633654274193554 0.9256635919354839 0.4937905685483871 0.917916910483871 0.5005246556451612 0.8906351354838711 0.642111635483871 0.8945450604838711 0.6440018854838709 0.9012059782258065 0.6412339790322581 0.92912385 0.6177209290322581 0.9508898564516128 0.5723545451612904 0.9556266959677419 0.5508584129032258 0.959283285483871 0.4985667491935484 0.9550779266129031 0.47199900322580646 0.949108985483871 0.476432139516129
1 0.5288390701612903 0.03555777338709677 0.6246658798387097 0.04670495161290323 0.6168656991935484 0.03686266935483871 0.5899069233870968 0.029318582258064513 0.5345098217741936 0.02382799758064516 0.5238264677419354 0.026314628225806453 0.5226281943548386 0.03188978306451613 0.5288390701612903 0.03555777338709677
1 0.8088572241935484 0.16993431612903226 0.8351747653225806 0.2097703991935484 0.8589325072580646 0.22840854112903225 0.8696524451612904 0.23117920403225808 0.8598522612903226 0.20947496532258067 0.8505556177419354 0.19791119919354838 0.8338694943548387 0.18219281532258066 0.811383195967742 0.16849410725806452 0.8088572241935484 0.16993431612903226
1 0.719311329032258 0.07474635967741936 0.7182255661290322 0.07871253951612903 0.737212639516129 0.09620866290322581 0.7815495153225807 0.12113636370967742 0.8596890088709678 0.17712671451612902 0.8591657975806452 0.17304802338709677 0.8355402370967742 0.14673912661290323 0.77882095 0.10235188306451613 0.7240819967741935 0.07588837822580645 0.719311329032258 0.07474635967741936
1 0.8209638725806451 0.1586545814516129 0.8385276516129033 0.18494380806451613 0.8567664935483872 0.20157918951612902 0.8658212024193548 0.20504182903225807 0.8669069661290322 0.2010756491935484 0.8502405137096773 0.17929548467741935 0.8312534395161291 0.16179936129032257 0.8234898443548386 0.15721437338709676 0.8209638725806451 0.1586545814516129
3 0.8841350879032258 0.8102128620967742 0.9163594274193548 0.7655777967741936 0.9431211233870969 0.7181354822580645 0.9593288895161292 0.6828898999999999 0.9818655556451613 0.614941620967742 0.9915642556451613 0.5687314088709677 0.997392370967742 0.5085073838709677 0.9952881258064515 0.44611183306451613 0.9919970080645161 0.4353722241935483 0.9923176258064517 0.4192262258064516 0.9851897516129031 0.4171109548387097 0.9883711161290322 0.4120786814516129 0.9837129588709678 0.4093276887096774 0.9790913862903227 0.41183399032258067 0.9790520451612902 0.42395755241935484 0.9870406612903225 0.4253245919354839 0.9811279749999999 0.42895324112903227 0.9853923459677418 0.4373356435483871 0.9816315153225807 0.43909371290322585 0.9787510983870968 0.43404176935483874 0.977645664516129 0.4440697306451613 0.9806555064516128 0.45883177500000005 0.9865288508064517 0.4673266887096774 0.9874065072580644 0.4778975314516129 0.9851787258064515 0.4866343798387097 0.9754855387096774 0.498082879032258 0.9678458548387097 0.5379697048387097 0.9660456879032259 0.5637132935483872 0.9704788241935484 0.5696822346774194 0.9698600169354838 0.5785315927419356 0.9665464717741935 0.5912346217741936 0.9491628588709677 0.6086127209677419 0.9428170451612903 0.6299963427419355 0.9359311064516129 0.6359821983870968 0.9346203225806452 0.6431663274193549 0.9455286967741936 0.6374617475806452 0.9472895225806452 0.6238417217741935 0.957823781451613 0.617706770967742 0.9557450943548387 0.630091939516129 0.9487466451612904 0.6376867685483871 0.9508788306451613 0.6418779701612903 0.9461813322580646 0.651250539516129 0.9416160153225807 0.652952354032258 0.9388481080645161 0.646291435483871 0.9213154 0.6600212161290322 0.9217823564516129 0.6649043935483872 0.9059683766129033 0.6945185661290323 0.8639945943548388 0.7514066193548387 0.8369177951612904 0.7802332185483871 0.8321471274193549 0.7790912 0.8291148588709678 0.7877717927419355 0.8191797370967742 0.7911191661290322 0.8213119217741935 0.7953103669354838 0.8129857741935483 0.7987702508064516 0.8143134725806451 0.8029051967741936 0.8116749903225806 0.8059543798387097 0.7986147596774194 0.8135295387096774 0.7979031129032258 0.8179260903225806 0.7888653177419355 0.8257825258064516 0.7703790282258064 0.8358077306451612 0.7590206112903226 0.8479482072580644 0.6370257306451613 0.9162174782258063 0.5564027379032258 0.9477671298387096 0.5317055717741935 0.9541243443548386 0.527832231451613 0.9574913879032257 0.5283554419354839 0.9615700790322581 0.5224427564516129 0.9651987282258064 0.5406646846774193 0.9705150338709678 0.5212248120967742 0.976835664516129 0.520082793548387 0.9816063314516129 0.5513452814516129 0.9854092596774194 0.6166043362903226 0.9770378830645161 0.6808732233870968 0.9597046379032258 0.7307738532258065 0.9397498241935485 0.7653892274193548 0.9187261612903226 0.8071718161290322 0.8876942072580646 0.8490303314516129 0.8497959846774192 0.8841350879032258 0.8102128620967742