3 0.89140625 0.700390625 0.90703125 0.658984375 0.91875 0.616796875 0.9296875 0.545703125 0.93046875 0.463671875 0.92265625 0.403515625 0.9078125 0.345703125 0.88671875 0.290234375 0.863671875 0.2640625 0.812109375 0.22109375 0.761328125 0.18828125 0.713671875 0.16484375 0.656640625 0.146875 0.647265625 0.146875 0.643359375 0.1515625 0.637890625 0.15234375 0.628515625 0.14765625 0.624609375 0.14140625 0.610546875 0.13828125 0.580078125 0.13671875 0.569140625 0.13203125 0.556640625 0.13359375 0.538671875 0.12890625 0.500390625 0.12890625 0.505078125 0.134375 0.519921875 0.13828125 0.560546875 0.1390625 0.565234375 0.1421875 0.580859375 0.14296875 0.601171875 0.16875 0.641796875 0.2015625 0.68515625 0.245703125 0.740625 0.314453125 0.745703125 0.32578125 0.75 0.319921875 0.74921875 0.329296875 0.78671875 0.401953125 0.80078125 0.435546875 0.8265625 0.520703125 0.83125 0.551171875 0.833984375 0.55625 0.841796875 0.55703125 0.84453125 0.564453125 0.84375 0.593359375 0.8484375 0.605859375 0.84609375 0.655078125 0.851953125 0.65625 0.858984375 0.65 0.8640625 0.651171875 0.86484375 0.659765625 0.86015625 0.669140625 0.859375 0.683984375 0.855078125 0.68359375 0.847265625 0.6890625 0.84453125 0.703515625 0.83515625 0.706640625 0.82734375 0.752734375 0.828125 0.761328125 0.8328125 0.762109375 0.88203125 0.717578125 0.89140625 0.700390625
2 0.392578125 0.7109375 0.396484375 0.715625 0.4015625 0.714453125 0.39765625 0.706640625 0.3984375 0.679296875 0.400390625 0.6703125 0.40390625 0.678515625 0.40859375 0.678515625 0.40859375 0.662890625 0.39453125 0.635546875 0.3828125 0.624609375 0.37890625 0.612890625 0.374609375 0.609375 0.368359375 0.609375 0.3640625 0.615234375 0.365625 0.627734375 0.359375 0.637109375 0.359375 0.656640625 0.3765625 0.698046875 0.38203125 0.716796875 0.38046875 0.723828125 0.383203125 0.7265625 0.390625 0.726171875 0.390625 0.712109375 0.392578125 0.7109375
2 0.4359375 0.622265625 0.4421875 0.611328125 0.44296875 0.567578125 0.4390625 0.558203125 0.428125 0.550390625 0.42890625 0.534765625 0.425390625 0.53125 0.419921875 0.53125 0.415625 0.536328125 0.41640625 0.550390625 0.409765625 0.55390625 0.40625 0.560546875 0.40546875 0.576171875 0.4078125 0.596484375 0.4125 0.596484375 0.415625 0.605859375 0.42109375 0.633984375 0.41953125 0.644921875 0.42421875 0.646484375 0.434375 0.643359375 0.4359375 0.622265625
2 0.45625 0.572265625 0.459375 0.545703125 0.44921875 0.524609375 0.44921875 0.516796875 0.444140625 0.5125 0.438671875 0.5125 0.43203125 0.517578125 0.43125 0.550390625 0.44140625 0.564453125 0.44375 0.609765625 0.4484375 0.619921875 0.4484375 0.627734375 0.45390625 0.629296875 0.4578125 0.623828125 0.45625 0.572265625
2 0.5046875 0.433984375 0.51171875 0.385546875 0.498828125 0.35234375 0.490625 0.353515625 0.4828125 0.375390625 0.48984375 0.440234375 0.491015625 0.44375 0.4953125 0.443359375 0.49765625 0.437890625 0.5046875 0.433984375
2 0.57734375 0.402734375 0.57734375 0.386328125 0.56328125 0.355859375 0.553515625 0.353125 0.540625 0.375390625 0.54140625 0.408984375 0.545703125 0.41328125 0.556640625 0.41015625 0.569140625 0.41328125 0.5796875 0.431640625 0.58046875 0.440234375 0.58515625 0.440234375 0.58515625 0.427734375 0.57734375 0.402734375
2 0.301953125 0.5828125 0.313671875 0.5875 0.32265625 0.581640625 0.31953125 0.559765625 0.301953125 0.53359375 0.2953125 0.535546875 0.29375 0.549609375 0.2796875 0.564453125 0.282421875 0.57109375 0.287109375 0.56796875 0.290625 0.570703125 0.2921875 0.584765625 0.2859375 0.592578125 0.2953125 0.595703125 0.3015625 0.592578125 0.301953125 0.5828125
2 0.23125 0.537109375 0.226171875 0.53515625 0.225 0.565234375 0.2296875 0.585546875 0.2359375 0.587890625 0.2375 0.555078125 0.23125 0.537109375
2 0.222265625 0.4921875 0.2171875 0.502734375 0.21953125 0.526171875 0.224609375 0.5359375 0.2359375 0.541796875 0.22734375 0.494921875 0.222265625 0.4921875
2 0.212109375 0.4625 0.208203125 0.4625 0.20546875 0.478515625 0.21171875 0.504296875 0.21484375 0.504296875 0.2171875 0.470703125 0.212109375 0.4625
2 0.20390625 0.600390625 0.2 0.580859375 0.2015625 0.560546875 0.19609375 0.541015625 0.192578125 0.53828125 0.190625 0.562109375 0.19609375 0.581640625 0.19609375 0.594140625 0.2 0.609765625 0.20703125 0.612890625 0.20859375 0.608203125 0.20390625 0.600390625
2 0.215625 0.592578125 0.20703125 0.556640625 0.202734375 0.55390625 0.1984375 0.576953125 0.20390625 0.612109375 0.21328125 0.612890625 0.21640625 0.608984375 0.215625 0.592578125
2 0.398046875 0.30234375 0.38828125 0.307421875 0.3796875 0.347265625 0.38046875 0.369140625 0.3890625 0.369140625 0.4046875 0.320703125 0.398046875 0.30234375
2 0.26171875 0.424609375 0.259375 0.404296875 0.255859375 0.40234375 0.2484375 0.419921875 0.246875 0.436328125 0.25234375 0.470703125 0.25546875 0.468359375 0.26171875 0.424609375
2 0.235546875 0.41796875 0.23125 0.418359375 0.2265625 0.432421875 0.22890625 0.469921875 0.23203125 0.472265625 0.2390625 0.452734375 0.235546875 0.41796875
2 0.48359375 0.324609375 0.4890625 0.315234375 0.4890625 0.308984375 0.48046875 0.287109375 0.473828125 0.28359375 0.46484375 0.295703125 0.4640625 0.310546875 0.47890625 0.341796875 0.4828125 0.337890625 0.48359375 0.324609375
2 0.46484375 0.263671875 0.455078125 0.2546875 0.4453125 0.267578125 0.44296875 0.282421875 0.45625 0.287890625 0.4671875 0.269921875 0.46484375 0.263671875
2 0.401171875 0.2109375 0.39375 0.219140625 0.396875 0.234765625 0.40546875 0.217578125 0.401171875 0.2109375
2 0.421875 0.235546875 0.417578125 0.2328125 0.41171875 0.237890625 0.41328125 0.251171875 0.41640625 0.255078125 0.42265625 0.243359375 0.421875 0.235546875