1 0.858984375 0.6359375 0.8671875 0.619921875 0.8703125 0.608203125 0.8703125 0.582421875 0.862890625 0.571875 0.855078125 0.5734375 0.839453125 0.58359375 0.8296875 0.601171875 0.82109375 0.640234375 0.832421875 0.64453125 0.8359375 0.651171875 0.851171875 0.6359375 0.858984375 0.6359375
1 0.18828125 0.741796875 0.167578125 0.725 0.158984375 0.721875 0.1671875 0.755078125 0.18046875 0.779296875 0.198046875 0.7953125 0.225 0.810546875 0.2125 0.776953125 0.18828125 0.741796875
1 0.60625 0.501953125 0.603125 0.488671875 0.59296875 0.478515625 0.58984375 0.466796875 0.585546875 0.46328125 0.576953125 0.4625 0.56640625 0.468359375 0.56953125 0.482421875 0.56953125 0.519140625 0.581640625 0.534375 0.590625 0.536328125 0.6046875 0.519921875 0.60625 0.501953125
1 0.484375 0.451953125 0.48515625 0.430859375 0.481640625 0.41796875 0.459765625 0.41484375 0.455859375 0.415625 0.453125 0.420703125 0.4484375 0.438671875 0.4484375 0.454296875 0.45703125 0.473828125 0.46640625 0.477734375 0.4734375 0.474609375 0.484375 0.451953125
2 0.53828125 0.326171875 0.535546875 0.32265625 0.517578125 0.32265625 0.51328125 0.333203125 0.515625 0.362109375 0.518359375 0.36484375 0.523828125 0.3640625 0.529296875 0.35 0.53203125 0.365234375 0.53828125 0.366796875 0.540625 0.361328125 0.53828125 0.326171875
1 0.2359375 0.496484375 0.23828125 0.451171875 0.24609375 0.414453125 0.2453125 0.407421875 0.239453125 0.403125 0.225390625 0.4078125 0.205859375 0.4234375 0.2 0.432421875 0.20078125 0.498046875 0.204296875 0.50390625 0.209375 0.503515625 0.230859375 0.503125 0.2359375 0.496484375
1 0.19921875 0.606640625 0.196484375 0.60078125 0.1875 0.595703125 0.18203125 0.569140625 0.172265625 0.54609375 0.1625 0.580859375 0.1640625 0.611328125 0.16796875 0.619140625 0.180859375 0.628125 0.20078125 0.633203125 0.203125 0.623828125 0.19921875 0.606640625
1 0.440625 0.341796875 0.440625 0.323046875 0.431640625 0.31640625 0.416015625 0.3203125 0.41015625 0.333203125 0.41953125 0.361328125 0.42421875 0.362890625 0.43203125 0.358203125 0.440625 0.341796875
1 0.3859375 0.319921875 0.38671875 0.298046875 0.382421875 0.29453125 0.365234375 0.296875 0.3609375 0.307421875 0.36015625 0.322265625 0.36484375 0.333984375 0.3734375 0.335546875 0.38046875 0.330078125 0.3859375 0.319921875
2 0.815625 0.597265625 0.815234375 0.565625 0.81015625 0.567578125 0.8 0.591015625 0.7921875 0.643359375 0.7859375 0.658984375 0.7890625 0.662890625 0.79921875 0.654296875 0.815625 0.597265625
2 0.482421875 0.42421875 0.484375 0.416015625 0.49140625 0.406640625 0.48828125 0.392578125 0.473828125 0.38515625 0.4703125 0.373046875 0.462890625 0.36796875 0.45078125 0.388671875 0.441015625 0.39296875 0.4375 0.399609375 0.43671875 0.423828125 0.444140625 0.43125 0.4515625 0.431640625 0.458203125 0.41953125 0.482421875 0.42421875
2 0.39140625 0.279296875 0.387890625 0.271875 0.376171875 0.26796875 0.3640625 0.282421875 0.36328125 0.292578125 0.365234375 0.296875 0.36953125 0.297265625 0.38515625 0.295703125 0.39140625 0.279296875
2 0.432421875 0.31796875 0.441015625 0.3234375 0.44609375 0.312890625 0.440625 0.298828125 0.435546875 0.2953125 0.423828125 0.29453125 0.416015625 0.3 0.40703125 0.317578125 0.4078125 0.322265625 0.4125 0.323828125 0.425390625 0.31796875 0.432421875 0.31796875
2 0.41015625 0.330078125 0.403515625 0.32734375 0.384375 0.347265625 0.384375 0.357421875 0.395703125 0.359375 0.404296875 0.35625 0.41640625 0.359765625 0.41796875 0.355859375 0.41015625 0.330078125
1 0.412109375 0.390625 0.42109375 0.390234375 0.4234375 0.384765625 0.419921875 0.38203125 0.416015625 0.384375 0.41484375 0.376171875 0.42421875 0.365234375 0.412109375 0.35546875 0.408203125 0.35859375 0.404296875 0.3515625 0.384765625 0.3515625 0.384375 0.366015625 0.39453125 0.397265625 0.399609375 0.4046875 0.4046875 0.404296875 0.41015625 0.398828125 0.412109375 0.390625