1 0.509375 0.879296875 0.5109375 0.869921875 0.501171875 0.859375 0.466796875 0.84453125 0.4609375 0.839453125 0.459765625 0.83203125 0.435546875 0.821875 0.337109375 0.75703125 0.254296875 0.72578125 0.207421875 0.7125 0.2015625 0.713671875 0.203125 0.726953125 0.21953125 0.762109375 0.2421875 0.792578125 0.288671875 0.828125 0.309765625 0.840625 0.330078125 0.85859375 0.370703125 0.8734375 0.398828125 0.8796875 0.4640625 0.886328125 0.504296875 0.8828125 0.509375 0.879296875
1 0.228515625 0.425 0.339453125 0.38671875 0.415234375 0.3703125 0.432421875 0.378125 0.461328125 0.37734375 0.475390625 0.3734375 0.482421875 0.36953125 0.502734375 0.34765625 0.519921875 0.3453125 0.53359375 0.338671875 0.5375 0.329296875 0.53359375 0.301953125 0.52421875 0.287109375 0.511328125 0.278125 0.491796875 0.271875 0.462890625 0.26796875 0.383203125 0.27109375 0.323046875 0.26875 0.266796875 0.28046875 0.243359375 0.2921875 0.213671875 0.3125 0.1828125 0.348046875 0.159375 0.369140625 0.15 0.408984375 0.15078125 0.427734375 0.164453125 0.43984375 0.183203125 0.440625 0.192578125 0.45 0.2015625 0.451171875 0.215234375 0.44375 0.228515625 0.425
1 0.88828125 0.734765625 0.903125 0.688671875 0.90390625 0.667578125 0.898828125 0.65625 0.891015625 0.66015625 0.87421875 0.677734375 0.83359375 0.730078125 0.81484375 0.766796875 0.790625 0.800390625 0.792578125 0.803125 0.809765625 0.79375 0.8203125 0.799609375 0.8203125 0.807421875 0.86015625 0.773046875 0.88828125 0.734765625
1 0.744921875 0.859375 0.766796875 0.84375 0.78515625 0.822265625 0.78828125 0.805078125 0.78515625 0.788671875 0.774609375 0.78203125 0.757421875 0.7828125 0.676953125 0.81875 0.628515625 0.846875 0.59453125 0.878515625 0.59375 0.882421875 0.599609375 0.8890625 0.621484375 0.8859375 0.650390625 0.89140625 0.659375 0.896484375 0.705859375 0.8796875 0.744921875 0.859375
1 0.917578125 0.44453125 0.926171875 0.44765625 0.928125 0.445703125 0.928125 0.427734375 0.92421875 0.414453125 0.895703125 0.36875 0.883203125 0.359375 0.866015625 0.36328125 0.8625 0.367578125 0.86328125 0.376953125 0.8734375 0.412109375 0.87890625 0.425390625 0.88984375 0.433984375 0.89296875 0.444140625 0.89921875 0.448046875 0.905859375 0.4359375 0.917578125 0.44453125
1 0.879296875 0.359375 0.888671875 0.3609375 0.902734375 0.3765625 0.906640625 0.3765625 0.90703125 0.372265625 0.89609375 0.358984375 0.88359375 0.335546875 0.858203125 0.31015625 0.841796875 0.303125 0.816015625 0.3015625 0.8140625 0.311328125 0.81953125 0.325390625 0.8359375 0.349609375 0.8578125 0.370703125 0.86328125 0.380859375 0.86328125 0.364453125 0.879296875 0.359375
1 0.125 0.633203125 0.107421875 0.6171875 0.098046875 0.61328125 0.0953125 0.616796875 0.10859375 0.686328125 0.121875 0.722265625 0.1375 0.751953125 0.1453125 0.763671875 0.173046875 0.7890625 0.204296875 0.8125 0.21640625 0.816015625 0.18203125 0.755859375 0.125 0.633203125
1 0.08984375 0.659765625 0.0796875 0.619921875 0.06796875 0.584765625 0.058984375 0.57578125 0.05625 0.594921875 0.06328125 0.641015625 0.08203125 0.687109375 0.1 0.705078125 0.0953125 0.670703125 0.08984375 0.659765625
1 0.1578125 0.574609375 0.16171875 0.566015625 0.1609375 0.541015625 0.15390625 0.512890625 0.144921875 0.49765625 0.117578125 0.48515625 0.105078125 0.4703125 0.094921875 0.46953125 0.08125 0.480078125 0.0703125 0.501171875 0.0703125 0.541796875 0.078125 0.568359375 0.087109375 0.58125 0.094921875 0.57265625 0.125390625 0.57734375 0.136328125 0.59453125 0.1453125 0.596484375 0.15234375 0.578515625 0.1578125 0.574609375
1 0.15625 0.440234375 0.150390625 0.434375 0.137890625 0.43359375 0.121484375 0.4453125 0.105859375 0.42265625 0.095703125 0.4265625 0.08515625 0.437109375 0.06875 0.472265625 0.06796875 0.495703125 0.071875 0.497265625 0.0796875 0.480078125 0.087109375 0.4734375 0.102734375 0.4671875 0.117578125 0.484375 0.15390625 0.500390625 0.159375 0.476171875 0.15625 0.440234375
1 0.0796875 0.447265625 0.08671875 0.433984375 0.103125 0.420703125 0.0984375 0.413671875 0.09765625 0.401953125 0.103125 0.367578125 0.098046875 0.36484375 0.091015625 0.36796875 0.087109375 0.36171875 0.078125 0.369921875 0.0671875 0.388671875 0.0578125 0.438671875 0.05546875 0.466015625 0.06171875 0.498046875 0.063671875 0.5015625 0.0671875 0.501171875 0.06953125 0.472265625 0.0796875 0.447265625
1 0.14921875 0.405859375 0.159375 0.369140625 0.18125 0.348046875 0.19921875 0.323828125 0.21953125 0.305078125 0.22265625 0.300390625 0.220703125 0.29609375 0.204296875 0.2890625 0.187109375 0.29375 0.156640625 0.32421875 0.146484375 0.33046875 0.11640625 0.363671875 0.10859375 0.379296875 0.10390625 0.404296875 0.11171875 0.426953125 0.117578125 0.43359375 0.121875 0.433203125 0.130078125 0.43125 0.14921875 0.405859375
1 0.644921875 0.71015625 0.668359375 0.715625 0.682421875 0.7140625 0.694921875 0.7078125 0.696875 0.705078125 0.694140625 0.703125 0.681640625 0.703125 0.67421875 0.698828125 0.6765625 0.693359375 0.6734375 0.687109375 0.6765625 0.659765625 0.691796875 0.6609375 0.698828125 0.65390625 0.715625 0.669921875 0.709765625 0.67734375 0.705859375 0.67421875 0.7015625 0.680078125 0.710546875 0.6796875 0.713671875 0.6859375 0.726953125 0.67109375 0.741796875 0.66796875 0.755859375 0.6609375 0.7671875 0.648046875 0.778125 0.624609375 0.7703125 0.585546875 0.757421875 0.571875 0.730078125 0.5609375 0.667578125 0.55234375 0.637890625 0.5515625 0.628515625 0.54296875 0.605859375 0.5328125 0.580078125 0.51328125 0.551171875 0.496875 0.487109375 0.48046875 0.405859375 0.47734375 0.337890625 0.48125 0.291015625 0.49375 0.259765625 0.509375 0.230859375 0.52890625 0.212109375 0.52890625 0.20078125 0.534765625 0.1984375 0.601953125 0.2125 0.641015625 0.226171875 0.65625 0.252734375 0.67109375 0.276171875 0.696875 0.291796875 0.70703125 0.316796875 0.71171875 0.341796875 0.70078125 0.361328125 0.70625 0.437890625 0.7140625 0.53828125 0.717578125 0.626171875 0.71015625 0.644921875 0.71015625
2 0.776953125 0.21328125 0.77578125 0.204296875 0.768359375 0.2 0.76640625 0.209765625 0.76875 0.216015625 0.781640625 0.21640625 0.784375 0.224609375 0.78984375 0.226953125 0.790625 0.219921875 0.776953125 0.21328125
2 0.7625 0.199609375 0.753515625 0.19140625 0.749609375 0.19765625 0.74765625 0.196484375 0.75 0.188671875 0.74140625 0.176171875 0.733203125 0.16875 0.722265625 0.1671875 0.708984375 0.1515625 0.694140625 0.140625 0.683203125 0.1359375 0.674609375 0.14296875 0.637890625 0.134375 0.6328125 0.137109375 0.634375 0.150390625 0.64296875 0.164453125 0.649609375 0.16953125 0.662890625 0.16796875 0.677734375 0.171875 0.691015625 0.1859375 0.694921875 0.184375 0.698046875 0.18828125 0.721484375 0.19140625 0.726171875 0.1859375 0.733984375 0.1875 0.746484375 0.20078125 0.75390625 0.203515625 0.761328125 0.20234375 0.7625 0.199609375
1 0.763671875 0.2125 0.733203125 0.19765625 0.68671875 0.190234375 0.68828125 0.199609375 0.696875 0.212109375 0.726171875 0.23203125 0.73046875 0.231640625 0.728125 0.219921875 0.730078125 0.21484375 0.741796875 0.2203125 0.761328125 0.22109375 0.7859375 0.232421875 0.780078125 0.2234375 0.763671875 0.2125
1 0.828515625 0.265625 0.770703125 0.21953125 0.749609375 0.209375 0.734765625 0.2078125 0.72734375 0.210546875 0.72578125 0.218359375 0.73046875 0.233984375 0.757421875 0.26015625 0.761328125 0.25625 0.777734375 0.25703125 0.780859375 0.26015625 0.783203125 0.2546875 0.787890625 0.2546875 0.830859375 0.27265625 0.8359375 0.277734375 0.83671875 0.274609375 0.828515625 0.265625
1 0.830078125 0.30390625 0.848046875 0.3046875 0.855078125 0.309375 0.85703125 0.305859375 0.839453125 0.28203125 0.830078125 0.27890625 0.804296875 0.25859375 0.777734375 0.24765625 0.757421875 0.2484375 0.7546875 0.259765625 0.771875 0.283203125 0.798046875 0.30546875 0.8125 0.311328125 0.819140625 0.3 0.830078125 0.30390625
1 0.0484375 0.558203125 0.043359375 0.55390625 0.040625 0.566015625 0.0453125 0.606640625 0.05234375 0.630859375 0.05859375 0.641796875 0.06328125 0.644140625 0.0515625 0.567578125 0.0484375 0.558203125