2 0.68671875 0.269921875 0.6703125 0.243359375 0.658203125 0.2359375 0.65546875 0.239453125 0.65703125 0.263671875 0.6734375 0.295703125 0.678125 0.321484375 0.682421875 0.32734375 0.68671875 0.327734375 0.690625 0.322265625 0.68671875 0.269921875
1 0.8546875 0.514453125 0.8640625 0.498828125 0.85703125 0.445703125 0.840625 0.391796875 0.821484375 0.378125 0.799609375 0.37109375 0.79609375 0.376171875 0.79609375 0.386328125 0.8 0.416796875 0.8140625 0.469140625 0.8171875 0.516015625 0.823828125 0.52734375 0.8359375 0.527734375 0.844140625 0.525 0.8546875 0.514453125
1 0.751171875 0.734375 0.76640625 0.719921875 0.7984375 0.639453125 0.80234375 0.616015625 0.8078125 0.604296875 0.80546875 0.580859375 0.800390625 0.5734375 0.792578125 0.5734375 0.787890625 0.56484375 0.784765625 0.5640625 0.781640625 0.5703125 0.753515625 0.57265625 0.736328125 0.57890625 0.729296875 0.5859375 0.726171875 0.584375 0.7265625 0.592578125 0.72109375 0.595703125 0.71953125 0.607421875 0.711328125 0.61171875 0.708203125 0.61875 0.70078125 0.619921875 0.6984375 0.632421875 0.705859375 0.63125 0.70703125 0.636328125 0.7015625 0.655078125 0.69765625 0.658984375 0.69609375 0.671484375 0.68515625 0.691796875 0.68125 0.710546875 0.67265625 0.721484375 0.6609375 0.751171875 0.6609375 0.755078125 0.6671875 0.757421875 0.710546875 0.7484375 0.751171875 0.734375
1 0.784765625 0.7609375 0.816015625 0.7453125 0.82421875 0.733984375 0.859375 0.656640625 0.858984375 0.634375 0.843359375 0.6359375 0.8234375 0.654296875 0.7984375 0.709765625 0.7640625 0.769921875 0.76328125 0.774609375 0.76640625 0.776171875 0.772265625 0.77421875 0.784765625 0.7609375
1 0.76171875 0.827734375 0.79921875 0.780859375 0.8140625 0.754296875 0.813671875 0.75 0.801953125 0.75078125 0.778125 0.767578125 0.73671875 0.819140625 0.70234375 0.852734375 0.7 0.858984375 0.7046875 0.859765625 0.743359375 0.84375 0.76171875 0.827734375
1 0.890234375 0.58359375 0.898828125 0.58125 0.90625 0.568359375 0.909375 0.537890625 0.90703125 0.519140625 0.9046875 0.513671875 0.884765625 0.496875 0.873828125 0.4984375 0.864453125 0.50390625 0.83828125 0.533984375 0.83203125 0.601171875 0.835546875 0.61171875 0.85234375 0.619921875 0.867578125 0.6015625 0.890234375 0.58359375
1 0.83671875 0.335546875 0.8296875 0.307421875 0.812890625 0.2890625 0.793359375 0.27578125 0.788671875 0.27578125 0.784375 0.293359375 0.784375 0.333984375 0.78984375 0.351953125 0.79609375 0.361328125 0.808203125 0.37109375 0.830859375 0.38125 0.8375 0.380859375 0.83984375 0.369921875 0.83671875 0.335546875
1 0.915625 0.416015625 0.9015625 0.369140625 0.87890625 0.328515625 0.866015625 0.31796875 0.865625 0.331640625 0.875 0.363671875 0.90078125 0.424609375 0.90546875 0.444140625 0.908984375 0.4484375 0.915625 0.449609375 0.91796875 0.445703125 0.915625 0.416015625
1 0.6171875 0.125390625 0.592578125 0.1078125 0.540234375 0.1015625 0.496484375 0.10078125 0.455078125 0.10546875 0.448828125 0.1109375 0.436328125 0.1109375 0.42109375 0.121484375 0.42109375 0.126171875 0.424609375 0.12890625 0.536328125 0.12421875 0.569140625 0.12734375 0.573828125 0.13046875 0.61640625 0.133203125 0.61953125 0.131640625 0.6171875 0.125390625
1 0.709765625 0.14765625 0.663671875 0.13515625 0.653125 0.137109375 0.657421875 0.14453125 0.668359375 0.15078125 0.704296875 0.1640625 0.765234375 0.19453125 0.77265625 0.195703125 0.761328125 0.178125 0.709765625 0.14765625
2 0.565625 0.905078125 0.549609375 0.90234375 0.531640625 0.90625 0.53125 0.916796875 0.5421875 0.920703125 0.557421875 0.915625 0.565625 0.905078125
1 0.19453125 0.785546875 0.157421875 0.75390625 0.15625 0.758203125 0.165625 0.784765625 0.1828125 0.813671875 0.202734375 0.83359375 0.226171875 0.84921875 0.23671875 0.852734375 0.22109375 0.822265625 0.19453125 0.785546875
2 0.284765625 0.8765625 0.270703125 0.86796875 0.2671875 0.869140625 0.276171875 0.88046875 0.2953125 0.891015625 0.29453125 0.886328125 0.284765625 0.8765625
1 0.1421875 0.712890625 0.1390625 0.690234375 0.11640625 0.644140625 0.106640625 0.634375 0.098046875 0.6328125 0.09140625 0.648046875 0.09296875 0.670703125 0.10546875 0.701171875 0.11796875 0.718359375 0.1265625 0.722265625 0.129296875 0.71015625 0.1421875 0.712890625
1 0.09296875 0.547265625 0.0890625 0.493359375 0.081640625 0.4546875 0.07734375 0.458984375 0.0734375 0.517578125 0.08125 0.558984375 0.0875 0.562109375 0.09296875 0.557421875 0.09296875 0.547265625
1 0.111328125 0.33046875 0.09765625 0.345703125 0.08203125 0.396484375 0.0875 0.407421875 0.08671875 0.412109375 0.090625 0.414453125 0.1125 0.336328125 0.111328125 0.33046875
1 0.0828125 0.452734375 0.08515625 0.429296875 0.09375 0.406640625 0.094140625 0.396875 0.091015625 0.39921875 0.08203125 0.398046875 0.0640625 0.443359375 0.05625 0.476953125 0.05625 0.499609375 0.059765625 0.50625 0.06328125 0.505859375 0.07734375 0.459765625 0.0828125 0.452734375