0 0.705703315920398 0.5218354660033168 0.6891676061359867 0.5426943341625208 0.6943342960199005 0.5792743217247098 0.7032947835820895 0.5885531782752902 0.7154102330016584 0.5833741152570481 0.7311479228855722 0.5844781310116086 0.7460978673300166 0.5594450157545605 0.7449172985074627 0.5320570563847429 0.7334406849087893 0.524392907960199 0.7298618590381426 0.5156226459369818 0.7216436044776119 0.5113326268656716 0.705703315920398 0.5218354660033168
1 0.721168364013267 0.7286045223880597 0.7249063747927031 0.728255112769486 0.7387523034825871 0.7189596865671641 0.7510124660033167 0.705490012437811 0.7569750779436152 0.6964716393034825 0.7542253134328358 0.6877158482587065 0.7476072951907131 0.686771016583748 0.7201635489220564 0.7149033067993367 0.7175316525704809 0.723150504145937 0.721168364013267 0.7286045223880597
1 0.7437721815920397 0.7401948084577115 0.7699795721393035 0.7116262802653399 0.7717100505804312 0.7075099170812604 0.767287692371476 0.6995542446102819 0.7631423864013267 0.6994818880597015 0.7551288291873964 0.7072204908789387 0.7364842877280265 0.7301158333333333 0.7355249842454394 0.737562912106136 0.7437721815920397 0.7401948084577115
1 0.7942207462686568 0.6531681384742952 0.798525236318408 0.6441208225538971 0.7974335936981758 0.6353939742951907 0.7933172305140962 0.633663495854063 0.7700187902155887 0.6618681426202322 0.7673868938640133 0.6701153399668325 0.7730890223880598 0.6760200663349918 0.7942207462686568 0.6531681384742952
1 0.8209098864013268 0.644511548092869 0.8218981318407961 0.6354063474295191 0.8190760107794361 0.6307958615257049 0.8136364635157546 0.633603512437811 0.7966211019900498 0.6581859187396352 0.7956039137645108 0.6689492421227198 0.8013639278606965 0.6715377247097845 0.8209098864013268 0.644511548092869
1 0.829138416252073 0.6007015514096186 0.8276684212271974 0.5898948142620232 0.8240027669983416 0.5860989187396352 0.8176907454394693 0.5913792810945273 0.8057076351575456 0.6127322711442785 0.805519508291874 0.6235100655058042 0.8112650505804312 0.6269276094527363 0.829138416252073 0.6007015514096186
1 0.8272053391376452 0.6164247703150912 0.8279041583747927 0.6239007910447761 0.8320060497512438 0.6264603308457711 0.8473632893864013 0.6018489817578773 0.8405116326699834 0.5905336509121062 0.8272053391376452 0.6164247703150912
1 0.8474666865671642 0.6196810315091211 0.8420560820895522 0.6208305588723051 0.8258408391376452 0.6470855597014925 0.8256671832504147 0.657034292703151 0.8298124892205638 0.6571066492537314 0.8459843184079602 0.633338832504146 0.8474666865671642 0.6196810315091211
1 0.8662785895522387 0.5159305240464345 0.8626129353233831 0.5121346285240465 0.8518661815920399 0.5339238565505804 0.8525215870646766 0.5438870605306799 0.857452539800995 0.5464610721393035 0.8677485845771145 0.5267372611940299 0.8662785895522387 0.5159305240464345
1 0.10080917495854062 0.5166675389718076 0.09712904975124378 0.5137007039800995 0.09074467081260365 0.5231263714759535 0.09135666252072969 0.5355767595356551 0.09548749668325042 0.5364781774461028 0.10227916998341625 0.5274742761194029 0.10080917495854062 0.5166675389718076
1 0.10373679187396352 0.5627455514096186 0.09959148673300165 0.5626731948590382 0.09242146102819238 0.5695972081260364 0.09464816086235489 0.5845637213930348 0.10045158789386402 0.5846650207296848 0.10718537645107795 0.578977364013267 0.10373679187396352 0.5627455514096186
1 0.18388033416252073 0.24734662686567163 0.1780624353233831 0.24807438888888889 0.1716925281923715 0.2566709950248756 0.1672577960199005 0.2731798606965174 0.17135968739635157 0.27573940049751244 0.17812241873963516 0.2683936210613599 0.18388033416252073 0.24734662686567163
1 0.21728669237147596 0.21019596351575456 0.21452455472636817 0.22590471061359868 0.21782632752902156 0.2267916567164179 0.22707624129353235 0.21948929104477613 0.22777296268656716 0.20332983499170812 0.21728669237147596 0.21019596351575456
3 0.3277481243781094 0.1296073606965174 0.313728539800995 0.1488515207296849 0.3136272404643449 0.15465494776119404 0.3192859552238806 0.16304685820895523 0.3303552744610282 0.17028924046434493 0.3602448880597015 0.1683230248756219 0.3691474900497512 0.18091812603648424 0.39931415754560534 0.1868352255389718 0.438176631840796 0.16968332835820896 0.4436451210613599 0.16521755555555556 0.4420593557213931 0.16104330762852406 0.4193976525704809 0.15276926616915423 0.385825815920398 0.12813316998341626 0.36435705472636815 0.12278254892205638 0.3402853399668325 0.12402100331674959 0.3277481243781094 0.1296073606965174
0 0.13419455306799336 0.24316210364842453 0.1300781898839138 0.24143162437810944 0.12376616832504146 0.24671198673300165 0.09654158955223881 0.2860438374792703 0.08448612354892206 0.3115421334991708 0.07039628026533996 0.3585670754560531 0.07022262520729684 0.36851580928689887 0.06098718242122719 0.3749891135986733 0.055868101990049754 0.38319289635157544 0.04455486898839138 0.4136800306799337 0.0409926127694859 0.42771618407960205 0.04010986235489221 0.47828891127694856 0.042336562189054724 0.4932554253731343 0.046802334162520734 0.4987239145936982 0.05054034494195688 0.4983745049751244 0.09549357545605307 0.44110720729684905 0.10954000497512437 0.39656944859038146 0.12421289635157544 0.36365301658374793 0.12999765671641791 0.31731242288557215 0.14959730431177445 0.23969904726368157 0.14351682338308458 0.2317144320066335 0.13468867578772803 0.2386095024875622 0.13419455306799336 0.24316210364842453