1 0.2396052306451613 0.554937125 0.24353594596774195 0.5869751169354839 0.26217541854838705 0.6063684209677419 0.297214435483871 0.6278908330645162 0.33309642419354835 0.6413929072580645 0.3577065798387097 0.6464122201612903 0.3652403927419355 0.6403114588709677 0.36968888387096777 0.6095596032258065 0.3696190008064516 0.567791229032258 0.3624608927419355 0.5471719838709677 0.3223158435483871 0.5356545258064516 0.3030670330645161 0.5336313943548388 0.29597396370967743 0.5239660508064516 0.25515453790322584 0.5188648620967742 0.24352625887096774 0.5253461717741935 0.2396052306451613 0.554937125
1 0.6448080362903226 0.507111 0.6081505370967742 0.5279904016129032 0.6011899677419354 0.5556400983870968 0.5983262870967742 0.5983164838709677 0.6048075959677419 0.6099447629032257 0.6203858483870968 0.6237455096774194 0.6335989370967742 0.6291887298387097 0.6805383822580645 0.630067795967742 0.6880529379032259 0.6357229701612903 0.7010950104838709 0.6273630217741936 0.7536053322580645 0.6215295661290322 0.7616882879032258 0.6179192032258065 0.773335825 0.5996819580645162 0.7764138814516128 0.5781113427419355 0.780549285483871 0.5696261596774194 0.7841523830645162 0.531487406451613 0.7806672548387097 0.5144977822580645 0.7703877306451613 0.5081465516129032 0.7512232169354839 0.5053213862903226 0.7186360822580645 0.5067617024193548 0.7102761338709677 0.4937196298387097 0.709327185483871 0.4988907016129032 0.7019619669354838 0.5033873951612904 0.6448080362903226 0.507111
1 0.7262853266129032 0.2951115016129032 0.7207770669354838 0.2973706887096774 0.7188382330645161 0.3158174661290322 0.7209962862903225 0.3492909314516129 0.728050839516129 0.3824681451612903 0.7331809725806452 0.39152172903225807 0.7607054346774194 0.4073889669354839 0.8024111919354838 0.4117724185483871 0.8363928612903226 0.4202093983870968 0.8454464451612903 0.41507926532258066 0.847238364516129 0.4018878564516129 0.8383436887096775 0.3437849774193548 0.8332978524193548 0.3339293596774194 0.819872810483871 0.3227876056451613 0.7991451661290323 0.31168921129032257 0.7526681443548386 0.29869534193548386 0.7476439879032257 0.292491025 0.7399199008064516 0.2965445532258064 0.7262853266129032 0.2951115016129032
1 0.7623141137096774 0.16834438225806453 0.7681378822580646 0.15922575967741937 0.7625645830645161 0.15053104516129034 0.7058248725806452 0.10402277258064516 0.6802850266129032 0.09241859516129032 0.6698802669354839 0.09497403225806451 0.6693744838709678 0.09978623548387097 0.6821034693548387 0.11369295887096774 0.7505364983870968 0.16467382419354837 0.7623141137096774 0.16834438225806453
1 0.5635637983870968 0.05339120483870968 0.5603123040322581 0.045751415322580646 0.538825985483871 0.04187132419354839 0.5208440540322581 0.043224922580645156 0.5155477475806451 0.05118264274193548 0.5237174217741936 0.06217748225806451 0.546090070967742 0.06533983629032257 0.5600618338709678 0.06356475241935484 0.5635637983870968 0.05339120483870968
1 0.19217902822580646 0.277086675 0.17755456774193548 0.2889293298387097 0.16506405887096773 0.3151869129032258 0.16310354516129033 0.329982389516129 0.17146107096774194 0.32761722580645164 0.1868032685483871 0.3166609016129032 0.20302695322580644 0.27417236935483874 0.19217902822580646 0.277086675
2 0.34272094596774194 0.7774182983870968 0.3496237411290323 0.7850364080645161 0.3736438169354839 0.7956699580645161 0.3810933322580645 0.7903712298387097 0.38107165322580644 0.7867199298387096 0.3705175572580645 0.7791234991935484 0.34272094596774194 0.7774182983870968
1 0.4253111677419355 0.7978568403225806 0.3855876048387097 0.7823292129032258 0.38375302258064514 0.7838048032258065 0.38231201612903226 0.7839386258064516 0.381926495967742 0.7876065983870967 0.3830270064516129 0.793427645967742 0.41636356129032254 0.8058362403225806 0.42453081370967743 0.8014238435483871 0.4253111677419355 0.7978568403225806
2 0.38618737177419354 0.8383439209677419 0.38356931693548385 0.8323924959677419 0.3718057282258065 0.8264283330645161 0.33956664758064514 0.818190285483871 0.3404064064516129 0.8225850814516129 0.3416106685483871 0.8304151459677419 0.35321968951612903 0.8356897717741937 0.3843304129032258 0.8405814282258065 0.38618737177419354 0.8383439209677419
2 0.36048135322580643 0.8437510475806452 0.3348910451612903 0.8382382491935483 0.3351751403225806 0.8414967040322581 0.35181398225806454 0.8482897209677419 0.3682009653225806 0.8525794653225807 0.37604519596774194 0.8539744822580644 0.374074989516129 0.8532887338709677 0.36048135322580643 0.8437510475806452
2 0.3747927258064516 0.854175064516129 0.346362675 0.8507814991935484 0.3651273830645161 0.8612681338709677 0.3739497548387097 0.8621954024193549 0.3747927258064516 0.854175064516129
1 0.7527168120967742 0.8768677177419356 0.7356212112903225 0.8775035790322582 0.698096639516129 0.8873447814516129 0.6741223443548386 0.8994210693548388 0.6662513427419354 0.9087299661290323 0.6859433193548387 0.9103942290322581 0.714055439516129 0.9052399943548387 0.7373119975806451 0.8922773758064515 0.7527168120967742 0.8768677177419356
2 0.5322139524193548 0.07949822177419355 0.5438407927419354 0.08000180967741935 0.5455807056451613 0.08054390887096774 0.5735302354838709 0.08200910806451613 0.5760206346774194 0.08145996532258064 0.5761892282258064 0.07985589838709678 0.5736979903225806 0.07972725 0.5700591104838709 0.07844672580645161 0.5643718991935484 0.07784897580645161 0.5525016346774194 0.07624212096774192 0.5473849419354839 0.07534510806451612 0.5325831532258064 0.07040735241935484 0.5270122072580645 0.07428154193548386 0.5322139524193548 0.07949822177419355