1 0.270703125 0.8125 0.208203125 0.7578125 0.185546875 0.74140625 0.17265625 0.741015625 0.1765625 0.751171875 0.2015625 0.780859375 0.239453125 0.8140625 0.266015625 0.83125 0.28671875 0.833984375 0.2859375 0.827734375 0.270703125 0.8125
1 0.50625 0.910546875 0.440234375 0.8828125 0.386328125 0.8765625 0.38046875 0.878515625 0.391796875 0.8890625 0.433203125 0.91015625 0.461328125 0.9140625 0.496875 0.914453125 0.505078125 0.9140625 0.50625 0.910546875
1 0.835546875 0.4671875 0.844921875 0.47421875 0.84921875 0.467578125 0.8515625 0.451953125 0.8453125 0.411328125 0.840625 0.403515625 0.831640625 0.396875 0.828515625 0.4015625 0.823828125 0.396875 0.807421875 0.396875 0.795703125 0.4015625 0.78125 0.430859375 0.78125 0.450390625 0.78515625 0.465234375 0.79921875 0.476953125 0.804296875 0.4859375 0.809375 0.485546875 0.816796875 0.47265625 0.835546875 0.4671875
1 0.253125 0.261328125 0.2546875 0.255078125 0.235546875 0.25 0.210546875 0.26484375 0.2015625 0.273046875 0.18984375 0.291015625 0.18828125 0.298828125 0.19296875 0.302734375 0.237109375 0.2765625 0.253125 0.261328125
1 0.89140625 0.399609375 0.883203125 0.3890625 0.874609375 0.3859375 0.8625 0.396484375 0.86640625 0.414453125 0.873046875 0.4203125 0.877734375 0.415625 0.884765625 0.415625 0.8953125 0.423046875 0.89765625 0.416015625 0.89140625 0.399609375
1 0.901953125 0.4625 0.90390625 0.459765625 0.9015625 0.432421875 0.884765625 0.41484375 0.876171875 0.415625 0.871484375 0.421875 0.866796875 0.4171875 0.8625 0.427734375 0.86796875 0.427734375 0.87265625 0.451953125 0.88671875 0.467578125 0.891015625 0.4609375 0.901953125 0.4625
1 0.85078125 0.395703125 0.834765625 0.38125 0.834375 0.397265625 0.85546875 0.419140625 0.85546875 0.406640625 0.85078125 0.395703125
1 0.825 0.396484375 0.8265625 0.388671875 0.820703125 0.375 0.808984375 0.3734375 0.78671875 0.386328125 0.784375 0.398828125 0.7890625 0.414453125 0.798046875 0.4 0.825 0.396484375
1 0.9234375 0.431640625 0.917578125 0.42265625 0.911328125 0.421875 0.90546875 0.427734375 0.90703125 0.443359375 0.913671875 0.453125 0.91953125 0.452734375 0.925 0.448828125 0.9234375 0.431640625
1 0.08046875 0.507421875 0.07734375 0.470703125 0.073828125 0.46953125 0.06875 0.477734375 0.06796875 0.500390625 0.06953125 0.526953125 0.072265625 0.53125 0.0765625 0.531640625 0.08046875 0.524609375 0.08046875 0.507421875
1 0.10078125 0.529296875 0.0953125 0.502734375 0.091015625 0.5 0.0875 0.503515625 0.0890625 0.545703125 0.09375 0.563671875 0.10078125 0.566796875 0.10390625 0.563671875 0.10078125 0.529296875
2 0.678125 0.319140625 0.66875 0.306640625 0.6671875 0.299609375 0.662109375 0.29765625 0.65859375 0.316015625 0.6703125 0.356640625 0.67734375 0.358203125 0.68125 0.355078125 0.678125 0.319140625
2 0.7015625 0.326953125 0.6921875 0.306640625 0.687109375 0.3046875 0.6875 0.323046875 0.69453125 0.347265625 0.69453125 0.359765625 0.7 0.362109375 0.7046875 0.358984375 0.7015625 0.326953125
2 0.698828125 0.29296875 0.69296875 0.301171875 0.69296875 0.306640625 0.7046875 0.329296875 0.70703125 0.347265625 0.7109375 0.348828125 0.709375 0.312109375 0.698828125 0.29296875
2 0.60546875 0.314453125 0.588671875 0.29609375 0.58046875 0.305078125 0.57734375 0.313671875 0.5828125 0.323046875 0.58359375 0.354296875 0.587890625 0.35625 0.592578125 0.346875 0.59765625 0.355078125 0.6015625 0.355859375 0.6 0.325390625 0.60546875 0.314453125
2 0.564453125 0.35859375 0.56875 0.357421875 0.56640625 0.333203125 0.56953125 0.317578125 0.56796875 0.312890625 0.552734375 0.29921875 0.54296875 0.314453125 0.54296875 0.319921875 0.5453125 0.343359375 0.55 0.348828125 0.55234375 0.358984375 0.5578125 0.358984375 0.560546875 0.35390625 0.564453125 0.35859375
2 0.5265625 0.327734375 0.525 0.305078125 0.519140625 0.2953125 0.512109375 0.296875 0.5046875 0.307421875 0.509375 0.333203125 0.509375 0.356640625 0.515625 0.358984375 0.52421875 0.352734375 0.5265625 0.327734375
2 0.47421875 0.298046875 0.462109375 0.2875 0.442578125 0.28359375 0.43984375 0.287109375 0.440625 0.298828125 0.4578125 0.304296875 0.46640625 0.333203125 0.47421875 0.334765625 0.47890625 0.330859375 0.47421875 0.298046875
2 0.247265625 0.66015625 0.254296875 0.65859375 0.25546875 0.654296875 0.24296875 0.626953125 0.234375 0.619140625 0.23125 0.608984375 0.226953125 0.60546875 0.22421875 0.608203125 0.2234375 0.637109375 0.23046875 0.655078125 0.240625 0.660546875 0.243359375 0.6578125 0.247265625 0.66015625