1 0.573046875 0.80859375 0.593359375 0.80234375 0.59921875 0.796484375 0.6015625 0.790234375 0.59921875 0.774609375 0.586328125 0.76015625 0.569140625 0.75703125 0.446484375 0.75703125 0.396484375 0.7671875 0.349609375 0.765625 0.342578125 0.76796875 0.3375 0.775390625 0.3375 0.780859375 0.351953125 0.79765625 0.392578125 0.81328125 0.522265625 0.815625 0.532421875 0.8203125 0.54765625 0.819921875 0.561328125 0.8171875 0.573046875 0.80859375
1 0.3453125 0.752734375 0.3359375 0.735546875 0.313671875 0.71796875 0.291015625 0.7078125 0.281640625 0.6984375 0.237890625 0.68359375 0.204296875 0.68359375 0.1875 0.687890625 0.2 0.717578125 0.219921875 0.73359375 0.310546875 0.76875 0.33359375 0.772265625 0.346875 0.762890625 0.3453125 0.752734375
1 0.220703125 0.78828125 0.157421875 0.73203125 0.141796875 0.72109375 0.13359375 0.720703125 0.14453125 0.743359375 0.164453125 0.76484375 0.218359375 0.80078125 0.23203125 0.805078125 0.22890625 0.796484375 0.220703125 0.78828125
1 0.673828125 0.86328125 0.694921875 0.85234375 0.70625 0.843359375 0.70703125 0.839453125 0.683203125 0.84140625 0.658984375 0.8484375 0.619140625 0.8515625 0.555078125 0.87109375 0.521484375 0.87578125 0.51015625 0.882421875 0.512109375 0.8859375 0.527734375 0.890625 0.5484375 0.891015625 0.581640625 0.8890625 0.673828125 0.86328125
1 0.756640625 0.80625 0.7828125 0.783984375 0.7859375 0.771484375 0.779296875 0.7703125 0.753515625 0.78125 0.730078125 0.784375 0.651171875 0.815625 0.626171875 0.83046875 0.6140625 0.843359375 0.616796875 0.84921875 0.64140625 0.849609375 0.675390625 0.84375 0.756640625 0.80625
1 0.39765625 0.687109375 0.39765625 0.674609375 0.40703125 0.658203125 0.415234375 0.65703125 0.41875 0.658984375 0.419921875 0.66484375 0.423828125 0.66328125 0.43828125 0.646484375 0.43984375 0.635546875 0.42421875 0.614453125 0.4203125 0.603515625 0.412109375 0.5984375 0.380859375 0.59375 0.368359375 0.59921875 0.348828125 0.596875 0.345703125 0.58984375 0.333203125 0.590625 0.31171875 0.605078125 0.290625 0.643359375 0.28984375 0.655078125 0.29453125 0.672265625 0.306640625 0.68828125 0.371484375 0.70234375 0.3890625 0.702734375 0.3921875 0.691015625 0.39765625 0.687109375
1 0.494140625 0.6515625 0.509765625 0.64609375 0.524609375 0.6453125 0.54921875 0.624609375 0.55078125 0.603515625 0.5421875 0.572265625 0.530078125 0.56796875 0.512109375 0.5546875 0.449609375 0.54921875 0.430078125 0.55078125 0.415234375 0.55625 0.39609375 0.576953125 0.39140625 0.584765625 0.3921875 0.589453125 0.41953125 0.603515625 0.4234375 0.616796875 0.4296875 0.621484375 0.43828125 0.636328125 0.439453125 0.64453125 0.447265625 0.6390625 0.467578125 0.6640625 0.47890625 0.667578125 0.48671875 0.662890625 0.494140625 0.6515625
2 0.419921875 0.73125 0.426953125 0.73125 0.42890625 0.726953125 0.41875 0.658984375 0.412109375 0.65390625 0.40703125 0.656640625 0.39765625 0.674609375 0.4046875 0.712109375 0.4046875 0.730078125 0.41015625 0.733203125 0.416015625 0.72109375 0.419921875 0.73125
2 0.45 0.717578125 0.44921875 0.706640625 0.456640625 0.69765625 0.46484375 0.696484375 0.465625 0.687890625 0.47109375 0.688671875 0.47109375 0.681640625 0.4640625 0.658203125 0.45625 0.652734375 0.45234375 0.641796875 0.444921875 0.63828125 0.43125 0.655078125 0.4359375 0.658203125 0.43125 0.674609375 0.4359375 0.676953125 0.43671875 0.687109375 0.43125 0.690234375 0.4359375 0.702734375 0.428125 0.706640625 0.43125 0.725390625 0.45234375 0.730859375 0.4578125 0.723828125 0.45 0.717578125
1 0.651171875 0.56484375 0.667578125 0.55703125 0.67265625 0.550390625 0.67734375 0.501953125 0.662890625 0.48359375 0.648046875 0.47421875 0.604296875 0.471875 0.580859375 0.47734375 0.57265625 0.488671875 0.571875 0.498828125 0.576953125 0.5046875 0.60390625 0.510546875 0.6046875 0.561328125 0.6078125 0.577734375 0.614453125 0.58203125 0.6375 0.582421875 0.6453125 0.576953125 0.651171875 0.56484375
1 0.701953125 0.52578125 0.709765625 0.52578125 0.7328125 0.508203125 0.7359375 0.469921875 0.73046875 0.453515625 0.712890625 0.4375 0.691796875 0.43203125 0.673046875 0.43203125 0.661328125 0.43671875 0.64453125 0.452734375 0.64296875 0.462890625 0.6765625 0.499609375 0.6765625 0.530078125 0.68515625 0.533203125 0.694140625 0.53203125 0.701953125 0.52578125
1 0.80078125 0.530078125 0.80390625 0.502734375 0.80234375 0.491796875 0.785546875 0.46953125 0.773046875 0.465625 0.762109375 0.46640625 0.7515625 0.478515625 0.734375 0.513671875 0.73203125 0.551171875 0.733984375 0.55546875 0.7375 0.555078125 0.782421875 0.5515625 0.80078125 0.530078125
1 0.77734375 0.461328125 0.77890625 0.430859375 0.7703125 0.416015625 0.758203125 0.40859375 0.747265625 0.40390625 0.728515625 0.40234375 0.721875 0.408203125 0.7140625 0.425390625 0.71328125 0.435546875 0.73046875 0.452734375 0.73828125 0.481640625 0.74453125 0.483984375 0.760546875 0.46484375 0.77734375 0.461328125
1 0.803125 0.392578125 0.793359375 0.3765625 0.767578125 0.3671875 0.7625 0.369921875 0.75390625 0.384765625 0.7546875 0.405859375 0.768359375 0.4140625 0.779296875 0.4265625 0.7859375 0.428515625 0.80625 0.422265625 0.803125 0.392578125
1 0.8265625 0.476171875 0.825 0.448046875 0.816796875 0.4328125 0.807421875 0.42578125 0.794921875 0.425 0.78125 0.436328125 0.77890625 0.463671875 0.8015625 0.487890625 0.80390625 0.498828125 0.8125 0.500390625 0.81796875 0.498046875 0.8265625 0.476171875
1 0.84609375 0.524609375 0.853125 0.517578125 0.85625 0.502734375 0.8546875 0.488671875 0.85 0.477734375 0.843359375 0.471875 0.830078125 0.47109375 0.8203125 0.494921875 0.8171875 0.526953125 0.8171875 0.537109375 0.8203125 0.541015625 0.840234375 0.53828125 0.84609375 0.524609375
1 0.8734375 0.460546875 0.8734375 0.448828125 0.8671875 0.431640625 0.860546875 0.43046875 0.852734375 0.43359375 0.84765625 0.441015625 0.840625 0.466015625 0.8515625 0.480859375 0.85625 0.498828125 0.859375 0.501171875 0.8671875 0.484765625 0.8734375 0.460546875
1 0.8390625 0.392578125 0.8359375 0.370703125 0.82890625 0.350390625 0.820703125 0.34296875 0.804296875 0.33984375 0.7984375 0.349609375 0.7984375 0.362890625 0.8046875 0.389453125 0.83203125 0.402734375 0.83828125 0.398046875 0.8390625 0.392578125
1 0.88046875 0.408984375 0.877734375 0.40390625 0.866796875 0.4 0.86484375 0.420703125 0.87109375 0.442578125 0.87890625 0.448828125 0.88359375 0.440234375 0.88046875 0.408984375
1 0.74140625 0.326953125 0.731640625 0.3125 0.716015625 0.30234375 0.685546875 0.29453125 0.66328125 0.299609375 0.66015625 0.327734375 0.666796875 0.34296875 0.72578125 0.358984375 0.7421875 0.342578125 0.74140625 0.326953125
1 0.7578125 0.328515625 0.7453125 0.299609375 0.733203125 0.29140625 0.708203125 0.28671875 0.70546875 0.291015625 0.70703125 0.298046875 0.733203125 0.31328125 0.73984375 0.323046875 0.74296875 0.337890625 0.7484375 0.338671875 0.7578125 0.333203125 0.7578125 0.328515625
1 0.7796875 0.325390625 0.76484375 0.297265625 0.753515625 0.2890625 0.741015625 0.2875 0.7390625 0.291796875 0.746875 0.302734375 0.75859375 0.330859375 0.7734375 0.334765625 0.778125 0.331640625 0.7796875 0.325390625
2 0.6484375 0.390234375 0.63515625 0.368359375 0.627734375 0.365625 0.615625 0.383984375 0.6125 0.398046875 0.6203125 0.408203125 0.6234375 0.441015625 0.633984375 0.44765625 0.63984375 0.447265625 0.64375 0.442578125 0.6484375 0.390234375
2 0.59765625 0.455078125 0.596875 0.419140625 0.6015625 0.400390625 0.59375 0.380078125 0.59296875 0.369140625 0.589453125 0.365625 0.584375 0.368359375 0.58359375 0.374609375 0.5734375 0.383984375 0.565625 0.402734375 0.56875 0.430078125 0.5671875 0.457421875 0.569140625 0.46015625 0.57734375 0.459765625 0.592578125 0.45859375 0.59765625 0.455078125
2 0.65390625 0.663671875 0.66171875 0.655859375 0.6640625 0.628515625 0.658984375 0.60859375 0.65234375 0.611328125 0.6421875 0.637109375 0.6390625 0.683984375 0.6453125 0.684765625 0.65234375 0.677734375 0.65390625 0.663671875
2 0.54375 0.518359375 0.533984375 0.51484375 0.528515625 0.5171875 0.52421875 0.524609375 0.51640625 0.550390625 0.527734375 0.565625 0.5421875 0.569140625 0.5453125 0.547265625 0.54375 0.518359375
2 0.578125 0.596484375 0.575 0.541796875 0.56875 0.529296875 0.56796875 0.513671875 0.561328125 0.51015625 0.549609375 0.5109375 0.54296875 0.516796875 0.54453125 0.544921875 0.54140625 0.569140625 0.553125 0.601171875 0.5703125 0.605078125 0.57734375 0.600390625 0.578125 0.596484375
2 0.22421875 0.405859375 0.2296875 0.365234375 0.227734375 0.353125 0.21796875 0.368359375 0.2109375 0.397265625 0.21171875 0.415234375 0.2171875 0.415234375 0.2203125 0.414453125 0.22421875 0.405859375
2 0.24765625 0.377734375 0.24375 0.352734375 0.241015625 0.35078125 0.23046875 0.360546875 0.225 0.371484375 0.22421875 0.401953125 0.2203125 0.408203125 0.228125 0.410546875 0.234375 0.407421875 0.24765625 0.377734375
2 0.378515625 0.2515625 0.37265625 0.252734375 0.36015625 0.270703125 0.36171875 0.294921875 0.365625 0.295703125 0.38125 0.269140625 0.378515625 0.2515625
2 0.4171875 0.319140625 0.41640625 0.311328125 0.412109375 0.30625 0.4 0.317578125 0.396875 0.325390625 0.396875 0.356640625 0.400390625 0.36015625 0.40703125 0.359765625 0.4125 0.353515625 0.4171875 0.319140625
2 0.80546875 0.574609375 0.803515625 0.54453125 0.79765625 0.548828125 0.7984375 0.565234375 0.7921875 0.578515625 0.78828125 0.610546875 0.788671875 0.61328125 0.796875 0.613671875 0.80078125 0.608203125 0.80546875 0.574609375
2 0.706640625 0.603125 0.71328125 0.596484375 0.7109375 0.572265625 0.7140625 0.549609375 0.702734375 0.5234375 0.696875 0.528515625 0.6890625 0.551953125 0.68671875 0.583984375 0.68203125 0.599609375 0.6828125 0.604296875 0.68671875 0.604296875 0.694921875 0.59140625 0.706640625 0.603125
1 0.175 0.710546875 0.15390625 0.672265625 0.137890625 0.659375 0.126171875 0.65546875 0.11796875 0.662890625 0.11796875 0.666796875 0.128125 0.688671875 0.166015625 0.71875 0.1734375 0.721484375 0.17734375 0.718359375 0.175 0.710546875
1 0.1171875 0.667578125 0.097265625 0.64453125 0.091015625 0.6453125 0.08984375 0.656640625 0.09609375 0.671484375 0.123828125 0.6984375 0.1296875 0.700390625 0.1265625 0.683203125 0.1171875 0.667578125