1 0.5799838892455859 0.45604776163723915 0.5761423138041734 0.44974934269662925 0.5648329847512038 0.44503998555377206 0.5327488459069021 0.447683897271268 0.5178994951845907 0.45653638202247193 0.4607472295345104 0.47533927929374 0.4496496075441413 0.4770969703049759 0.4424686548956661 0.46767088121990374 0.4377125313001605 0.468424176565008 0.4250405987158909 0.493589525682183 0.4244669935794542 0.5156198282504013 0.4355941171749599 0.5756129622792937 0.44106414606741573 0.5844974630818619 0.44978739325842704 0.5908352736757624 0.46635504333868383 0.5979620834670947 0.4751139951845907 0.591699367576244 0.5015631645264848 0.58425994141252 0.5181234398073836 0.5759490457463885 0.5603869638844302 0.5708803057784911 0.5828726974317817 0.5640686260032103 0.5873346428571429 0.5588927752808989 0.5934139791332264 0.5331464470304976 0.5799838892455859 0.45604776163723915
1 0.41086810834670945 0.6965395930979134 0.4024747415730337 0.6820238113964686 0.34038666051364364 0.6747935786516853 0.32374022792937396 0.6774301147672552 0.3192782817014446 0.6826059654895665 0.32284043017656505 0.7153572415730337 0.34684381861958263 0.7412143683788122 0.36649605939004815 0.742164621187801 0.38702714606741573 0.7486636845906902 0.4140646717495987 0.750069367576244 0.4227842311396468 0.7486883250401284 0.4261199213483146 0.7440971420545747 0.41086810834670945 0.6965395930979134
1 0.25717293579454253 0.7265705232744784 0.24356801524879615 0.7201933218298555 0.22575224719101125 0.7205773451043339 0.22705081942215088 0.7313413980738364 0.24229156902086676 0.7557423876404494 0.26708026966292137 0.7660362584269663 0.27367286677367575 0.7666172383627607 0.2771341051364366 0.7628187431781702 0.25717293579454253 0.7265705232744784
1 0.8340695778491173 0.6083841845906902 0.8270178627608348 0.6074696356340289 0.8006154598715891 0.625465095505618 0.7727926227929374 0.6396226677367576 0.7671182624398074 0.6397088258426966 0.7516879317817015 0.6551539077046549 0.7442275529695025 0.6721806757624398 0.7392744727126805 0.6973423370786517 0.7399563611556983 0.7272995120385233 0.7562692255216693 0.7251220947030498 0.760939191011236 0.7186944382022472 0.8086579919743178 0.6916347873194221 0.8205015345104334 0.6791955136436597 0.8283385617977529 0.6645468073836276 0.8355330906902088 0.6150592520064205 0.8340695778491173 0.6083841845906902
1 0.8596952182985553 0.7111787439807384 0.8074393764044944 0.7608964446227929 0.7977658764044944 0.7742108756019261 0.7911806548956661 0.7890676019261637 0.7913923619582665 0.7955346492776886 0.802446904494382 0.7909397784911717 0.8446956781701446 0.7549956268057785 0.8559939438202246 0.7365484237560193 0.8621594382022472 0.716476455858748 0.8596952182985553 0.7111787439807384
1 0.7049356404494382 0.25992915248796145 0.6879839670947031 0.23498657463884431 0.6690345674157303 0.22051755939004816 0.6494217174959871 0.21468563402889243 0.6198411894060996 0.2177455842696629 0.6093245473515249 0.21291067817014445 0.6038618948635635 0.21946388362760835 0.5606013515248796 0.23362883226324235 0.5470038065810594 0.24268933627608347 0.5557775088282504 0.26730203290529697 0.5645044438202247 0.2813586966292135 0.5945514654895666 0.2940700208667737 0.6361946179775281 0.30047555056179776 0.6546775240770466 0.29917329052969505 0.6779559454253612 0.2922360617977528 0.6860477584269663 0.28689158266452647 0.7071598250401284 0.2867980497592295 0.7097422182985553 0.2774507423756019 0.7049356404494382 0.25992915248796145
1 0.5869705650080257 0.14616369502407706 0.5782473178170144 0.13982588443017657 0.5629745521669342 0.13574427367576242 0.518081867576244 0.13960428731942215 0.46789515810593907 0.1536473739967897 0.48033811958266454 0.1732097688603531 0.5065435658105939 0.17962267415730337 0.5908195152487962 0.1678998202247191 0.5956150304975923 0.1622648507223114 0.5869705650080257 0.14616369502407706
1 0.35590348234349917 0.14172622231139645 0.34255334831460676 0.14465324799357945 0.3037190473515249 0.16624287158908507 0.29008211075441415 0.18018504895666132 0.2865420890850722 0.1937468908507223 0.31837144141252005 0.18179875200642054 0.3515313820224719 0.16029528651685393 0.3592859390048154 0.14769107303370788 0.35590348234349917 0.14172622231139645
1 0.6252947937399679 0.8909105682182985 0.6187846669341893 0.8882850955056181 0.5867866861958266 0.8966033667736758 0.5734008483146067 0.9121309189406098 0.5734870064205457 0.91780527929374 0.5910159719101123 0.9284364069020866 0.6108331540930979 0.9252976741573035 0.6161308659711076 0.9228334542536116 0.6216759895666132 0.9142357560192617 0.6282181316211878 0.8965418491171749 0.6252947937399679 0.8909105682182985
1 0.671070011235955 0.9003182191011236 0.6646029638844302 0.9005299261637238 0.6459551171749599 0.9059211717495986 0.6219307752808989 0.9235399831460676 0.6215578154093098 0.9288807744783306 0.6285701388443018 0.9346769967897272 0.6420458226324238 0.932542658105939 0.6576878611556982 0.9235646235955055 0.6734086813804173 0.9048232439807383 0.671070011235955 0.9003182191011236
3 0.4330194325842696 0.07710134028892456 0.42546552006420546 0.07301604253611556 0.40898402808988765 0.07156359309791333 0.37068394060995186 0.07600458587479936 0.3229183723916533 0.09250820465489568 0.3095288467094703 0.1003169036918138 0.2915592014446228 0.12794647191011235 0.28830966934189406 0.13821201524879614 0.30420649357945423 0.13853820866773675 0.3169288812199037 0.13164774638844304 0.365989334670947 0.11818932744783307 0.3796693499197432 0.10708433065810594 0.4050747335473515 0.09818507865168538 0.4333136099518459 0.0815238948635634 0.4330194325842696 0.07710134028892456
3 0.18170672552166933 0.22700891412520066 0.17332442215088284 0.23564969181380416 0.16710847271268056 0.23744677367576245 0.14663152889245587 0.25694144943820224 0.13708357784911718 0.27104856741573036 0.13704418699839488 0.2759302399678973 0.14130180096308184 0.2797250481540931 0.13433255617977527 0.2767660064205457 0.13166769181380417 0.28815780577849115 0.12103287640449438 0.29796791894061 0.12016140609951846 0.30785681380417335 0.10227423113964687 0.3334418892455859 0.08664694382022471 0.37329533627608347 0.09078269662921348 0.3840163097913323 0.09545634991974318 0.38530750642054573 0.09812490128410915 0.3816345601926164 0.102633613964687 0.3870147423756019 0.1003847897271268 0.3959029309791332 0.09491844863563403 0.39473728330658103 0.09704909951845907 0.400494113964687 0.10497597271268058 0.3992386203852327 0.10785254414125199 0.39431386918138045 0.10843352407704655 0.387721272070626 0.12019090770465489 0.36960763884430176 0.12202000561797752 0.35550420866773674 0.12806363884430177 0.34235840609951845 0.14724569823434994 0.3198185304975923 0.16571385313001605 0.2876408579454254 0.17296621268057785 0.27186589486356344 0.16720569422150883 0.2662776926163724 0.18517533948635634 0.23864812439807384 0.18170672552166933 0.22700891412520066