1 0.6675088640132669 0.21323909867330018 0.6748502014925373 0.26919919154228855 0.6661477089552239 0.3296722023217247 0.666956324212272 0.3867841898839138 0.6908581467661692 0.5223381592039802 0.715006592039801 0.6115398001658375 0.7149059494195688 0.6443947255389718 0.7269101724709784 0.6742732570480928 0.731905372305141 0.6763393946932006 0.7653855696517412 0.6704359328358209 0.7794609137645108 0.6595342802653399 0.7899829212271974 0.6404183980099503 0.7970009145936982 0.603817820066335 0.8108849411276948 0.5870560497512438 0.8154985024875622 0.5702449543946932 0.8144452562189055 0.5451713018242123 0.8034982661691542 0.5117384353233831 0.8019697164179105 0.4505434966832504 0.7975081160862355 0.4109152081260365 0.7792671202321725 0.3265657769485904 0.7820078548922057 0.3062960066334992 0.7737009568822554 0.28544829436152575 0.7560752645107794 0.26666472636815924 0.7399880912106136 0.2375061293532338 0.7215458084577114 0.21886654892205637 0.690518372305141 0.20286705970149252 0.6817765232172471 0.2010405679933665 0.671448824212272 0.20454557794361525 0.6675088640132669 0.21323909867330018
1 0.5658530970149254 0.3338851849087894 0.5751589328358209 0.4248619991708126 0.5892716409618574 0.4905738432835821 0.6173157064676618 0.5445674444444444 0.6325803092868988 0.6168120091210614 0.6480442039800994 0.6376607180762852 0.6581302636815921 0.644723052238806 0.6696098565505805 0.6477507645107794 0.7048672213930348 0.6423759187396352 0.7096711036484246 0.6385819378109453 0.7110656343283582 0.6273903184079602 0.7093871169154229 0.6083207703150912 0.6952724154228855 0.55692292039801 0.6765521276948591 0.4650801915422885 0.665323144278607 0.38707216334991706 0.6638912495854062 0.32165028772802656 0.6716785024875621 0.2798621948590381 0.6671675779436153 0.24950437147595356 0.6689467388059702 0.23571899419568823 0.6654437230514096 0.21107730265339966 0.6688067396351576 0.20627441708126035 0.6676065165837479 0.20185516417910448 0.647722372305141 0.18936367578772803 0.6273569419568823 0.1836928822553897 0.6022832893864013 0.18474612769485904 0.5907543714759536 0.19098888142620232 0.5935817935323383 0.23806214179104476 0.5795517868988391 0.2683213150912106 0.568162868159204 0.3040086467661692 0.5658530970149254 0.3338851849087894
1 0.6167795978441127 0.945022964344942 0.6215834800995025 0.9412289842454394 0.6310009228855722 0.9206239087893864 0.6444519917081261 0.9085693640132669 0.643924372305141 0.9031895348258707 0.6315808573797678 0.8952622819237148 0.5937770663349917 0.9052960265339967 0.5367084228855721 0.9397761575456053 0.534161 0.9515920522388059 0.5441030721393035 0.957837796849088 0.5533735381426202 0.9578871218905473 0.5895914792703151 0.9531848789386401 0.6167795978441127 0.945022964344942
1 0.8513502388059702 0.7807329054726369 0.875949583747927 0.7364013772802653 0.8817653606965173 0.7096955406301825 0.8710530331674957 0.715794307628524 0.8458314063018242 0.7446589502487562 0.8209470779436153 0.7658863084577114 0.8058618316749585 0.7853858233830846 0.7840968864013267 0.8266916334991707 0.7848641517412935 0.8358181119402984 0.8335272479270316 0.7990312006633499 0.8513502388059702 0.7807329054726369
1 0.8713569552238805 0.6029155389718076 0.8954730215588723 0.5797186998341626 0.9082071467661691 0.5421102139303482 0.9161343988391377 0.5297666990049751 0.9174362620232173 0.49417402985074627 0.9097112918739636 0.43365069734660033 0.9027022686567164 0.40583830348258704 0.892760196517413 0.39959255970149254 0.8860834883913764 0.39992786401326696 0.8648944908789387 0.44450003482587064 0.8626340447761194 0.4651061077943615 0.8673816243781095 0.5206815704809287 0.8667010472636817 0.5788981218905472 0.8713569552238805 0.6029155389718076
1 0.8527099145936983 0.33003442039800995 0.8655347147595356 0.3311409776119403 0.8650564195688225 0.3164906824212272 0.8686127479270316 0.3032339220563847 0.8733683018242122 0.3015534104477612 0.8729846691542288 0.29699017081260365 0.8570424792703151 0.26149116666666666 0.8256353971807628 0.2123004510779436 0.8008527081260365 0.1935158864013267 0.7741458756218905 0.19485710613598672 0.777553232172471 0.21656873963515752 0.8033901633499171 0.2532699593698176 0.8426238557213931 0.32297208540630185 0.8527099145936983 0.33003442039800995
1 0.9465978490878938 0.45661586567164175 0.942226924543947 0.45570261940298507 0.9356932064676617 0.4640115116086236 0.9245449303482587 0.4962884950248756 0.9197251003316749 0.614594424543947 0.9335134676616916 0.5949025953565505 0.9495139535655058 0.5567181616915423 0.9521630157545605 0.5048903449419568 0.9465978490878938 0.45661586567164175
1 0.9276892338308458 0.33744202736318407 0.9261063747927031 0.3213025389718076 0.8932130895522388 0.25174539635157545 0.8774602238805971 0.236420504145937 0.8628582562189054 0.23478533084577116 0.8626166169154229 0.24535267495854063 0.9044894038142621 0.33479695190713105 0.9136622172470978 0.34623021144278604 0.919522334991708 0.3460388930348259 0.9276892338308458 0.33744202736318407
1 0.9625764054726368 0.5758853623548922 0.9598386616915422 0.5746841426202322 0.9557547139303483 0.5825610737976783 0.9361505688225539 0.6289587396351575 0.9198097943615258 0.6962514485903815 0.9430146077943615 0.6631115406301824 0.9514231459369819 0.643947330845771 0.9629107139303482 0.5897190671641791 0.9625764054726368 0.5758853623548922
1 0.30390253814262025 0.15905466252072967 0.31706663018242126 0.13820994112769486 0.34199928606965174 0.1148691144278607 0.3454599552238806 0.0986822943615257 0.33575752902155886 0.09618319983416251 0.3220194825870647 0.0994475663349917 0.2764797570480929 0.12768494361525706 0.26149116666666666 0.1429575207296849 0.2575512064676617 0.15165104228855722 0.2633600058043118 0.1750441832504146 0.2688838225538972 0.17533315422885573 0.30390253814262025 0.15905466252072967
1 0.5443243258706468 0.058986256218905464 0.5639688242122719 0.06773109618573797 0.5786654535655058 0.07945332587064677 0.6408663067993366 0.09795490049751245 0.6461021500829188 0.09661069071310116 0.6446139527363185 0.09055825787728027 0.6399560514096186 0.08085483499170812 0.6324154220563847 0.07629059867330017 0.6035517761194029 0.04391197512437811 0.5804486019900498 0.03703996102819237 0.5528778474295191 0.033481640132669986 0.5476410074626866 0.04198284660033167 0.5371209941956883 0.04678473466003317 0.5443243258706468 0.058986256218905464
1 0.5418795389718076 0.023633233001658375 0.516085951907131 0.020603528192371476 0.4889934925373134 0.03169550165837479 0.5126242860696517 0.04394734411276949 0.5317411650082919 0.04731235489220564 0.5477849950248755 0.04279943698175788 0.5511973358208955 0.028726085406301824 0.5418795389718076 0.023633233001658375
1 0.1380066616915423 0.7629572139303482 0.12604677943615258 0.7595932006633499 0.1267183855721393 0.7657896202321725 0.1445827271973466 0.7954768341625207 0.1561579792703151 0.801434604477612 0.16043324543946932 0.7994177918739634 0.15937700912106137 0.7958151293532338 0.1380066616915423 0.7629572139303482
1 0.9673085514096185 0.39739339966832504 0.960729495854063 0.3863447694859038 0.957799436981758 0.38644042868988393 0.9519383217247098 0.39378874295190713 0.9507844336650083 0.4015700157545605 0.9618191077943614 0.4951889154228855 0.9696980331674959 0.4849588689883914 0.9779625837479271 0.4649780688225539 0.9673085514096185 0.39739339966832504
1 0.8601314767827529 0.15485714593698177 0.8302589262023218 0.1239193880597015 0.7895290630182421 0.10542080348258706 0.7794420074626865 0.10551546600331675 0.8444702827529021 0.17109030016583748 0.8821744278606966 0.18675448424543947 0.8835196343283583 0.18483333001658375 0.8601314767827529 0.15485714593698177
2 0.6998994485903814 0.09849149087893865 0.6391394610281924 0.08099882172470979 0.6414442479270315 0.08690726782752901 0.6455271990049751 0.08618733333333334 0.6730486285240465 0.09901612023217247 0.7096965373134327 0.11107764262023216 0.7233379278606965 0.11204021310116086 0.6998994485903814 0.09849149087893865
2 0.6357311069651742 0.06644418490878938 0.6414462412935323 0.0725932736318408 0.6685357106135986 0.08297229104477612 0.7132528656716418 0.09782088142620232 0.7171918291873963 0.09628435655058043 0.6642141111111112 0.07278857877280266 0.6357311069651742 0.06644418490878938
2 0.7182983872305141 0.08345955638474295 0.678721416252073 0.06433669734660033 0.6332833300165838 0.05256215257048093 0.6335229759535655 0.05630880182421227 0.6489888648424544 0.06284351658374793 0.6655119867330016 0.06582389718076284 0.7127262429519071 0.08528405472636816 0.7179137570480929 0.08605331426202321 0.7182983872305141 0.08345955638474295