1 0.4927488548644338 0.5027123213716108 0.4901350733652312 0.49836225837320575 0.46382721451355663 0.49180297288676234 0.44003771770334926 0.4916246116427432 0.4162502998405104 0.49473421291866027 0.4115143963317384 0.4988955151515151 0.40515427033492823 0.5342935007974482 0.41550981738437 0.5471486905901116 0.4563241259968102 0.5548592575757576 0.4735376985645933 0.5550417783094098 0.48262574561403504 0.5515546562998405 0.4927488548644338 0.5027123213716108
1 0.6824819106858054 0.4998845677830941 0.6796710494417862 0.48973234051036685 0.6636149984051037 0.48490725598086126 0.630540374800638 0.48241385326953745 0.6166106044657097 0.47565332775119623 0.6095534194577352 0.4792358700159489 0.5908256036682615 0.5312749066985646 0.5996398692185008 0.5536081427432217 0.6247881267942584 0.5615220295055822 0.6375499760765551 0.5564853062200957 0.6594061116427432 0.5578253484848484 0.6670420574162679 0.5519215247208932 0.6713879609250399 0.5427318181818181 0.6824819106858054 0.4998845677830941
1 0.7159447081339713 0.6573955422647528 0.710528384370016 0.6560451012759171 0.6682702942583731 0.6590696818181818 0.6570601251993621 0.6710681698564593 0.6462441164274322 0.6946709864433812 0.643157393939394 0.7070511547049442 0.644804495215311 0.7119820582137162 0.6492541379585327 0.7139133397129187 0.6618230669856459 0.7096503771929824 0.6967314720893142 0.7064370366826156 0.7046536786283891 0.6944406283891547 0.7167226283891547 0.6641643875598086 0.7159447081339713 0.6573955422647528
1 0.8256421714513558 0.5585905358851675 0.8199333476874003 0.5534687918660287 0.799626812599681 0.555802552631579 0.7829049003189793 0.568481461722488 0.775569774322169 0.5913084377990431 0.7724913708133971 0.6168404553429027 0.7789739553429027 0.6221551196172248 0.808561456937799 0.615560476076555 0.8134902807017543 0.61062541307815 0.8193774657097289 0.5919576594896331 0.8256421714513558 0.5585905358851675
1 0.38773321850079745 0.5118690039872409 0.39004410127591704 0.49600795215311005 0.3880111602870813 0.4926245701754386 0.3520323341307815 0.48529776315789475 0.34400846810207336 0.4894611459330143 0.3314457791068581 0.503587995215311 0.3283590558213716 0.5159681642743222 0.3325265980861244 0.5305679545454546 0.34200880462519934 0.5386851610845296 0.36290033971291863 0.5438940055821372 0.3756663484848485 0.5454332073365231 0.3804997519936204 0.5425290055821371 0.38773321850079745 0.5118690039872409
1 0.3049533197767145 0.5109543197767145 0.2996303357256778 0.5042850542264753 0.2727437169059011 0.5000470502392345 0.26530277113237644 0.5084650757575757 0.26221396810207337 0.5175572822966508 0.2612535271132376 0.5280020095693779 0.26570940988835723 0.5397971786283892 0.27451535566188195 0.5489785653907496 0.2851550837320574 0.5524532081339714 0.2996573740031898 0.5470285653907496 0.3049533197767145 0.5109543197767145
1 0.3274397057416268 0.2856178787878788 0.3232804824561404 0.28416993700159493 0.2877995566188198 0.2995684465709729 0.27871774880382777 0.3129194561403509 0.2765956275917065 0.321430822169059 0.27863064832535883 0.32810216666666664 0.29468461961722486 0.32963928867623604 0.311215692185008 0.32102210366826156 0.3258009234449761 0.2938388245614035 0.3274397057416268 0.2856178787878788
2 0.3711023133971292 0.36266399601275917 0.35949590510366825 0.3597701929824561 0.3486653373205742 0.36035727352472086 0.34625071531100476 0.365097336523126 0.35428082057416266 0.370797841307815 0.36994895215311 0.3738824840510367 0.3792299186602871 0.3696216012759171 0.3711023133971292 0.36266399601275917
3 0.9452635837320573 0.40185306858054226 0.934397658692185 0.34654478867623606 0.9305205366826157 0.33242833811802236 0.9207458301435406 0.32053982934609254 0.8636763102073366 0.2989140510366826 0.796552062200957 0.2813562360446571 0.7296269744816587 0.2728885470494418 0.6687011307814992 0.27002594178628386 0.5872779122807018 0.2735588213716108 0.5226845055821372 0.2821097041467305 0.48632815948963315 0.28948226794258375 0.4535522751196172 0.3006240550239235 0.4270702153110048 0.32443019059011163 0.41180872328548646 0.35267765071770335 0.39791847049441786 0.40838840988835723 0.396194668261563 0.435080028708134 0.40268141228070176 0.44697061802232857 0.42202542583732056 0.4517936220095694 0.4839117105263158 0.4442114992025518 0.5046082456140351 0.4469061419457735 0.5125346116427432 0.44148565869218503 0.5171771746411483 0.44264317942583736 0.5206622169059012 0.4484432639553429 0.5357411881977671 0.4374093763955343 0.6500398708133971 0.42727977432216907 0.765699393939394 0.4281736602870813 0.7790420837320574 0.4241036172248803 0.9376421969696971 0.4307726291866029 0.9447968827751195 0.42844718819776717 0.9452635837320573 0.40185306858054226
3 0.8106300087719298 0.8281163492822967 0.7301880303030304 0.854084124401914 0.6613420598086125 0.866505889952153 0.5826259633173844 0.8690700087719299 0.5143483548644339 0.8627306810207337 0.39422046969696967 0.8303138524720893 0.3439197942583732 0.8079101547049442 0.3094760111642743 0.7812414138755981 0.28626319457735244 0.7754538086124402 0.24892352870813397 0.7571035135566189 0.2435072049441786 0.755753072567783 0.23896422169059012 0.7591406148325358 0.24506720494417863 0.7758666874003189 0.2618099162679426 0.7960674019138756 0.26162947527910685 0.8165689370015948 0.2790630055821372 0.8587212081339713 0.27965424561403507 0.8761277009569378 0.30085491945773524 0.9114115470494418 0.31923849202551835 0.9266792783094099 0.3219497735247209 0.9322864425837321 0.3287227783094099 0.9380844473684211 0.362770322169059 0.9498608971291866 0.39817038676236044 0.959508985645933 0.42234780462519933 0.9614277878787878 0.4558124282296651 0.9689495948963317 0.5117098684210526 0.9722021993620414 0.564703106060606 0.9706214011164275 0.6151779824561403 0.9626596770334928 0.6436038038277512 0.9541316722488039 0.6791801499202552 0.9367023014354068 0.7310904888357257 0.9048535805422648 0.7854112894736842 0.8616888724082934 0.8119866897926635 0.8325639122807017 0.8106300087719298 0.8281163492822967
3 0.8331260342902711 0.15938833014354067 0.8248967687400319 0.1445976985645933 0.8121265996810207 0.1364825725677831 0.8061252759170654 0.1275895255183413 0.7447886339712919 0.08681889393939393 0.6956475590111643 0.06306059489633173 0.64341768261563 0.04839450159489633 0.6163381435406698 0.04493025837320574 0.5325915629984052 0.04459641467304625 0.4989402583732057 0.04771225518341308 0.48463088835725676 0.052363137958532695 0.4772853628389155 0.05875030223285486 0.41501115789473686 0.06459198405103668 0.3887116188197767 0.07118454704944178 0.35710365470494415 0.09412358213716109 0.3518864912280702 0.10186326794258373 0.3284932336523126 0.11657719696969697 0.3199922663476874 0.1308948875598086 0.31922474561403513 0.14056585406698563 0.3006690518341308 0.15895150637958533 0.2879176012759171 0.18042804146730462 0.2960472870813397 0.19067360925039872 0.29518018580542266 0.19579951275917065 0.30446323285486443 0.19482659250398723 0.3059153333333333 0.1972432942583732 0.29721312759170654 0.19918289553429028 0.29624852631578946 0.20305169776714513 0.30543823285486443 0.20739760127591708 0.3109478971291866 0.20342921850079745 0.3102674768740032 0.19791747527910686 0.3261264481658692 0.1969403947368421 0.3626673955342903 0.17564222089314194 0.391483216108453 0.17214261961722488 0.40927346889952154 0.1667158971291866 0.4144927129186603 0.16226417384370015 0.5272397145135566 0.14517280622009568 0.5711365869218501 0.13392727990430622 0.5953140039872409 0.13584608293460926 0.6256752663476873 0.12944435964912282 0.6610711714513556 0.13251652312599682 0.7245174561403509 0.14504801515151514 0.7314729816586921 0.13363244657097287 0.7659105263157895 0.15043730063795852 0.7709430893141946 0.1566232248803828 0.7852586993620415 0.16183622966507177 0.7930917248803827 0.1617345693779904 0.7923117248803828 0.15167776236044656 0.7951142671451356 0.14867814035087717 0.8013043516746411 0.15022150159489633 0.8040156331738437 0.15582866586921848 0.8119482384370016 0.16027206937799043 0.8330326937799043 0.164707153907496 0.8331260342902711 0.15938833014354067
1 0.24491928149920256 0.3891442296650718 0.23959837799043063 0.38576292663476874 0.22306730542264755 0.3943801124401914 0.2151492591706539 0.4129524449760765 0.21776512041467308 0.42059047049441783 0.2258906467304625 0.42426011403508773 0.23720039473684212 0.4168066889952153 0.24366634051036684 0.395817653907496 0.24491928149920256 0.3891442296650718
1 0.25919329425837323 0.3285979864433812 0.25483907177033494 0.32463584370015947 0.2398555207336523 0.33363886921850083 0.2311595534290271 0.3454423572567783 0.2306845326953748 0.35888462679425837 0.24112925996810208 0.35984506858054227 0.2493460462519936 0.3549079250398724 0.25774743301435404 0.33604517145135565 0.25919329425837323 0.3285979864433812
1 0.2291684625199362 0.5610953524720893 0.22345963875598088 0.5559736084529506 0.21398159250398724 0.554432326953748 0.20751148724082935 0.5688454370015948 0.21022692822966507 0.5810285255183413 0.2221279162679426 0.5909815933014354 0.2288967615629984 0.590203673046252 0.2291684625199362 0.5610953524720893
1 0.21778201275917064 0.6001712998405104 0.21323279027113237 0.5936949545454545 0.19852925996810208 0.586741509569378 0.19360459569377989 0.5982524976076554 0.19534919696969696 0.6044405015948964 0.21267066826156297 0.6223199354066985 0.21750615151515154 0.6227036961722489 0.21778201275917064 0.6001712998405104
1 0.19794192663476876 0.42263381180223286 0.1902997408293461 0.4186737480063796 0.18208503508771928 0.4268988540669856 0.18035083333333332 0.4371506610845295 0.1850950558213716 0.4461412073365232 0.19399018261562997 0.443427846092504 0.19794192663476876 0.42263381180223286
1 0.21555589792663477 0.44428454784689 0.21400005741626793 0.43074685805422647 0.2100337551834131 0.4285251562998405 0.19775524561403507 0.43327145933014355 0.1938947623604466 0.44545870733652315 0.2011615071770335 0.4674061036682616 0.20677075119617225 0.46798278468899523 0.21102331419457737 0.4641119019138756 0.21555589792663477 0.44428454784689