1 0.5734375 0.383984375 0.57578125 0.374609375 0.56875 0.313671875 0.580859375 0.30703125 0.58125 0.303515625 0.56796875 0.298046875 0.56640625 0.282421875 0.56015625 0.266796875 0.553515625 0.25859375 0.534765625 0.253125 0.488671875 0.25234375 0.469140625 0.25703125 0.45859375 0.271484375 0.45078125 0.292578125 0.440625 0.298046875 0.4484375 0.307421875 0.44140625 0.351171875 0.44140625 0.380078125 0.447265625 0.384375 0.466796875 0.3890625 0.5484375 0.391015625 0.569140625 0.3875 0.5734375 0.383984375
1 0.464453125 0.25703125 0.479296875 0.2515625 0.530078125 0.24921875 0.53125 0.223828125 0.540625 0.216015625 0.53203125 0.210546875 0.53125 0.198046875 0.5234375 0.182421875 0.506640625 0.17734375 0.465234375 0.1796875 0.44921875 0.209765625 0.440234375 0.2125 0.43828125 0.216015625 0.44453125 0.223046875 0.4375 0.248828125 0.4375 0.258203125 0.440625 0.261328125 0.444921875 0.2578125 0.464453125 0.25703125
1 0.526953125 0.15546875 0.490234375 0.1546875 0.477734375 0.1609375 0.47109375 0.168359375 0.472265625 0.17734375 0.519921875 0.17890625 0.530859375 0.1921875 0.54296875 0.192578125 0.5421875 0.169140625 0.526953125 0.15546875
1 0.44296875 0.153515625 0.43984375 0.145703125 0.431640625 0.14296875 0.396484375 0.1515625 0.378125 0.165234375 0.36953125 0.180859375 0.370703125 0.18515625 0.37421875 0.184765625 0.431640625 0.175 0.44296875 0.153515625
1 0.46171875 0.133984375 0.46328125 0.121484375 0.456640625 0.11953125 0.432421875 0.12265625 0.4171875 0.132421875 0.4140625 0.143359375 0.4203125 0.144921875 0.453515625 0.13984375 0.46171875 0.133984375
1 0.3890625 0.843359375 0.37734375 0.821484375 0.365234375 0.81015625 0.354296875 0.80625 0.341015625 0.79609375 0.280859375 0.7703125 0.230078125 0.74453125 0.196484375 0.73671875 0.178515625 0.728125 0.17109375 0.730078125 0.18046875 0.758203125 0.190625 0.772265625 0.219140625 0.79765625 0.334765625 0.8515625 0.348828125 0.85625 0.38046875 0.855859375 0.3890625 0.852734375 0.3890625 0.843359375
2 0.25703125 0.738671875 0.2359375 0.719921875 0.2234375 0.690234375 0.2109375 0.671484375 0.204296875 0.66875 0.203125 0.682421875 0.18984375 0.690234375 0.19609375 0.714453125 0.205078125 0.72578125 0.221484375 0.73046875 0.231640625 0.7421875 0.25703125 0.751953125 0.26015625 0.748046875 0.25703125 0.738671875
1 0.84921875 0.469140625 0.84921875 0.431640625 0.83671875 0.395703125 0.82265625 0.369921875 0.811328125 0.35703125 0.793359375 0.34609375 0.773046875 0.33671875 0.753515625 0.334375 0.7515625 0.351953125 0.759375 0.389453125 0.77421875 0.407421875 0.790625 0.437890625 0.8 0.466015625 0.823046875 0.4765625 0.84140625 0.476953125 0.847265625 0.475 0.84921875 0.469140625
1 0.90625 0.645703125 0.91484375 0.621484375 0.91640625 0.603515625 0.905859375 0.59453125 0.9015625 0.594921875 0.8796875 0.626171875 0.85625 0.650390625 0.8390625 0.694140625 0.8390625 0.699609375 0.84453125 0.701953125 0.858203125 0.69453125 0.90625 0.645703125
1 0.880859375 0.71875 0.89453125 0.701171875 0.909375 0.666015625 0.91015625 0.655859375 0.90390625 0.651171875 0.905859375 0.6421875 0.90078125 0.644140625 0.89140625 0.663671875 0.828125 0.736328125 0.81640625 0.761328125 0.815625 0.766015625 0.8203125 0.766796875 0.837109375 0.7578125 0.880859375 0.71875
1 0.79921875 0.269140625 0.776953125 0.24140625 0.756640625 0.22734375 0.73984375 0.223828125 0.7453125 0.238671875 0.76171875 0.253515625 0.771484375 0.2671875 0.8015625 0.283984375 0.803125 0.277734375 0.79921875 0.269140625
1 0.85234375 0.297265625 0.831640625 0.28359375 0.8328125 0.298828125 0.8390625 0.314453125 0.858203125 0.33828125 0.8640625 0.337890625 0.8625 0.321484375 0.85234375 0.297265625
1 0.85 0.274609375 0.826953125 0.25234375 0.812890625 0.25 0.8109375 0.258203125 0.82734375 0.280859375 0.843359375 0.28984375 0.862890625 0.3109375 0.8671875 0.312109375 0.8671875 0.300390625 0.85 0.274609375
3 0.13125 0.399609375 0.15234375 0.376953125 0.1875 0.308984375 0.20625 0.286328125 0.2140625 0.260546875 0.22890625 0.227734375 0.288671875 0.17109375 0.3203125 0.146484375 0.334375 0.130859375 0.339453125 0.11640625 0.329296875 0.11640625 0.297265625 0.128125 0.226953125 0.16484375 0.203515625 0.18046875 0.192578125 0.19375 0.185546875 0.19609375 0.184765625 0.2015625 0.180859375 0.2 0.176953125 0.203125 0.16328125 0.223828125 0.15703125 0.226953125 0.14609375 0.254296875 0.14140625 0.258203125 0.13359375 0.281640625 0.1046875 0.337890625 0.09921875 0.366015625 0.08828125 0.383203125 0.084375 0.397265625 0.084375 0.423828125 0.091015625 0.42421875 0.098828125 0.41875 0.103125 0.423828125 0.10625 0.437109375 0.11171875 0.438671875 0.12265625 0.423046875 0.13125 0.399609375