3 0.8572738699839487 0.8147233563402889 0.8695104365971108 0.8014740208667737 0.900702642857143 0.7519875465489567 0.9276236749598716 0.6974139309791332 0.9412287953451044 0.66136413964687 0.9589286605136438 0.590981974317817 0.9646702512038524 0.5503921709470305 0.9672960417335474 0.49817404735152493 0.9631376468699839 0.4361414237560193 0.9574586364365971 0.3994426412520064 0.9453552215088283 0.3511711966292135 0.9306220200642056 0.3085896797752809 0.909215948635634 0.26281087399678976 0.8841414903691813 0.2188458892455859 0.8528652608346708 0.17654266452648476 0.8300146051364367 0.15483100722311396 0.8222623908507223 0.1569082070626003 0.8146214943820225 0.16560261717495986 0.8050350874799358 0.16858672712680578 0.8114594919743178 0.1801593892455859 0.8100203659711076 0.18719204012841092 0.8141041926163725 0.18692866131621189 0.8210404398073836 0.1942097768860353 0.8382364542536116 0.22117554975922954 0.8715938788121991 0.317759183788122 0.8963682102728733 0.413319132423756 0.9098183443017657 0.5069281115569824 0.9100558908507224 0.5326217335473514 0.9146257295345105 0.5496766043338684 0.9095371268057785 0.6175104719101123 0.8997971950240771 0.6865906597110754 0.8813628539325843 0.7480299502407705 0.8554600489566614 0.8110549695024076 0.8572738699839487 0.8147233563402889
3 0.4482784887640449 0 0.42229774317817015 0.003182166934189406 0.33330232985553776 0.027028415730337076 0.3308742969502408 0.028509885232744784 0.3836042632423756 0.02684412921348315 0.5645538756019262 0.032366011235955054 0.6771726902086677 0.049550037720706264 0.6876660080256822 0.04840012118780096 0.6885932905296951 0.04565901685393258 0.6939994678972713 0.04878027447833066 0.693979095505618 0.053355572231139646 0.708480209470305 0.05320896950240771 0.6590493932584269 0.0253253683788122 0.6130181268057785 0.00857861797752809 0.5684965585874799 0.0005670216693418941 0.5616324229534511 0 0.4482784887640449 0
1 0.43303322552166934 0.35550669983948635 0.45399402969502406 0.3748166621187801 0.4927238081861958 0.4030749582664527 0.5144449197431782 0.40971799999999997 0.5452460545746388 0.40063398154093094 0.5575382800963081 0.39069325120385234 0.5755462640449438 0.3617725136436597 0.5905795930979133 0.35275906661316214 0.6688023836276084 0.2694833515248796 0.7573664293739968 0.18759110353130018 0.7575388635634028 0.18048242215088284 0.7249348250401284 0.15182905858747994 0.7073735706260033 0.14365594622792938 0.6530116717495987 0.16403833146067415 0.6024294767255216 0.18922410674157303 0.4884202728731942 0.26297852808988764 0.4685984678972713 0.28823087881219905 0.43331297993579454 0.3084870337078652 0.42523627046548956 0.32020629855537724 0.42320927046548956 0.33279718780096307 0.43303322552166934 0.35550669983948635
1 0.7792548041733548 0.8522460971107544 0.7873667993579454 0.848410735152488 0.8077913916532905 0.830059345906902 0.8042452391653291 0.8044213820224719 0.8002374430176565 0.8034180682182985 0.7636241460674157 0.8373240850722312 0.7792548041733548 0.8522460971107544
1 0.7567745601926164 0.14662114606741572 0.7692690465489567 0.15449013563402889 0.7807656773675762 0.14933242295345103 0.77889619823435 0.14235543097913322 0.7636049494382022 0.13025055296950241 0.7565722985553772 0.12881142696629214 0.7463423595505618 0.1340451709470305 0.7567745601926164 0.14662114606741572
1 0.6695005032102729 0.09688874077046548 0.6992724935794543 0.11342231300160514 0.7351553097913323 0.11710161717495987 0.7404501701444622 0.11360566452648475 0.7394115706260033 0.10972955778491171 0.7090164205457463 0.09087032102728732 0.679598753611557 0.08961308426966293 0.6671952118780097 0.09293660272873194 0.6695005032102729 0.09688874077046548
1 0.5967017295345105 0.06861952728731943 0.6149065160513644 0.07454300642054575 0.6506019847512039 0.07287179133226325 0.6426067648475121 0.06628986677367577 0.622643816211878 0.06000660674157303 0.5911638627608347 0.06345635553772071 0.5967017295345105 0.06861952728731943
1 0.17049363402889245 0.5571329735152488 0.17831641974317816 0.5708235802568218 0.1854603868378812 0.5788799165329053 0.19474267094703052 0.5809625746388443 0.20359460192616374 0.5690355898876404 0.21362228009630818 0.5459921276083467 0.21814191894060994 0.5427038948635634 0.21839038362760835 0.5343285208667736 0.2564129791332263 0.4684714534510433 0.26878669422150886 0.4402295337078651 0.26784449759229534 0.43051143739967895 0.2572249494382023 0.41258494301765647 0.23892921829855537 0.39546895585874803 0.2306095032102729 0.39852909630818617 0.20921688282504014 0.4287721845906902 0.17064169903691812 0.5080713940609952 0.16513366051364367 0.5278266235955056 0.16522460433386837 0.5390191316211878 0.17049363402889245 0.5571329735152488
1 0.1682782158908507 0.39071976163723915 0.17192623033707866 0.3934812375601926 0.17735278009630817 0.39202719823434995 0.2105312415730337 0.3391004293739968 0.2530883900481541 0.28241432905296954 0.25431979534510435 0.2746064566613162 0.24965355377207063 0.26339357624398074 0.24269693418940608 0.26068775762439805 0.23261905617977527 0.2633881171749599 0.20793820304975924 0.2891115666131621 0.1622950826645265 0.3590877471910112 0.16166646388443018 0.37379658025682183 0.1682782158908507 0.39071976163723915
1 0.09119149919743177 0.6456831773675763 0.09805171589085072 0.6542309847512038 0.10226323595505618 0.6094813242375602 0.09790111717495988 0.5932016749598715 0.08958686115569824 0.5792273178170144 0.08481875682182986 0.5908909245585875 0.08437202728731942 0.6279847744783307 0.09119149919743177 0.6456831773675763
1 0.2645213707865169 0.18089161958266453 0.28055255457463885 0.18490487399678973 0.3136087817014446 0.15942988924558588 0.38546682182985553 0.11441831300160513 0.3849196926163724 0.11082595666131621 0.37232880337078655 0.10879895746388443 0.3525884871589085 0.1157501187800963 0.28475861556982346 0.1571897110754414 0.26327505056179773 0.17624029133226324 0.2645213707865169 0.18089161958266453
1 0.17011308828250402 0.8006827102728732 0.17608676645264848 0.8028210264847512 0.18032265489566612 0.8000242640449439 0.18064715088282504 0.7903821990369182 0.16201201043338684 0.770449077046549 0.1566614919743178 0.7706364245585875 0.15408736276083468 0.7796349574638844 0.17011308828250402 0.8006827102728732
1 0.126266341894061 0.7517771878009631 0.13817295425361156 0.765204415730337 0.1435234735152488 0.7650170682182986 0.14352893178170145 0.7479825706260032 0.1241389430176565 0.7236818707865169 0.12084525120385232 0.7361967295345104 0.126266341894061 0.7517771878009631
1 0.09583590609951846 0.7250340489566613 0.1010139911717496 0.7319553828250401 0.10558928812199038 0.7319757552166934 0.10383658426966291 0.7145814759229534 0.0911751227929374 0.6967866701444623 0.08937621589085072 0.7055774839486356 0.09583590609951846 0.7250340489566613
3 0.19561789967897272 0.8586573378812199 0.23748384991974317 0.8939686565008025 0.299540841894061 0.9317631605136436 0.36621387560192614 0.9604274414125201 0.4373156043338684 0.9746109807383627 0.48798328491171744 0.9776522118780095 0.5418482544141252 0.974020573836276 0.5638382038523275 0.9677129446227929 0.4865143314606742 0.9597664622792939 0.397152158105939 0.93635083788122 0.3667922945425361 0.9253755040128412 0.20809747271268056 0.8540671268057785 0.2036742367576244 0.8515133699839486 0.20152100642054574 0.8450278483146066 0.19040452889245588 0.8438521011235955 0.1861686404494382 0.8466488635634029 0.19561789967897272 0.8586573378812199
3 0.03761174317817015 0.5852606508828251 0.042090637239165334 0.5911230128410915 0.03714756661316212 0.499804411717496 0.03888681942215088 0.44117679695024076 0.045941304975922956 0.3744779325842697 0.05895455537720706 0.297458183788122 0.05585367014446228 0.29828906340288924 0.052580350722311396 0.3062286243980738 0.040373611556982346 0.34439636035313004 0.026661170144462277 0.42035713723916535 0.02474402407704655 0.5031279309791332 0.033325654895666135 0.5677143105939004 0.03761174317817015 0.5852606508828251