1 0.49398056581059385 0.24092332584269666 0.49330875361155696 0.250530683788122 0.5015920642054574 0.2643846219903692 0.5251066011235955 0.2732696701444623 0.5289781227929374 0.28118340930979135 0.5414884365971107 0.292114816211878 0.5831203226324237 0.2950260008025682 0.6069539333868379 0.2878428017656501 0.6309750730337078 0.2722251709470305 0.6358179036918138 0.2604958948635634 0.6363049301765651 0.2420258065810594 0.6327329060995185 0.22407641011235954 0.6379116428571429 0.20754345425361156 0.6379507945425361 0.19547827207062599 0.6276771107544141 0.16981949759229534 0.5995687423756019 0.12883436115569824 0.5512911805778491 0.11741318459069021 0.5135503916532905 0.11638314767255217 0.5045756934189406 0.11816915971107544 0.49658639406099525 0.128873886035313 0.4809828523274478 0.13341447592295347 0.475303 0.1398557897271268 0.47533940850722317 0.14508776805778492 0.47820595505617974 0.15011538443017655 0.4906238764044944 0.15661542616372393 0.49628415329052966 0.15620670304975923 0.5034141115569823 0.16354376645264848 0.5138502616372391 0.2213950216693419 0.5136263242375602 0.22459747431781701 0.502342179775281 0.23064689807383626 0.49398056581059385 0.24092332584269666
1 0.38200631300160515 0.11643676163723916 0.3879296789727127 0.1007604036918138 0.38342549678972715 0.09038884028892455 0.35821459711075443 0.09425761878009631 0.33758343980738365 0.10166475601926163 0.3127057030497592 0.11802701524879614 0.2962064125200642 0.1353774165329053 0.27624158025682183 0.16777151605136437 0.2731119446227929 0.1780115345104334 0.25821388041733545 0.195473904494382 0.25476791412520067 0.20448501123595506 0.256106051364366 0.2198646147672552 0.2722862688603531 0.21858246227929373 0.28800177849117176 0.21244064526484754 0.3288189622792937 0.18673411637239165 0.3357837110754414 0.17917585955056178 0.34170707704654896 0.16349950160513643 0.36500316372391656 0.14099268218298555 0.38200631300160515 0.11643676163723916
2 0.4640137415730337 0.2955470658105939 0.4795053138041733 0.292607702247191 0.4842166003210273 0.28851224317817015 0.4846084903691814 0.2829079510433387 0.4661019943820225 0.2771889462279294 0.45865570545746387 0.26862297110754413 0.4306342431781701 0.2666635192616372 0.41840110834670946 0.26902620706260033 0.4122369719101124 0.27664044943820226 0.4015490786516854 0.2799157191011236 0.3787960032102729 0.28315183707865166 0.3652415634028892 0.2813994903691814 0.3522442231139647 0.2889381717495987 0.35233661556982343 0.2933695361155698 0.37618705939004815 0.29745090609951846 0.4003734077046549 0.2967285963081862 0.4085279173354735 0.30091919101123593 0.4059581243980738 0.30315307784911716 0.4076517439807384 0.3076964109149278 0.4308695264847512 0.30931995666131623 0.4528779735152488 0.30522724077046554 0.4640137415730337 0.2955470658105939
2 0.8390593186195826 0.4086618322632424 0.8470627070626003 0.4265188354735152 0.8565385208667736 0.4348244654895666 0.8660339109149277 0.43709750321027285 0.8757168290529694 0.4309361107544142 0.8754200754414125 0.42367460834670945 0.8625010385232745 0.40708292455858747 0.8409404662921348 0.4047707343499197 0.8390593186195826 0.4086618322632424
2 0.14674772150882823 0.5066747865168539 0.15721167817014445 0.5066019695024077 0.16106636677367575 0.50325113964687 0.15823897191011235 0.48615834109149275 0.14070104173354736 0.47809348154093095 0.13615770786516854 0.4797871003210272 0.13300849598715891 0.4960597102728732 0.14674772150882823 0.5066747865168539
2 0.1662537062600321 0.5498742343499197 0.14130589566613164 0.5384753772070626 0.13856815008025683 0.5431111035313002 0.14495347993579452 0.549591569823435 0.14232770304975922 0.5526260690208668 0.14288480337078652 0.5619170979133226 0.1529568691813804 0.5674485730337079 0.16487093097913322 0.5811541340288925 0.17341733065810594 0.5797404357945425 0.17580233707865167 0.5686438202247192 0.1662537062600321 0.5498742343499197
2 0.149138588282504 0.5760313812199037 0.13798598796147674 0.5744469871589085 0.13431882825040128 0.569363386035313 0.1324376797752809 0.5732544839486357 0.1338513772070626 0.5818008828250402 0.1423026404494382 0.593252981540931 0.15231872231139648 0.599585069823435 0.16045365569823433 0.6098082560192617 0.16808747271268057 0.6099398001605136 0.16881526886035314 0.5995318290529695 0.15760942776886036 0.5814508876404494 0.149138588282504 0.5760313812199037
2 0.13414738603531298 0.35896732423756017 0.12911976886035312 0.36183387078651685 0.1274429823434992 0.36855510674157305 0.14077348555377206 0.37350990609951845 0.14799858025682183 0.36798117415730336 0.15740432022471912 0.34852568699839487 0.1571075658105939 0.341264183788122 0.15301210754414124 0.3365528972712681 0.1335538772070626 0.34444431781701446 0.13070416292134832 0.3506812704654896 0.13414738603531298 0.35896732423756017
2 0.09297783627608347 0.49326049357945423 0.09814834349919743 0.5286190192616372 0.10458965730337079 0.5342988715890851 0.11276374237560192 0.5324568756019262 0.11438454494382023 0.5265362528089887 0.1039429077046549 0.5032793186195827 0.10306947752808988 0.4927593780096309 0.09433829293739968 0.4853103459069021 0.09297783627608347 0.49326049357945423
2 0.10916665569823433 0.5551343908507224 0.11566395425361156 0.5600136308186195 0.12043122471910113 0.5551175585874799 0.12179168138041734 0.5471674109149277 0.1132676011235955 0.5252513571428572 0.1036406669341894 0.5306121364365971 0.10373305939004816 0.5350435008025682 0.10916665569823433 0.5551343908507224
1 0.8459743154093098 0.5974049293739968 0.8313953250401284 0.598799051364366 0.817726172552167 0.6159450914927769 0.803623235152488 0.6680577664526485 0.7808255216693418 0.7179533876404495 0.7672487624398073 0.7395307921348315 0.7603932383627608 0.7627849831460674 0.7633717544141252 0.7662113739967897 0.7715458394863564 0.7643693772070626 0.8074277993579454 0.7459607600321028 0.8277649462279294 0.713994959871589 0.8490734020866774 0.662386143659711 0.8547000136436597 0.6394482825040129 0.852992304975923 0.6063432191011235 0.8459743154093098 0.5974049293739968
1 0.713846077046549 0.8761866500802569 0.718593772070626 0.877323169341894 0.7411060778491172 0.8660249349919743 0.7594669406099518 0.8508160272873195 0.779784511235955 0.8248828178170144 0.7833424462279294 0.8142704847512038 0.7801959775280899 0.8132459341894062 0.762115036918138 0.8244517760834671 0.713846077046549 0.8761866500802569
1 0.9048356589085071 0.44021304975922954 0.9035033812199036 0.5052866565008026 0.8973000939004815 0.5249660810593901 0.8958249253611558 0.5518146155698235 0.8970875024077045 0.5740274237560192 0.9046093515248796 0.5757601942215088 0.9128421637239165 0.5558204245585875 0.9203330906902086 0.5177268972712681 0.9179590569823435 0.4596348715890851 0.9148517399678973 0.4465451388443018 0.9086903475120385 0.43686221990369184 0.9048356589085071 0.44021304975922954
1 0.6408028796147672 0.056896627608346705 0.6526049727126806 0.07220341492776887 0.6768641388443017 0.08194506099518459 0.6868997961476726 0.08224455858747994 0.6867150104333868 0.0733818290529695 0.6741487118780096 0.06325103611556981 0.6513788041733547 0.055222584269662915 0.6417714454253611 0.05455077287319422 0.6408028796147672 0.056896627608346705
2 0.6018586131621187 0.1306035401284109 0.6054138049759229 0.137288367576244 0.6278869590690209 0.1380553154093098 0.6489996565008026 0.14677241091492776 0.6611768073836276 0.14521033627608346 0.6625736725521669 0.14249216693418942 0.6315932704654895 0.13107373434991973 0.6044284060995184 0.12836965409309792 0.6018586131621187 0.1306035401284109
2 0.6171039293739968 0.1541963812199037 0.6263753820224719 0.15967187239165329 0.6677273467094703 0.16658612279293739 0.6797925288924558 0.16662527528089888 0.681990007223114 0.16396308988764044 0.6567258667736758 0.1513353202247191 0.6136047223113964 0.14671094060995185 0.6171039293739968 0.1541963812199037