1 0.7455806382799326 0.8620262074198988 0.7759225269814503 0.8451302613827993 0.7943329030354132 0.8235964502529511 0.799264849915683 0.8074593549747049 0.7271229738617201 0.8117122251264756 0.6779441905564925 0.826023123946037 0.6604543136593591 0.8404368541315346 0.6495551694772344 0.8633411306913997 0.6564399839797639 0.8676260952782462 0.6741034283305227 0.8688612436762225 0.7105066998313659 0.8680258912310287 0.7455806382799326 0.8620262074198988
1 0.4826789064080944 0.8685765910623945 0.49979243591905564 0.883719568296796 0.5293080101180438 0.8967714780775717 0.5784633448566611 0.9069705885328837 0.6184663482293423 0.9030060370994941 0.6360738583473862 0.8869100741989883 0.6368767242833052 0.8814722259696459 0.6332004915682968 0.8736080952782462 0.6122902150084317 0.8704554477234402 0.5842804232715009 0.8600445193929174 0.5632936458684654 0.845898542158516 0.5291019561551433 0.8392814806070826 0.49336335160202355 0.8426989983136594 0.48320825632377745 0.8610065430016863 0.4826789064080944 0.8685765910623945
1 0.2983066112984823 0.8037024249578415 0.3181405059021922 0.8101607209106239 0.32363717032040473 0.8101224704890387 0.32377537015177066 0.8021024569983136 0.3160905708263069 0.7850831129848229 0.30138275801011805 0.7717988178752108 0.27619039881956153 0.7573587580101181 0.24923642327150086 0.7499799620573355 0.2481012242833052 0.7541267276559865 0.25678302276559867 0.7750193204047218 0.2731142521079258 0.7892623642495784 0.2983066112984823 0.8037024249578415
1 0.17543537015177066 0.6087373794266442 0.17973801939291736 0.6136870109612141 0.18803155059021923 0.6159574097807757 0.21488845868465428 0.6186806568296797 0.21854700674536257 0.6147103414839797 0.21071497133220912 0.5393598827993255 0.20635350505902192 0.5352513676222597 0.1971600413153457 0.5337632689713322 0.1730794333895447 0.5396864519392918 0.16801216863406407 0.5456713338954469 0.1655065033726813 0.5573293305227656 0.17048862141652613 0.5948678010118044 0.17543537015177066 0.6087373794266442
1 0.2793505168634064 0.3193283650927487 0.2886998642495784 0.3246308962900506 0.33057923440134906 0.3300950750421585 0.3638533069139966 0.32565999072512647 0.38719562984822936 0.287989084317032 0.3903688431703204 0.26074102613827993 0.3849515615514334 0.2536003794266442 0.36392365092748735 0.25212996458684656 0.3207326323777403 0.25333590050590216 0.313768434232715 0.25622983305227653 0.30167815598650927 0.2659497647554806 0.2913083600337268 0.28128399325463743 0.27921519898819563 0.30917615177065766 0.2793505168634064 0.3193283650927487
1 0.21282909443507586 0.4063841087689713 0.22706925632377742 0.40822510708263066 0.23196007166947724 0.4047635741989882 0.24152988279932544 0.37669496627318716 0.2520173119730186 0.3596785042158516 0.25583462563237774 0.3413503937605396 0.2639340227655987 0.334309694772344 0.26479570489038784 0.32803073018549744 0.25165249241146714 0.31654630185497473 0.2503054747048904 0.299547523608769 0.2576048878583474 0.2797724460370995 0.24892020657672848 0.2770520809443508 0.21207888870151773 0.32645748482293424 0.19885052866779088 0.35849640893760537 0.20357969561551434 0.3875648988195616 0.21282909443507586 0.4063841087689713
1 0.4678835952782462 0.17360878246205733 0.48051514333895445 0.20449770489038785 0.5277941121416526 0.20526808431703203 0.550133671163575 0.2000683844856661 0.5552009359190556 0.19408350337268127 0.5616797984822934 0.16791182799325463 0.5589063802698145 0.1410931694772344 0.5604944283305228 0.11838302698145024 0.5472335817875211 0.10858083136593592 0.512630176222597 0.10785158347386173 0.4970195489038786 0.11352181618887015 0.47929440556492414 0.13130001180438447 0.46874816020236093 0.14915759021922428 0.4678835952782462 0.17360878246205733
1 0.8691405244519393 0.29168431618887014 0.9022558313659358 0.30160702698145025 0.9078701298482293 0.29988654384485663 0.908614178752108 0.2952898119730185 0.8900183153456998 0.25299584401349073 0.8738635362563238 0.2362294502529511 0.8453067107925801 0.2215541239460371 0.8261963001686341 0.21683687689713324 0.8129531374367622 0.21886912647554804 0.8188175042158516 0.2437908516020236 0.8399190328836424 0.274426823777403 0.8691405244519393 0.29168431618887014
2 0.9197049679595278 0.42073667116357505 0.9158876534569983 0.439064781618887 0.9234548187183812 0.45776635834738616 0.9423710961214165 0.45317250843170315 0.9437415615514333 0.4456612782462057 0.9307953642495783 0.425315718381113 0.9197049679595278 0.42073667116357505
3 0.6480995564924115 0.9143757141652614 0.6094818212478921 0.9408357082630692 0.613902102866779 0.9441031070826307 0.6424412436762226 0.9469439873524452 0.6827971467116357 0.9379327377740303 0.7005782242833052 0.9374856534569984 0.7238765328836425 0.9306625370994942 0.7736434822934233 0.9079404738617199 0.7992710059021922 0.8919827107925802 0.8276188954468803 0.8673402672849916 0.8350536256323777 0.8577174030354131 0.8369916913996628 0.8481327892074199 0.8340977580101181 0.8411685919055649 0.8228514780775716 0.8327751112984824 0.8044822344013491 0.8416333600337268 0.7926477883642497 0.841651044688027 0.7707964460370995 0.8519562588532884 0.7291465775716695 0.8794720699831367 0.6971430227655987 0.8899126020236088 0.6480995564924115 0.9143757141652614
3 0.3280751365935919 0.8252243153456998 0.3054826273187184 0.8219540354131535 0.2984419291736931 0.8138546382799325 0.28498406661045533 0.8129135725126475 0.2531804089376054 0.7963207470489039 0.24457511045531197 0.7864214839797639 0.23221131534569983 0.794009215851602 0.22649995025295108 0.7910741509274873 0.22243256745362563 0.7827600531197302 0.21052162057335583 0.771784408094435 0.1982224055649241 0.7421865682967959 0.18678199156829678 0.7244819915682967 0.17956484401349074 0.7189059435075885 0.17540039376053962 0.7059362984822934 0.16378353035413154 0.6907550708263069 0.15750744772344014 0.6717211602023608 0.13830285160202363 0.6441761374367622 0.10718442664418212 0.6238276964586846 0.0974233634064081 0.6244129797639123 0.09775281450252951 0.6438762900505902 0.10385244772344014 0.6654335497470489 0.1327506441821248 0.7477510876897133 0.15545502276559864 0.7856835910623946 0.17250973524451937 0.8016676846543002 0.18399128161888703 0.8066966981450253 0.18698228161888703 0.8183164443507589 0.20867197639123103 0.8405412529510962 0.22015352276559866 0.8455702664418212 0.22795883642495782 0.842735150084317 0.23089390219224284 0.8370237858347386 0.24147551602023612 0.8428350994940979 0.24578104721753796 0.8296125033726813 0.2588654435075885 0.8419380489038786 0.2824315050590219 0.873591586846543 0.31863487858347384 0.8997895927487352 0.3540382681281619 0.9132532192242834 0.4016878195615514 0.9208113465430017 0.4230863136593592 0.9290695092748735 0.49716337352445195 0.9334042521079258 0.5134004173693085 0.9248195202360877 0.514829699831366 0.9164671728499156 0.5272523119730186 0.9080383246205734 0.5270376112984823 0.9050650092748735 0.5127386323777403 0.9040651273187184 0.49998656913996625 0.8930306652613829 0.4833995075885329 0.8884898676222597 0.43768513912310286 0.8895193541315345 0.39868201770657674 0.8791849266441821 0.36183166188870153 0.8622392015177065 0.3393214173693086 0.8336177959527824 0.3280751365935919 0.8252243153456998
3 0.21995743001686338 0.23192011467116358 0.21154626559865092 0.23133194856661046 0.2027822023608769 0.23579048145025297 0.16574675042158515 0.27588478752107926 0.14050749409780774 0.31046474451939293 0.13350216441821247 0.3260342403035413 0.13240233305227656 0.3538498979763912 0.14601607925801013 0.35860539544688025 0.15395670994940977 0.3659224924114671 0.16248550758853286 0.3648284258010118 0.19952095952782462 0.32473411973018546 0.21564037015177068 0.31783162057335584 0.22418973355817876 0.3103997723440135 0.24498814165261382 0.278890197301855 0.24682913996627318 0.26465003541315346 0.2539903532883642 0.25289497217537943 0.2863468086003373 0.23740774114671165 0.32054426222596966 0.20768034822934234 0.335743173693086 0.20789793086003372 0.3521361020236088 0.20312763069139966 0.36494986340640806 0.19514874957841483 0.3666526627318718 0.18892860118043844 0.3638763625632378 0.18028217116357503 0.35227718296795957 0.17693538954468802 0.2930638195615514 0.18969937268128162 0.26166611382799326 0.20356318718381114 0.24810830269814502 0.21613880101180438 0.23985302192242833 0.21936506745362563 0.22459241146711637 0.23816082883642498 0.21995743001686338 0.23192011467116358