1 0.28274436516853935 0.13805643499197431 0.27079115168539325 0.13641605617977526 0.24107332664526485 0.14721043178170143 0.20232207624398074 0.17788859309791333 0.13876041974317818 0.26998728972712677 0.13037923033707866 0.2862963081861958 0.1283105529695024 0.29862183627608346 0.12897962199036916 0.30631163804173356 0.13313106500802568 0.31022231139646866 0.1544704430176565 0.2984397937399679 0.17329875601926165 0.2707933892455859 0.21086024638844303 0.2283663764044944 0.2401356829855538 0.18938258587479934 0.28278077367576243 0.14328841252006422 0.28274436516853935 0.13805643499197431
2 0.40489716532905295 0.30106756821829855 0.4164976404494382 0.29624705617977526 0.43656895505617976 0.296846051364366 0.4408155345104334 0.2878909285714286 0.4306510762439807 0.27792808828250404 0.4121809879614767 0.27744106260032103 0.3659861918138042 0.2822560874799358 0.3316158089887641 0.2790481484751204 0.323702069823435 0.28291966934189405 0.32293786516853934 0.28809566372391654 0.3438657768860353 0.2879500296950241 0.35436614125200644 0.2931091902086677 0.32688220304975923 0.3064733587479936 0.32712297271268054 0.3145354751203852 0.3313863852327448 0.3168449213483146 0.350640253611557 0.30612336356340286 0.3723687784911717 0.30603371348314606 0.40489716532905295 0.30106756821829855
2 0.38515041091492774 0.2498060040128411 0.39796022231139644 0.250701753611557 0.43557221027287324 0.2420684478330658 0.4459241974317817 0.24359685714285714 0.45246064767255223 0.23641091412520063 0.4499104309791332 0.23261220947030498 0.4294303940609952 0.22635293739967896 0.3972379125200642 0.22651540449438204 0.3791765473515249 0.23168865489566612 0.35424556982343497 0.23155436677367577 0.34824938683788126 0.23676676886035314 0.3512838868378812 0.23939254574638846 0.36111518218298555 0.23686190529695023 0.37882106581059394 0.24252492455858748 0.3536465746388443 0.25162568138041735 0.352025772070626 0.2575463033707865 0.357089797752809 0.259911735152488 0.36228536677367573 0.2546433483146068 0.38515041091492774 0.2498060040128411
2 0.4473238057784912 0.22358152728731942 0.45853239085072234 0.2243653073836276 0.4647889189406099 0.2211824309791332 0.4651248250401284 0.21637875120385236 0.4387801492776886 0.20769806420545747 0.4145378162118781 0.2092209871589085 0.3964764510433387 0.21439423756019263 0.3650845834670947 0.21461268860353133 0.3573752054574639 0.22131434831460675 0.36955235634028893 0.21975227367576244 0.3874261926163724 0.22301345345104331 0.3739641452648475 0.22569247191011238 0.37245531219903694 0.23001186757624398 0.37677470786516853 0.23152070144462278 0.3972379125200642 0.22651540449438204 0.4373805417335473 0.22771339406099517 0.4473238057784912 0.22358152728731942
1 0.47676682263242376 0.06714836597110754 0.4475305377207063 0.0940669735152488 0.46275902086677373 0.10639524478330659 0.4882666749598716 0.10978797030497592 0.5200504333868379 0.10396522712680578 0.5305339646869983 0.09785981861958266 0.5368660537720706 0.08784373756019262 0.5184546934189406 0.06925893739967898 0.4889999574638844 0.06478567736757625 0.47676682263242376 0.06714836597110754
2 0.6110830577849117 0.3150832263242376 0.6163514438202247 0.32027879534510434 0.6121608491171749 0.32843330497592294 0.5927781789727127 0.32949152086677364 0.5851807704654896 0.33459195425361155 0.6049889951845907 0.3504585842696629 0.624371665329053 0.3494003683788122 0.6426178162118781 0.35308984751203853 0.6630446123595506 0.34285257223113963 0.664573021669342 0.3325005850722311 0.6435358844301766 0.3169502849117175 0.6132805353130016 0.3124210409309791 0.6110830577849117 0.3150832263242376
1 0.6373291075441413 0.1238318065810594 0.6255074382022472 0.11455761075441413 0.6066846115569824 0.10760969502407705 0.590616363563403 0.10729062118780096 0.58942386035313 0.1128389293739968 0.618486705457464 0.12291648154093097 0.6373291075441413 0.1238318065810594
1 0.5931274285714286 0.12315450802568217 0.5917109879614767 0.13190526886035311 0.5846538459069021 0.1350321621187801 0.5818601163723917 0.14046850160513644 0.6260003242375601 0.17654073354735153 0.6561437046548957 0.18267120385232744 0.6681164935794542 0.1782789911717496 0.6683235987158909 0.1638119695024077 0.6649923443017657 0.15392468940609952 0.6427458707865169 0.1326581276083467 0.5976707616372392 0.12146088924558589 0.5931274285714286 0.12315450802568217
1 0.6949681444622793 0.27750453049759227 0.6908699422150882 0.29009040449438206 0.6840171621187802 0.29604743499197433 0.6837736492776887 0.30528247913322637 0.6868445577849117 0.3131402343499197 0.6992429028892456 0.32567286677367574 0.7624886019261637 0.3473927897271268 0.7614472191011236 0.3392746886035313 0.7549694967897271 0.32836285794542536 0.7380109855537721 0.3062592752808989 0.7011686886035313 0.2751222664526485 0.6949681444622793 0.27750453049759227
1 0.7700358868378812 0.42354617977528086 0.7730367215088283 0.4036428186195826 0.7676254438202248 0.36022217656500805 0.7214529670947031 0.3417074502407705 0.6969138796147673 0.33596886998394865 0.6962001725521669 0.3749385714285714 0.6986188451043338 0.38637109309791334 0.7124700393258426 0.3953849430176565 0.6887119895666132 0.3957349382022472 0.6866069036918138 0.402828488764045 0.6947222608346709 0.4190842656500802 0.6963011685393259 0.4425259863563403 0.7143766227929375 0.46591446548956655 0.7413175497592295 0.4718209983948636 0.7558965409309791 0.4704268772070626 0.7663240882825041 0.46512208186195825 0.7731991878009631 0.43583529935794546 0.7700358868378812 0.42354617977528086
1 0.7923692664526485 0.48383842616372386 0.7916132913322632 0.43712293900481536 0.7951516500802568 0.43254319743178166 0.7907202857142858 0.43263558988764045 0.7881700682182985 0.4288368852327447 0.7913920971107544 0.4230282311396468 0.78156080176565 0.4255588723916533 0.772230621187801 0.4381811548956661 0.7698624470304976 0.4605423402889245 0.7645549085072231 0.4674119526484751 0.7463815754414125 0.47418642937399674 0.739302113964687 0.5006430738362762 0.7406038434991974 0.5107906998394863 0.7481621003210273 0.517755448635634 0.7490915152487961 0.5274747752808988 0.7546762319422151 0.5338992568218298 0.7625703948635635 0.5360603266452648 0.7780255593900481 0.5278889847512038 0.7873193306581059 0.5100347247191012 0.7923692664526485 0.48383842616372386
3 0.7880941356340289 0.3206225585874799 0.8237243523274478 0.36334046629213484 0.8401453394863564 0.3701204293739968 0.8598834911717496 0.3582259438202247 0.8648942752808989 0.3440948274478331 0.857078415730337 0.31780339325842694 0.831240341894061 0.2846200264847512 0.8145449197431781 0.24724880898876406 0.7911450947030497 0.2194653731942215 0.7711129317817014 0.20680119582664525 0.7524972102728732 0.18538625762439806 0.7333216452648474 0.1719774510433387 0.7083906669341894 0.17184316372391653 0.6967510401284109 0.18872885794542538 0.705667011235955 0.20504061958266454 0.705051183788122 0.21384736436597113 0.7108962455858747 0.22230137078651685 0.7125143049759229 0.23367790930979132 0.7310740425361156 0.2558934606741573 0.7541183852327449 0.2945131661316212 0.7641708756019262 0.3060772327447833 0.7880941356340289 0.3206225585874799
1 0.7055428178170144 0.753317772070626 0.6871287142857143 0.752030132423756 0.6667214943820224 0.7562348170144463 0.6385434253611557 0.8025360947030498 0.6600480128410915 0.8056488980738363 0.6944015634028892 0.7975922680577849 0.7068782118780097 0.785994536918138 0.7177732102728732 0.7682522447833066 0.7200462487961476 0.7587568547351524 0.7110351420545746 0.7553108892455859 0.7081685947030497 0.7502832728731942 0.7055428178170144 0.753317772070626
1 0.7002297929373996 0.7947817062600321 0.7088685858747994 0.7977993731942215 0.733502808988764 0.790672158105939 0.7440983097913322 0.7829655232744783 0.7560178579454253 0.7620767632423756 0.7511777704654895 0.756508878812199 0.7361900569823435 0.7522427239165329 0.7230443394863563 0.7561506540930979 0.7002297929373996 0.7947817062600321
3 0.8814448097913322 0.5906331958266452 0.8846359165329054 0.5449982431781701 0.8745106091492776 0.5229702207062601 0.8667284149277688 0.5192079245585876 0.8590386131621188 0.5198769935794543 0.8526673723916532 0.5419582568218299 0.8408038081861958 0.5620464044943819 0.8377469895666131 0.582750378812199 0.8284532174959872 0.6006046388443018 0.8221407046548957 0.6045881292134831 0.798643 0.6069676500802569 0.7983070947030498 0.6117713290529695 0.8268128394863562 0.612557853130016 0.8169760569823435 0.6496828146067416 0.8263007504012841 0.671654853130016 0.8318490585874799 0.6728473563402889 0.8442501468699839 0.6680828290529695 0.8724646243980739 0.6270135288924559 0.8767139470304975 0.600761246388443 0.8814448097913322 0.5906331958266452