3 0.69375 0.516796875 0.70390625 0.498828125 0.70390625 0.490234375 0.709375 0.486328125 0.698046875 0.48515625 0.69296875 0.481640625 0.69140625 0.474609375 0.694921875 0.46953125 0.705859375 0.471875 0.712109375 0.46640625 0.733203125 0.46640625 0.743359375 0.47265625 0.75390625 0.472265625 0.76328125 0.441015625 0.76171875 0.409765625 0.746875 0.367578125 0.73203125 0.339453125 0.695703125 0.3046875 0.678515625 0.29453125 0.647265625 0.2921875 0.636328125 0.3 0.624609375 0.3015625 0.61484375 0.306640625 0.61015625 0.339453125 0.6046875 0.348828125 0.60546875 0.380859375 0.61171875 0.396484375 0.6109375 0.408984375 0.6171875 0.417578125 0.61796875 0.434765625 0.62890625 0.463671875 0.63828125 0.470703125 0.6625 0.504296875 0.66796875 0.506640625 0.678125 0.523828125 0.6890625 0.526171875 0.68203125 0.522265625 0.69375 0.516796875
3 0.699609375 0.7828125 0.714453125 0.77734375 0.70859375 0.773046875 0.713671875 0.76796875 0.717578125 0.77265625 0.722265625 0.76953125 0.7203125 0.765234375 0.72734375 0.761328125 0.72734375 0.755859375 0.730859375 0.75234375 0.73515625 0.752734375 0.73359375 0.761328125 0.728125 0.765234375 0.722265625 0.7828125 0.73515625 0.779296875 0.737890625 0.76171875 0.746484375 0.7609375 0.754296875 0.76640625 0.76328125 0.758203125 0.765625 0.749609375 0.78828125 0.717578125 0.7921875 0.694140625 0.8078125 0.662109375 0.81015625 0.614453125 0.80390625 0.560546875 0.796875 0.539453125 0.8 0.526953125 0.79921875 0.513671875 0.788671875 0.49765625 0.776171875 0.49140625 0.76953125 0.481640625 0.762109375 0.47734375 0.737890625 0.478125 0.724609375 0.48984375 0.714453125 0.49296875 0.7078125 0.501953125 0.7 0.519140625 0.70078125 0.530078125 0.6890625 0.549609375 0.6796875 0.575390625 0.678125 0.600390625 0.6625 0.628515625 0.65390625 0.651171875 0.65234375 0.670703125 0.6546875 0.676171875 0.65078125 0.685546875 0.6453125 0.739453125 0.6390625 0.758984375 0.647265625 0.771875 0.669140625 0.7703125 0.671875 0.773046875 0.665625 0.780859375 0.68671875 0.787890625 0.690234375 0.78125 0.699609375 0.7828125
3 0.2171875 0.427734375 0.2296875 0.419921875 0.24609375 0.356640625 0.25859375 0.334765625 0.2671875 0.309765625 0.28046875 0.294921875 0.28359375 0.283203125 0.28828125 0.277734375 0.287109375 0.271875 0.28046875 0.270703125 0.281640625 0.2640625 0.2875 0.268359375 0.286328125 0.2609375 0.275390625 0.26171875 0.261328125 0.2703125 0.246484375 0.28671875 0.20703125 0.319921875 0.1875 0.343359375 0.16640625 0.385546875 0.16015625 0.401953125 0.1546875 0.432421875 0.159375 0.453515625 0.176171875 0.4640625 0.1890625 0.463671875 0.20625 0.451953125 0.2171875 0.427734375
3 0.14609375 0.603515625 0.1578125 0.591015625 0.16484375 0.561328125 0.16484375 0.546484375 0.1546875 0.510546875 0.146875 0.496484375 0.141796875 0.49375 0.126171875 0.5015625 0.10234375 0.522265625 0.1 0.568359375 0.10546875 0.600390625 0.12265625 0.612890625 0.1421875 0.641796875 0.14921875 0.636328125 0.14609375 0.603515625
3 0.1515625 0.686328125 0.15 0.667578125 0.14140625 0.644140625 0.121875 0.610546875 0.114453125 0.60390625 0.106640625 0.60234375 0.098046875 0.6078125 0.0921875 0.616796875 0.09375 0.643359375 0.1 0.665234375 0.13671875 0.724609375 0.149609375 0.7359375 0.1578125 0.738671875 0.16015625 0.716015625 0.1515625 0.686328125
3 0.651171875 0.290625 0.666015625 0.29453125 0.678515625 0.29375 0.68046875 0.282421875 0.67578125 0.258984375 0.658984375 0.2375 0.621484375 0.21015625 0.596484375 0.2015625 0.578515625 0.20234375 0.5609375 0.216015625 0.55546875 0.235546875 0.5765625 0.251171875 0.58046875 0.263671875 0.6015625 0.282421875 0.61015625 0.299609375 0.6171875 0.301953125 0.635546875 0.3 0.651171875 0.290625
1 0.41953125 0.743359375 0.41875 0.729296875 0.400390625 0.7140625 0.380078125 0.71015625 0.3640625 0.721484375 0.37109375 0.748828125 0.376953125 0.7546875 0.402734375 0.76171875 0.42421875 0.762890625 0.42734375 0.752734375 0.41953125 0.743359375
1 0.4234375 0.869140625 0.407421875 0.85546875 0.378515625 0.84765625 0.3671875 0.849609375 0.3734375 0.864453125 0.383203125 0.8703125 0.42265625 0.876953125 0.425 0.874609375 0.4234375 0.869140625
1 0.44921875 0.918359375 0.439453125 0.9109375 0.408984375 0.9046875 0.396875 0.905859375 0.4 0.912890625 0.408984375 0.91875 0.44453125 0.923828125 0.45 0.921484375 0.44921875 0.918359375
1 0.4890625 0.949609375 0.480859375 0.94453125 0.445703125 0.9421875 0.4421875 0.944921875 0.446484375 0.9515625 0.454296875 0.95390625 0.484375 0.955078125 0.4890625 0.952734375 0.4890625 0.949609375
1 0.30546875 0.729296875 0.28828125 0.698046875 0.262890625 0.6859375 0.2578125 0.694140625 0.25859375 0.705078125 0.26796875 0.726171875 0.280859375 0.734375 0.30234375 0.739453125 0.30546875 0.737109375 0.30546875 0.729296875
1 0.6015625 0.927734375 0.6015625 0.924609375 0.594921875 0.92265625 0.564453125 0.928125 0.553125 0.936328125 0.554296875 0.9390625 0.5625 0.938671875 0.592578125 0.934375 0.6015625 0.927734375
1 0.640625 0.890234375 0.640625 0.883203125 0.619140625 0.8859375 0.597265625 0.89296875 0.59140625 0.902734375 0.6015625 0.905078125 0.635546875 0.896875 0.640625 0.890234375
1 0.63671875 0.905859375 0.63671875 0.898828125 0.626171875 0.89921875 0.604296875 0.90625 0.5984375 0.914453125 0.600390625 0.9171875 0.60625 0.916796875 0.627734375 0.9140625 0.63671875 0.905859375
1 0.665625 0.617578125 0.66953125 0.596484375 0.662109375 0.5796875 0.634765625 0.58046875 0.6265625 0.587890625 0.61875 0.624609375 0.623046875 0.6296875 0.6328125 0.630859375 0.655078125 0.62890625 0.665625 0.617578125
1 0.66328125 0.576953125 0.66484375 0.569140625 0.655078125 0.5265625 0.629296875 0.52734375 0.62421875 0.530859375 0.61484375 0.555078125 0.6125 0.576953125 0.616796875 0.584375 0.62421875 0.587890625 0.632421875 0.58046875 0.66328125 0.576953125
1 0.5625 0.399609375 0.551171875 0.3921875 0.534765625 0.38984375 0.514453125 0.39140625 0.5078125 0.406640625 0.50546875 0.449609375 0.50546875 0.466015625 0.51015625 0.482421875 0.519140625 0.48671875 0.56015625 0.488671875 0.5671875 0.487109375 0.5625 0.399609375
1 0.50078125 0.433203125 0.49765625 0.419140625 0.49140625 0.413671875 0.4890625 0.404296875 0.476953125 0.4 0.458984375 0.40234375 0.4484375 0.422265625 0.44921875 0.443359375 0.462109375 0.44609375 0.49140625 0.445703125 0.49765625 0.442578125 0.50078125 0.433203125
1 0.512890625 0.3921875 0.530859375 0.38984375 0.53515625 0.384765625 0.519921875 0.3765625 0.494921875 0.37890625 0.4875 0.393359375 0.490625 0.412109375 0.493359375 0.415625 0.4984375 0.415234375 0.50703125 0.412890625 0.512890625 0.3921875
1 0.509375 0.352734375 0.505078125 0.346875 0.495703125 0.3421875 0.482421875 0.34140625 0.46953125 0.352734375 0.46796875 0.373828125 0.474609375 0.37890625 0.4921875 0.378515625 0.5125 0.373828125 0.509375 0.352734375
1 0.544921875 0.30859375 0.530859375 0.30390625 0.517578125 0.30390625 0.5140625 0.306640625 0.51015625 0.323046875 0.512109375 0.3296875 0.546875 0.332421875 0.55 0.325390625 0.544921875 0.30859375
1 0.4671875 0.294140625 0.459765625 0.290625 0.437890625 0.29375 0.434375 0.310546875 0.437890625 0.31484375 0.44375 0.314453125 0.466796875 0.3125 0.4671875 0.294140625
1 0.654296875 0.8375 0.65859375 0.833203125 0.6734375 0.812109375 0.67109375 0.805078125 0.67265625 0.796484375 0.666015625 0.78515625 0.641015625 0.77890625 0.622265625 0.78046875 0.6171875 0.784765625 0.6046875 0.833984375 0.60703125 0.841796875 0.61328125 0.843359375 0.644921875 0.83984375 0.654296875 0.8375
1 0.36953125 0.270703125 0.366796875 0.26796875 0.357421875 0.26796875 0.348046875 0.271875 0.33359375 0.281640625 0.33125 0.287890625 0.33515625 0.290234375 0.366796875 0.28125 0.36953125 0.270703125
1 0.17734375 0.601171875 0.171484375 0.5921875 0.164453125 0.59140625 0.16015625 0.603515625 0.1609375 0.630078125 0.169140625 0.63671875 0.18515625 0.641015625 0.18671875 0.631640625 0.17734375 0.601171875
2 0.5125 0.758984375 0.507421875 0.753125 0.500390625 0.753125 0.49921875 0.782421875 0.502734375 0.78515625 0.51875 0.786328125 0.52109375 0.784765625 0.5125 0.758984375