1 0.46484375 0.701171875 0.46796875 0.686328125 0.46640625 0.648046875 0.46875 0.623046875 0.4625 0.592578125 0.480078125 0.58515625 0.48515625 0.578515625 0.483984375 0.57109375 0.473046875 0.56953125 0.47109375 0.565234375 0.47578125 0.562109375 0.48046875 0.548046875 0.4796875 0.480078125 0.475 0.434765625 0.467578125 0.41875 0.444921875 0.40625 0.416796875 0.4015625 0.379296875 0.403125 0.334765625 0.41484375 0.323046875 0.421875 0.3125 0.436328125 0.30078125 0.476953125 0.290625 0.550390625 0.278125 0.555078125 0.2796875 0.562109375 0.29140625 0.573046875 0.29375 0.580859375 0.2890625 0.623828125 0.290625 0.638671875 0.3015625 0.678515625 0.320703125 0.6953125 0.360546875 0.7109375 0.399609375 0.7171875 0.434375 0.716796875 0.454296875 0.7109375 0.46484375 0.701171875
1 0.85234375 0.614453125 0.8625 0.573046875 0.8578125 0.479296875 0.8453125 0.451171875 0.833984375 0.44140625 0.816796875 0.43515625 0.803515625 0.43671875 0.796875 0.442578125 0.7921875 0.466015625 0.79296875 0.506640625 0.7984375 0.526171875 0.8015625 0.581640625 0.7984375 0.619140625 0.80625 0.631640625 0.81328125 0.633984375 0.839453125 0.62421875 0.85234375 0.614453125
1 0.593359375 0.89140625 0.60078125 0.880859375 0.60078125 0.874609375 0.5953125 0.866796875 0.598046875 0.8609375 0.60390625 0.858984375 0.596484375 0.86015625 0.59140625 0.856640625 0.554296875 0.8078125 0.533984375 0.8015625 0.493359375 0.8015625 0.431640625 0.80390625 0.415625 0.808203125 0.4140625 0.817578125 0.4171875 0.831640625 0.42890625 0.851171875 0.476171875 0.89765625 0.496484375 0.9046875 0.53125 0.904296875 0.585546875 0.8953125 0.593359375 0.89140625
1 0.466796875 0.30703125 0.475 0.301171875 0.4859375 0.246484375 0.49296875 0.237109375 0.490625 0.231640625 0.49140625 0.211328125 0.483203125 0.1953125 0.449609375 0.19296875 0.405859375 0.2 0.38671875 0.216015625 0.36953125 0.241796875 0.36015625 0.245703125 0.36171875 0.259765625 0.34765625 0.291015625 0.3453125 0.315234375 0.354296875 0.32109375 0.37421875 0.323046875 0.440234375 0.31640625 0.466796875 0.30703125
1 0.690625 0.192578125 0.680078125 0.184375 0.645703125 0.17265625 0.615625 0.169140625 0.621875 0.184765625 0.642578125 0.21640625 0.659765625 0.21875 0.694140625 0.23203125 0.71484375 0.235546875 0.7109375 0.221484375 0.690625 0.192578125
1 0.5328125 0.116015625 0.523046875 0.10859375 0.486328125 0.1078125 0.47109375 0.116015625 0.473046875 0.12734375 0.525 0.127734375 0.53125 0.126171875 0.5328125 0.116015625
1 0.626953125 0.11796875 0.596484375 0.1109375 0.58828125 0.112890625 0.58984375 0.118359375 0.600390625 0.128125 0.6515625 0.141015625 0.647265625 0.13125 0.626953125 0.11796875
1 0.8421875 0.784765625 0.85859375 0.744921875 0.857421875 0.73203125 0.840234375 0.74140625 0.81640625 0.765234375 0.8 0.796484375 0.78828125 0.823828125 0.7890625 0.827734375 0.820703125 0.8046875 0.8421875 0.784765625
1 0.27109375 0.230859375 0.28125 0.212890625 0.2953125 0.200390625 0.31328125 0.174609375 0.31640625 0.166796875 0.314453125 0.1625 0.306640625 0.1625 0.281640625 0.175 0.2390625 0.216015625 0.21796875 0.255078125 0.218359375 0.259375 0.22265625 0.258984375 0.256640625 0.2421875 0.27109375 0.230859375
3 0.15546875 0.298046875 0.176953125 0.284375 0.206640625 0.2578125 0.274609375 0.18046875 0.298828125 0.1640625 0.309765625 0.16171875 0.312890625 0.1546875 0.332421875 0.14453125 0.351171875 0.12578125 0.365234375 0.1265625 0.369140625 0.121875 0.383984375 0.115625 0.411328125 0.1109375 0.415625 0.098046875 0.407421875 0.09609375 0.378515625 0.10234375 0.298828125 0.12734375 0.244140625 0.1546875 0.187890625 0.19296875 0.17890625 0.201953125 0.16796875 0.223828125 0.13828125 0.266796875 0.115625 0.315234375 0.1109375 0.330078125 0.109375 0.353515625 0.11875 0.363671875 0.14453125 0.324609375 0.15546875 0.298046875
2 0.884375 0.403515625 0.882421875 0.39921875 0.878515625 0.3984375 0.88359375 0.474609375 0.88671875 0.475390625 0.88828125 0.429296875 0.884375 0.403515625