2 0.6211878009630819 0.6360353130016051 0.6243980738362761 0.6047351524879615 0.6428571428571429 0.5613964686998395 0.64446227929374 0.5501605136436597 0.6364365971107544 0.49157303370786515 0.627207062600321 0.48314606741573035 0.6231942215088283 0.48314606741573035 0.6195826645264848 0.4875601926163724 0.6163723916532905 0.5044141252006421 0.6035313001605136 0.5268860353130016 0.6003210272873194 0.540529695024077 0.6059390048154093 0.5501605136436597 0.6131621187800963 0.6392455858747994 0.6211878009630819 0.6360353130016051
2 0.4979935794542536 0.593900481540931 0.5076243980738363 0.5898876404494382 0.5136436597110754 0.5830658105939005 0.5180577849117175 0.5601926163723917 0.5300963081861958 0.5601926163723917 0.5321027287319422 0.5734349919743178 0.5385232744783307 0.5822632423756019 0.547752808988764 0.5898876404494382 0.5521669341894061 0.5846709470304976 0.5529695024077047 0.5758426966292135 0.5481540930979133 0.5573836276083467 0.5601926163723917 0.5493579454253612 0.5601926163723917 0.5212680577849117 0.5537720706260032 0.5060192616372392 0.5457463884430177 0.49879614767255215 0.5449438202247191 0.4803370786516854 0.5389245585874799 0.4751203852327448 0.5272873194221509 0.47712680577849115 0.5240770465489567 0.4931781701444623 0.507223113964687 0.5044141252006421 0.49518459069020865 0.5284911717495987 0.49036918138041735 0.5485553772070626 0.4943820224719101 0.5613964686998395 0.48635634028892455 0.5886837881219904 0.4799357945425361 0.5999197431781701 0.47913322632423755 0.6095505617977528 0.4823434991974318 0.6143659711075441 0.4979935794542536 0.593900481540931
2 0.46709470304975925 0.6665329052969502 0.47913322632423755 0.6368378812199037 0.4727126805778491 0.6215890850722311 0.47592295345104335 0.6095505617977528 0.46669341894060995 0.601123595505618 0.46268057784911715 0.6027287319422151 0.4530497592295345 0.5995184590690209 0.44542536115569825 0.6047351524879615 0.44703049759229535 0.6175762439807384 0.4390048154093098 0.6304173354735152 0.43820224719101125 0.6384430176565008 0.44301765650080255 0.6496789727126806 0.442215088282504 0.6617174959871589 0.45585874799357945 0.6681380417335474 0.46709470304975925 0.6665329052969502
2 0.43258426966292135 0.7170947030497592 0.43097913322632425 0.7002407704654896 0.43980738362760835 0.6817817014446228 0.4390048154093098 0.6729534510433387 0.43057784911717495 0.6645264847512039 0.42776886035313 0.6657303370786517 0.42375601926163725 0.7050561797752809 0.41813804173354735 0.713884430176565 0.4261637239165329 0.7203049759229535 0.43258426966292135 0.7170947030497592
2 0.43418940609951845 0.6384430176565008 0.4446227929373997 0.6215890850722311 0.44703049759229535 0.6023274478330658 0.4606741573033708 0.5926966292134831 0.45987158908507225 0.5798555377207063 0.45064205457463885 0.5714285714285714 0.43980738362760835 0.5750401284109149 0.43418940609951845 0.5943017656500803 0.42375601926163725 0.6047351524879615 0.420545746388443 0.6296147672552167 0.4261637239165329 0.6424558587479936 0.43418940609951845 0.6384430176565008
2 0.3017656500802568 0.4482343499197432 0.30337078651685395 0.4081059390048154 0.31219903691813805 0.38081861958266455 0.3113964686998395 0.3687800963081862 0.30296950240770465 0.35313001605136435 0.2953451043338684 0.3559390048154093 0.2752808988764045 0.3960674157303371 0.2772873194221509 0.40208667736757625 0.28330658105939005 0.40409309791332265 0.27929373996789725 0.41131621187800965 0.27768860353130015 0.4297752808988764 0.28731942215088285 0.43459069020866775 0.29373996789727125 0.4442215088282504 0.29052969502407705 0.4482343499197432 0.2945425361155698 0.4498394863563403 0.3017656500802568 0.4482343499197432
2 0.5810593900481541 0.42014446227929375 0.5826645264847512 0.41452648475120385 0.5842696629213483 0.3792134831460674 0.5898876404494382 0.3559390048154093 0.5858747993579454 0.3455056179775281 0.5762439807383628 0.33587479935794545 0.5746388443017657 0.32784911717495985 0.5654093097913323 0.32504012841091495 0.5626003210272873 0.32784911717495985 0.5642054574638844 0.33747993579454255 0.5569823434991974 0.34951845906902085 0.5569823434991974 0.36235955056179775 0.5658105939004815 0.37520064205457465 0.5698234349919743 0.41613162118780095 0.5778491171749599 0.42014446227929375 0.5810593900481541 0.42014446227929375
2 0.6260032102728732 0.43619582664526485 0.622792937399679 0.39847512038523275 0.6308186195826645 0.37680577849117175 0.6308186195826645 0.36637239165329055 0.6284109149277689 0.35914927768860355 0.6171749598715891 0.3487158908507223 0.6171749598715891 0.33908507223113965 0.6111556982343499 0.32985553772070625 0.601123595505618 0.3398876404494382 0.5963081861958266 0.3743980738362761 0.6067415730337079 0.39446227929373995 0.6123595505617978 0.4281701444622793 0.6187800963081862 0.4402086677367576 0.6260032102728732 0.43619582664526485
2 0.7825040128410915 0.5878812199036918 0.78330658105939 0.5854735152487961 0.7768860353130016 0.5798555377207063 0.7776886035313002 0.5678170144462279 0.7800963081861958 0.5605939004815409 0.7853130016051364 0.5634028892455859 0.7873194221508828 0.5573836276083467 0.776083467094703 0.5397271268057785 0.7736757624398074 0.5212680577849117 0.7692616372391653 0.5200642054574639 0.7536115569823435 0.5461476725521669 0.7504012841091493 0.5734349919743178 0.7564205457463884 0.5810593900481541 0.7612359550561798 0.5810593900481541 0.7692616372391653 0.5730337078651685 0.7696629213483146 0.5894863563402889 0.7720706260032103 0.5902889245585875 0.7825040128410915 0.5878812199036918
2 0.790529695024077 0.5389245585874799 0.7913322632423756 0.5276886035313002 0.797752808988764 0.5204654895666132 0.7901284109149278 0.49357945425361155 0.7849117174959872 0.4947833065810594 0.7728731942215088 0.5164526484751204 0.776083467094703 0.5373194221508828 0.7849117174959872 0.5397271268057785 0.790529695024077 0.5389245585874799
2 0.7800963081861958 0.5052166934189406 0.7857142857142857 0.48675762439807385 0.78330658105939 0.4803370786516854 0.7857142857142857 0.47231139646869985 0.7821027287319422 0.4654895666131621 0.7688603531300161 0.4715088282504013 0.7608346709470305 0.4907704654895666 0.7600321027287319 0.5060192616372392 0.7688603531300161 0.5156500802568218 0.7800963081861958 0.5052166934189406
2 0.7323434991974318 0.43097913322632425 0.7367576243980738 0.4241573033707865 0.7351524879614767 0.3864365971107544 0.7263242375601926 0.35914927768860355 0.7178972712680578 0.3547351524879615 0.7118780096308186 0.36637239165329055 0.7134831460674157 0.38964686998394865 0.7215088282504013 0.4032905296950241 0.7287319422150883 0.43057784911717495 0.7323434991974318 0.43097913322632425
2 0.8386837881219904 0.6063402889245586 0.8451043338683788 0.5830658105939005 0.8475120385232745 0.5670144462279294 0.8455056179775281 0.5481540930979133 0.841091492776886 0.5493579454253612 0.8362760834670947 0.5678170144462279 0.8322632423756019 0.6095505617977528 0.8386837881219904 0.6063402889245586
2 0.8547351524879615 0.60553772070626 0.85553772070626 0.5830658105939005 0.8619582664526485 0.5501605136436597 0.858346709470305 0.5304975922953451 0.8523274478330658 0.547752808988764 0.8491171749598716 0.6079454253611557 0.8547351524879615 0.60553772070626
2 0.5393258426966292 0.26685393258426965 0.5393258426966292 0.2604333868378812 0.5425361155698234 0.257223113964687 0.5425361155698234 0.23876404494382023 0.5373194221508828 0.2247191011235955 0.5325040128410915 0.22552166934189405 0.521669341894061 0.235553772070626 0.521669341894061 0.2443820224719101 0.5256821829855538 0.25240770465489565 0.5232744783306581 0.264446227929374 0.5276886035313002 0.26565008025682185 0.5317014446227929 0.2624398073836276 0.5353130016051364 0.26845906902086675 0.5393258426966292 0.26685393258426965
2 0.5585874799357945 0.26203852327447835 0.5617977528089888 0.23876404494382023 0.557784911717496 0.23073836276083468 0.5509630818619583 0.22632423756019263 0.543338683788122 0.2339486356340289 0.5425361155698234 0.24197431781701445 0.5489566613162119 0.26203852327447835 0.5545746388443018 0.264446227929374 0.5585874799357945 0.26203852327447835
2 0.6765650080256822 0.3671749598715891 0.6789727126805778 0.35192616372391655 0.6773675762439807 0.32784911717495985 0.6677367576243981 0.31581059390048155 0.6653290529695024 0.30698234349919745 0.6601123595505618 0.3057784911717496 0.6524879614767255 0.32784911717495985 0.6717495987158909 0.37520064205457465 0.6765650080256822 0.3671749598715891
2 0.6765650080256822 0.3198234349919743 0.6757624398073836 0.3093900481540931 0.6717495987158909 0.2909309791332263 0.6641252006420546 0.2857142857142857 0.658908507223114 0.30457463884430175 0.6717495987158909 0.32142857142857145 0.6765650080256822 0.3198234349919743
2 0.6404494382022472 0.28130016051364365 0.6280096308186196 0.26565008025682185 0.6235955056179775 0.26685393258426965 0.6163723916532905 0.2772873194221509 0.6175762439807384 0.2808988764044944 0.6268057784911717 0.28370786516853935 0.6404494382022472 0.28130016051364365
2 0.6276083467094703 0.23956661316211877 0.6260032102728732 0.2267255216693419 0.6219903691813804 0.21869983948635635 0.6175762439807384 0.21669341894060995 0.6131621187800963 0.2267255216693419 0.6235955056179775 0.23956661316211877 0.6276083467094703 0.23956661316211877
2 0.6484751203852327 0.22351524879614768 0.6492776886035313 0.21869983948635635 0.6460674157303371 0.21147672552166935 0.6400481540930979 0.20786516853932585 0.637239165329053 0.21468699839486358 0.6436597110754414 0.22512038523274477 0.6484751203852327 0.22351524879614768
2 0.5826645264847512 0.242776886035313 0.5874799357945425 0.23073836276083468 0.5842696629213483 0.2195024077046549 0.5750401284109149 0.21107544141252008 0.5690208667736758 0.21789727126805777 0.5690208667736758 0.22512038523274477 0.5770465489566613 0.24357945425361155 0.5826645264847512 0.242776886035313
2 0.5032102728731942 0.24678972712680577 0.5088282504012841 0.2267255216693419 0.5040128410914928 0.21468699839486358 0.49879614767255215 0.21107544141252008 0.4943820224719101 0.2122792937399679 0.48635634028892455 0.22592295345104335 0.4943820224719101 0.25080256821829855 0.5032102728731942 0.24678972712680577
2 0.47913322632423755 0.23234349919743177 0.48796147672552165 0.21147672552166935 0.4835473515248796 0.19743178170144463 0.47953451043338685 0.19823434991974317 0.4678972712680578 0.21147672552166935 0.4727126805778491 0.2339486356340289 0.47913322632423755 0.23234349919743177
3 0.12680577849117175 0.7459871589085072 0.12038523274478331 0.7403691813804173 0.1260032102728732 0.7347512038523274 0.12520064205457465 0.7050561797752809 0.11276083467094702 0.7046548956661316 0.10995184590690209 0.7018459069020867 0.11235955056179775 0.6857945425361156 0.10754414125200643 0.6761637239165329 0.11195826645264847 0.6725521669341894 0.11476725521669343 0.6737560192616372 0.11677367576243981 0.6853932584269663 0.11717495987158909 0.6737560192616372 0.12520064205457465 0.670545746388443 0.11476725521669343 0.6103531300160514 0.11677367576243981 0.6059390048154093 0.1260032102728732 0.6031300160513644 0.12680577849117175 0.5493579454253612 0.14125200642054575 0.5517656500802568 0.16051364365971107 0.48515248796147675 0.19502407704654895 0.4048956661316212 0.22391653290529695 0.35513643659711075 0.25280898876404495 0.315008025682183 0.2576243980738363 0.30296950240770465 0.25441412520064205 0.2989566613162119 0.2568218298555377 0.28691813804173355 0.2660513643659711 0.2857142857142857 0.2680577849117175 0.2877207062600321 0.26324237560192615 0.2917335473515249 0.26926163723916535 0.2929373996789727 0.271669341894061 0.2857142857142857 0.2772873194221509 0.2841091492776886 0.3198234349919743 0.23836276083467095 0.35353130016051365 0.2086677367576244 0.4024879614767255 0.1725521669341894 0.4297752808988764 0.1565008025682183 0.44301765650080255 0.13764044943820225 0.4402086677367576 0.13402889245585875 0.4048956661316212 0.1332263242375602 0.3992776886035313 0.13884430176565007 0.3904494382022472 0.14125200642054575 0.36556982343499195 0.1404494382022472 0.3471107544141252 0.14365971107544143 0.2804975922953451 0.16613162118780098 0.27648475120385235 0.1709470304975923 0.2612359550561798 0.17415730337078653 0.21629213483146068 0.19823434991974317 0.16974317817014445 0.22953451043338685 0.13202247191011235 0.2608346709470305 0.10032102728731943 0.2949438202247191 0.07784911717495988 0.3527287319422151 0.06260032102728733 0.41452648475120385 0.05537720706260032 0.46829855537720705 0.05457463884430177 0.5397271268057785 0.06340288924558588 0.6119582664526485 0.07945425361155699 0.6713483146067416 0.1043338683788122 0.7307383627608347 0.12439807383627609 0.7508025682182986 0.12680577849117175 0.7459871589085072