1 0.35084876101141926 0.7628980587275693 0.3923151125611745 0.7859975848287113 0.4775616973898858 0.8184520293637847 0.5250002871125612 0.8316659355628059 0.6255271843393149 0.8486862805872757 0.6600668368678629 0.8511126508972267 0.6976760497553017 0.8479567969004894 0.7214525130505709 0.8292093588907015 0.7473759738988581 0.7979961427406199 0.7445182928221861 0.7939815203915171 0.6717693833605219 0.7873492969004894 0.569041092985318 0.7632785146818923 0.49240129853181075 0.7366294233278956 0.40960173327895594 0.695390054649266 0.38564898531810765 0.6875820897226753 0.37779787357259376 0.6899391182707993 0.37022428629690046 0.7001360097879282 0.34705726753670474 0.7540793882544862 0.35084876101141926 0.7628980587275693
1 0.34268051876019573 0.49858911419249596 0.3497966003262643 0.5138244306688418 0.3625174045676999 0.5279703001631322 0.38436815008156605 0.5399260252854812 0.3995809698205547 0.5369689526916802 0.4416848091353997 0.5013641990212072 0.4540061998368678 0.5006310171288744 0.46659571533442085 0.4799034657422513 0.48314360848287113 0.4667157553017945 0.5068094323001631 0.4388496247960848 0.5474675579119087 0.40435681729200657 0.5589338784665578 0.38426305628058727 0.5548873580750409 0.36344551386623164 0.5297345228384992 0.3409141337683524 0.5121759233278956 0.333940590538336 0.49089147471451877 0.33558508646003266 0.47550052283849925 0.3419004934747145 0.394317409461664 0.4158457928221859 0.3826185603588907 0.41978167292006524 0.377591383360522 0.4323918376835236 0.35603881076672106 0.45403070309951066 0.34152542659053836 0.47554768026101135 0.34035723654159866 0.48449948858075037 0.34268051876019573 0.49858911419249596
1 0.21771146982055464 0.4755177879282219 0.22800775203915172 0.49428957259380096 0.23916095350734093 0.5025081990212072 0.24956972430668842 0.5004849388254485 0.27937467047308323 0.46145435807504076 0.29045097879282217 0.45431577895595426 0.294988751223491 0.44346259951060363 0.3321779021207178 0.3996729657422512 0.3765731256117455 0.35448261419249594 0.38143341843393147 0.3431512789559543 0.37514050978792823 0.3236013181076672 0.35778254159869494 0.30911043148450246 0.3448386084828711 0.30664091353996736 0.3331397585644372 0.31057679445350733 0.31579119086460034 0.32392014029363786 0.24950962642740618 0.3933070179445351 0.24529437275693314 0.4036820424143556 0.2204716084828711 0.43842047634584014 0.21560006688417616 0.4518313156606852 0.21554382300163133 0.46222883768352363 0.21771146982055464 0.4755177879282219
1 0.5351928531810767 0.18945532626427405 0.5474580008156607 0.19911966721044044 0.5683636851549756 0.20835084828711256 0.5846659518760197 0.21099849836867865 0.6623988915171288 0.18342483849918434 0.6689936704730832 0.17674191680261012 0.6458978417618271 0.15838079445350736 0.6237020791190864 0.15106223327895596 0.5682773915171289 0.16515940946166394 0.5406981851549756 0.1771676818923328 0.5345815603588907 0.18417312316476345 0.5351928531810767 0.18945532626427405
1 0.7936426769983688 0.8799893303425775 0.8216118955954324 0.8550258768352366 0.838651041598695 0.8101674445350734 0.8417655978792823 0.7962672014681892 0.8398642267536705 0.7928976182707994 0.7988610840130506 0.8320275905383361 0.7872372789559543 0.8812344135399675 0.7936426769983688 0.8799893303425775
1 0.8174373123980424 0.20729868760195758 0.8278460840130506 0.20527542740619903 0.8456953050570962 0.18809559216965743 0.8329969983686787 0.1697907137030995 0.8213543923327896 0.1633290717781403 0.7875704200652528 0.1690650840130506 0.7808312536704731 0.17286782626427408 0.8174373123980424 0.20729868760195758
1 0.10287752120717782 0.5601587830342578 0.10860413295269167 0.5661085236541599 0.12360876998368679 0.5129208246329526 0.14093668923327896 0.47382275040783034 0.13835838091353997 0.4477342536704731 0.13312117292006526 0.44002752936378464 0.12815024061990213 0.44224017128874393 0.1202091378466558 0.461233235725938 0.09835284584013052 0.5390187218597063 0.10287752120717782 0.5601587830342578
1 0.06557757340946166 0.41742680668841764 0.0686246370309951 0.416003590538336 0.0772220277324633 0.39397471207177814 0.07940277161500815 0.37527042088091356 0.09272731729200652 0.33695052365415984 0.09131534991843393 0.331823955954323 0.07938212234910277 0.3495156924959217 0.06384308646003263 0.4127783939641109 0.06557757340946166 0.41742680668841764
1 0.05165498939641109 0.5958741769983686 0.055613367862969006 0.6034140179445351 0.05849354649265905 0.6032696313213703 0.05962043882544861 0.5428083670473084 0.05427259053833605 0.5259829494290376 0.048900396411092985 0.5432302773246329 0.04964297879282218 0.5833859013050572 0.05165498939641109 0.5958741769983686
3 0.8552946288743882 0.8680054053833606 0.8584973270799346 0.8673828637846657 0.8654146264274061 0.8602217862969005 0.8863559061990212 0.8333007169657423 0.8879910024469821 0.8267509331158238 0.8994123278955953 0.8149751900489396 0.9312198849918434 0.7605986525285482 0.9493484779771615 0.7213449429037521 0.9665882553017945 0.6689691672104404 0.9792021166394779 0.614168870309951 0.9861681084828712 0.5388623017944535 0.9816583792822187 0.4558152610114193 0.9615139200652529 0.36500525122349103 0.9209081851549755 0.2715250938009788 0.9047409045676997 0.2439233898858075 0.8697924388254487 0.198783735725938 0.8619413278955955 0.201140764274062 0.855646570146819 0.2115045399673736 0.8436252006525286 0.21591857585644375 0.8750034518760196 0.2704769437194127 0.9054216957585643 0.3842177471451876 0.9215627814029365 0.4758059339314845 0.9276288646003262 0.5668597210440457 0.9257593915171288 0.5871653613376835 0.9301171827079935 0.6095842528548123 0.9260463156606852 0.6228394567699836 0.921639831973899 0.668566057096248 0.9098716402936379 0.7148927014681892 0.9048876101141925 0.7490985848287113 0.8824875195758565 0.8091248409461664 0.8595098817292007 0.8576303800978794 0.853715777324633 0.8641576672104405 0.8552946288743882 0.8680054053833606
3 0.44240257340946165 0.04338381566068516 0.585498367862969 0.05711516884176182 0.7283485358890701 0.08668188336052203 0.7585285481239804 0.09660309869494291 0.7618981313213704 0.09470172756933116 0.7065765318107667 0.06016962724306688 0.6655658376835236 0.04155162969004894 0.5915943433931484 0.024354999184339313 0.5348364298531811 0.018769076672104406 0.48508395921696573 0.019299778955954323 0.43610966476345836 0.023833854812398043 0.39607592903752037 0.03161562479608483 0.37283386541598695 0.04028805954323002 0.44240257340946165 0.04338381566068516
3 0.5044788898858076 1 0.46620802202283856 0.9951536639477977 0.44705932218597066 0.9864118866231648 0.4307570554649266 0.9837642357259381 0.3790263189233279 0.9655681492659053 0.23704616802610115 0.8934550358890702 0.20212960032626429 0.8719906060358891 0.1926996370309951 0.8704998964110929 0.18632798613376836 0.865506466557912 0.1903538572593801 0.8605692805872757 0.18509415171288746 0.857021564437194 0.16988133278955955 0.8599786370309951 0.19849189314845023 0.8938863466557913 0.22827064355628057 0.918842248776509 0.28819566068515495 0.9599578800978793 0.34435168107667213 0.9880958319738989 0.38599760277324635 1 0.5044788898858076 1