0 0.5666925782258064 0.3031710169354839 0.5757066435483871 0.3029656959677419 0.5846811266129032 0.29785508145161294 0.5874887475806452 0.3007492774193548 0.6028749951612903 0.3015532112903226 0.607153210483871 0.29774004112903224 0.6080795959677419 0.2893134733870968 0.6047710532258065 0.28184916612903227 0.6083826080645162 0.26935711451612904 0.5864225620967742 0.2507736580645161 0.5625268766129032 0.24698895322580644 0.5380758653225807 0.26475365322580646 0.536940454032258 0.2719223588709677 0.553238264516129 0.29532453387096774 0.5666925782258064 0.3031710169354839
1 0.7990818685483871 0.39794965806451615 0.7982568806451613 0.36964959999999997 0.7887023120967742 0.3603795161290323 0.7848421491935483 0.3667084112903226 0.7843226991935484 0.40091931209677417 0.7878835556451612 0.4067905733870968 0.794003425 0.40939287338709673 0.7980293266129033 0.4071727491935484 0.7990818685483871 0.39794965806451615
1 0.7640112830645162 0.2662451338709677 0.7594015903225806 0.2618407620967742 0.7529032499999999 0.2616280298387097 0.753443754032258 0.2711034346774193 0.7654633491935483 0.29831877983870964 0.7740556564516129 0.3033539362903226 0.7778725322580645 0.2998759491935484 0.7640112830645162 0.2662451338709677
1 0.7389443096774193 0.2569676387096774 0.7312783870967742 0.24350591370967742 0.7151030282258064 0.22706341854838713 0.7097796814516129 0.224587275 0.7016450088709677 0.2269731379032258 0.7018936169354838 0.2331362943548387 0.7278325709677419 0.2601067370967742 0.7332820741935484 0.26178635806451617 0.7389443096774193 0.2569676387096774
1 0.714417839516129 0.25716554838709677 0.714043075 0.25179891451612907 0.7056634991935484 0.24026541854838712 0.6914992379032259 0.2265909620967742 0.6774970096774193 0.22478147903225806 0.6767400685483871 0.22956061612903228 0.699828114516129 0.2564877709677419 0.7066183500000001 0.26001275080645164 0.714417839516129 0.25716554838709677
1 0.6631707145161291 0.19924204919354838 0.6466168846774194 0.18518912177419355 0.6370586104838709 0.18367524032258065 0.6319838717741936 0.18736225322580646 0.6580922709677419 0.21068526451612904 0.6660574991935484 0.21194683225806452 0.6689516951612903 0.2091392112903226 0.6631707145161291 0.19924204919354838
1 0.6648973282258064 0.18318543467741935 0.6573068645161291 0.1872905008064516 0.6826187403225806 0.21048735483870967 0.6921770153225806 0.21200123709677418 0.6945270016129033 0.20747441370967742 0.672610243548387 0.18604004919354838 0.6648973282258064 0.18318543467741935
1 0.6244515185483871 0.15759160080645163 0.6241559169354839 0.16203555483870968 0.6394951717741936 0.17344659999999998 0.6513168580645162 0.17613547499999999 0.654337210483871 0.1725313314516129 0.6365688056451613 0.15583652177419355 0.6244515185483871 0.15759160080645163
1 0.6191244661290323 0.16287165967741934 0.6013956427419355 0.15108214435483872 0.5882295193548387 0.1543041120967742 0.5953945193548388 0.1631957258064516 0.6103157217741936 0.17209104516129034 0.6192036298387097 0.17268224758064518 0.622350139516129 0.1682815806451613 0.6191244661290323 0.16287165967741934
1 0.5571762443548387 0.12611538870967742 0.5513049830645161 0.1296762451612903 0.568446310483871 0.14259746612903224 0.5806464669354838 0.14289677258064518 0.5823260870967741 0.13744727016129032 0.5660641524193548 0.12670659112903226 0.5571762443548387 0.12611538870967742
1 0.46851528145161286 0.8044683774193548 0.4565674387096775 0.8025760249999999 0.4483066088709678 0.805758410483871 0.45064918387096775 0.8167439919354839 0.4571438185483871 0.8247129258064516 0.4739969548387097 0.8265656967741936 0.4764730983870968 0.82124235 0.46851528145161286 0.8044683774193548
1 0.41123738790322584 0.8207080782258064 0.4040686822580645 0.8195726669354839 0.3991201008064516 0.8224631572580645 0.4010879120967742 0.8280821048387096 0.4177283169354839 0.836433214516129 0.4295500032258065 0.8391220903225806 0.43588260403225804 0.8352260508064517 0.41123738790322584 0.8207080782258064
1 0.5170339491935484 0.869308268548387 0.5065529951612904 0.8684647524193548 0.5016044137096775 0.8713552427419354 0.5015178387096774 0.8770570596774194 0.5089351524193548 0.8843556282258065 0.5213876225806452 0.8830618887096775 0.5230672435483871 0.877612385483871 0.5170339491935484 0.869308268548387
1 0.46899396935483867 0.8555757024193548 0.4709184927419355 0.8640455580645162 0.47552818548387094 0.8684499306451612 0.48680566209677417 0.8694196032258065 0.4908748516129032 0.8643485701612903 0.4852200274193548 0.8536548846774192 0.46899396935483867 0.8555757024193548
1 0.4478589120967742 0.8652923040322581 0.4480246508064516 0.869401075 0.4541012322580645 0.8748542838709678 0.4663013887096774 0.8751535903225807 0.4687775322580645 0.8698302443548387 0.46077272177419354 0.8636633822580646 0.4478589120967742 0.8652923040322581
1 0.7329014129032257 0.7075373241935483 0.7275780661290323 0.7050611806451612 0.7152480475806452 0.7133145991935483 0.6878595524193548 0.7367378282258065 0.6881081604838709 0.7429009846774194 0.6961995459677419 0.7433660298387097 0.7131429629032259 0.7317607814516129 0.7293331451612903 0.7171784677419355 0.7329014129032257 0.7075373241935483
1 0.42256438467741936 0.8935379580645161 0.43212265887096774 0.895051839516129 0.43422033145161293 0.8921180620967741 0.4286050895161291 0.8863296701612903 0.41527322741935485 0.8854428669354839 0.42256438467741936 0.8935379580645161
1 0.20709375161290322 0.7512239645161289 0.2154733266129032 0.7627574604838709 0.2343375620967742 0.7673782701612902 0.23002347016129032 0.7585299435483871 0.2117900193548387 0.7499265201612904 0.20709375161290322 0.7512239645161289
1 0.17768051532258064 0.7126804443548387 0.19084293387096773 0.717214679032258 0.1930667637096774 0.7134843782258065 0.18648926048387096 0.7034610580645161 0.17102014274193547 0.7006027387096774 0.17768051532258064 0.7126804443548387
3 0.1114193814516129 0.5768523266129032 0.11514227096774195 0.5945885612903226 0.1315266572580645 0.6122889193548386 0.1372284733870968 0.6123754943548386 0.15400615241935484 0.596661475 0.15708090887096773 0.5669378153225806 0.16521558225806451 0.5645519524193549 0.17159147016129034 0.5578050048387098 0.18019860000000001 0.5318153516129033 0.17178685403225807 0.4998641572580645 0.16315496451612901 0.48992370645161293 0.14763144354838711 0.5131849024193549 0.13945348306451613 0.5184216741935485 0.13106279112903227 0.5301567854838709 0.12498250322580645 0.532459779032258 0.11495177258064516 0.5545496870967742 0.1114193814516129 0.5768523266129032