1 0.3592031363636363 0.6957296912521441 0.351083769296741 0.6703986861063466 0.3570304451114923 0.6552517598627787 0.35508946312178385 0.6431266981132076 0.3508053542024014 0.6347434837049742 0.33475708576329327 0.6296083799313894 0.3294369794168096 0.6246061106346483 0.30625317238421956 0.5589803559176671 0.29749813121783875 0.5130045986277874 0.30592440994854203 0.499705243567753 0.3057412272727273 0.48681349485420244 0.29983397341337903 0.4766275943396227 0.29271118181818184 0.47324846998284736 0.28378206346483703 0.45517491166380786 0.2710249699828473 0.4527887212692967 0.25448478644939965 0.46523343996569466 0.2432198241852487 0.48353688679245277 0.2361473807890223 0.5037776732418525 0.23845472641509433 0.5416862315608919 0.2363900145797599 0.5810832804459691 0.24545560977701542 0.604746255574614 0.24568367667238422 0.6167815463121784 0.26651889451114924 0.6616727787307032 0.30362862692967413 0.7155756166380789 0.3153048379073756 0.7221992101200686 0.3377073893653516 0.7207968481989708 0.3528057890222985 0.7112824030874786 0.35839338507718693 0.7029871380789022 0.3592031363636363 0.6957296912521441
1 0.7371398276157805 0.17019222555746139 0.7286632015437393 0.1598716706689537 0.7104046406518011 0.1477502512864494 0.6927332264150944 0.14081246226415095 0.6161906646655231 0.12649531818181817 0.5836003919382504 0.12564614408233274 0.5785981226415094 0.13096625042881646 0.5858592109777015 0.14809358147512866 0.6018625951972556 0.15408514236706689 0.7123043790737564 0.17704934905660377 0.7248819322469983 0.18286137049742712 0.7368723387650086 0.18348976072041168 0.7396212512864494 0.1801985857632933 0.7371398276157805 0.17019222555746139
1 0.5163478507718696 0.13070968696397942 0.5062947847341337 0.12588877873070325 0.48582957289879924 0.12309862264150943 0.4243926946826758 0.13190219039451115 0.3852685977701544 0.14101631217838764 0.36868353001715265 0.15431748885077187 0.3603021363636364 0.16676038765008577 0.36228618267581475 0.16987020154373927 0.38554519210977706 0.16851272469982848 0.4411664073756432 0.15596913121783876 0.49467074271012 0.15104388507718694 0.5077869168096055 0.1465784150943396 0.5169349982847341 0.13589331732418525 0.5163478507718696 0.13070968696397942
1 0.3061227041166381 0.17637370754716983 0.29048204288164664 0.17984806432247 0.23928141166380787 0.2063642898799314 0.22697863121783876 0.21988989193825043 0.2163905874785592 0.24166405317324186 0.22450449142367068 0.24251868953687822 0.23969266123499144 0.23129132933104632 0.28638657890222985 0.2088329665523156 0.294904448542024 0.20197948542024013 0.3084227667238422 0.18164710806174958 0.3061227041166381 0.17637370754716983
1 0.2184983627787307 0.19325175728987992 0.21146716209262434 0.19631850771869638 0.17838679588336193 0.22120794596912524 0.16603913036020584 0.2355900051457976 0.16112845197255574 0.24735598627787306 0.16667298370497427 0.24807596826758146 0.19894177787307032 0.22228518696397942 0.21822905317324184 0.19839050343053174 0.2184983627787307 0.19325175728987992
2 0.22779512178387648 0.6467612032590051 0.2166593516295026 0.6380189082332761 0.19047006861063465 0.637934601200686 0.19011098799313894 0.6447862615780446 0.20106721698113209 0.6569543867924529 0.20773933790737564 0.6607392975986278 0.21562699571183533 0.6577174331046312 0.22833920497427102 0.6609600814751286 0.22779512178387648 0.6467612032590051
2 0.37465761234991424 0.8678722015437392 0.360187602915952 0.8653962401372213 0.35202699313893654 0.8572392718696398 0.32065407890222986 0.8577421114922813 0.3334578782161235 0.8674306346483706 0.34612520154373927 0.8715297401372213 0.37614610205831905 0.8722442590051458 0.37465761234991424 0.8678722015437392
1 0.2663684888507719 0.7956392409948543 0.26145416809605493 0.7910876432246998 0.2637057041166381 0.7808999219554031 0.24576133790737567 0.7627833001715266 0.2115333524871355 0.6948611243567753 0.21103233361921098 0.671647 0.18799228644939966 0.6442458207547169 0.18105085591766723 0.6455996552315608 0.1760037015437393 0.6517762195540309 0.17555849313893654 0.6766583739279588 0.19094076929674098 0.7272754991423671 0.20176416466552316 0.7501717873070326 0.2381072092624357 0.8023168241852486 0.2591595686106346 0.8102906114922813 0.26799345454545453 0.8056007161234991 0.2663684888507719 0.7956392409948543
1 0.3612848739279588 0.9345879433962264 0.3386954982847341 0.9067809768439108 0.34000080617495715 0.8982612864493996 0.33639361492281306 0.8933487873070327 0.31231939108061746 0.8774873421955404 0.29297994682675815 0.8696033250428817 0.28225178473413376 0.8694704914236707 0.29415970411663805 0.9044469545454545 0.31079694168096056 0.9229244785591767 0.3215718096054888 0.9303596449399657 0.35024251629502573 0.9404503121783876 0.36065466295025733 0.9384195591766724 0.3612848739279588 0.9345879433962264
1 0.8879806989708404 0.2416493936535163 0.8567333353344768 0.19878891337907376 0.8405934759862779 0.18720793567753002 0.8320737847341338 0.18590262778730704 0.8313538036020582 0.19144715951972555 0.8825313996569468 0.2636928653516295 0.8987161449399658 0.2744173859348199 0.9048011183533448 0.27301866552315607 0.8879806989708404 0.2416493936535163
3 0.12325877015437393 0.6258241072041166 0.11590973241852487 0.6185684811320755 0.11383409519725558 0.6090127924528302 0.09404397941680961 0.6015345626072042 0.09124836106346484 0.5975234056603774 0.09363637221269297 0.592925102058319 0.1105410986277873 0.598105090051458 0.1152255308747856 0.5824626080617495 0.10552972469982846 0.5626312495711836 0.09430600600343053 0.5637606586620926 0.08502509090909091 0.5851739193825043 0.08521191423670668 0.6143832469982847 0.1036105934819897 0.6484116620926244 0.11393296998284734 0.6480938250428817 0.12290151029159518 0.6408345574614065 0.12325877015437393 0.6258241072041166