1 0.5240100872483221 0.5435526669463087 0.5280698020134228 0.5336589437919462 0.5036845696308725 0.5272096786912752 0.4747478280201342 0.5309858548657719 0.4693033875838926 0.5282183070469798 0.4640768708053691 0.5353213422818792 0.43504947315436243 0.5527539463087249 0.4275722432885906 0.6000143213087249 0.43490477097315433 0.6172502407718121 0.46290420385906034 0.6226927785234899 0.485436057885906 0.6210901308724832 0.49641559395973156 0.6129687994966443 0.5115358330536913 0.6099254790268456 0.514806744966443 0.6062881401006711 0.5240100872483221 0.5435526669463087
1 0.5454039832214764 0.6357379127516778 0.5366539219798657 0.6301912474832214 0.5032331887583893 0.6262587986577182 0.47955767281879197 0.6293483976510068 0.44307238171140945 0.636785052852349 0.42535623825503355 0.6465881191275168 0.42130999496644295 0.6893876426174497 0.4439459756711409 0.7070343666107383 0.48512161241610735 0.7150380998322148 0.5263879060402684 0.7093854052013423 0.5301506115771812 0.7054163464765101 0.5362681577181208 0.6805393196308724 0.5454039832214764 0.6357379127516778
1 0.527386865771812 0.7723947483221476 0.5232577323825504 0.7694555562080536 0.48523921140939597 0.7671932726510067 0.476820869966443 0.7621384010067114 0.47158278355704697 0.7671026166107382 0.4488908548657718 0.7695287768456376 0.44320725419463086 0.7833799890939598 0.4441233246644295 0.8006506166107382 0.45188979781879196 0.8068607206375839 0.4719973917785235 0.8133331258389261 0.5121431627516778 0.8134450201342283 0.5167293808724832 0.8096360360738255 0.5264148481543623 0.7751970058724833 0.527386865771812 0.7723947483221476
1 0.4066912172818792 0.6634710813758389 0.4037057458053691 0.6590449379194631 0.37751341359060403 0.6530990360738255 0.3687980620805369 0.6539688280201342 0.36202674580536914 0.6492341048657718 0.3342915151006711 0.6622174261744966 0.33278332634228186 0.6875631065436242 0.34652074161073826 0.7026254974832215 0.3597200847315436 0.7094643305369127 0.38277844211409395 0.7139464211409396 0.40103265687919465 0.7123669127516778 0.4066912172818792 0.6634710813758389
1 0.2918102399328859 0.6257571753355705 0.2889848431208054 0.620507519295302 0.2697007617449665 0.6141951895973154 0.2560790427852349 0.6205209907718121 0.25335777348993294 0.6345207072147652 0.2570761015100671 0.6527633531879194 0.26501421895973154 0.6602887634228188 0.2793572239932886 0.6656406451342283 0.29003975 0.6634439773489933 0.2918102399328859 0.6257571753355705
1 0.2811315167785235 0.6894878053691275 0.2774594672818792 0.6798004362416108 0.2614462978187919 0.6698507667785235 0.2481215889261745 0.6702519043624161 0.24654398154362417 0.6827646694630873 0.2502391694630873 0.6967296770134228 0.26545196644295305 0.7107969110738255 0.27469382130872483 0.7160118573825504 0.281602072147651 0.7156454295302014 0.2811315167785235 0.6894878053691275
1 0.4325710067114094 0.7941319337248323 0.43476577265100674 0.7740474781879194 0.4422911837248322 0.7661093607382551 0.4419363246644295 0.7613399286912752 0.3849307323825503 0.7468406518456376 0.3469237802013423 0.7467171870805369 0.35025444211409396 0.7845409244966443 0.38340130536912753 0.7986756753355705 0.4270474798657718 0.8071596325503355 0.4370665679530201 0.8039793766778524 0.4325710067114094 0.7941319337248323
1 0.350881269295302 0.7483410738255033 0.34805587332214766 0.7430914177852349 0.3434349454697987 0.7404839437919464 0.3138463355704698 0.7454153523489934 0.3154721233221477 0.7722248439597316 0.3184575947986577 0.7766509874161074 0.33033006208053695 0.7815226459731544 0.34959100419463085 0.7835573372483222 0.350881269295302 0.7483410738255033
1 0.4915345906040268 0.2885432927852349 0.48788568120805376 0.2831335620805369 0.46748107634228186 0.28258582130872484 0.44252496308724837 0.29226352181208054 0.4271192843959732 0.30337032466442954 0.4157752214765101 0.33535038590604027 0.4164617986577181 0.34061161157718123 0.4201107080536913 0.3460213422818792 0.45270792869127513 0.34979371644295304 0.46710688171140935 0.33507271308724834 0.4800767315436242 0.32990214345637586 0.486880855704698 0.31028634312080533 0.4915345906040268 0.2885432927852349
1 0.32003742617449665 0.42997906711409395 0.2884237927852349 0.42554325587248326 0.27992636409395977 0.436283630033557 0.283106619966443 0.44630271812080535 0.2885626291946309 0.4512090855704698 0.3041862315436242 0.4499728657718121 0.32104415268456377 0.43359326761744965 0.32003742617449665 0.42997906711409395
1 0.3310266300335571 0.39322957382550333 0.3278810847315436 0.38962694295302014 0.3086432818791946 0.39186988926174493 0.29241408976510064 0.40281661828859056 0.2867189186241611 0.4145290100671141 0.28904095218120807 0.4179715662751678 0.29892310486577184 0.41989246224832216 0.32262176006711407 0.4210805016778523 0.32893408976510063 0.4017964203020134 0.3310266300335571 0.39322957382550333
1 0.21578857046979863 0.6849053901006712 0.20968069211409396 0.6811542550335571 0.19816308389261744 0.68105202852349 0.1962421879194631 0.6909341820469799 0.20156126174496644 0.7009416996644295 0.21494381963087247 0.7112346585570469 0.21938153187919465 0.7103880067114094 0.21578857046979863 0.6849053901006712
2 0.4618220318791946 0.878870855704698 0.44205772651006714 0.8750290637583893 0.4198460218120805 0.8749846862416106 0.41722697902684563 0.8774667944630873 0.4268005520134228 0.8831735352348994 0.45496005956375846 0.8877925604026846 0.4600612105704698 0.8879294958053692 0.4643157097315436 0.8836287181208052 0.4618220318791946 0.878870855704698
2 0.6207004018456376 0.6858411208053691 0.5954916560402684 0.6792317802013422 0.5782673070469798 0.6887031275167785 0.5679049303691275 0.6892527701342281 0.5656291761744966 0.6943654907718121 0.586755067114094 0.7065909152684563 0.5958137072147651 0.708351735738255 0.6246810302013422 0.6917426451342282 0.6207004018456376 0.6858411208053691
2 0.5824831325503356 0.7989149974832215 0.5714573179530201 0.7984810528523489 0.5627535360738255 0.801489663590604 0.5611296501677853 0.8054471526845637 0.5781148380872483 0.8125945654362415 0.5909014739932886 0.8039698699664429 0.5824831325503356 0.7989149974832215
2 0.6020082768456376 0.8193755494966443 0.5985425822147651 0.8174199446308724 0.5670890234899328 0.812160619966443 0.5421213406040268 0.8196995016778523 0.55480575 0.8225924152684564 0.5605934790268456 0.8279905763422819 0.5706125671140939 0.8248103213087248 0.5872428968120805 0.8271883011744967 0.6008761845637584 0.8230013196308724 0.6020082768456376 0.8193755494966443
2 0.8551065847315437 0.5856909756711409 0.8481404848993289 0.5753633078859061 0.8423758959731544 0.5742427852348994 0.8279538045302013 0.5846861501677852 0.8265131325503356 0.5920977651006711 0.8394270352348994 0.6070000805369127 0.8437046736577181 0.6069769412751678 0.8530371845637584 0.5985354605704698 0.8551065847315437 0.5856909756711409
1 0.7711735788590605 0.8855884488255034 0.7683713213087248 0.8846164312080538 0.7261908590604027 0.9037654790268456 0.7078344177852348 0.91686259647651 0.6965578716442953 0.930908591442953 0.7036377667785235 0.9318574697986578 0.7476253296979866 0.9122050587248323 0.7698814119127516 0.8900377315436242 0.7711735788590605 0.8855884488255034
3 0.8180294983221477 0.2708178045302013 0.811726836409396 0.26147372399328855 0.7968804672818792 0.25431474161073825 0.7853628590604027 0.2542125159395973 0.7850542793624161 0.25799835989932884 0.81808734647651 0.2815119001677852 0.8180294983221477 0.2708178045302013
3 0.840268144295302 0.3366737827181208 0.8410453783557047 0.3282785805369127 0.8319288901006711 0.31582366359060404 0.7998794102348994 0.29164668540268457 0.7790968078859061 0.2820518741610738 0.7890040016778523 0.319017389261745 0.8034279949664429 0.3393410058724832 0.8416547709731543 0.3801020343959731 0.8498436191275168 0.3731475041946309 0.840268144295302 0.3366737827181208
3 0.8771892827181208 0.3489782927852349 0.8805971291946308 0.34023980201342285 0.8720862298657718 0.3180743766778523 0.8538763926174496 0.2974421812080537 0.8378960302013423 0.2631419874161074 0.8179485100671141 0.25584606963087253 0.8146891677852349 0.2616222290268456 0.8177093489932886 0.2724648296979866 0.8144615763422819 0.28037980788590605 0.8226291870805369 0.2999146208053691 0.8569794622483221 0.35402349664429533 0.8721922592281879 0.368090730704698 0.8785971468120805 0.3659172021812081 0.8771892827181208 0.3489782927852349
3 0.9125752894295303 0.32081688422818794 0.8939064656040269 0.27616588338926173 0.8889306803691276 0.26878897818791947 0.8818507843959731 0.26784009983221474 0.8860609060402685 0.2857510268456376 0.8812914739932886 0.2861058850671141 0.8652088850671141 0.26332330033557044 0.8610913213087249 0.2625229270134228 0.8555677953020134 0.27555062583892614 0.8713533741610737 0.3042578741610738 0.8703929261744967 0.3091989505033557 0.8848072508389262 0.35815072902684564 0.8884561602348994 0.3635604597315436 0.8978349496644296 0.3636742558724832 0.9209839630872483 0.3544999186241611 0.9125752894295303 0.32081688422818794
3 0.6105851149328859 0.42791379194630874 0.6054261149328859 0.41708276090604024 0.5793707172818793 0.40603570805369127 0.54517275 0.410498461409396 0.5377032869127517 0.3983636937919463 0.5475160209731543 0.3874516744966443 0.5458574261744966 0.38499270637583893 0.5374390847315437 0.3799378338926174 0.5208087550335571 0.37755985318791946 0.4872742256711409 0.3830061946308725 0.4645032105704698 0.4012276023489933 0.45199234647651004 0.43041697651006716 0.45729985067114093 0.43828567533557045 0.457346130033557 0.44684095218120806 0.445863230704698 0.4531551837248322 0.44245538338926177 0.4618936744966443 0.4511842063758389 0.4939296837248322 0.47019441778523496 0.5104443154362416 0.48602437332214765 0.5169398598993289 0.5080528640939598 0.5135301115771812 0.5400310243288591 0.49410719295302014 0.5975149395973154 0.47536895134228185 0.6071675998322148 0.4652804446308725 0.6105851149328859 0.42791379194630874
3 0.4582699672818792 0.4047164370805369 0.43786536325503356 0.4041686963087249 0.4091349748322148 0.41567663674496647 0.4021013582214765 0.42328303523489935 0.44772627768456374 0.43257893540268455 0.4579960973154362 0.41491873909395977 0.4582699672818792 0.4047164370805369
3 0.4663970033557047 0.5079969169463088 0.45018904949664434 0.49245430201342283 0.4421352340604027 0.46354069966442957 0.44666360402684563 0.4490376199664429 0.43924041946308723 0.44545812919463085 0.4051562474832215 0.44054209312080533 0.38905242114093963 0.4442488515100671 0.3751336929530201 0.4564993162751678 0.3593287776845638 0.4850483917785235 0.357980663590604 0.5095705595637584 0.3648213976510067 0.5271381979865772 0.36746548154362413 0.5597007088926175 0.377667783557047 0.5599745796979866 0.45713391107382556 0.529271312919463 0.4727112348993289 0.5194798162751677 0.4663970033557047 0.5079969169463088
3 0.3648213976510067 0.5271381979865772 0.3573403649328859 0.5128646107382551 0.35637801510067113 0.4870387063758389 0.3724799404362416 0.452564966442953 0.36636049244966445 0.44667501174496643 0.33575358640939595 0.44585340100671145 0.3200277575503356 0.45860722902684564 0.30632695218120803 0.4807282776845637 0.30397211157718124 0.501636244966443 0.2975903632550336 0.5080874119127516 0.29308513338926173 0.526868130033557 0.2946646417785235 0.5451223456375839 0.303015466442953 0.568111283557047 0.31659280704697984 0.5839971870805369 0.32565144714765104 0.5857580083892618 0.33846122315436244 0.5814109521812081 0.364354644295302 0.5625145360738255 0.3648213976510067 0.5271381979865772
3 0.2946646417785235 0.5451223456375839 0.29322206795302014 0.5217669790268457 0.29955753775167787 0.5067605352348993 0.2830757130872483 0.5014202231543624 0.27765441275167785 0.5029303137583893 0.2688136963087248 0.5110400755033557 0.2659554916107383 0.5301409429530202 0.25794985738255033 0.5405495989932886 0.25959878439597317 0.5716367290268456 0.270065288590604 0.5903364597315436 0.28145753104026844 0.5976786560402685 0.31101143204697984 0.5863307902684564 0.2946646417785235 0.5451223456375839
3 0.25689685151006714 0.5283801216442954 0.25409459395973155 0.5274081040268457 0.240565432885906 0.5508444588926175 0.24684495553691277 0.5559109001677852 0.25556030704697985 0.5550411090604027 0.25689685151006714 0.5283801216442954
3 0.2766765293624161 0.5958946954697987 0.2646092785234899 0.5854300922818793 0.2579170494966443 0.5649001224832215 0.23651728775167785 0.562877 0.2297613447986577 0.6218150587248322 0.2347024211409396 0.6227755067114094 0.2765395947986577 0.60099584647651 0.2766765293624161 0.5958946954697987
3 0.18411518708053692 0.6390085016778523 0.1762908649328859 0.6221043020134228 0.17606137164429528 0.6100948993288591 0.16468069882550337 0.6048915226510068 0.15158548322147652 0.617302062080537 0.14222983305369127 0.6214659043624161 0.1324402374161074 0.6366555620805369 0.12537191191275168 0.6378455033557047 0.10940692197986576 0.6672180914429531 0.11634988255033558 0.6732681208053691 0.12883950838926175 0.6705680889261746 0.1829830947986577 0.6426342718120805 0.18411518708053692 0.6390085016778523
3 0.223501158557047 0.5594922927852349 0.22200263842281878 0.556209812080537 0.20948987248322148 0.5546322046979866 0.18957896308724834 0.584519725671141 0.18155018959731545 0.5906507432885907 0.17295053523489934 0.6129087265100671 0.17975656040268456 0.6240599068791947 0.18716817533557048 0.6255005788590604 0.1885181904362416 0.6317453917785235 0.193276052852349 0.6292517147651007 0.19595294463087248 0.6374637021812081 0.22040569463087248 0.6259789018456375 0.223501158557047 0.5594922927852349
3 0.5354257919463087 0.19024636577181206 0.5375183330536912 0.18167951929530202 0.5127551015100671 0.1661831837248322 0.5275320520134228 0.16050925083892617 0.5236767894295301 0.1473677558724832 0.5060397332214764 0.14137557550335572 0.4815175654362416 0.1400274605704698 0.47083503859060405 0.1422241283557047 0.4414643523489933 0.15702611996644297 0.4281512130872483 0.15956607634228187 0.4229362659395973 0.16880793036912753 0.3884181493288591 0.17491770973154364 0.3746594958053691 0.18634466191275167 0.37026806124161077 0.19574659144295303 0.37474048406040267 0.20131639681208052 0.3837991241610738 0.20307721812080537 0.39436785402684565 0.21025933976510067 0.4432521157718121 0.21377908053691277 0.5241608162751679 0.20643118036912753 0.5417284538590604 0.19959044546979865 0.5354257919463087 0.19024636577181206
3 0.8494098355704698 0.20171025083892616 0.836964586409396 0.18219857802013423 0.8094781854026846 0.14993497734899328 0.740141139261745 0.10654523741610739 0.6906609572147652 0.08410784312080538 0.6535797441275167 0.0726268447986577 0.6333583540268457 0.07553322986577182 0.6025450939597315 0.06697985402684563 0.6004294144295302 0.0712690620805369 0.605393630033557 0.07650714848993288 0.6008074119127517 0.08031613255033557 0.5733344815436242 0.08095833305369127 0.5595526887583893 0.08810764681208054 0.5584321661073826 0.09387223573825504 0.5695389689597316 0.10927791526845637 0.597081317114094 0.12146863003355704 0.6058429479865772 0.12915411493288592 0.6364961333892618 0.1385310033557047 0.6533328162751677 0.14864074748322148 0.6874169874161074 0.15355678355704697 0.7004562558724832 0.16121912919463088 0.7340602038590605 0.16860570302013425 0.7556200402684563 0.1698053120805369 0.7503472441275167 0.16835307046979867 0.7463550461409396 0.16031272651006712 0.7530569437919463 0.15221453439597316 0.7578263758389261 0.15185967617449667 0.7993009244966442 0.18470572651006711 0.8497878338926175 0.21075732130872482 0.8494098355704698 0.20171025083892616
3 0.5311269161073826 0.21675884815436244 0.5221936409395973 0.20775805620805368 0.5060666753355705 0.20718717617449664 0.4634966451342282 0.21515033389261745 0.4101746711409396 0.21247724496644296 0.39655295218120806 0.21880304614093957 0.38971411912751674 0.23200238926174496 0.40050077265100675 0.24905509479865773 0.4324576954697986 0.256121519295302 0.44675442114093955 0.25291812416107384 0.4752340788590604 0.255890125 0.4834344966442953 0.25107441359060406 0.4853553926174497 0.24119226090604026 0.4902617600671141 0.23573625167785237 0.5019510134228188 0.237153783557047 0.5012644354026845 0.23189255788590604 0.5060454370805368 0.23367651845637585 0.5158813112416107 0.22704213758389263 0.5232929261744966 0.2284828095637584 0.5303381124161074 0.223015230704698 0.5311269161073826 0.21675884815436244
3 0.4321491157718121 0.25990736325503355 0.42520615520134225 0.25385733389261744 0.3976638062080537 0.2416666191275168 0.3913495755033557 0.2301837197986577 0.37476552432885907 0.2363610159395973 0.3372291291946309 0.2623951753355705 0.3206219387583893 0.26429483389261743 0.31143793288590604 0.26977398238255035 0.28970835402684564 0.29802604781879194 0.2881076073825503 0.30626117533557046 0.2927632441275168 0.3152851065436241 0.3122305394295302 0.32505156208053687 0.3568140234899329 0.32431680453020134 0.36599802852348995 0.3188376552013423 0.36938273573825503 0.3058215260067114 0.39155973154362417 0.29944944630872483 0.42139907214765104 0.2800380973154362 0.43101702348993287 0.2635331333892617 0.4321491157718121 0.25990736325503355
3 0.3399329630872483 0.33641876426174494 0.3265966845637584 0.33468108221476506 0.32639033053691274 0.32694931879194633 0.3008614362416107 0.3219870041946309 0.291939730704698 0.3151250318791946 0.2864490125838926 0.3038022072147651 0.2823314488255034 0.3030018338926174 0.2529279538590604 0.3421543481543624 0.2414238162751678 0.3749579228187919 0.24589623909395972 0.38052772818791947 0.267467644295302 0.3838661568791946 0.285972591442953 0.3678067072147651 0.3083328003355705 0.3648887533557047 0.30864138003355707 0.36110290855704696 0.3030252961409396 0.35702005369127515 0.3211985234899329 0.3404688112416107 0.33453480201342284 0.3422064932885906 0.34192327684563756 0.3393695268456376 0.3399329630872483 0.33641876426174494
3 0.22999686409395975 0.361199269295302 0.21618036157718118 0.361932125 0.1945530092281879 0.3786665822147651 0.17396709144295303 0.40543169714765104 0.15679092281879195 0.4542253020134228 0.1634715822147651 0.47261645302013416 0.17471532046979865 0.48292098070469797 0.18443739848993287 0.48566538926174496 0.18870346728187917 0.4835034312080537 0.21715808389261745 0.4514308112416108 0.21379461409395972 0.43795759815436247 0.2164020880872483 0.43333667114093966 0.20664530033557046 0.4241758045302014 0.2049635662751678 0.41743919798657714 0.21151695889261746 0.41230333724832213 0.22433830369127514 0.41009509983221476 0.22184462667785237 0.4053372374161074 0.22577897567114094 0.402683485738255 0.22525247315436242 0.3965987466442953 0.23420698573825505 0.3791101954697987 0.22999686409395975 0.361199269295302
3 0.17883288422818794 0.4837213540268457 0.17256493204697987 0.48079373154362415 0.1634715822147651 0.47261645302013416 0.15828944379194632 0.457507783557047 0.15384016023489935 0.45621561577181213 0.1412617793624161 0.5033390562080536 0.14066775922818792 0.5151883842281879 0.1443398087248322 0.5248757533557047 0.1548506904362416 0.5213637785234899 0.15334059983221476 0.5159424781879194 0.15792681795302013 0.5121334941275167 0.17719932969798657 0.5163070050335571 0.18374115268456376 0.5090323255033556 0.18433517281879194 0.4971829983221477 0.19033892281879194 0.48168476090604023 0.17883288422818794 0.4837213540268457
3 0.15247270973154362 0.5379941082214765 0.14001589093959732 0.5163436157718121 0.13409122734899329 0.516046605704698 0.12099601174496645 0.5284571451342283 0.11312921392617449 0.5645316317114094 0.11489193624161075 0.5862399723154362 0.11904420973154363 0.593456802852349 0.12790806543624159 0.5896246795302014 0.12539124832214765 0.5805891786912752 0.1304461208053691 0.5721708372483222 0.14212380369127517 0.5714495511744967 0.1504727273489933 0.5636715083892617 0.15247270973154362 0.5379941082214765
1 0.2287081770134228 0.7921086501677852 0.22320588926174498 0.7786470058724833 0.20821101510067114 0.774450355704698 0.20873751845637584 0.7805350939597315 0.21719056879194631 0.7920064236577181 0.2274160100671141 0.796557932885906 0.2287081770134228 0.7921086501677852
3 0.6791965872483222 0.9454810897651007 0.6763943296979865 0.944509072147651 0.6407325511744967 0.9521058020134229 0.6038017449664429 0.9684294538590604 0.606958860738255 0.9741709035234899 0.6046715360738255 0.9771448045302014 0.6124148699664429 0.9790772709731543 0.6362504605704697 0.9751641593959732 0.64558297147651 0.9667226778523489 0.6611834345637584 0.9612088196308726 0.6780644949664429 0.949106859899329 0.6791965872483222 0.9454810897651007
3 0.7395058993288591 0.9319925033557047 0.689890682885906 0.9454232416107383 0.6401616711409396 0.9682327684563758 0.6337914924496645 0.9768227541946308 0.6376004765100671 0.9814089723154362 0.6563580553691275 0.9816365637583893 0.7091979043624161 0.9560132097315436 0.7167695931208053 0.9566303691275168 0.7487246140939597 0.9329298120805369 0.7395058993288591 0.9319925033557047