1 0.31525373775671406 0.41842199684044235 0.31658173775671405 0.4304317812006319 0.30633298815165877 0.4660088388625592 0.3053003372827804 0.47781209320695106 0.3154365473933649 0.4933676698262243 0.34319880884676146 0.4977788199052133 0.3568904415481833 0.48629017614533965 0.3596345466034755 0.47305084044233814 0.369224467614534 0.4540671832543444 0.370709416271722 0.42803118009478675 0.3736896579778831 0.4211557575039494 0.3592059691943128 0.40997726540284357 0.3298847440758294 0.4097907101105845 0.31525373775671406 0.41842199684044235
1 0.36682315244865715 0.3365069091627172 0.3677380916271722 0.3532379960505529 0.36286947235387046 0.37263471406003157 0.37297607582938386 0.37946572669826223 0.3891416129541864 0.3804835750394945 0.41016613744075825 0.3803407156398104 0.41723328751974725 0.37659802448657187 0.41761674170616114 0.3631521587677725 0.4099936721958926 0.3505916271721959 0.4115082274881517 0.33328018641390206 0.3990409723538705 0.32624264296998423 0.3823098854660348 0.32715758293838865 0.36682315244865715 0.3365069091627172
1 0.17270045497630332 0.45273169352290676 0.18027911453396525 0.4522053807266983 0.18868389573459715 0.44223646366508684 0.19027692417061612 0.4059021287519747 0.18625885939968406 0.40198251342812 0.17739660900473933 0.40358588704581355 0.17049675276461296 0.414479374407583 0.1659627195892575 0.44817768483412324 0.17270045497630332 0.45273169352290676
1 0.28621074091627174 0.6688182898894155 0.2939322590837283 0.6893165015797789 0.30985202843601894 0.7022064478672986 0.32888972590837284 0.7066472037914692 0.3338864012638231 0.7039127290679305 0.33813543048973144 0.6915979644549763 0.33357107740916275 0.6531391153238546 0.30906443127962085 0.6387050086887835 0.28316611453396523 0.6356462930489731 0.28082026619273304 0.6398020442338073 0.2842039375987362 0.6464413301737757 0.28621074091627174 0.6688182898894155
1 0.3939849075829384 0.7329578672985783 0.3957851808846761 0.757695477093207 0.3993213412322275 0.7671232780410743 0.409206612164297 0.7719526603475513 0.4496966982622433 0.7758915371248025 0.45739824170616117 0.7694291753554503 0.4566209889415482 0.7511243206951027 0.4509455102685624 0.7434916208530806 0.4537044186413903 0.7346145671406004 0.4259961974723539 0.7250542519747235 0.389371686413902 0.7222464763033176 0.3889586263823065 0.7269677780410743 0.3939849075829384 0.7329578672985783
1 0.6166367740916272 0.5942525015797788 0.602349984992101 0.5989493696682464 0.597373285150079 0.6286444186413902 0.5998915979462875 0.6542377551342812 0.6037719763033175 0.6597311374407583 0.614429327014218 0.6602670821484993 0.6246440110584518 0.6567997646129542 0.6517422725118484 0.6552060213270142 0.6589471090047393 0.6498895631911532 0.6629207638230648 0.6407223325434439 0.6650549091627173 0.6163289399684044 0.6615727890995261 0.6017519739336493 0.6568366840442338 0.5969766319115324 0.6166367740916272 0.5942525015797788
1 0.25166776145339653 0.773631477093207 0.23283142180094787 0.7442317772511848 0.21054774012638233 0.7315779684044235 0.2090183823064771 0.7445271263823064 0.22313342022116905 0.7735137654028436 0.24113846682464454 0.7897577764612954 0.25781551342812004 0.7939920023696683 0.25166776145339653 0.773631477093207
1 0.3925399099526066 0.8129150197472355 0.4007040955766193 0.8374164928909953 0.4047221603475513 0.8413361082148499 0.4168992385466035 0.8471589044233808 0.4432254186413902 0.8498586003159558 0.450086037914692 0.8484765600315956 0.4573597180094786 0.8423732180094787 0.4577727788309637 0.837651916271722 0.44927917930489725 0.8214471421800948 0.44096767614533966 0.8167554470774092 0.4113414707740916 0.8109918633491312 0.39717756556082146 0.8097526816745656 0.3925399099526066 0.8129150197472355
1 0.5187321840442337 0.8885773064770932 0.5356157606635071 0.8904508807266983 0.5632107290679305 0.8877112345971564 0.5737696303317535 0.8803094984202212 0.5665744241706161 0.8673899462875196 0.5588432748815166 0.8651277448657189 0.5207974857819905 0.8649707969984202 0.5073664233807267 0.8689496240126383 0.5060976366508688 0.8743889668246445 0.5187321840442337 0.8885773064770932
1 0.384180252764613 0.8994033775671405 0.38415064612954186 0.8906788135860979 0.3721652954186414 0.8781330853080569 0.34367019115323855 0.8685039265402844 0.33301283965244866 0.8679679826224328 0.33762606161137443 0.8786793736176935 0.3511851793048973 0.891362789099526 0.3672966761453397 0.897529802527646 0.384180252764613 0.8994033775671405
2 0.13912199763033176 0.6099611058451817 0.13929892101105845 0.5988758909952606 0.13308232622432858 0.5793022496050553 0.12983634202211689 0.571089195892575 0.12554290363349133 0.5703171153238547 0.1235020355450237 0.5800498957345972 0.1278694897314376 0.6026333854660347 0.133185948657188 0.6098382219589258 0.13912199763033176 0.6099611058451817
3 0.7695208483412322 0.8225058317535545 0.7739371706161137 0.8173418625592417 0.7827994210110584 0.8157384889415482 0.7820665774091626 0.8105204802527647 0.7894239036334914 0.8079925363349131 0.7830451879936808 0.8038663909952607 0.7809206737756714 0.8100237733017378 0.7764599423380727 0.8021008965244866 0.7832369154818326 0.797143458135861 0.7827254052132702 0.7939270805687203 0.7777139265402844 0.7922992733017378 0.7702189131121643 0.7964009842022117 0.7668500450236967 0.7941239794628752 0.7706171706161138 0.7873174004739336 0.7868071413902054 0.7744615197472354 0.7882136153238546 0.7674484099526067 0.7929201137440758 0.7634991887835703 0.8134183262243286 0.7557776698262243 0.8342459518167457 0.7397594510268563 0.8409933183254344 0.7260774494470774 0.8474060995260663 0.6980938546603476 0.8581271208530805 0.6752446232227488 0.8575563988941548 0.654579117693523 0.8526381974723538 0.6382906974723539 0.8474053854660347 0.6346612590837283 0.8434413609794629 0.6255924786729858 0.8403819312796208 0.5880581998420221 0.834716083728278 0.5621894897314376 0.8265274644549763 0.5515617448657187 0.7888651295418642 0.5379589304897314 0.7745783404423381 0.5426557985781991 0.7427002788309637 0.5898199494470774 0.7287924849921011 0.6219052551342812 0.7213862906793049 0.6521806571879937 0.6999146398104266 0.6891545576619272 0.6923707590837282 0.7210037266982622 0.6943775616113744 0.7433806856240126 0.7027038680884676 0.752434663507109 0.7096481342812007 0.7546280213270142 0.711748214849921 0.7623443680884676 0.7057877314375988 0.7760952132701422 0.6818962180094786 0.7954134565560821 0.6811293096366509 0.8223051872037915 0.6851473744075829 0.8262248025276462 0.7017407740916272 0.8268836303317535 0.7148327914691943 0.8494375126382308 0.7207836437598737 0.853922678515008 0.7275065766192733 0.8541144052132702 0.724221355450237 0.8554127993680886 0.7249541982622433 0.860630808056872 0.7291639905213271 0.857827490521327 0.7296755007898894 0.8610438680884677 0.7362607464454975 0.8628093625592418 0.7385917914691943 0.8542913293838863 0.7435884668246446 0.8515568554502371 0.7399982654028436 0.8472782203791469 0.7473555916271722 0.844750275671406 0.7449653349131122 0.8358191824644551 0.7601766943127962 0.8296173902053713 0.7640815063191153 0.8212370442338072 0.7695208483412322 0.8225058317535545
0 0.9255829541864139 0.7017618167456556 0.9420971658767772 0.658010943127962 0.9381331413902054 0.6489421627172196 0.9428396406003159 0.6449929415481832 0.94627735150079 0.6464830624012637 0.9474084518167457 0.6426174873617693 0.9438182511848342 0.6383388522906793 0.9527885821484992 0.6264371477093207 0.9589259889415481 0.6016010876777251 0.9688890197472354 0.5239749802527646 0.9684752456556082 0.46526368641390203 0.9671472456556083 0.45325390205371247 0.9534748751974723 0.4282705244865719 0.9585403933649289 0.4247491666666667 0.9528797180094786 0.42147874802527646 0.9460339020537125 0.427223070300158 0.9434223112164297 0.416290345971564 0.9390600292259084 0.41630514849921013 0.9287861327014217 0.40232333965244865 0.9303991374407582 0.39294957898894156 0.9371909131121643 0.3923544225908373 0.9410957251184833 0.38397407582938387 0.9449613001579779 0.3851051761453397 0.9474744407582938 0.3881002211690363 0.9446318862559242 0.3934018767772512 0.9507204249605055 0.3963132748815166 0.9425073720379146 0.39955925908372825 0.9555401769352291 0.40466401500789895 0.9528353088467615 0.4083919028436019 0.9546600157977884 0.41925578436018957 0.9615894786729858 0.41708686018957347 0.9599861050552924 0.40822460979462877 0.956327060821485 0.40473285860979463 0.9605368522906793 0.4019295410742496 0.9577727717219588 0.38820830173775667 0.9513104099526067 0.3805067582938389 0.9548021611374408 0.37684771327014216 0.946613541864139 0.36621996919431277 0.9388135489731437 0.3647446516587678 0.9388675892575039 0.3595954857819905 0.9242166074249605 0.34126619747235387 0.9167067906793049 0.3410056271721959 0.9241625671406003 0.3464153633491311 0.924192172985782 0.35513992654028437 0.9184086137440758 0.35780555766192734 0.9228545426540286 0.3613661524486572 0.920316967614534 0.372244836492891 0.9023711334913113 0.3734499533965245 0.898849775671406 0.3683844344391785 0.8937694533965246 0.3675435102685624 0.8933119842022117 0.3591779668246446 0.8884529952606636 0.3603386737756714 0.8841447535545024 0.3552043112164297 0.8790644320695102 0.35436338783570304 0.878233139020537 0.3412076990521327 0.8738020134281201 0.34200938546603477 0.8762611137440758 0.35015359557661924 0.8723414992101106 0.3541716603475514 0.8684070805687204 0.3538274439178515 0.8701037314375988 0.3480290813586098 0.8624118191153238 0.3362554328593997 0.8391739605055293 0.31638198341232227 0.8277149233807267 0.31141491469194316 0.8102065837282779 0.29402500000000004 0.7953246374407583 0.2919300916271722 0.7930476334913111 0.2952989597156398 0.797523167456556 0.3075841184834123 0.8034051761453397 0.3128561674565561 0.8040839794628752 0.3232233412322275 0.8112643823064771 0.331780612164297 0.8079791603475514 0.3330790055292259 0.8076941563981043 0.3544625505529226 0.8032630308056873 0.35526423775671406 0.7974498657187994 0.3492053048973144 0.7772662646129542 0.3442678420221169 0.7590006477093206 0.3355336477093207 0.751353144549763 0.33684684439178514 0.749877827014218 0.34464683728278045 0.7623502535545024 0.37428267377567137 0.7752994123222748 0.37581203159557663 0.7863601927330174 0.3898626840442338 0.7876881927330174 0.4018724691943128 0.796776948657188 0.42486901895734597 0.7960885142180095 0.43273785545023696 0.8029246998420221 0.4452295442338073 0.8003774944707741 0.4743442393364929 0.8042830197472354 0.5293964881516587 0.813258522906793 0.5400930758293839 0.8241372069510269 0.5426306508688784 0.8361914012638231 0.554389496050553 0.8471004060031596 0.6290842306477092 0.8605070339652449 0.6389791319115324 0.8591501413902055 0.6816773791469194 0.8549307187993681 0.7027167069510268 0.8490783159557662 0.7061692219589257 0.8458819139020537 0.7336413056872038 0.8368427393364929 0.7463298941548183 0.8371773254344392 0.76063148657188 0.8334101998420221 0.7674380655608215 0.8308333878357029 0.7878281966824644 0.8235056682464456 0.7990807045813586 0.8267516524486572 0.8072937582938389 0.8240467843601895 0.8110216461295419 0.826407435229068 0.8112281761453397 0.8314729541864139 0.8077068183254345 0.831000680884676 0.7949789928909953 0.838274360979463 0.7888756508688783 0.843246602685624 0.8000149060031595 0.8377680236966824 0.8082575655608215 0.8412057345971565 0.8097476864139019 0.8895543127962086 0.7691784123222748 0.9255829541864139 0.7017618167456556
0 0.9289231058451817 0.33731697630331753 0.9331328981042654 0.3345136587677725 0.9175033056872038 0.3228384597156398 0.9211327440758295 0.31760564849921014 0.9072146050552923 0.304494368878357 0.9091325900473933 0.3006976374407583 0.903181737756714 0.2962124723538705 0.9066734889415482 0.29255342733017375 0.8970783957345971 0.28893879225908375 0.8891651492890994 0.27516351263823063 0.8812126666666668 0.27089968088467614 0.8726650268562401 0.25984407266982623 0.8685929218009478 0.2610736224328594 0.8463632804107425 0.2432706477093207 0.8347665560821486 0.23987734597156402 0.820199220379147 0.22512345576619275 0.8116811872037915 0.22279241153238544 0.7704678886255923 0.1953995150078989 0.7735909897314376 0.2095486176935229 0.7936864857819905 0.25174498578199056 0.8222311714060031 0.29705928199052134 0.8844201271721958 0.35205677725118484 0.9462108262243286 0.41613785545023696 0.9566616469194312 0.4190344510268562 0.9608025947867299 0.4170180165876777 0.9519203696682464 0.3916608159557662 0.9516546263823064 0.37657234044233806 0.9448184407582938 0.3640806516587678 0.9458510924170616 0.3522773965244866 0.9366002156398104 0.3447283428120063 0.9284412022116902 0.3428251619273302 0.9289231058451817 0.33731697630331753
3 0.6309726082148499 0.14037829936808846 0.6133561879936809 0.13328671563981043 0.5533168949447077 0.1216907045813586 0.5348151413902054 0.1065925979462875 0.5225003767772511 0.10234356872037914 0.47922177567140595 0.09855718167456556 0.4565694431279621 0.1037115197472354 0.44936460663507105 0.10902797788309636 0.44703356161137436 0.11754601105845182 0.46033210979462874 0.13773924328593998 0.4490011279620853 0.1494344178515008 0.45154387519747236 0.1611540260663507 0.4782586816745656 0.1730061484992101 0.5145930165876776 0.1745991777251185 0.5244242464454977 0.18457772511848342 0.5282653870458136 0.19958255529225907 0.5396111721958926 0.19224966271721958 0.5374274454976303 0.18095791785150078 0.5398517677725119 0.15777927172195894 0.544007518957346 0.16012512006319116 0.5450993823064771 0.16577099210110585 0.5411160963665087 0.19317423301737757 0.5512226998420221 0.2000052464454976 0.5723308720379147 0.203437785150079 0.5830422630331753 0.19882456398104265 0.5957700876777251 0.1983522914691943 0.603884691943128 0.18716862717219587 0.6079864028436018 0.19466363981042653 0.6121273515007899 0.19264720616113745 0.6231733285939969 0.2023355774091627 0.6370322551342812 0.19799772985781988 0.6422354605055293 0.19290260426540284 0.6493174131121643 0.19352219510268562 0.6700125244865719 0.20167603633491313 0.6741534731437598 0.1996596018957346 0.7063468593996841 0.20326906477093207 0.7376452812006319 0.2171080157977883 0.7479732180094787 0.22594065955766196 0.7605781595576618 0.23140443601895733 0.7630764976303318 0.2300371982622433 0.7643156785150079 0.21587329304897315 0.7697550205371249 0.2171420805687204 0.7644629960505529 0.1960635150078989 0.7487497575039495 0.1808129178515008 0.714510330963665 0.1643379431279621 0.6530053507109005 0.14230591469194312 0.6309726082148499 0.14037829936808846