1 0.6855685584843493 0.37033730889621086 0.6731081919275123 0.3699904250411862 0.6570462421746294 0.3787188179571664 0.6563328039538715 0.39163184184514005 0.695748327018122 0.4790118912685338 0.7041765980230643 0.4843379983525535 0.7193971927512356 0.4794252075782537 0.7280001433278419 0.4706525255354201 0.7291662380560132 0.4581060568369028 0.7152027874794069 0.419817168863262 0.6942551375617793 0.3781210477759473 0.6855685584843493 0.37033730889621086
1 0.5891548088962109 0.6902402388797364 0.5255171482701811 0.68367665815486 0.5127541861614497 0.6883311416803954 0.4668808558484349 0.6774156729818781 0.4627848014827018 0.6778461853377266 0.4546123640856672 0.69071492092257 0.4530354275123558 0.711173046952224 0.4577341993410214 0.7164770098846788 0.471530392092257 0.7216530551894563 0.5472815354200988 0.7410238871499176 0.6089363640856672 0.7444828294892916 0.6211384233937397 0.7423720807248764 0.6415596812191103 0.7041963871499176 0.6398573014827018 0.699819881383855 0.5891548088962109 0.6902402388797364
1 0.49920393245469524 0.7642987784184514 0.4707923360790774 0.7540327891268533 0.35727634184514 0.706329042833608 0.35216672817133443 0.7089367364085667 0.3435170164744646 0.7409056268533772 0.36063186655683693 0.7540154736408566 0.4006403311367381 0.7721734489291598 0.4453918550247117 0.7881763871499177 0.5048891729818781 0.8026294802306425 0.5186435510708403 0.7995273154859968 0.5347940774299835 0.7758809225700165 0.5296426490939045 0.7702104060955519 0.49920393245469524 0.7642987784184514
1 0.6763158920922571 0.6723825041186162 0.6701484299835255 0.6846263780889621 0.6712899069192751 0.691546618616145 0.6930617141680395 0.7016822174629325 0.7318647438220758 0.708371241350906 0.7455994514003295 0.6932613665568369 0.7500423887973641 0.6803704876441516 0.7415280148270181 0.6742251696869852 0.7026831721581549 0.6592579349258648 0.6903089077429984 0.6597302619439869 0.6763158920922571 0.6723825041186162
1 0.7676862224052718 0.6197095485996705 0.7589307380560132 0.638851518121911 0.7593391062602965 0.6466770724876442 0.7739102224052719 0.6592260148270181 0.7984422578253707 0.664101939044481 0.8055789909390445 0.6571398838550248 0.8136874703459638 0.6397224382207578 0.8131708550247118 0.6348071738056013 0.7952589382207578 0.6180539299835255 0.7757282693574958 0.6134806013179571 0.7676862224052718 0.6197095485996705
1 0.7785154703459638 0.7109223970345964 0.7950276029654036 0.7182977677100495 0.8033058130148271 0.7182559538714991 0.8138497808896211 0.7043096993410214 0.8154463879736409 0.695859284184514 0.8042160741350906 0.6875146416803954 0.7932219233937396 0.6853571317957167 0.7804786317957166 0.7020193253706755 0.7785154703459638 0.7109223970345964
1 0.20906091103789126 0.4663887397034596 0.2105861392092257 0.5006012438220758 0.25327120263591435 0.4969431227347611 0.2570228467874794 0.49323576771004946 0.2810382668863262 0.4931964266886326 0.2852868550247117 0.4823966252059308 0.2833507850082372 0.4560957775947282 0.27117086985172983 0.4544770263591433 0.21171289291598022 0.4640393542009885 0.20906091103789126 0.4663887397034596
1 0.19288093904448103 0.40307087149917625 0.21801569275123556 0.41368127100494234 0.22674903294892915 0.39826880065897863 0.22864823558484348 0.38481701812191105 0.1912917528830313 0.36430965733113674 0.1816530988467875 0.37898901894563425 0.18111186655683692 0.39354046457990116 0.19288093904448103 0.40307087149917625
1 0.7073178665568369 0.7979185774299835 0.7350849308072488 0.7941718813838551 0.7443127421746294 0.7874041754530477 0.751752071663921 0.7754407528830314 0.7110719835255355 0.7784740115321253 0.7014776177924218 0.785694373970346 0.6979621375617793 0.7955888624382208 0.7073178665568369 0.7979185774299835
1 0.8173135518945635 0.7490858410214168 0.8294295090609555 0.7461558822075783 0.8387655675453047 0.7364778871499177 0.8420005955518945 0.7278552668863262 0.824086205107084 0.7268392331136738 0.8146640444810543 0.7356980172981877 0.8105015584843492 0.7473170296540362 0.8173135518945635 0.7490858410214168
1 0.8744049464579902 0.7091266120263592 0.8830521853377266 0.6928949316309719 0.8817163591433278 0.6880657693574959 0.8777285518945636 0.6855859925864909 0.871260967874794 0.6870940238879737 0.8644686441515651 0.6973329217462932 0.8625915856672158 0.7070552042833608 0.8744049464579902 0.7091266120263592
1 0.10325739538714991 0.31475594398682044 0.0937909464579901 0.3310737273476112 0.09264699588138386 0.3398906968698517 0.1300674373970346 0.3649467685337726 0.1432880032948929 0.32918441927512354 0.10325739538714991 0.31475594398682044
1 0.42708441186161444 0.13328997940691928 0.43415471334431627 0.1375164233937397 0.45053892915980226 0.13579437314662274 0.46069419851729815 0.12603027594728172 0.4711742067545305 0.10753531136738055 0.4646426647446458 0.10449463179571664 0.44834455107084026 0.10703589291598023 0.4273009052718286 0.1274694011532125 0.42708441186161444 0.13328997940691928
1 0.3843132454695223 0.1361288887973641 0.4014305700164744 0.13350152471169688 0.41277160378912686 0.12319866803953872 0.42232415568369025 0.10770009555189457 0.4150595049423394 0.10556472899505767 0.40139122899505764 0.10948610461285009 0.38077809472817137 0.13401566639209225 0.3843132454695223 0.1361288887973641
1 0.35184741021416804 0.13457162273476111 0.36452427018121913 0.12909792833607908 0.38697017462932454 0.10230508319604613 0.36858098270181217 0.10465199505766062 0.34956445634266886 0.12073114168039539 0.34259992751235585 0.12933161779242175 0.34266388632619443 0.13388032866556837 0.35184741021416804 0.13457162273476111
1 0.4813762380560132 0.07457500411861614 0.4692159925864909 0.08496396375617793 0.4658087594728172 0.0919481622734761 0.4873665469522241 0.09216712932454696 0.4983853154859967 0.07485792998352554 0.4813762380560132 0.07457500411861614