1 0.232421875 0.425 0.24765625 0.420703125 0.2515625 0.410546875 0.25625 0.371484375 0.2671875 0.349609375 0.255078125 0.31796875 0.250390625 0.3171875 0.224609375 0.328125 0.21328125 0.341796875 0.20078125 0.372265625 0.19453125 0.419921875 0.196875 0.430078125 0.205859375 0.425 0.232421875 0.425
1 0.1859375 0.705859375 0.16875 0.658984375 0.15 0.582421875 0.116015625 0.571875 0.1140625 0.576953125 0.11796875 0.605078125 0.12734375 0.643359375 0.14453125 0.693359375 0.1640625 0.734765625 0.177734375 0.75234375 0.2203125 0.778515625 0.20078125 0.731640625 0.1859375 0.705859375
1 0.382421875 0.88359375 0.31171875 0.863671875 0.32890625 0.888671875 0.353515625 0.91015625 0.385546875 0.92265625 0.4265625 0.926953125 0.418359375 0.91484375 0.382421875 0.88359375
1 0.30546875 0.220703125 0.30859375 0.210546875 0.30703125 0.202734375 0.295703125 0.20234375 0.274609375 0.21171875 0.253125 0.239453125 0.25 0.248828125 0.25234375 0.252734375 0.294921875 0.23359375 0.30546875 0.220703125
1 0.6921875 0.211328125 0.663671875 0.1875 0.627734375 0.17734375 0.61640625 0.182421875 0.6171875 0.192578125 0.635546875 0.2078125 0.6875 0.221484375 0.6921875 0.216015625 0.6921875 0.211328125
1 0.384375 0.153515625 0.370703125 0.1484375 0.346484375 0.15625 0.334375 0.165234375 0.33046875 0.173046875 0.330859375 0.178125 0.33671875 0.177734375 0.376171875 0.165625 0.384375 0.153515625
1 0.54765625 0.119140625 0.535546875 0.11328125 0.513671875 0.1125 0.50390625 0.116796875 0.5046875 0.120703125 0.511328125 0.12421875 0.546875 0.126171875 0.54921875 0.123046875 0.54765625 0.119140625
1 0.29140625 0.191796875 0.29765625 0.177734375 0.291015625 0.1765625 0.274609375 0.18359375 0.25703125 0.201953125 0.25390625 0.208203125 0.25703125 0.209765625 0.285546875 0.19765625 0.29140625 0.191796875
1 0.1984375 0.216015625 0.198046875 0.2109375 0.190234375 0.21328125 0.1796875 0.225390625 0.1734375 0.234765625 0.1734375 0.240234375 0.1890625 0.229296875 0.1984375 0.216015625
1 0.89609375 0.684765625 0.901171875 0.65859375 0.894140625 0.6609375 0.88125 0.675390625 0.8703125 0.701953125 0.86640625 0.717578125 0.86640625 0.723046875 0.86875 0.723046875 0.88828125 0.701953125 0.89609375 0.684765625
1 0.93828125 0.635546875 0.94765625 0.609765625 0.945703125 0.60234375 0.9375 0.607421875 0.92734375 0.623828125 0.91015625 0.670703125 0.9109375 0.677734375 0.91875 0.670703125 0.93828125 0.635546875