1 0.55546875 0.698828125 0.570703125 0.6828125 0.58671875 0.672265625 0.60078125 0.640234375 0.59296875 0.597265625 0.584765625 0.584375 0.560546875 0.58046875 0.548828125 0.571875 0.478515625 0.56875 0.47265625 0.573046875 0.4703125 0.588671875 0.447265625 0.60625 0.43515625 0.623828125 0.41171875 0.668359375 0.40703125 0.684765625 0.4078125 0.697265625 0.416796875 0.7125 0.435546875 0.7171875 0.515625 0.721484375 0.543359375 0.71796875 0.55546875 0.698828125
1 0.778125 0.537109375 0.78671875 0.491796875 0.78515625 0.435546875 0.77265625 0.400390625 0.766015625 0.3921875 0.724609375 0.38125 0.719921875 0.38203125 0.71328125 0.391796875 0.69921875 0.441796875 0.6859375 0.447265625 0.69296875 0.458984375 0.6875 0.530859375 0.694140625 0.546875 0.74453125 0.546484375 0.773046875 0.54296875 0.778125 0.537109375
1 0.7125 0.381640625 0.71015625 0.349609375 0.70234375 0.326171875 0.679296875 0.3109375 0.644921875 0.30234375 0.631640625 0.303125 0.6140625 0.332421875 0.60859375 0.363671875 0.61171875 0.394921875 0.616015625 0.39921875 0.639453125 0.40390625 0.69609375 0.408984375 0.70546875 0.405859375 0.7125 0.381640625
1 0.73046875 0.251953125 0.713671875 0.22734375 0.686328125 0.21640625 0.6765625 0.217578125 0.6734375 0.223828125 0.67421875 0.232421875 0.682421875 0.25234375 0.73125 0.269140625 0.7328125 0.258984375 0.73046875 0.251953125
1 0.78046875 0.283203125 0.766015625 0.26796875 0.751171875 0.26015625 0.743359375 0.2609375 0.73984375 0.276171875 0.74296875 0.295703125 0.74921875 0.311328125 0.769921875 0.3234375 0.79140625 0.330859375 0.79296875 0.316015625 0.78046875 0.283203125
1 0.84609375 0.612109375 0.85703125 0.559765625 0.85625 0.527734375 0.848828125 0.5203125 0.835546875 0.52109375 0.8296875 0.525390625 0.809375 0.611328125 0.809375 0.628515625 0.841015625 0.61796875 0.84609375 0.612109375
1 0.85390625 0.415234375 0.8515625 0.389453125 0.847265625 0.38359375 0.828515625 0.38125 0.825 0.383984375 0.82265625 0.423828125 0.825 0.497265625 0.827734375 0.5015625 0.8609375 0.501953125 0.8609375 0.443359375 0.85390625 0.415234375
1 0.836328125 0.38125 0.847265625 0.3859375 0.84921875 0.377734375 0.8390625 0.350390625 0.819921875 0.3390625 0.81640625 0.359765625 0.81953125 0.389453125 0.82421875 0.397265625 0.827734375 0.38125 0.836328125 0.38125
1 0.83359375 0.312109375 0.823828125 0.30078125 0.812109375 0.2953125 0.8109375 0.309765625 0.81953125 0.336328125 0.8453125 0.356640625 0.84375 0.338671875 0.83359375 0.312109375
1 0.8328125 0.296484375 0.8203125 0.273828125 0.804296875 0.26640625 0.81171875 0.294140625 0.823046875 0.3 0.8359375 0.315234375 0.8375 0.309765625 0.8328125 0.296484375
1 0.796484375 0.240625 0.791015625 0.23984375 0.78984375 0.243359375 0.8 0.264453125 0.8203125 0.271484375 0.80859375 0.251171875 0.796484375 0.240625
1 0.743359375 0.20390625 0.727734375 0.19609375 0.7203125 0.198046875 0.721875 0.208203125 0.729296875 0.21796875 0.76328125 0.232421875 0.76171875 0.223828125 0.743359375 0.20390625
1 0.89453125 0.339453125 0.887109375 0.32890625 0.882421875 0.328125 0.88828125 0.355859375 0.89921875 0.367578125 0.9015625 0.365234375 0.89453125 0.339453125
1 0.598828125 0.93203125 0.637109375 0.90546875 0.6453125 0.894140625 0.639453125 0.89296875 0.576171875 0.90546875 0.52265625 0.934765625 0.526171875 0.94140625 0.5453125 0.941015625 0.584765625 0.93671875 0.598828125 0.93203125
1 0.5765625 0.858984375 0.5828125 0.843359375 0.58125 0.837109375 0.561328125 0.82890625 0.547265625 0.828125 0.54296875 0.831640625 0.536328125 0.84921875 0.462109375 0.84921875 0.448046875 0.85703125 0.44140625 0.866015625 0.44375 0.877734375 0.452734375 0.8828125 0.51484375 0.886328125 0.549609375 0.88203125 0.5765625 0.858984375
1 0.473046875 0.93046875 0.47421875 0.925390625 0.465234375 0.91875 0.395703125 0.90859375 0.375 0.914453125 0.377734375 0.9234375 0.398828125 0.93125 0.446875 0.938671875 0.455859375 0.93828125 0.473046875 0.93046875
1 0.41171875 0.941796875 0.393359375 0.9296875 0.353515625 0.91875 0.33671875 0.918359375 0.3359375 0.926171875 0.344921875 0.93359375 0.380078125 0.94453125 0.4046875 0.947265625 0.410546875 0.9453125 0.41171875 0.941796875
3 0.2515625 0.858984375 0.254296875 0.85625 0.263671875 0.85625 0.26328125 0.851171875 0.208203125 0.79609375 0.173046875 0.771875 0.18046875 0.788671875 0.1890625 0.798828125 0.188671875 0.803125 0.16796875 0.781640625 0.1609375 0.769140625 0.155078125 0.7671875 0.15703125 0.788671875 0.1625 0.801171875 0.18125 0.819140625 0.180859375 0.82265625 0.176171875 0.81953125 0.16875 0.819921875 0.1765625 0.832421875 0.1765625 0.839453125 0.227734375 0.878125 0.246484375 0.8890625 0.2515625 0.888671875 0.26015625 0.867578125 0.2515625 0.858984375
3 0.38046875 0.666796875 0.384375 0.652734375 0.40703125 0.607421875 0.4203125 0.587890625 0.435546875 0.57109375 0.447265625 0.56875 0.4625 0.552734375 0.47421875 0.502734375 0.47265625 0.494921875 0.46640625 0.490234375 0.46171875 0.476953125 0.45 0.466796875 0.4484375 0.455859375 0.4359375 0.443359375 0.434765625 0.43515625 0.401953125 0.428125 0.387109375 0.42109375 0.368359375 0.425 0.353515625 0.4421875 0.345703125 0.44296875 0.338671875 0.43984375 0.334375 0.430078125 0.330078125 0.428125 0.318359375 0.4359375 0.293359375 0.440625 0.2765625 0.461328125 0.26015625 0.474609375 0.25625 0.502734375 0.24765625 0.523828125 0.24765625 0.551953125 0.25234375 0.569140625 0.255078125 0.571875 0.274609375 0.56953125 0.2796875 0.578515625 0.27734375 0.631640625 0.28984375 0.666796875 0.311328125 0.67890625 0.35859375 0.688671875 0.365234375 0.6875 0.38046875 0.666796875
3 0.62890625 0.282421875 0.628125 0.258984375 0.615234375 0.24921875 0.569921875 0.22734375 0.535546875 0.22109375 0.514453125 0.221875 0.498828125 0.2296875 0.483984375 0.225 0.467578125 0.22578125 0.433203125 0.23671875 0.412890625 0.24765625 0.40078125 0.259765625 0.40078125 0.280078125 0.3921875 0.297265625 0.3921875 0.301953125 0.396484375 0.30625 0.462109375 0.2890625 0.481640625 0.2953125 0.502734375 0.296875 0.522265625 0.3078125 0.5890625 0.313671875 0.619921875 0.29296875 0.62890625 0.282421875
3 0.326171875 0.43203125 0.330078125 0.43359375 0.3375 0.423046875 0.345703125 0.35078125 0.343359375 0.35546875 0.32890625 0.362109375 0.30859375 0.391015625 0.29609375 0.431640625 0.296875 0.437890625 0.303125 0.439453125 0.318359375 0.43671875 0.326171875 0.43203125
3 0.58125 0.334765625 0.584375 0.324609375 0.580859375 0.31484375 0.522265625 0.30859375 0.498828125 0.29765625 0.462109375 0.2921875 0.438671875 0.3 0.424609375 0.3109375 0.391015625 0.31953125 0.3734375 0.335546875 0.36484375 0.365234375 0.35859375 0.426953125 0.360546875 0.4296875 0.365234375 0.43125 0.376953125 0.4234375 0.384765625 0.42265625 0.400390625 0.43046875 0.438671875 0.4375 0.448046875 0.43828125 0.451171875 0.43515625 0.455859375 0.4375 0.458984375 0.43359375 0.463671875 0.4375 0.46484375 0.434765625 0.46171875 0.431640625 0.466796875 0.43046875 0.469921875 0.43671875 0.476171875 0.43359375 0.478515625 0.4375 0.48046875 0.433984375 0.47734375 0.431640625 0.481640625 0.43125 0.486328125 0.4375 0.490234375 0.434375 0.494921875 0.4375 0.496875 0.433984375 0.49375 0.431640625 0.496484375 0.43125 0.501171875 0.43828125 0.50703125 0.439453125 0.53984375 0.399609375 0.58125 0.334765625
3 0.658984375 0.2171875 0.577734375 0.1890625 0.562890625 0.1890625 0.550390625 0.19296875 0.526171875 0.1921875 0.5078125 0.204296875 0.5078125 0.221484375 0.510546875 0.22421875 0.533203125 0.2203125 0.568359375 0.2265625 0.63203125 0.256640625 0.65546875 0.228515625 0.658984375 0.2171875
3 0.117578125 0.4875 0.12265625 0.478515625 0.128125 0.425390625 0.1265625 0.401953125 0.14375 0.326953125 0.141796875 0.3015625 0.12265625 0.319921875 0.1109375 0.351171875 0.103125 0.359765625 0.0796875 0.412890625 0.07578125 0.458984375 0.082421875 0.46875 0.0875 0.469140625 0.09375 0.489453125 0.10234375 0.494140625 0.108984375 0.484375 0.117578125 0.4875
3 0.13828125 0.448046875 0.14765625 0.433203125 0.15234375 0.400390625 0.15703125 0.383984375 0.1640625 0.373046875 0.16171875 0.346484375 0.15390625 0.333203125 0.153515625 0.325 0.14375 0.333984375 0.1390625 0.344921875 0.1265625 0.396484375 0.125 0.460546875 0.12890625 0.462109375 0.1375 0.454296875 0.13828125 0.448046875
3 0.1953125 0.341796875 0.2046875 0.331640625 0.2046875 0.325390625 0.2078125 0.322265625 0.19765625 0.317578125 0.20234375 0.314453125 0.19609375 0.312109375 0.1953125 0.298828125 0.185546875 0.29453125 0.182421875 0.2890625 0.16875 0.301953125 0.15390625 0.326171875 0.15859375 0.337890625 0.16015625 0.370703125 0.165625 0.373828125 0.18515625 0.361328125 0.1953125 0.341796875
3 0.228125 0.270703125 0.212890625 0.2578125 0.19921875 0.266015625 0.16484375 0.309765625 0.184765625 0.31328125 0.188671875 0.3109375 0.190625 0.317578125 0.201171875 0.3234375 0.2046875 0.330078125 0.2296875 0.290234375 0.228125 0.270703125
3 0.24765625 0.281640625 0.271875 0.236328125 0.27421875 0.215234375 0.269921875 0.2078125 0.261328125 0.20703125 0.223828125 0.22890625 0.2078125 0.249609375 0.20390625 0.262890625 0.212109375 0.25703125 0.22578125 0.268359375 0.2296875 0.279296875 0.234375 0.283203125 0.23359375 0.286328125 0.23671875 0.287890625 0.243359375 0.28671875 0.24765625 0.281640625
3 0.294140625 0.23203125 0.31640625 0.209765625 0.32421875 0.192578125 0.316015625 0.178125 0.308984375 0.17578125 0.295703125 0.18125 0.274609375 0.19375 0.25859375 0.208203125 0.2671875 0.212109375 0.26640625 0.224609375 0.26953125 0.227734375 0.26953125 0.239453125 0.27265625 0.240234375 0.280078125 0.23515625 0.294140625 0.23203125
1 0.208203125 0.4484375 0.21328125 0.435546875 0.234375 0.413671875 0.2421875 0.373828125 0.239453125 0.36015625 0.227734375 0.359375 0.209765625 0.36484375 0.201171875 0.36953125 0.1890625 0.384765625 0.171875 0.419140625 0.16796875 0.436328125 0.16875 0.454296875 0.18515625 0.455859375 0.200390625 0.453125 0.208203125 0.4484375
1 0.428125 0.212890625 0.43125 0.201171875 0.429296875 0.19609375 0.419921875 0.19296875 0.40625 0.195703125 0.3953125 0.213671875 0.390625 0.231640625 0.392578125 0.2359375 0.39765625 0.235546875 0.419140625 0.22265625 0.428125 0.212890625
1 0.38671875 0.214453125 0.3875 0.203515625 0.384765625 0.196875 0.370703125 0.203125 0.34453125 0.226171875 0.3359375 0.243359375 0.337890625 0.24609375 0.34296875 0.245703125 0.37734375 0.238671875 0.38671875 0.214453125
2 0.31875 0.694921875 0.31640625 0.686328125 0.307421875 0.68359375 0.299609375 0.68828125 0.29453125 0.703515625 0.309375 0.732421875 0.3390625 0.733984375 0.3421875 0.722265625 0.31875 0.694921875
1 0.33828125 0.730859375 0.310546875 0.7265625 0.3078125 0.730078125 0.30859375 0.740234375 0.31328125 0.755078125 0.328515625 0.76171875 0.336328125 0.76953125 0.346875 0.772265625 0.359375 0.769140625 0.33828125 0.730859375