1 0.23768867822580647 0.41758690403225807 0.25572347661290323 0.4009636387096774 0.2651821822580645 0.34426524193548386 0.2507104879032258 0.3415929137096774 0.23201010564516128 0.3501388169354839 0.20942086612903224 0.37353846612903224 0.1998053 0.4161190725806452 0.21045850887096773 0.42961350322580644 0.22252529112903224 0.43143727903225804 0.2298244741935484 0.42914496290322585 0.23768867822580647 0.41758690403225807
1 0.4345420451612903 0.8537501887096773 0.4530876072580645 0.8540739024193549 0.4567794217741935 0.8505087588709678 0.4564958911290322 0.8436479266129032 0.45151513225806456 0.8286393596774193 0.4431823879032258 0.8208314540322581 0.3925244193548387 0.8118814709677419 0.36269025483870965 0.8113607137096773 0.3565935282258064 0.8140773056451613 0.36475737822580645 0.8315611572580646 0.391947364516129 0.8449409516129032 0.4345420451612903 0.8537501887096773
1 0.30200835000000004 0.706656689516129 0.3066070556451613 0.7204487258064516 0.3165102338709677 0.7307037669354839 0.34934452177419356 0.7441820830645162 0.3670274572580645 0.7477170379032259 0.40169959516129033 0.7483222419354839 0.40349522096774193 0.7378681169354838 0.39895077258064515 0.6978633572580645 0.3892446379032258 0.6763197129032258 0.3611357266129032 0.669376475 0.33855852016129034 0.6689823879032257 0.3297733508064516 0.6639895959677419 0.29856783548387095 0.6727205072580645 0.29675813467741935 0.6839809612903226 0.30200835000000004 0.706656689516129
1 0.4282943701612903 0.7495930298387097 0.4838466096774193 0.7554021443548388 0.5596415153225807 0.7567251500000001 0.5887397241935484 0.7532001887096774 0.5932941661290322 0.746423804032258 0.5938149233870967 0.7165896387096774 0.6021576612903227 0.6776164008064516 0.5957774032258064 0.6734721604838709 0.5659432379032259 0.6729514032258065 0.49801457661290327 0.6830577459677419 0.4148501153225806 0.6880587008064516 0.41197870403225806 0.6908315911290323 0.4117394370967742 0.7045391798387097 0.41832081935483867 0.7433696322580645 0.4282943701612903 0.7495930298387097
1 0.6858791903225806 0.733118254032258 0.7589132403225807 0.707776110483871 0.7650662653225807 0.701834204032258 0.7793368354838709 0.6698203193548387 0.7861232137096774 0.6275936169354839 0.7831371653225807 0.6138297298387096 0.7629367225806452 0.6158968524193548 0.7522996282258064 0.6245835008064515 0.661258929032258 0.6649362508064516 0.6516413225806452 0.6845294491935484 0.6467511330645161 0.7336451330645162 0.6519430088709677 0.7365587677419354 0.6858791903225806 0.733118254032258
1 0.8673653782258065 0.6403037467741935 0.8860798346774194 0.6309515153225806 0.9013980411290322 0.6082315233870967 0.9152885991935484 0.5979885161290323 0.9231648370967742 0.5626367201612903 0.923359839516129 0.5283607096774193 0.920233045967742 0.5226601096774194 0.9056628298387097 0.5256320838709677 0.8993972088709677 0.538024620967742 0.8665247782258065 0.572940106451613 0.8568810629032257 0.6171333701612903 0.8549728411290322 0.6340381258064516 0.8576894322580644 0.6401348524193549 0.8673653782258065 0.6403037467741935
1 0.7732503112903225 0.7874739491935484 0.7799542830645162 0.7730726274193548 0.780547454032258 0.7621942258064517 0.683027975 0.8040470379032258 0.6727447846774194 0.8155628741935483 0.6643718572580645 0.8331613620967742 0.6650937387096774 0.8380134096774193 0.6694933612903227 0.8401066411290322 0.7108131725806451 0.8295358387096775 0.7530800580645161 0.8109158225806452 0.7732503112903225 0.7874739491935484
1 0.8353074387096775 0.7671829379032258 0.8480096153225807 0.755709325 0.8612627387096774 0.7357762975806452 0.8686302540322581 0.7064649306451614 0.8654190129032259 0.7056023040322581 0.843408868548387 0.7189298806451613 0.7996298879032259 0.7548648540322581 0.783010704032258 0.782804870967742 0.7796446435483871 0.790811860483871 0.7816252798387097 0.7928628693548387 0.8100438306451613 0.7820668741935484 0.8353074387096775 0.7671829379032258
1 0.7378201903225806 0.8533979072580645 0.7329962919354839 0.8525071314516128 0.6656487669354838 0.8755288096774193 0.6545873967741935 0.8854179137096774 0.6512213362903225 0.8934249032258065 0.6782826120967742 0.8910742491935484 0.7058666846774193 0.8818768370967742 0.7270564258064517 0.8693415145161291 0.7378201903225806 0.8533979072580645
1 0.8242481088709677 0.8000594491935483 0.7679358459677419 0.8377920887096775 0.7543006693548386 0.8565085854838709 0.7619537556451613 0.8570454580645162 0.8091712096774194 0.8320592588709678 0.8284929112903227 0.8110222975806451 0.8348007556451613 0.7962107741935485 0.8242481088709677 0.8000594491935483
2 0.4891945088709677 0.12556084112903226 0.45613502903225805 0.12498378548387097 0.44153666370967737 0.12956841693548388 0.4394575064516129 0.13316171048387096 0.4615541379032258 0.1379835677419355 0.48744110645161287 0.1335959798387097 0.49397618387096776 0.12887060322580643 0.4891945088709677 0.12556084112903226
1 0.2986516548387097 0.1827279870967742 0.2865145 0.1849358556451613 0.2661170129032258 0.1982915822580645 0.2533585387096774 0.21299050967741934 0.24904540403225808 0.2290467129032258 0.2591597 0.22720682258064517 0.28201839677419355 0.21147433306451616 0.2964880508064516 0.19115925322580646 0.2986516548387097 0.1827279870967742
1 0.3733828096774194 0.15257602096774192 0.3833824693548387 0.13419935322580645 0.3713016120967742 0.1331819064516129 0.34774918306451613 0.14244969032258065 0.324466210483871 0.15938463548387097 0.32599442096774195 0.1642507572580645 0.3217657330645161 0.17546898790322582 0.3334504637096774 0.17607623306451614 0.3555028314516129 0.1603296693548387 0.3733828096774194 0.15257602096774192