1 0.69453125 0.658984375 0.70078125 0.641015625 0.70390625 0.613671875 0.7015625 0.579296875 0.694921875 0.56328125 0.685546875 0.5609375 0.651953125 0.5625 0.63515625 0.569921875 0.63046875 0.587890625 0.6234375 0.598828125 0.6203125 0.619140625 0.6234375 0.670703125 0.63203125 0.673828125 0.685546875 0.66484375 0.69453125 0.658984375
1 0.688671875 0.8546875 0.703125 0.841015625 0.709375 0.823828125 0.715625 0.816015625 0.698828125 0.81796875 0.648046875 0.83515625 0.6359375 0.844140625 0.628125 0.858984375 0.6265625 0.871484375 0.6296875 0.872265625 0.654296875 0.8671875 0.688671875 0.8546875
1 0.16484375 0.482421875 0.16953125 0.453515625 0.169140625 0.42734375 0.159765625 0.428125 0.15234375 0.432421875 0.14453125 0.454296875 0.1421875 0.486328125 0.144921875 0.4890625 0.15546875 0.488671875 0.160546875 0.48828125 0.16484375 0.482421875
1 0.22578125 0.279296875 0.23203125 0.267578125 0.230078125 0.26171875 0.218359375 0.26640625 0.20390625 0.283203125 0.19921875 0.294140625 0.20390625 0.296484375 0.216015625 0.28984375 0.22578125 0.279296875
1 0.334375 0.211328125 0.3359375 0.201171875 0.329296875 0.19921875 0.316015625 0.2046875 0.3046875 0.219921875 0.30390625 0.223828125 0.309375 0.224609375 0.330078125 0.2171875 0.334375 0.211328125
1 0.53046875 0.171484375 0.516015625 0.165625 0.501953125 0.165625 0.4921875 0.170703125 0.494140625 0.1796875 0.5140625 0.180078125 0.526953125 0.17890625 0.53046875 0.171484375
1 0.5390625 0.454296875 0.540625 0.445703125 0.546875 0.439453125 0.54765625 0.419921875 0.541796875 0.4203125 0.540625 0.416015625 0.54765625 0.412109375 0.54609375 0.400390625 0.555078125 0.396875 0.5546875 0.392578125 0.54296875 0.380859375 0.54453125 0.376171875 0.54140625 0.373828125 0.53984375 0.363671875 0.532421875 0.35859375 0.473828125 0.35625 0.46953125 0.361328125 0.465625 0.437890625 0.4671875 0.457421875 0.473828125 0.4671875 0.52734375 0.467578125 0.53203125 0.465234375 0.5390625 0.454296875
2 0.45625 0.833984375 0.448828125 0.82578125 0.433203125 0.82421875 0.43046875 0.827734375 0.43125 0.843359375 0.437109375 0.8546875 0.4484375 0.858984375 0.45703125 0.843359375 0.45625 0.833984375
2 0.7859375 0.570703125 0.784765625 0.5640625 0.778125 0.566796875 0.7703125 0.583984375 0.76875 0.609765625 0.7640625 0.622265625 0.76953125 0.630859375 0.77890625 0.607421875 0.7859375 0.570703125
2 0.81328125 0.399609375 0.804296875 0.38203125 0.80078125 0.391796875 0.80234375 0.407421875 0.8125 0.433984375 0.81484375 0.423828125 0.81328125 0.399609375
2 0.84296875 0.392578125 0.839453125 0.38671875 0.836328125 0.38671875 0.83515625 0.394921875 0.83984375 0.420703125 0.84453125 0.426171875 0.846875 0.423828125 0.84296875 0.392578125