1 0.6682208706754531 0.5896625131795716 0.6634057191103789 0.5962692166392092 0.6599495873146622 0.6105933764415157 0.6628518920922569 0.6158410601317957 0.6678580197693574 0.6704810799011532 0.6736621120263591 0.6754815280065898 0.6868125494233938 0.6720228154859967 0.7141008154859967 0.660227784184514 0.722002536243822 0.6486815370675453 0.7241615856672158 0.6287390988467875 0.7194042421746294 0.5934856252059307 0.7224908113673806 0.588546082372323 0.715636355848435 0.5753342232289951 0.6847665337726524 0.5807703023064251 0.6682208706754531 0.5896625131795716
1 0.41489714250411863 0.5707936696869852 0.40631462108731464 0.5647438912685337 0.3740862957166392 0.5679574341021416 0.364521028830313 0.6162395337726524 0.35964393904448105 0.620747060955519 0.3664978780889621 0.628464 0.36582017545304774 0.643837489291598 0.3705754538714992 0.6571112858319604 0.37662678171334435 0.6650135230642504 0.39317399341021414 0.6726060700164744 0.4215126227347611 0.6690224489291599 0.4310820197693575 0.6646997034596376 0.4334893377265238 0.658648892092257 0.4290422001647446 0.6393862215815486 0.4321287693574959 0.6344466779242174 0.4295970593080725 0.6308042166392093 0.4339172240527183 0.6128990172981877 0.427308971169687 0.5915991087314663 0.41489714250411863 0.5707936696869852
1 0.4864441268533773 0.4595920074135091 0.49156896787479404 0.4634811878088962 0.493421942339374 0.47150730065897856 0.4935489151565074 0.5086751696869851 0.498860086490939 0.5243567998352554 0.504478881383855 0.5285546375617792 0.5499190658978583 0.5184866392092257 0.560290557660626 0.5084836771004942 0.5542985864909391 0.47520602059308076 0.5562733714991763 0.4654508097199341 0.5532461589785832 0.4450149332784184 0.5433051342668863 0.436742618616145 0.5363283517298187 0.43581716392092257 0.4941605502471169 0.44724314909390445 0.4864441268533773 0.4595920074135091
1 0.5970155691927512 0.39475391845140034 0.6306018822075783 0.3882679934102142 0.6320207751235585 0.3761049489291598 0.6147297915980231 0.33782735996705104 0.5951574324546952 0.3317786136738056 0.5734255065897859 0.3401773855024712 0.5710181894563426 0.34622819769357494 0.574415996705107 0.36826929571663924 0.586149089785832 0.39345838550247114 0.5970155691927512 0.39475391845140034
1 0.6225029901153212 0.2726284851729819 0.6215140485996705 0.26102133278418455 0.6149682504118616 0.2473155205930807 0.610522661449753 0.24453760790774298 0.5891602981878089 0.24355176441515652 0.5811961235584844 0.24750391515650744 0.5832968492586491 0.2639267355848435 0.5913859324546953 0.275162776771005 0.6225029901153212 0.2726284851729819
1 0.7838092817133444 0.6948577487644152 0.7905388286655685 0.6928814151565075 0.8122702380560132 0.6789877232289951 0.817332107907743 0.6697878887973641 0.8236249925864909 0.6201478014827018 0.8190555271828666 0.613171535420099 0.7954716606260296 0.6245340337726524 0.7884964266886326 0.6400933369028007 0.7812156342668862 0.6891161103789126 0.7838092817133444 0.6948577487644152
1 0.26814212602965404 0.5979116112026359 0.2727755939044481 0.6289667306425041 0.28246989950576606 0.6398321771004942 0.306734050247117 0.6405707858319605 0.31488300658978585 0.6319263270181219 0.3132142973640857 0.6137129868204283 0.3168546935749588 0.589201600494234 0.3106170354200989 0.5695069135090609 0.2946246836902801 0.5533323616144975 0.2733861960461285 0.5565448714991763 0.26863349917627677 0.5707456713344317 0.26814212602965404 0.5979116112026359
1 0.34744115650741353 0.8535105197693575 0.3349070008237232 0.8449914859967051 0.30829592092257 0.835918107907743 0.3041595049423394 0.8381411606260297 0.30372852141680395 0.8509215189456343 0.31070581960461285 0.8573418929159802 0.3541722520593081 0.8680189439868206 0.34744115650741353 0.8535105197693575
1 0.20762471828665569 0.4749298887973641 0.21065089785831959 0.4843759266886326 0.2190476054365733 0.4841281754530477 0.2263944662273476 0.48116393327841844 0.23343215403624384 0.47319872570016475 0.2418257635914333 0.4399814588138385 0.23768728253706756 0.42022483360790774 0.22787064991762768 0.42164579159802307 0.2177458772652389 0.4290556227347611 0.21305460131795714 0.4398606803953871 0.20762471828665569 0.4749298887973641
1 0.25052648187808896 0.38978547940691927 0.26552834349258647 0.37786812108731466 0.27373768863261944 0.35483808072487644 0.26922964579901154 0.34446607248764416 0.2590424184514003 0.34428180724876445 0.24891816144975287 0.35718655848434927 0.24101798929159804 0.3852175634266886 0.24441424876441517 0.3907739036243822 0.25052648187808896 0.38978547940691927
1 0.8286104686985173 0.454991050247117 0.8342292644151565 0.4591888871499177 0.8467009654036244 0.4601138253706754 0.8518867116968699 0.45511234431630976 0.873001323723229 0.4477014802306425 0.8780631935749588 0.4385016457990115 0.8718255362438221 0.41880695881383856 0.8518825815485996 0.41115299011532125 0.8398434126853377 0.4139324514003295 0.8252740831960461 0.4295542084019769 0.8286104686985173 0.454991050247117
1 0.8699787570016475 0.4767198780889621 0.872819640032949 0.4853633039538715 0.8789943270181219 0.4919689752883031 0.8833160403624383 0.49054853377265245 0.8891805222405271 0.4811634019769358 0.9014664102141681 0.4757908097199341 0.9054789497528831 0.4693694028006589 0.9080710485996706 0.45862628336079075 0.9008459983525536 0.4438092026359143 0.8864604176276771 0.443748813014827 0.8713976499176277 0.4645568327841845 0.8699787570016475 0.4767198780889621
1 0.2894786754530478 0.32415149093904444 0.28886032948929163 0.31414956095551894 0.28540264909390445 0.31198896210873145 0.27274616639209226 0.3157563319604613 0.2658318377265239 0.3224249736408567 0.2585484637561779 0.34397315074135093 0.276638960461285 0.34909592668863265 0.2894786754530478 0.32415149093904444
1 0.2768825815485997 0.3135332792421746 0.29163875782537063 0.3151988912685338 0.29719509884678746 0.31180263261943986 0.30355301812191104 0.2972312380560132 0.30373728336079076 0.28704401070840196 0.2992916943986821 0.28426609802306424 0.29188289538714995 0.2851311639209226 0.28478327018121913 0.29099719357495885 0.2768201276771005 0.30593918369028006 0.2768825815485997 0.3135332792421746
1 0.3065771334431631 0.28469759802306427 0.3159612331136738 0.27957224135090614 0.322443028830313 0.2691992001647447 0.3247884077429984 0.26104921169686984 0.32139214909390446 0.25549287067545307 0.3063278327841845 0.2598161334431631 0.29743820345963756 0.2707450658978583 0.2937967751235585 0.2842666144975288 0.3065771334431631 0.28469759802306427
1 0.344419607907743 0.2362276194398682 0.3431225263591433 0.2306093410214168 0.32657634678747943 0.23400663179571662 0.3123161902800659 0.2546293542009885 0.3250965485996705 0.2550603385502471 0.34120967874794067 0.24246372817133446 0.344419607907743 0.2362276194398682
2 0.3601007215815486 0.22542152965403625 0.3569522149917628 0.22826189621087314 0.3565826523887974 0.2376465123558484 0.3575091392092257 0.241659568369028 0.3626954019769357 0.24215300658978584 0.36596726853377265 0.2380160741350906 0.3601007215815486 0.22542152965403625
3 0.14223899752883032 0.4498693220757825 0.12371751729818779 0.45752690444810545 0.11519848270181218 0.4700610601317957 0.11742308401976936 0.490682233937397 0.1143989686985173 0.5032158731466227 0.1178581985172982 0.5218612298187809 0.13366680148270182 0.5537179283360791 0.1495352784184514 0.5656941268533773 0.15422758649093904 0.5658789077429983 0.16632714415156508 0.5487138657331136 0.17293023393739704 0.5150645823723229 0.17978210790774302 0.5008018443163097 0.16995928006589786 0.43628377100494237 0.16372317133443162 0.4330738418451401 0.1576114546952224 0.4395571861614498 0.14699221087314662 0.44116344151565073 0.14223899752883032 0.4498693220757825
3 0.33978407495881385 0.18319282207578252 0.34515563509060954 0.18448887149917628 0.3583674934102142 0.17763441680395387 0.36256533113673806 0.17201562108731466 0.362873471169687 0.16602674794069194 0.356698784184514 0.1594210766062603 0.34712887067545306 0.15824890280065898 0.34052319934102143 0.1644235906095552 0.3390428855024712 0.17998237726523889 0.33978407495881385 0.18319282207578252
3 0.2550185205930807 0.22981499011532128 0.2503891828665568 0.24271922405271829 0.2528594703459638 0.24975742833607906 0.25094610708401976 0.25611689621087314 0.2595915988467875 0.2752556911037891 0.25811025205930804 0.2798246392092257 0.2710759077429984 0.2810582347611203 0.27576770016474467 0.2757480963756178 0.2824337602965404 0.2551878278418451 0.31015352635914334 0.23610735749588135 0.3285495823723229 0.20776666309719932 0.3341043747940692 0.18788564662273477 0.3318178352553542 0.16516529654036244 0.2700198665568369 0.2124027125205931 0.2550185205930807 0.22981499011532128
3 0.2545245658978583 0.2295063327841845 0.24995613344316311 0.23351990527182864 0.24526537479406918 0.24981988220757825 0.24261288632619438 0.2749485823723229 0.24767630560131795 0.2822335057660626 0.24057668039538715 0.28809953624382206 0.24088688632619443 0.30409033937397034 0.2502715024711697 0.3044599019769358 0.2704585939044481 0.28204614332784184 0.2655809884678748 0.2810587504118616 0.2574934546952224 0.28630746705107085 0.25008413920922573 0.28167761367380556 0.2552069151565074 0.2635871169686985 0.2533539415156507 0.25556100411861615 0.25810715485996705 0.24685512355848435 0.2545245658978583 0.2295063327841845
3 0.1991536820428336 0.34120040115321254 0.21508203130148268 0.3332960996705107 0.2211937479406919 0.32681275535420096 0.2266886672158155 0.3268122388797364 0.23076417792421747 0.33347984761120264 0.23650116968698517 0.28143192668863265 0.23446289868204284 0.27260320345963757 0.23915365733113672 0.25630322652388793 0.23736262108731468 0.25037629077429985 0.21112575041186163 0.2813725700164745 0.19353385420098845 0.3260127248764415 0.19433749835255354 0.336817266062603 0.1991536820428336 0.34120040115321254
3 0.3794779752883031 0.1262641985172982 0.3758360296540363 0.13429082701812192 0.3785530370675453 0.1387359003294893 0.3900368294892916 0.13904352471169687 0.3966435329489291 0.14385867545304779 0.4015825601317957 0.14145032537067545 0.4042985345963756 0.13490556013179572 0.4288703105436573 0.12416037479406919 0.44245224794069193 0.11341622322899507 0.45158859555189457 0.0998941589785832 0.44356196705107087 0.09625221334431631 0.43411592915980235 0.09927839373970346 0.3794779752883031 0.1262641985172982
0 0.8509328624382207 0.15986856672158156 0.8035751845140032 0.1323366787479407 0.7601696573311367 0.11276896540362438 0.707935406095552 0.09523952388797365 0.6925619168039538 0.09456182042833608 0.7029984439868204 0.1196275510708402 0.7060230757825371 0.11258883031301482 0.7167667116968699 0.12067584843492588 0.7171992438220758 0.12438024794069194 0.7113956680395387 0.12487471828665568 0.7102229777594729 0.1289497125205931 0.7190527347611203 0.13790128006589786 0.7214616004942339 0.14833522652388798 0.7287475560131795 0.15426164579901153 0.7370234851729819 0.18278505601317957 0.7434448920922571 0.1867975963756178 0.7481986210873147 0.18358663426688634 0.7552388904448105 0.20309602388797363 0.7619075321252059 0.21001035172981877 0.777528773476112 0.21908476194398682 0.7956203023064251 0.23519737644151564 0.8239625453047776 0.2700781902800659 0.836248949752883 0.27020051729818784 0.8522413023064249 0.28637506919275124 0.8674336243822075 0.3302095148270181 0.9028785906095552 0.39219381383855023 0.9474051952224053 0.5154857421746294 0.9468503352553541 0.5240677462932455 0.9511111433278419 0.5315379670510708 0.9541383558484349 0.5519738434925865 0.9506832570016475 0.5772878410214168 0.9543288163097199 0.6077256474464581 0.9576631375617793 0.6111828113673806 0.96284836738056 0.6006864110378912 0.972534928336079 0.529128068369028 0.9691298929159802 0.4301580996705107 0.9492406161449753 0.3366845988467875 0.9275024950576607 0.2791443401976936 0.9113232965403624 0.24568241927512358 0.8746437026359144 0.1856739373970346 0.8509328624382207 0.15986856672158156
1 0.9410529546952223 0.5905012487644151 0.9484607207578254 0.5786463443163098 0.9507436466227347 0.5629022602965403 0.9474072602965403 0.5374654192751236 0.9426524983525535 0.5296865420098846 0.9352442158154859 0.5360465263591433 0.9313560675453048 0.5521612059308073 0.9358666927512356 0.5900078105436574 0.9410529546952223 0.5905012487644151
0 0.11512931713344315 0.3910330131795716 0.12093289291598024 0.3905385428336079 0.12642832866556838 0.3960329456342669 0.15161638550247117 0.3733100140032949 0.15624572322899508 0.36040578006589785 0.17519921993410215 0.3509576771004942 0.1907554258649094 0.3249633945634267 0.19069297199341023 0.31736929901153216 0.20124872899505766 0.29717910873146625 0.2020503072487644 0.2860039728171334 0.2361894151565074 0.24895636573311367 0.24927481713344316 0.210428960461285 0.26767242174629324 0.19857302388797365 0.2735988410214168 0.191287068369028 0.278599805601318 0.1909778953871499 0.28397188220757824 0.19776886326194398 0.2876762808896211 0.19733633113673804 0.2908242718286656 0.1890010453047776 0.295578518121911 0.19128500329489292 0.3103336614497529 0.18196077594728172 0.3124937438220758 0.173008176276771 0.3216930617792422 0.17257512767710048 0.3263848542009885 0.16726498929159803 0.33218842998352555 0.16677051894563427 0.3388539744645799 0.14071533113673804 0.34330059555189457 0.1544830823723229 0.3507713319604613 0.1557171935749588 0.3584258171334432 0.14126915815485996 0.3636735016474465 0.13836685420098846 0.368242449752883 0.13984820098846787 0.37392111779242176 0.12416553789126854 0.45584785502471176 0.09087962108731466 0.4610336013179572 0.08587814003294893 0.45992181630971996 0.08106247281713344 0.3799693476112026 0.0990982586490939 0.29501746293245473 0.1339279769357496 0.25019614085667213 0.159492823723229 0.21599406260296541 0.18345141598023063 0.16364213179571666 0.22766265156507412 0.12228003871499177 0.2718728550247117 0.07190650576606261 0.34479331548599673 0.061354878912685346 0.40894285914332784 0.060432522240527184 0.44888915733113677 0.06327340527182866 0.45753258319604617 0.06845966721581548 0.45802602141680393 0.08358437314662273 0.4393171787479407 0.07981700329489291 0.4266606960461285 0.08086581713344317 0.41838734843492587 0.08525101729818782 0.43555084102141683 0.08932601070840197 0.4367235313014827 0.10327802718286656 0.4220896820428336 0.10593154695222405 0.4079508204283361 0.11512931713344315 0.3910330131795716