1 0.26484375 0.465234375 0.27421875 0.439453125 0.27578125 0.408203125 0.27421875 0.400390625 0.268359375 0.396875 0.249609375 0.4 0.23984375 0.408984375 0.22421875 0.454296875 0.221875 0.469140625 0.2234375 0.485546875 0.229296875 0.4890625 0.24765625 0.488671875 0.2625 0.482421875 0.26484375 0.465234375
1 0.25703125 0.344140625 0.255078125 0.33359375 0.243359375 0.334375 0.23203125 0.344921875 0.2203125 0.373828125 0.22109375 0.384765625 0.23203125 0.396484375 0.24296875 0.389453125 0.25703125 0.344140625
1 0.29140625 0.332421875 0.30234375 0.301953125 0.301953125 0.2859375 0.290234375 0.28671875 0.2734375 0.294921875 0.25625 0.330078125 0.25703125 0.343359375 0.259375 0.344921875 0.282421875 0.33828125 0.29140625 0.332421875
1 0.4078125 0.194921875 0.404296875 0.19140625 0.398046875 0.19140625 0.377734375 0.19609375 0.37109375 0.205078125 0.36796875 0.216015625 0.370703125 0.21953125 0.375 0.219140625 0.402734375 0.2125 0.4078125 0.194921875
1 0.4296875 0.173828125 0.416015625 0.1671875 0.397265625 0.171875 0.39140625 0.178515625 0.38984375 0.186328125 0.392578125 0.190625 0.3984375 0.191015625 0.426953125 0.18515625 0.4296875 0.173828125
1 0.49296875 0.169140625 0.49140625 0.160546875 0.465234375 0.15859375 0.455078125 0.16171875 0.4515625 0.173046875 0.460546875 0.17734375 0.46796875 0.176953125 0.490234375 0.1734375 0.49296875 0.169140625
1 0.3515625 0.184765625 0.35078125 0.180859375 0.340234375 0.1796875 0.330859375 0.18515625 0.31953125 0.198828125 0.31953125 0.202734375 0.32265625 0.203515625 0.345703125 0.1953125 0.3515625 0.184765625
1 0.47734375 0.875390625 0.48046875 0.871484375 0.466796875 0.8546875 0.452734375 0.8484375 0.418359375 0.84453125 0.403125 0.848046875 0.40390625 0.859765625 0.419921875 0.88359375 0.434765625 0.88828125 0.4765625 0.890234375 0.48203125 0.885546875 0.47734375 0.875390625
1 0.14140625 0.471484375 0.132421875 0.4609375 0.125390625 0.46015625 0.1140625 0.474609375 0.11015625 0.495703125 0.113671875 0.4984375 0.123828125 0.49765625 0.13046875 0.503515625 0.13984375 0.488671875 0.14140625 0.471484375
1 0.72265625 0.495703125 0.734375 0.480078125 0.7328125 0.446484375 0.720703125 0.434375 0.712890625 0.43125 0.692578125 0.43046875 0.676953125 0.42421875 0.666015625 0.42734375 0.659375 0.433984375 0.6546875 0.451953125 0.662890625 0.45703125 0.666796875 0.453125 0.67109375 0.455859375 0.6734375 0.493359375 0.682421875 0.503125 0.7109375 0.512109375 0.71875 0.507421875 0.72265625 0.495703125
2 0.66796875 0.470703125 0.658984375 0.44296875 0.64765625 0.456640625 0.6453125 0.465234375 0.64921875 0.484765625 0.64921875 0.511328125 0.66328125 0.516015625 0.66796875 0.491015625 0.66796875 0.470703125
3 0.853125 0.776171875 0.86171875 0.766015625 0.87265625 0.742578125 0.8671875 0.733203125 0.866796875 0.71796875 0.839453125 0.7390625 0.832421875 0.74140625 0.7890625 0.791015625 0.771875 0.804296875 0.76875 0.812109375 0.74609375 0.830078125 0.72890625 0.851171875 0.729296875 0.85625 0.7359375 0.856640625 0.784765625 0.83046875 0.853125 0.776171875
3 0.8359375 0.713671875 0.846875 0.689453125 0.86171875 0.666796875 0.86484375 0.651171875 0.875 0.629296875 0.88046875 0.601171875 0.88046875 0.548046875 0.875390625 0.53671875 0.866796875 0.5359375 0.85859375 0.540234375 0.84375 0.584765625 0.825 0.609765625 0.8203125 0.623046875 0.8203125 0.633984375 0.8015625 0.675390625 0.7890625 0.695703125 0.790625 0.726171875 0.79375 0.729296875 0.79453125 0.740234375 0.80078125 0.744140625 0.815234375 0.734375 0.8359375 0.713671875
3 0.81484375 0.568359375 0.8265625 0.528515625 0.82421875 0.477734375 0.8171875 0.458203125 0.808203125 0.4515625 0.796484375 0.46796875 0.783984375 0.4640625 0.7796875 0.470703125 0.78515625 0.531640625 0.7921875 0.557421875 0.796875 0.568359375 0.803125 0.573828125 0.8046875 0.589453125 0.80625 0.580078125 0.81484375 0.568359375
3 0.77109375 0.433984375 0.78203125 0.421484375 0.7921875 0.389453125 0.7921875 0.376953125 0.8015625 0.357421875 0.803125 0.339453125 0.8 0.321484375 0.77890625 0.283984375 0.758203125 0.2671875 0.744921875 0.25078125 0.706640625 0.23046875 0.691015625 0.234375 0.662109375 0.2328125 0.66015625 0.241015625 0.66328125 0.263671875 0.6734375 0.276953125 0.685546875 0.28359375 0.6921875 0.292578125 0.69453125 0.317578125 0.690625 0.332421875 0.7015625 0.355859375 0.7046875 0.376171875 0.72578125 0.402734375 0.7421875 0.415234375 0.7484375 0.427734375 0.76328125 0.438671875 0.76640625 0.491796875 0.7703125 0.498828125 0.77421875 0.494140625 0.77109375 0.433984375
3 0.802734375 0.23984375 0.785546875 0.21796875 0.734765625 0.17890625 0.701953125 0.16953125 0.660546875 0.15234375 0.640234375 0.15390625 0.6359375 0.157421875 0.636328125 0.16640625 0.655078125 0.1734375 0.671875 0.199609375 0.705078125 0.225 0.730078125 0.2375 0.762890625 0.2484375 0.776953125 0.25703125 0.790234375 0.25859375 0.798828125 0.25546875 0.831640625 0.278125 0.8375 0.279296875 0.8265625 0.258203125 0.802734375 0.23984375
3 0.6328125 0.168359375 0.634375 0.158984375 0.616015625 0.13671875 0.598828125 0.12734375 0.572265625 0.11953125 0.555859375 0.11796875 0.548046875 0.11171875 0.498046875 0.09609375 0.427734375 0.09296875 0.38203125 0.102734375 0.38125 0.105859375 0.387109375 0.1078125 0.425390625 0.1078125 0.469921875 0.11484375 0.481640625 0.12109375 0.498828125 0.1234375 0.508203125 0.1296875 0.533984375 0.1375 0.552734375 0.13515625 0.566015625 0.13984375 0.576953125 0.15625 0.595703125 0.16953125 0.600390625 0.178125 0.608984375 0.17890625 0.61640625 0.187890625 0.61796875 0.181640625 0.6328125 0.168359375
3 0.2796875 0.847265625 0.26875 0.837109375 0.26875 0.830859375 0.26328125 0.824609375 0.2671875 0.816015625 0.25390625 0.802734375 0.240625 0.773828125 0.22265625 0.750390625 0.20703125 0.714453125 0.21875 0.709765625 0.22109375 0.697265625 0.224609375 0.69375 0.244921875 0.6875 0.2515625 0.674609375 0.23984375 0.655859375 0.22578125 0.648046875 0.22421875 0.619140625 0.209375 0.598046875 0.2046875 0.514453125 0.1953125 0.487109375 0.20078125 0.482421875 0.2046875 0.456640625 0.21796875 0.443359375 0.2203125 0.437109375 0.2203125 0.416015625 0.225 0.392578125 0.21953125 0.387109375 0.21875 0.376171875 0.23671875 0.333984375 0.2359375 0.330078125 0.24453125 0.325390625 0.25390625 0.298828125 0.28828125 0.246484375 0.28984375 0.236328125 0.30859375 0.215234375 0.3140625 0.193359375 0.32734375 0.184765625 0.3328125 0.173046875 0.34140625 0.166015625 0.34375 0.157421875 0.354296875 0.153125 0.3578125 0.148046875 0.359375 0.141796875 0.350390625 0.1359375 0.330078125 0.14140625 0.312109375 0.15625 0.298828125 0.1625 0.29609375 0.169140625 0.288671875 0.17265625 0.28046875 0.184765625 0.268359375 0.1921875 0.25625 0.205078125 0.2484375 0.219140625 0.22578125 0.244140625 0.2171875 0.265234375 0.20625 0.277734375 0.190625 0.305859375 0.15703125 0.348046875 0.14296875 0.383984375 0.14453125 0.480859375 0.1328125 0.508984375 0.1296875 0.548828125 0.12578125 0.559765625 0.13203125 0.594140625 0.1296875 0.633984375 0.1265625 0.643359375 0.13359375 0.673046875 0.1296875 0.692578125 0.13828125 0.707421875 0.14375 0.725390625 0.14609375 0.768359375 0.172265625 0.79609375 0.216796875 0.8296875 0.264453125 0.85703125 0.290234375 0.86796875 0.29765625 0.867578125 0.28359375 0.855859375 0.2796875 0.847265625
1 0.84609375 0.572265625 0.8484375 0.560546875 0.834765625 0.54921875 0.820703125 0.5515625 0.81484375 0.566796875 0.808203125 0.57421875 0.801953125 0.5703125 0.7953125 0.573828125 0.79140625 0.588671875 0.7921875 0.608984375 0.80625 0.616796875 0.83203125 0.596484375 0.84609375 0.572265625
1 0.85546875 0.471484375 0.84921875 0.445703125 0.834765625 0.42578125 0.819921875 0.42265625 0.81953125 0.450390625 0.8296875 0.465234375 0.8359375 0.482421875 0.844140625 0.48828125 0.8515625 0.488671875 0.85546875 0.483984375 0.85546875 0.471484375
1 0.87734375 0.462109375 0.87265625 0.444140625 0.866796875 0.43515625 0.854296875 0.43203125 0.8515625 0.438671875 0.85390625 0.454296875 0.86328125 0.476953125 0.87109375 0.480859375 0.87734375 0.476171875 0.87734375 0.462109375
1 0.8234375 0.357421875 0.814453125 0.34375 0.805859375 0.340625 0.80703125 0.358984375 0.815625 0.383984375 0.820703125 0.3890625 0.83203125 0.392578125 0.8328125 0.383984375 0.8234375 0.357421875
1 0.8109375 0.306640625 0.801953125 0.296875 0.791015625 0.29375 0.7921875 0.302734375 0.80859375 0.332421875 0.82421875 0.341015625 0.82578125 0.333203125 0.8109375 0.306640625