1 0.8106044936507937 0.37603464365079364 0.8025559380952381 0.3665222015873016 0.7990932452380952 0.3686905238095238 0.8000053626984127 0.3936770301587301 0.7947913976190476 0.3927581722222222 0.7953347420634921 0.3879612571428572 0.7909980984126984 0.3810358714285714 0.792209396031746 0.37381973015873016 0.785036476984127 0.36585087777777775 0.7540849785714285 0.36667823730158733 0.748327669047619 0.37055629444444443 0.7270463341269842 0.40425594047619046 0.7292511373015873 0.43116155 0.7362977619047619 0.4443028317460317 0.7538570753968254 0.4533168365079365 0.7607375547619047 0.4632878650793651 0.7683292087301586 0.4640821134920635 0.7751299849206349 0.4573677801587302 0.7763412833333333 0.45015163888888887 0.7844762817460318 0.4461489722222222 0.8065019031746032 0.4418156984126984 0.8148428992063492 0.44932596428571425 0.8206002087301587 0.44544790714285715 0.8251097388888889 0.4253430738095238 0.8106044936507937 0.37603464365079364
1 0.8600324777777778 0.3865574428571429 0.8677919626984127 0.3829718253968254 0.88376615 0.3920689031746032 0.8787649222222222 0.3724625071428571 0.8623338341269842 0.35464723492063494 0.850279242063492 0.35210003015873015 0.8376796198412699 0.36189985714285716 0.8401785484126983 0.379253173015873 0.8508124753968255 0.39260382222222223 0.8556093904761904 0.39314716666666666 0.8600324777777778 0.3865574428571429
1 0.8500182277777779 0.4001954761904762 0.8535174015873016 0.4214700714285714 0.8718260563492064 0.43720009444444446 0.8798779817460318 0.4316123007936508 0.8918910380952381 0.4333669436507936 0.8928963388888889 0.41463786904761907 0.883849223015873 0.39365402936507937 0.8742155412698414 0.3842246595238095 0.8661652999999999 0.3822623349206349 0.8599494047619048 0.38497231587301584 0.8500182277777779 0.4001954761904762
1 0.9044075873015873 0.4219819896825397 0.9092460388888889 0.4233178968253968 0.916963988095238 0.4189397166666667 0.9179260666666667 0.40696819682539687 0.914257376984127 0.39762358492063493 0.9019967865079366 0.383563446031746 0.893276907142857 0.39157046507936505 0.8934845896825396 0.39553328095238094 0.8992368436507936 0.414305576984127 0.9044075873015873 0.4219819896825397
1 0.8290411277777777 0.37904212063492065 0.8227039928571429 0.36427417698412695 0.813070311111111 0.35484480714285715 0.7975131746031746 0.34612324285714285 0.7968019992063492 0.355300023015873 0.8030145246031747 0.3676902777777778 0.8277882936507936 0.3854656984126984 0.8290411277777777 0.37904212063492065
1 0.732479776984127 0.3562867880952381 0.7308497436507937 0.3706775341269841 0.7364773888888889 0.3870721404761905 0.7525413888888889 0.367553873015873 0.7869140436507936 0.3637656285714286 0.7845397238095237 0.34879000238095237 0.7764496317460318 0.33848499682539684 0.7583037531746032 0.3410254619047619 0.7522540031746032 0.3469056952380952 0.7389465761904762 0.35078206825396824 0.732479776984127 0.3562867880952381
1 0.15225060793650794 0.33980565317460315 0.1831240888888889 0.3147428134920635 0.19768603571428572 0.2968927452380952 0.19889733333333331 0.28967660396825395 0.18638415476190476 0.2859613222222222 0.16026773809523812 0.3032248246031746 0.1474986 0.3249546357142857 0.14732908333333333 0.33688461904761907 0.15225060793650794 0.33980565317460315
2 0.6081787158730159 0.33498523253968254 0.6103470380952382 0.3384479253968254 0.6154779301587302 0.33778165634920637 0.6224033158730159 0.3334450126984127 0.6182810944444445 0.3002819706349206 0.6087321706349206 0.28488760952380954 0.6033105238095238 0.2800059365079365 0.5977625817460317 0.28029669206349206 0.5963834523809524 0.29189269841269844 0.6062646682539682 0.31362756428571426 0.6081787158730159 0.33498523253968254
2 0.33229041666666664 0.317654326984127 0.3238596079365079 0.33875940634920637 0.3294872523809524 0.3551540126984127 0.32940080952380957 0.36866912222222226 0.3326956714285714 0.3708806658730159 0.3387886420634921 0.358242876984127 0.34329143174603177 0.3683385158730159 0.34667105238095236 0.36458506746031744 0.34571571349206354 0.34635611587301585 0.3489308722222222 0.3318822968253968 0.3453037182539683 0.3233302484126984 0.33742130873015874 0.31698805873015873 0.33229041666666664 0.317654326984127
2 0.36311056507936507 0.34464975000000003 0.36957567936507935 0.34669514761904763 0.37562542936507937 0.34081491428571425 0.376383196031746 0.3097803428571429 0.3736316785714286 0.30277188412698414 0.3600351809523809 0.2935501968253968 0.3542363357142857 0.29663569126984124 0.3571539992063492 0.30681440238095237 0.35527474761904765 0.31644976904761907 0.36311056507936507 0.34464975000000003
2 0.3339653563492064 0.28895590873015875 0.33547246507936507 0.26463735555555556 0.3306755492063492 0.26409401190476195 0.3273790023809524 0.2694325857142857 0.324662280952381 0.2934171619047619 0.33217086269841267 0.2926262841269841 0.3339653563492064 0.28895590873015875
2 0.3970695404761905 0.32538575634920636 0.4045764365079365 0.332144996031746 0.40511641111111113 0.34244831666666664 0.3988971452380953 0.3602585341269841 0.40381866984126985 0.36317956746031743 0.4114120095238095 0.35642369761904763 0.4182144706349207 0.34215924682539683 0.42739125158730157 0.3428704222222222 0.4188044063492063 0.3155045412698413 0.4098386785714286 0.30365594523809525 0.4012450936507937 0.3064905357142857 0.39577853968253973 0.31591653571428574 0.3970695404761905 0.32538575634920636
2 0.5108146912698414 0.35757214365079365 0.5117835111111111 0.3154001523809524 0.4995644571428572 0.3021325761904762 0.4955601047619047 0.301547696031746 0.49134638571428574 0.30455011746031746 0.48646302698412697 0.3175218825396825 0.48946039365079363 0.34438595555555557 0.4950066507936508 0.3516453182539683 0.5108146912698414 0.35757214365079365
2 0.4658979222222222 0.31939439365079364 0.4709406865079365 0.3397933531746032 0.4761945031746032 0.3490548912698413 0.48019885476190477 0.3496397722222222 0.48207810634920634 0.34000440555555556 0.48733529285714283 0.3341657079365079 0.48450407301587306 0.31047188730158726 0.47833308412698416 0.29887419603174603 0.4688655476190476 0.29261507857142854 0.45989644999999996 0.295866719047619 0.45726617142857146 0.3063361857142857 0.4658979222222222 0.31939439365079364
2 0.6633336777777777 0.4775320952380952 0.6638736523809524 0.48783541587301593 0.6696708126984127 0.49230003968253966 0.6745906523809524 0.5027711912698413 0.6829333333333333 0.5027313396825397 0.6909869444444444 0.4895934285714285 0.695458307936508 0.45359579603174605 0.6822822301587301 0.42964938650793655 0.6769851928571429 0.4271454023809524 0.6743565992063492 0.43006475079365075 0.6758552825396825 0.4434967880952381 0.6685111619047619 0.4550080365079365 0.6633336777777777 0.4775320952380952
2 0.7142238642857143 0.4780440134920635 0.7136423531746031 0.46694813015873016 0.7112680341269841 0.4519725031746032 0.7051784333333333 0.4495100563492063 0.6949531301587302 0.4742855103174603 0.6997068238095238 0.4815864095238095 0.708966676984127 0.48388271111111114 0.7142238642857143 0.4780440134920635
2 0.4949352873015873 0.858295780952381 0.5005247658730159 0.8587975888888888 0.5173796436507937 0.8467879023809524 0.5170058158730159 0.8396548349206349 0.5130031484126985 0.8315198357142858 0.5030770261904762 0.8240926420634921 0.4958608857142857 0.8228813444444445 0.4828840650793651 0.8406483396825397 0.4921006968253968 0.849702196031746 0.4949352873015873 0.858295780952381
2 0.7191924849206349 0.8306481603174604 0.7265366055555555 0.8191369119047619 0.7233265015873016 0.8109603769841269 0.7140234261904762 0.8154216301587303 0.6948307103174604 0.8358986063492064 0.6937440222222222 0.8454924365079364 0.696955811111111 0.846118853968254 0.7191924849206349 0.8306481603174604
1 0.14310575873015874 0.7567286515873016 0.16424900396825395 0.7810522595238095 0.21458741984126986 0.8241116825396826 0.2311464873015873 0.8292044087301588 0.23339956746031748 0.8267021095238095 0.23152368571428572 0.8212372404761905 0.21805348253968254 0.8068431253968255 0.16667328492063493 0.7590698595238096 0.14598694047619049 0.7434644460317461 0.1403974626984127 0.7429626380952381 0.13952014126984127 0.7489691666666667 0.14310575873015874 0.7567286515873016
1 0.10313073492063492 0.6308705206349206 0.10405127777777778 0.6181064380952381 0.09609085 0.5875287682539683 0.08675297936507936 0.5609969865079365 0.08312414047619048 0.5599950563492063 0.07907656666666667 0.5661677301587302 0.086576723015873 0.6031274412698412 0.09508049444444444 0.628908196031746 0.10313073492063492 0.6308705206349206
1 0.09197536904761905 0.5241652547619048 0.09597972142857143 0.5247501357142856 0.10282203412698414 0.5188283650793651 0.10474282222222223 0.5099855611111112 0.10391209285714285 0.49413429920634916 0.09757664285714285 0.47181623730158734 0.0932798507936508 0.4732335325396826 0.08689443888888888 0.4878734968253968 0.09001641507936507 0.5171152595238095 0.09197536904761905 0.5241652547619048
2 0.12689810873015872 0.48537962380952376 0.12309975396825397 0.49630767619047617 0.12413816587301586 0.516121753968254 0.1285960492063492 0.5405250650793652 0.1318493746031746 0.5419440452380953 0.13215023968253967 0.5021912801587302 0.12689810873015872 0.48537962380952376