1 0.601171875 0.63984375 0.60859375 0.631640625 0.61171875 0.608203125 0.6171875 0.593359375 0.61796875 0.502734375 0.62265625 0.459765625 0.62265625 0.446484375 0.6125 0.397265625 0.61328125 0.369140625 0.6078125 0.361328125 0.6 0.322265625 0.59140625 0.296484375 0.58828125 0.289453125 0.579296875 0.2828125 0.565234375 0.27890625 0.522265625 0.275 0.448828125 0.2765625 0.4421875 0.280078125 0.4375 0.292578125 0.4296875 0.337890625 0.4234375 0.448046875 0.425 0.459765625 0.42265625 0.466015625 0.42421875 0.503515625 0.41953125 0.519921875 0.41953125 0.550390625 0.415625 0.574609375 0.41953125 0.627734375 0.425390625 0.6359375 0.451171875 0.640625 0.469140625 0.64765625 0.479296875 0.64375 0.493359375 0.64375 0.503515625 0.64765625 0.5296875 0.648046875 0.545703125 0.64296875 0.601171875 0.63984375
1 0.296875 0.434765625 0.30390625 0.401953125 0.3078125 0.362109375 0.3171875 0.351171875 0.308203125 0.34765625 0.302734375 0.340625 0.291796875 0.33984375 0.259765625 0.34921875 0.24609375 0.369140625 0.234375 0.415234375 0.23359375 0.440234375 0.239453125 0.4453125 0.25546875 0.444921875 0.282421875 0.44296875 0.296875 0.434765625
1 0.3375 0.773046875 0.341015625 0.76484375 0.305859375 0.7453125 0.272265625 0.734375 0.25625 0.733203125 0.26484375 0.744921875 0.2703125 0.768359375 0.286328125 0.79375 0.333984375 0.8125 0.3578125 0.816796875 0.35 0.791796875 0.3375 0.773046875
1 0.287890625 0.83515625 0.272265625 0.82421875 0.2375 0.809765625 0.24609375 0.827734375 0.259765625 0.84375 0.288671875 0.859375 0.31328125 0.867578125 0.30625 0.852734375 0.287890625 0.83515625
1 0.190625 0.584765625 0.177734375 0.5671875 0.157421875 0.56328125 0.1546875 0.570703125 0.15546875 0.591796875 0.16171875 0.630859375 0.167578125 0.63984375 0.20078125 0.655859375 0.18984375 0.594140625 0.190625 0.584765625
1 0.26796875 0.230859375 0.266796875 0.2265625 0.248046875 0.2328125 0.22734375 0.248046875 0.2140625 0.276171875 0.2125 0.283203125 0.21640625 0.286328125 0.246875 0.270703125 0.26796875 0.230859375
1 0.3484375 0.230859375 0.35390625 0.207421875 0.359375 0.200390625 0.341015625 0.19765625 0.313671875 0.209375 0.303125 0.219921875 0.2890625 0.244140625 0.2859375 0.255078125 0.290625 0.255859375 0.341015625 0.240625 0.3484375 0.230859375
1 0.52734375 0.184765625 0.52890625 0.180859375 0.508984375 0.17265625 0.484765625 0.17265625 0.473046875 0.1765625 0.465625 0.182421875 0.453125 0.205859375 0.455078125 0.21484375 0.53046875 0.214453125 0.5328125 0.203515625 0.52734375 0.184765625
1 0.46953125 0.157421875 0.47109375 0.150390625 0.458984375 0.1453125 0.416015625 0.14921875 0.400390625 0.1609375 0.39140625 0.173046875 0.392578125 0.17734375 0.4015625 0.176953125 0.454296875 0.16953125 0.46953125 0.157421875
1 0.3875 0.149609375 0.375390625 0.146875 0.349609375 0.15546875 0.33125 0.175390625 0.3296875 0.180859375 0.33515625 0.180859375 0.373828125 0.16953125 0.3875 0.149609375
1 0.515625 0.130078125 0.503515625 0.1234375 0.473046875 0.12421875 0.462890625 0.128125 0.459375 0.133203125 0.45859375 0.139453125 0.461328125 0.1421875 0.48125 0.141796875 0.513671875 0.14140625 0.515625 0.130078125
1 0.5109375 0.122265625 0.51171875 0.118359375 0.502734375 0.109375 0.477734375 0.109375 0.46328125 0.116796875 0.465234375 0.1234375 0.471875 0.124609375 0.506640625 0.12421875 0.5109375 0.122265625
1 0.3515625 0.143359375 0.3546875 0.133984375 0.348828125 0.13203125 0.330078125 0.13828125 0.3125 0.153515625 0.3109375 0.157421875 0.31484375 0.158203125 0.346484375 0.14765625 0.3515625 0.143359375
1 0.29765625 0.180859375 0.291796875 0.17890625 0.268359375 0.1890625 0.25078125 0.211328125 0.25 0.216015625 0.253125 0.216015625 0.280078125 0.2046875 0.29765625 0.180859375
1 0.12578125 0.437109375 0.134375 0.396484375 0.13671875 0.379296875 0.134765625 0.37265625 0.121875 0.383203125 0.11328125 0.407421875 0.1078125 0.446484375 0.1140625 0.448828125 0.120703125 0.4453125 0.12578125 0.437109375
1 0.090625 0.468359375 0.09296875 0.436328125 0.091015625 0.425 0.08359375 0.431640625 0.078125 0.454296875 0.07734375 0.482421875 0.080078125 0.48671875 0.084375 0.486328125 0.08828125 0.482421875 0.090625 0.468359375
1 0.11328125 0.524609375 0.11484375 0.479296875 0.1140625 0.461328125 0.110546875 0.45703125 0.1015625 0.462109375 0.096875 0.482421875 0.096875 0.524609375 0.0984375 0.529296875 0.103125 0.530859375 0.110546875 0.5296875 0.11328125 0.524609375
1 0.115625 0.535546875 0.111328125 0.53046875 0.104296875 0.53046875 0.1015625 0.535546875 0.10390625 0.583203125 0.11640625 0.602734375 0.12265625 0.604296875 0.1234375 0.592578125 0.115625 0.535546875
1 0.106640625 0.58828125 0.102734375 0.58828125 0.10390625 0.613671875 0.1125 0.648046875 0.1296875 0.660546875 0.1140625 0.596484375 0.106640625 0.58828125
1 0.0984375 0.665234375 0.090234375 0.6578125 0.0921875 0.677734375 0.1015625 0.701953125 0.114453125 0.71796875 0.11796875 0.717578125 0.103125 0.674609375 0.0984375 0.665234375
1 0.12421875 0.658984375 0.113671875 0.65 0.115625 0.672265625 0.12734375 0.703515625 0.141015625 0.7171875 0.14609375 0.718359375 0.14140625 0.699609375 0.12421875 0.658984375
1 0.14453125 0.717578125 0.129296875 0.70625 0.12734375 0.709765625 0.1296875 0.720703125 0.1375 0.737890625 0.141796875 0.7375 0.15390625 0.745703125 0.1546875 0.741796875 0.14453125 0.717578125
1 0.18515625 0.805078125 0.161328125 0.784375 0.1609375 0.791015625 0.17265625 0.811328125 0.191796875 0.83046875 0.20546875 0.837890625 0.203125 0.829296875 0.18515625 0.805078125
1 0.394140625 0.91953125 0.345703125 0.90546875 0.34140625 0.906640625 0.3453125 0.916015625 0.355078125 0.92265625 0.379296875 0.93046875 0.40625 0.934765625 0.40703125 0.929296875 0.394140625 0.91953125
1 0.375 0.106640625 0.349609375 0.1109375 0.3390625 0.122265625 0.3421875 0.124609375 0.369140625 0.11640625 0.375 0.106640625
2 0.671875 0.449609375 0.66953125 0.436328125 0.66484375 0.430859375 0.66484375 0.388671875 0.6578125 0.360546875 0.648828125 0.35546875 0.64140625 0.375390625 0.64609375 0.392578125 0.64921875 0.440234375 0.64765625 0.462890625 0.653515625 0.46953125 0.66640625 0.472265625 0.6703125 0.467578125 0.671875 0.449609375
2 0.634375 0.432421875 0.6375 0.403515625 0.62890625 0.376953125 0.61953125 0.366015625 0.61484375 0.351953125 0.608203125 0.34765625 0.60703125 0.356640625 0.6109375 0.371484375 0.615625 0.427734375 0.62265625 0.448046875 0.6234375 0.459765625 0.63046875 0.461328125 0.6375 0.455859375 0.634375 0.432421875
2 0.7265625 0.411328125 0.7140625 0.387109375 0.708984375 0.38515625 0.69609375 0.408203125 0.70078125 0.426171875 0.710546875 0.4453125 0.717578125 0.43828125 0.7265625 0.445703125 0.72890625 0.430859375 0.7265625 0.411328125
2 0.76875 0.359765625 0.7578125 0.337109375 0.752734375 0.33359375 0.74609375 0.343359375 0.74921875 0.366015625 0.755078125 0.37578125 0.76328125 0.377734375 0.7671875 0.373046875 0.76875 0.359765625
2 0.6671875 0.219921875 0.651171875 0.20390625 0.642578125 0.2046875 0.63984375 0.208203125 0.6515625 0.231640625 0.665234375 0.25078125 0.671875 0.251171875 0.675 0.246484375 0.6671875 0.219921875
2 0.8078125 0.660546875 0.81015625 0.651953125 0.808984375 0.63125 0.803125 0.635546875 0.7984375 0.651171875 0.78828125 0.667578125 0.78203125 0.692578125 0.78203125 0.700390625 0.78515625 0.702734375 0.8 0.679296875 0.8078125 0.660546875
2 0.825 0.623046875 0.819921875 0.6078125 0.80625 0.635546875 0.80625 0.647265625 0.81640625 0.650390625 0.825 0.635546875 0.825 0.623046875
2 0.78359375 0.449609375 0.7796875 0.406640625 0.76484375 0.378515625 0.759765625 0.37734375 0.75859375 0.406640625 0.76640625 0.438671875 0.7640625 0.460546875 0.770703125 0.4671875 0.77734375 0.466796875 0.78203125 0.462109375 0.78359375 0.449609375
2 0.803125 0.419140625 0.79375 0.398046875 0.7890625 0.376953125 0.784765625 0.37421875 0.777734375 0.375 0.7765625 0.378515625 0.78125 0.380078125 0.77734375 0.382421875 0.778125 0.396484375 0.78671875 0.436328125 0.78984375 0.467578125 0.792578125 0.47578125 0.8015625 0.478515625 0.80390625 0.476171875 0.803125 0.419140625
2 0.7046875 0.847265625 0.702734375 0.84140625 0.697265625 0.84296875 0.678125 0.862890625 0.67734375 0.867578125 0.6828125 0.869140625 0.6984375 0.856640625 0.7046875 0.847265625
2 0.6890625 0.887109375 0.682421875 0.88828125 0.666796875 0.89921875 0.66328125 0.905859375 0.66796875 0.905859375 0.681640625 0.8984375 0.6890625 0.887109375
3 0.8609375 0.652734375 0.8671875 0.648046875 0.8703125 0.639453125 0.8734375 0.607421875 0.87734375 0.600390625 0.878125 0.544140625 0.88359375 0.533984375 0.8828125 0.512109375 0.88984375 0.501953125 0.88828125 0.498046875 0.89140625 0.490234375 0.884375 0.443359375 0.88515625 0.433984375 0.888671875 0.43203125 0.89296875 0.434765625 0.8921875 0.443359375 0.89609375 0.446484375 0.89609375 0.455078125 0.89921875 0.457421875 0.8984375 0.465234375 0.8921875 0.470703125 0.8921875 0.474609375 0.89765625 0.478515625 0.89609375 0.487109375 0.902734375 0.49609375 0.906640625 0.49453125 0.90859375 0.498046875 0.9015625 0.501953125 0.90703125 0.507421875 0.9078125 0.514453125 0.9015625 0.516796875 0.90078125 0.523046875 0.902734375 0.52734375 0.91015625 0.529296875 0.902734375 0.53046875 0.9 0.534765625 0.9015625 0.543359375 0.906640625 0.540625 0.909375 0.544921875 0.90546875 0.551171875 0.909375 0.556640625 0.9078125 0.567578125 0.91171875 0.575390625 0.90703125 0.580859375 0.91015625 0.590234375 0.90703125 0.596484375 0.909375 0.628515625 0.930859375 0.63359375 0.9359375 0.627734375 0.93828125 0.612890625 0.9359375 0.587890625 0.9390625 0.580859375 0.934375 0.573046875 0.9421875 0.569921875 0.93828125 0.556640625 0.94375 0.552734375 0.94140625 0.544921875 0.94609375 0.532421875 0.93984375 0.529296875 0.944921875 0.52890625 0.95 0.522265625 0.953125 0.481640625 0.95 0.467578125 0.94453125 0.466796875 0.9453125 0.455859375 0.95 0.451953125 0.946875 0.444921875 0.94609375 0.422265625 0.93984375 0.412109375 0.9296875 0.376953125 0.920703125 0.37421875 0.918359375 0.36875 0.908203125 0.3671875 0.9015625 0.360546875 0.89453125 0.344921875 0.896875 0.341796875 0.89375 0.341015625 0.88828125 0.330078125 0.8890625 0.323828125 0.88203125 0.315234375 0.88125 0.307421875 0.875 0.301171875 0.86328125 0.278515625 0.8640625 0.274609375 0.85 0.255078125 0.83671875 0.227734375 0.823046875 0.21171875 0.813671875 0.20859375 0.803515625 0.19453125 0.764453125 0.1625 0.7578125 0.152734375 0.74375 0.141796875 0.741796875 0.13359375 0.7375 0.137109375 0.73515625 0.124609375 0.737109375 0.11875 0.751171875 0.13046875 0.764453125 0.13515625 0.766796875 0.1390625 0.773828125 0.13984375 0.77421875 0.145703125 0.784765625 0.1515625 0.78203125 0.141796875 0.772265625 0.1328125 0.764453125 0.13203125 0.757421875 0.11875 0.735546875 0.11328125 0.733203125 0.11015625 0.723828125 0.11484375 0.713671875 0.1125 0.709765625 0.1078125 0.698046875 0.1046875 0.662109375 0.0859375 0.592578125 0.05859375 0.564453125 0.05078125 0.525390625 0.046875 0.5234375 0.051171875 0.534765625 0.06328125 0.546484375 0.06953125 0.550390625 0.075 0.585546875 0.09375 0.594921875 0.10859375 0.608984375 0.11328125 0.618359375 0.121875 0.631640625 0.128125 0.6328125 0.145703125 0.64296875 0.160546875 0.680078125 0.1875 0.68515625 0.192578125 0.68984375 0.205078125 0.7203125 0.227734375 0.73515625 0.255078125 0.74453125 0.266015625 0.75 0.277734375 0.7484375 0.282421875 0.7671875 0.319921875 0.78125 0.337890625 0.78671875 0.349609375 0.784375 0.353515625 0.788671875 0.353125 0.79453125 0.361328125 0.796875 0.401953125 0.80390625 0.415234375 0.80625 0.434765625 0.8171875 0.455859375 0.815625 0.458984375 0.8203125 0.462109375 0.8234375 0.480078125 0.82890625 0.486328125 0.82890625 0.522265625 0.8375 0.551953125 0.8375 0.573046875 0.8359375 0.586328125 0.8234375 0.601171875 0.828125 0.625390625 0.82890625 0.653515625 0.840625 0.665234375 0.855078125 0.66328125 0.8609375 0.652734375