1 0.9739116909722222 0.6504566484375 0.9699663923611112 0.6434129184027778 0.9370145755208333 0.6411160928819445 0.9348529774305556 0.6373523836805556 0.9204028888888889 0.6517577647569444 0.8722479453124999 0.7875261501736112 0.8714016302083334 0.7944188315972222 0.8765258819444445 0.7989835963541667 0.8891017517361112 0.7891582500000001 0.9269656892361111 0.7728175694444445 0.9405541927083334 0.7583063993055555 0.9591905963541666 0.7133676388888889 0.9715237951388889 0.6663430798611111 0.9739116909722222 0.6504566484375
1 0.9378042213541666 0.8056330555555555 0.9178672534722223 0.8219884557291667 0.8714943550347223 0.8862605399305555 0.8670506510416667 0.8975216770833333 0.8751222855902778 0.8958890260416665 0.9060330121527778 0.8756335868055555 0.9367316085069444 0.8321758776041667 0.9554438125 0.7973040312499999 0.9378042213541666 0.8056330555555555
2 0.3880243793402778 0.15478738628472222 0.37600744618055554 0.14937630729166665 0.38057221093750004 0.14425205555555556 0.3675426432291667 0.1435268003472222 0.33055556076388887 0.1669717421875 0.3208665451388889 0.16753122916666668 0.3171633663194445 0.17276127083333334 0.3382193090277778 0.17578390277777778 0.3773832595486111 0.163101140625 0.3955823376736111 0.16446113194444445 0.40525608333333335 0.1569031736111111 0.3880243793402778 0.15478738628472222
1 0.42221512760416663 0.13274824739583335 0.4085355538194444 0.13019403298611112 0.3801337829861111 0.1406999253472222 0.3756748081597222 0.1449625920138889 0.3794537873263889 0.14979946527777777 0.373332171875 0.15691899565972223 0.37442060590277776 0.1623000859375 0.3595773489583334 0.16922330815972222 0.35315363628472224 0.18592606510416665 0.36914585677083334 0.18745237586805555 0.39323970225694443 0.17641753559027779 0.3987718402777778 0.17053748784722222 0.3982123532986111 0.1608484722222222 0.40401660069444445 0.1563136970486111 0.3914707204861111 0.15521054427083333 0.3897928098958333 0.1510689375 0.4000713020833333 0.1492699670138889 0.4225477664930556 0.1371619626736111 0.42221512760416663 0.13274824739583335
1 0.14750429427083334 0.7282743524305555 0.12860939756944445 0.7040899878472222 0.11356873003472222 0.6698839696180555 0.10099230902777778 0.654783875 0.0950670017361111 0.6531817638888888 0.09680599392361111 0.6853172543402777 0.11189247309027778 0.7405186857638889 0.15385441232638888 0.8012064453125 0.16658188194444445 0.8115149270833333 0.17444193836805555 0.8116054461805555 0.14750429427083334 0.7282743524305555
1 0.27143992361111113 0.21393687326388888 0.2635798671875 0.21384635416666667 0.23690126649305554 0.22456382638888886 0.18126195920138888 0.26102361631944443 0.15701761631944444 0.30177551041666667 0.14844757552083332 0.32171302951388886 0.15088128211805554 0.3268220104166667 0.1704708923611111 0.3239798654513889 0.17938884201388888 0.3154545329861111 0.22547546440972221 0.29268958680555557 0.2711225555555556 0.21652162934027777 0.27143992361111113 0.21393687326388888
1 0.3016237404513889 0.13193467881944446 0.2528918333333333 0.15131381336805555 0.1992025451388889 0.1932604826388889 0.19191724652777778 0.20985745052083335 0.2020899496527778 0.20892006510416666 0.2747946423611111 0.1723692048611111 0.31679963541666667 0.12942517187500002 0.3016237404513889 0.13193467881944446
2 0.754818828125 0.9283446414930556 0.7092006241319444 0.9437332187499999 0.6721530112847223 0.9641097170138888 0.7018095355902778 0.9611917717013889 0.7522646137152778 0.9420242152777778 0.7723679001736111 0.9278756727430556 0.754818828125 0.9283446414930556
2 0.29344593402777774 0.8004173515624999 0.2849811310763889 0.7945678446180556 0.2770905338541667 0.7804803836805555 0.2631993819444445 0.7796493394097221 0.21857798958333333 0.7584281796875 0.20312998524305556 0.7595924140625 0.20249524913194444 0.7647619253472222 0.2073021328125 0.7719114453125 0.22061907899305555 0.7809804444444445 0.23117023177083335 0.8054521866319444 0.2420382013888889 0.8024137335069444 0.2622025694444445 0.8162590746527778 0.28310746354166666 0.8240733203124999 0.2935522751736111 0.8244812074652779 0.2954717534722222 0.8159711449652778 0.29344593402777774 0.8004173515624999
1 0.3114786935763889 0.7995704852430555 0.28980273350694447 0.7837903940972222 0.2651341310763889 0.7781377473958333 0.24616398611111112 0.7688119105902778 0.23437390190972224 0.7686761319444444 0.23745761458333334 0.7756140729166667 0.24214343923611115 0.7766267074652777 0.2420529201388889 0.7844867630208333 0.2271943923611111 0.7844115147569445 0.2315781189236111 0.795007375 0.24516717361111112 0.8054216467013888 0.26381995052083335 0.8173322387152777 0.28386325868055556 0.8250406944444444 0.2975428324652778 0.8275949097222222 0.3033770694444444 0.8121316354166667 0.3172076918402778 0.8098942369791666 0.3114786935763889 0.7995704852430555
1 0.14066221614583332 0.28183854253472224 0.1341021736111111 0.2854059427083333 0.09180980121527778 0.3200062326388889 0.073490765625 0.36236023697916664 0.07474551909722221 0.36994818489583337 0.08497875260416667 0.3720792421875 0.10836206076388889 0.356147 0.14099485503472223 0.2862522578125 0.14066221614583332 0.28183854253472224
1 0.19506093836805558 0.19493839409722222 0.16606969010416667 0.2066837699652778 0.13716951302083336 0.23549453124999997 0.12864473177083335 0.25150202256944443 0.14038955642361112 0.2555678289930555 0.17161765104166665 0.23272763454861112 0.1879419592013889 0.21374221961805553 0.1964667404513889 0.1977347282986111 0.19506093836805558 0.19493839409722222