1 0.4926818873720137 0.9755949180887372 0.5154458020477816 0.9751997124573378 0.5383145127986348 0.9661037389078498 0.546916478668942 0.9605175563139932 0.5489928694539249 0.9548527773037544 0.5406730989761092 0.9509035947098975 0.46707137457337883 0.9483436288395903 0.4440514633105802 0.9560990076791809 0.4412654769624573 0.9651021749146758 0.4482446518771331 0.9692025571672355 0.4926818873720137 0.9755949180887372
2 0.6430501023890784 0.9124755042662117 0.6607600315699659 0.9009745418088737 0.6626590230375426 0.8961443592150171 0.6465980836177474 0.8957835656996586 0.6196551894197951 0.9096835230375426 0.6318193447098975 0.9140137022184299 0.6430501023890784 0.9124755042662117
2 0.24409124488054604 0.45432795733788395 0.24733083105802048 0.4493465750853242 0.25655558191126276 0.4059475349829352 0.2722273105802048 0.3691526672354949 0.2736989010238908 0.3581255085324232 0.2646089223549488 0.32086505119453923 0.2589179436860068 0.32096385238907854 0.25464016296928327 0.32877762457337883 0.2523863737201365 0.3352770008532423 0.254430569112628 0.346179159556314 0.2454476066552901 0.35560972696245735 0.23666224658703072 0.37642225255972694 0.2282922960750853 0.4322152457337884 0.2283125008532423 0.44443179948805456 0.2344046800341297 0.4527051672354949 0.24409124488054604 0.45432795733788395
1 0.9179575503412969 0.5548197534129693 0.9245879232081912 0.5461975836177474 0.9294098916382253 0.5070965290102389 0.9292968813993174 0.47479724999999995 0.9203378984641638 0.4266608336177474 0.9059783464163823 0.41008790102389076 0.897809776450512 0.40747931313993174 0.8921592056313993 0.43201122269624576 0.8941270230375425 0.5048307491467577 0.8913814445392492 0.5382670247440273 0.8982820221843004 0.5488929829351537 0.9070815912969283 0.5546887576791809 0.9179575503412969 0.5548197534129693
1 0.9398682218430034 0.41685526365187714 0.9421018071672355 0.39813933361774745 0.9298044368600683 0.34929332081911263 0.9219442619453925 0.3349741766211604 0.9119814965870308 0.3284950042662116 0.907375116894198 0.3358027790102389 0.9216118865187712 0.4042517175767918 0.924010880546075 0.4134846817406143 0.9332640486348123 0.4233022414675768 0.9398682218430034 0.41685526365187714
1 0.9106409018771331 0.32864620477815704 0.9092539035836178 0.31875604180887374 0.8912393558020478 0.2721840230375427 0.874730811433447 0.25340969880546077 0.8630988523890786 0.246575728668942 0.8647096527303754 0.26567265614334473 0.878248816552901 0.30867649061433444 0.8894473796928327 0.3237052303754266 0.9076775162116041 0.33848396843003414 0.9106409018771331 0.32864620477815704
1 0.7801811288395905 0.14215674829351535 0.7810681237201365 0.13798376365187714 0.778794130546075 0.13226658532423208 0.7667609701365188 0.1170604470989761 0.7441542508532423 0.10440450170648465 0.7326210938566553 0.10326151023890785 0.7310769010238908 0.10642249829351537 0.7367880836177474 0.11854025085324231 0.7776773378839591 0.14162455119453923 0.7801811288395905 0.14215674829351535
1 0.8350871271331058 0.15469968259385666 0.834304928327645 0.15017190017064846 0.8196429769624574 0.13091777730375426 0.8077086186006825 0.12140261689419794 0.7986792517064847 0.12079182167235496 0.7979696561433447 0.12413020989761092 0.8063620281569965 0.13594556228668944 0.8325833361774745 0.15416748549488055 0.8350871271331058 0.15469968259385666
1 0.08637107081911263 0.5581914206484642 0.08999165443686007 0.5493656527303754 0.09170503327645052 0.504370021331058 0.08321385921501707 0.48686368941979524 0.07811347098976108 0.46571657081911266 0.07366428583617747 0.4599731936860068 0.06782210750853242 0.45873140017064845 0.0595225409556314 0.4669987721843003 0.05584955972696246 0.4801749240614334 0.058873557167235496 0.5069868225255972 0.06283694880546074 0.5252753523890785 0.08035149402730377 0.5577842244027303 0.08637107081911263 0.5581914206484642
1 0.0769862457337884 0.3786826970989761 0.0817176271331058 0.3748907098976109 0.10376373122866894 0.33683384556313994 0.11493387627986348 0.2986459846416382 0.1006671313993174 0.30215577645051195 0.08485019795221843 0.3232183029010239 0.070492864334471 0.3620371621160409 0.07147266638225255 0.37794690187713315 0.0769862457337884 0.3786826970989761
1 0.06763427559726962 0.3631741587030717 0.08170941296928327 0.3338906638225256 0.08740638651877133 0.31940011604095564 0.08806958020477815 0.3060203660409556 0.07541963054607509 0.3142353395904437 0.06620686945392493 0.328850888225256 0.058151309726962454 0.35854157935153586 0.06055030375426621 0.3677745435153584 0.06763427559726962 0.3631741587030717
1 0.12934360836177475 0.25547674232081913 0.13847777133105804 0.2473867696245734 0.1553590989761092 0.22131666126279864 0.1609048728668942 0.20548551877133106 0.15098851109215017 0.20904770904436862 0.14402954010238908 0.21716388054607508 0.12423722525597271 0.2487213694539249 0.12264063310580206 0.2562327414675768 0.12934360836177475 0.25547674232081913
1 0.159340476109215 0.19642995307167235 0.1711558284982935 0.1880375810580205 0.20901287116040956 0.14330993600682596 0.2011467013651877 0.14338253839590442 0.1869525580204778 0.1547585008532423 0.1550686894197952 0.1898519795221843 0.15364949744027304 0.19652875511945395 0.159340476109215 0.19642995307167235
3 0.17133766467576791 0.29798656825938563 0.1878117960750853 0.2779360383959044 0.20840651450511943 0.2631228865187713 0.2444633677474403 0.22891640273037545 0.2635460861774744 0.20069730204778158 0.29014017747440274 0.17407479351535837 0.2942203558020478 0.15487906399317405 0.3054571083617747 0.1389491194539249 0.3248886305460751 0.12345257167235496 0.3609394880546075 0.10363783361774745 0.37713741894197955 0.07873092150170648 0.3242756168941979 0.07709014590443686 0.26960762969283275 0.10036227645051195 0.2169576390784983 0.1367117576791809 0.1755586109215017 0.18373959556313993 0.1623180699658703 0.21320048976109215 0.16175367832764506 0.2322712184300341 0.14867854692832766 0.28968100682593856 0.15388373208191125 0.30212735836177473 0.17133766467576791 0.29798656825938563
3 0.35739750255972697 0.10593802645051195 0.3697450520477816 0.09504186262798635 0.3809818046075085 0.07911191894197951 0.380528204778157 0.07509013395904436 0.37051304180887373 0.07296134556313992 0.3711178412969283 0.0783237252559727 0.3600644829351536 0.07902732593856655 0.36395527218430035 0.08944968600682594 0.361247883105802 0.09192727730375427 0.35576050255972697 0.08901629010238907 0.3507005230375426 0.09230227986348123 0.3490837269624573 0.0875970981228669 0.34554174146757677 0.08989729010238907 0.34900512969283276 0.09412267320819113 0.34442494880546076 0.09925525597269626 0.3487229343003413 0.1036580375426621 0.3381231757679181 0.10838342320819112 0.33753858020477817 0.11523759812286691 0.35739750255972697 0.10593802645051195
3 0.19194593088737202 0.1292145947098976 0.19619751279863482 0.12357601450511944 0.21641123378839588 0.11260724829351536 0.22893018771331056 0.11526823464163823 0.3242756168941979 0.07709014590443686 0.3366695699658703 0.07623534470989761 0.3513697107508532 0.06453078327645051 0.3740610230375427 0.05626940699658703 0.4013849146757679 0.03852506399317406 0.4393549675767918 0.026096697952218428 0.42972080204778157 0.02012352389078498 0.413508662116041 0.01842213566552901 0.3918817448805461 0.021675930887372016 0.37925799402730376 0.027715712457337886 0.36721883873720135 0.026901319112627987 0.3559618822525597 0.030614709044368603 0.3530306911262798 0.023885535836177474 0.34642651791808876 0.030332513651877134 0.33790314931740617 0.029393120307167238 0.3348147636518771 0.035715097269624574 0.31182105119453923 0.04129528412969283 0.30622887457337883 0.04708506399317406 0.27109121075085324 0.06055162542662116 0.2484987005119454 0.07450398037542662 0.2249929948805461 0.09480451279863482 0.1899279343003413 0.11613724402730376 0.1754777943686007 0.13487337883959044 0.19194593088737202 0.1292145947098976
1 0.7514882244027303 0.10683569027303753 0.753058616894198 0.10149950938566553 0.7406706587030717 0.08796256484641637 0.7200355324232083 0.07834260750853243 0.7031399957337884 0.07780441552901024 0.7090285776450512 0.08908757081911263 0.743648252559727 0.10473310068259385 0.7514882244027303 0.10683569027303753
3 0.5016086262798635 0 0.5001937320819112 0.004572358361774744 0.48446139163822527 0.004717563139931741 0.46966244880546076 0.01073114590443686 0.4792966151877133 0.01670431996587031 0.48354220221843003 0.025457485494880545 0.4894367790102389 0.02234889505119454 0.49343236433447096 0.024070487201365186 0.49585755802047776 0.03112826023890785 0.5175106749146757 0.025699273037542665 0.5304892235494881 0.017990297781569964 0.5534305366894198 0.016760494880546074 0.5582667141638226 0.00426773976109215 0.5493474453924915 0 0.5454466416382252 0 0.5413711774744028 0.003729547781569966 0.5358003421501706 0 0.5281582918088737 0 0.5291808225255973 0.0015745597269624574 0.52396964334471 0.0035199539249146754 0.522202383105802 0 0.5016086262798635 0
3 0.12377139846416382 0.7597926518771331 0.1194008114334471 0.747523699658703 0.12129980204778157 0.7426935170648463 0.1158648199658703 0.7354321459044368 0.11405042150170648 0.7193450068259386 0.109042840443686 0.7182806126279864 0.11076443259385664 0.7142850273037543 0.0960560776450512 0.6849895418088737 0.09399167747440274 0.6618708293515358 0.08009771587030716 0.6205361894197953 0.07700111604095562 0.5858581203071672 0.05839375853242321 0.5051402295221843 0.05328515614334471 0.44299306399317406 0.047166777303754265 0.43689488907849827 0.04056260409556314 0.44334186689419797 0.029285443686006822 0.4348387030716724 0.019836890784982936 0.46903097781569963 0.015212524744027303 0.5195139897610922 0.01734952730375427 0.5504988728668941 0.025433505119453925 0.5740247824232082 0.02467151023890785 0.5817135537542663 0.04895563737201365 0.635724343003413 0.0498104385665529 0.6481182960750853 0.0548180204778157 0.6491826902730375 0.10326726877133106 0.7392967354948805 0.10804505290102388 0.7455461109215017 0.1129014343003413 0.7452699104095563 0.10951064846416383 0.7489106979522184 0.1135788361774744 0.7584984607508533 0.12121520989761092 0.7636108387372014 0.12377139846416382 0.7597926518771331
3 0.5463989633105802 0.01701049658703072 0.5584119189419795 0.020000081058020477 0.5822866313993174 0.02463865529010239 0.6104129257679181 0.023638650170648465 0.6445790008532424 0.035262395051194544 0.6574527534129693 0.03625418686006826 0.668887109215017 0.031706199658703076 0.6969610042662117 0.03505657764505119 0.6994909948805461 0.03341358276450512 0.6978479999999999 0.03088359300341297 0.5658012320819112 0.0028161860068259387 0.5449333677474403 0.013645909556313993 0.5463989633105802 0.01701049658703072