1 0.7567957780410743 0.40882337677725117 0.755328832543444 0.3891307037914692 0.7515384518167456 0.38226851342812007 0.7309387274881517 0.36900701026856236 0.7026314218009478 0.36541271484992105 0.6943882014218009 0.36810201263823067 0.6900399818325434 0.40755457030015796 0.691323996050553 0.41671039257503945 0.697547981042654 0.4273200055292259 0.7220780600315956 0.4486847551342812 0.7495642290679305 0.45614219273301737 0.7525390236966825 0.4535443609794628 0.7567957780410743 0.40882337677725117
1 0.9065664786729858 0.5020308593996841 0.8959679660347551 0.4816085157977883 0.8903953396524488 0.48123155292259084 0.8869521176935229 0.4841335860979463 0.8841602543443918 0.4972682693522906 0.8818014652448657 0.538758766192733 0.8875999802527647 0.558968374407583 0.8983010592417062 0.5580128151658768 0.9008316793048973 0.5537054992101106 0.9065664786729858 0.5020308593996841
1 0.8146298570300158 0.636324737756714 0.8064108909952606 0.6370003507109004 0.7977907085308057 0.6452622748815167 0.7526352085308057 0.7285308183254344 0.748036845971564 0.7501644146919432 0.7510060900473934 0.760889747235387 0.7590608285939968 0.7609867630331754 0.7659230189573459 0.7571963823064771 0.8014189154818325 0.7041760671406003 0.8021728404423382 0.6930308143759873 0.8158653633491311 0.6495079289099526 0.8146298570300158 0.636324737756714
1 0.8053402235387046 0.790204616113744 0.800704452606635 0.7892192527646129 0.7876127274881517 0.7957231848341232 0.76376586492891 0.8205332101105844 0.7560582843601896 0.8302004178515008 0.756313977093207 0.8346962148499211 0.7651413443917852 0.8349574573459716 0.7802710086887835 0.8264640947867299 0.8049632614533965 0.7957772424960505 0.8053402235387046 0.790204616113744
1 0.7331538278041074 0.8410788775671406 0.7174400165876776 0.8466216998420221 0.7013734968404424 0.8557234636650868 0.6777393696682464 0.8757334913112164 0.6885319139020537 0.8800463578199053 0.7084373222748815 0.8737794146919431 0.7221859565560822 0.8641849691943128 0.7403874304897314 0.8450390355450237 0.7331538278041074 0.8410788775671406
1 0.6869451413902053 0.7545409968404424 0.6792188570300158 0.7528987243285941 0.6633893262243286 0.7551868056872039 0.641208990521327 0.7702568617693523 0.6293770244865718 0.7879303001579779 0.6278989794628752 0.7948839565560821 0.632182041864139 0.7994282614533965 0.6443798696682465 0.8028285260663507 0.6644009976303318 0.7998163238546603 0.6708190134281201 0.7943164589257504 0.6912039494470774 0.76109898657188 0.6869451413902053 0.7545409968404424
1 0.23526459083728277 0.4271742630331754 0.23213111927330174 0.4172215592417062 0.22655849289099528 0.41684459715639816 0.21801107266982625 0.4190654668246446 0.2104919731437599 0.4259463609794629 0.20556515560821487 0.44912521406003164 0.20930702843601898 0.46001477409162717 0.2163764044233807 0.46474756003159556 0.22426691548183256 0.46561720379146915 0.22899970221169033 0.4585478285939969 0.23526459083728277 0.4271742630331754
0 0.37390092101105843 0.9431827740916272 0.35093480252764614 0.9334559589257504 0.34576339257503946 0.9254926856240125 0.34724143759873616 0.9185390292259085 0.3395394075829384 0.9148830726698263 0.33333967614533966 0.9022597748815165 0.3228998404423381 0.8943879668246446 0.31683453238546605 0.8963288902053713 0.31009361137440755 0.8900508467614534 0.3059020142180095 0.890774967614534 0.30307274328593997 0.8812906911532385 0.29373399052132704 0.8720378538704582 0.2906192227488152 0.8733946295418642 0.28993806003159556 0.8784988278041074 0.283757032385466 0.8771850102685624 0.23296868720379146 0.8235902053712479 0.20553102527646128 0.8121053981042654 0.19392289494470774 0.798332509478673 0.16890013428120063 0.7792856453396525 0.1464079944707741 0.7559314652448658 0.12995135781990522 0.745973210900474 0.12189661927330174 0.7458761951026857 0.10282344707740917 0.7216336674565561 0.09591829936808847 0.716128252764613 0.08755935939968404 0.7155628088467615 0.08640976935229068 0.7209712085308057 0.09090001658767773 0.7340386800947867 0.12716709873617693 0.7970637037914692 0.15934515007898895 0.8394349439178516 0.18857821169036335 0.869067167456556 0.22972915402843602 0.8996175426540285 0.2889790047393365 0.9323998878357029 0.3636142124802528 0.9611846666666667 0.3903762606635071 0.9644505078988942 0.37390092101105843 0.9431827740916272
1 0.4906662725118483 0.8440452369668245 0.48605475592417063 0.8410461887835703 0.45095802132701424 0.835201220379147 0.4377505766192733 0.838450410742496 0.43423459241706164 0.8473934976303318 0.44867754423380724 0.857327498420221 0.46722062638230644 0.8612689518167457 0.48365855845181677 0.8599177259083728 0.48982088230647713 0.8499220639810426 0.4906662725118483 0.8440452369668245
2 0.6255720481832543 0.8723165774091628 0.6117804557661927 0.8726152274881517 0.5889487614533966 0.8774526334913112 0.5798844052132701 0.8840050734597157 0.5959696287519748 0.886212789099526 0.6247509123222749 0.8761797195892576 0.6255720481832543 0.8723165774091628
2 0.5335994605055292 0.8681103846761454 0.5206290039494471 0.8645458925750396 0.49939107424960505 0.8656843838862559 0.4951752235387046 0.8684221887835704 0.4996225134281201 0.8721938657187993 0.521420336492891 0.8760196003159557 0.5326140971563981 0.8727461548183254 0.5335994605055292 0.8681103846761454
2 0.5909755995260664 0.9021095315955766 0.5779081279620853 0.9065997788309637 0.5540238578199052 0.9087908451816745 0.5522901200631911 0.9112487037914693 0.5735037962085308 0.9121238973143759 0.5918639478672986 0.9055285000000001 0.5909755995260664 0.9021095315955766