0 0.5258273634064081 0.6156188406408095 0.5276590986509274 0.6048117613827994 0.5175425514333896 0.553495702360877 0.5080626475548061 0.551790239460371 0.4762743541315346 0.5565330978077572 0.4734308591905565 0.5610836416526138 0.47305362900505904 0.5819391121416526 0.48784593507588536 0.6235221956155144 0.4960620623946037 0.6272501222596965 0.5172963490725127 0.6236458246205734 0.5258273634064081 0.6156188406408095
0 0.6662781897133221 0.8735178566610455 0.7397113811129848 0.8392574856661046 0.7467884190556492 0.826806758010118 0.7710495311973018 0.7519777057335582 0.7807772225969646 0.7004069890387858 0.6775148018549747 0.7385252588532883 0.6213961829679595 0.7540773102866779 0.5633179730185497 0.7648896736930859 0.44880361467116353 0.7748857622259696 0.3674036686340641 0.7690159696458685 0.3882036661045531 0.8516141779089376 0.40798978836424954 0.9054572596964586 0.5055049890387858 0.9080392276559865 0.5886727411467116 0.8953285573355817 0.6662781897133221 0.8735178566610455
0 0.7482941694772345 0.7096369907251264 0.7441197993254637 0.6746887301854975 0.740201671163575 0.676458650084317 0.7345780809443507 0.6877084738617201 0.7277551720067453 0.7143787925801012 0.7299044359190556 0.7199400396290051 0.7482941694772345 0.7096369907251264
0 0.4971499064080944 0.7706469350758853 0.5043537453625633 0.7624936787521079 0.4913313591905565 0.7248287225969646 0.4812824392917369 0.7206585801011804 0.47534237689713327 0.7267893718381113 0.4746481458684654 0.7369011635750422 0.46687529089376056 0.742589739460371 0.4656754435075885 0.752385586846543 0.4702275725126475 0.7721030252951097 0.4851424519392918 0.7729863996627319 0.4971499064080944 0.7706469350758853
2 0.7328012908937606 0.6106699283305228 0.7355813861720067 0.6039706483979763 0.7443031298482293 0.6080145193929174 0.7476517124789207 0.5981552715008431 0.751755284148398 0.5522097310286678 0.7440426593591906 0.5262991576728498 0.7388602268128162 0.52446689460371 0.7333623802698145 0.52876489460371 0.7285608777403035 0.5454496939291736 0.7251531222596965 0.5981573861720068 0.7290094350758853 0.6111126728499157 0.7328012908937606 0.6106699283305228
2 0.6962162512647555 0.6827194131534571 0.6967202824620573 0.6661614148397976 0.7072727040472175 0.6481489114671164 0.7022144300168635 0.6224908819561551 0.6912171500843171 0.6142129392917369 0.6858455750421586 0.6171837639123103 0.6730815455311974 0.6387355792580101 0.6777615320404722 0.6739997833052277 0.6754875817875211 0.686639655143339 0.6766256138279932 0.6915690143338954 0.6813024291736931 0.6930853338954468 0.6962162512647555 0.6827194131534571
2 0.5829603844856661 0.6344465623946037 0.5918047006745362 0.5977907251264755 0.5841538903878584 0.5571549443507589 0.5635493777403036 0.5372494198988196 0.553122171163575 0.5426854519392917 0.5547034763912311 0.5570313153456998 0.5471208220910624 0.5691660986509275 0.5463631905564924 0.5771291543001686 0.554327302698145 0.5891360801011803 0.5610286964586847 0.6144147655986509 0.5622317141652614 0.6383668043844857 0.5674775463743676 0.6423478035413153 0.5829603844856661 0.6344465623946037
2 0.6960619713322092 0.3859402689713322 0.6880946880269814 0.34018545699831365 0.6966891028667791 0.33430720910623946 0.6985213659359191 0.3291247774030354 0.6923905741989882 0.3231847141652614 0.6827209991568296 0.32065769139966277 0.6717231905564924 0.30675510118043847 0.6648976391231028 0.3053021821247892 0.6537756728499157 0.3152253575042159 0.6539664013490725 0.3272962133220911 0.6702110986509275 0.35642909696458686 0.6718552757166947 0.36729904806070823 0.6789962428330523 0.36262170404721755 0.6827252268128162 0.3656548718381113 0.6887308035413153 0.38417140556492413 0.6931550758853288 0.3883420767284992 0.6960619713322092 0.3859402689713322
2 0.6741334536256324 0.39965635750421585 0.6716048456998314 0.3924519907251265 0.6741931551433389 0.3624325607082631 0.6676824907251265 0.34922473018549743 0.6513125784148398 0.3326683170320405 0.6466362908937606 0.3367766450252951 0.641961589376054 0.35775891568296797 0.6635810320404723 0.41766886087689714 0.6702803119730185 0.4204489561551433 0.6741334536256324 0.39965635750421585
2 0.5716054123102867 0.18232707925801012 0.5757126838111298 0.17575407166947724 0.5735623625632378 0.1589435286677909 0.5590891703204047 0.1506027150084317 0.552706892074199 0.15856629848229342 0.5678135564924115 0.18276982377740303 0.5716054123102867 0.18232707925801012
2 0.5489794932546375 0.17240707335581787 0.5451231804384485 0.15945178752107927 0.539624276559865 0.15250049241146713 0.5254041568296796 0.14712997386172008 0.5224349182124789 0.15863234064080944 0.5388682301854975 0.17733748988195616 0.5489794932546375 0.17240707335581787
3 0.4624261804384486 0.47406063322091063 0.488777913153457 0.4532659207419899 0.4926955118043845 0.4458713524451939 0.4989494055649241 0.4167363549747049 0.4880752268128162 0.37338335075885326 0.4768882748735244 0.3642838482293423 0.4553369881956155 0.3571444671163575 0.4112881677908937 0.36125649409780775 0.3951734418212479 0.3701689671163575 0.38733771500843167 0.3793334544688027 0.38139923693086003 0.4023381897133221 0.3860142386172007 0.41857971585160203 0.40383812647554806 0.4395598726812816 0.4085159991568297 0.4523254873524452 0.4269089038785835 0.475770323777403 0.4305739586846543 0.471030107925801 0.43885348650927486 0.4769067706576729 0.4537049654300169 0.47564140978077574 0.4624261804384486 0.47406063322091063
3 0.8320356947723441 0.750012828836425 0.8300116450252951 0.731875110455312 0.8339931728499157 0.7322539266441822 0.8343730455311973 0.7395216939291737 0.8469489881956155 0.7340222613827992 0.8525720497470489 0.7171477900505903 0.8598392892074199 0.7111432698145026 0.8688135767284992 0.7125327892074199 0.8806926458684653 0.6890219097807757 0.8987659072512647 0.6735998296795953 0.9136147436762226 0.6442112310286678 0.9169638549747048 0.6399766306913997 0.9211984544688028 0.6433257419898819 0.9229678465430017 0.6416192217537943 0.9219555573355818 0.6297380387858348 0.9266313161888702 0.620005063237774 0.9244820522765599 0.6144438161888701 0.9311802748735244 0.6059746163575042 0.9349066163575042 0.5808845455311973 0.9240984797639122 0.5678035160202362 0.9300966585160202 0.5075749839797639 0.9230159207419898 0.4806531787521079 0.9234570801011803 0.4675710919055649 0.9117592276559865 0.4019091694772344 0.902340610455312 0.37985385244519393 0.8877400902192243 0.3615909190556493 0.8761737942664418 0.3508482967959528 0.859931739460371 0.349838650084317 0.8568969865092748 0.3366936913996627 0.8517145548060708 0.33486142833052274 0.8445735876897134 0.33953877234401353 0.8521583558178752 0.3499025792580101 0.8483036281618888 0.35382123524451936 0.8422996365935919 0.3521786433389545 0.8436891559865093 0.34320435581787523 0.8395808279932546 0.33852806913996625 0.8299117807757167 0.3416256930860034 0.8273842293423271 0.3456706214165261 0.8173987099494098 0.3436492141652614 0.8109530311973019 0.3494640623946037 0.8067184308600337 0.3461149510961214 0.8009675118043844 0.34744265514333894 0.7935740008431703 0.3547743516020236 0.8244144620573356 0.3515483406408094 0.828774805227656 0.34794562900505904 0.8356003575042158 0.3493985480607083 0.8373702774030354 0.35331667622259694 0.830798326306914 0.3604586998313659 0.8203705910623946 0.36027008431703206 0.8149361441821248 0.36671682040472176 0.810701544688027 0.36336770910623944 0.797366913153457 0.3655809021922429 0.7897203305227656 0.36994230269814504 0.786750563237774 0.37582002192242836 0.7775237318718381 0.3770848549747049 0.7485810480607082 0.3997757596964587 0.7570502478920742 0.4064739822934233 0.7504777689713322 0.40799135834738615 0.7570544755480607 0.4514711627318718 0.7625533802698146 0.45842245784148394 0.7689990590219224 0.4526076096121417 0.7777836745362564 0.45317556913996626 0.7897916576728499 0.45646075126475544 0.7957327774030354 0.46157925463743676 0.8057214679595278 0.4973485472175379 0.801995126475548 0.5224386172006745 0.7932120961214165 0.5387446011804384 0.7770334418212479 0.5398836897133221 0.772419497470489 0.5348914586846543 0.7659732900505902 0.5350816593591906 0.7647776703204047 0.5898746871838111 0.7604833693086003 0.6237493726812816 0.7633284502529512 0.6360727715008432 0.7601690109612141 0.6411289317032041 0.7609926846543001 0.663437849915683 0.7584651332209107 0.6674827774030354 0.7677553650927488 0.6683666804384485 0.7716095640809444 0.6588233768971332 0.7831114021922428 0.6561679688026981 0.7924021627318718 0.6626765193929174 0.794360697301855 0.6561669114671164 0.7979000092748735 0.6583785193929174 0.7980273381112984 0.6683006382799326 0.7929711787521079 0.6651411989881957 0.7894957951096121 0.6707029747048904 0.7968908912310287 0.6802452217537943 0.7929098920741989 0.6854910531197302 0.7987876121416526 0.6884608204047218 0.7896257664418213 0.708748331365936 0.789247478920742 0.7183545067453625 0.7842552478920741 0.7229684510961214 0.7949999839797639 0.7339007453625632 0.8200266543001686 0.7354783507588533 0.8260311745362563 0.7427455902192243 0.8264115750421586 0.7556380050590219 0.8320356947723441 0.750012828836425
3 0.7938439839797639 0.53773336846543 0.8013632377740303 0.5234498490725126 0.8050256509274873 0.49058639544688026 0.7973130252951096 0.46467582209106234 0.778163018549747 0.4548186888701518 0.7633125969645869 0.467333344856661 0.7588904384485665 0.48566126391231035 0.75958836846543 0.5149220059021923 0.7652146020236088 0.5317954198988196 0.7756428650927487 0.5376086821247892 0.7884090084317033 0.5385554569983136 0.7938439839797639 0.53773336846543
3 0.732201623946037 0.2819756897133221 0.7353605345699832 0.2712948827993255 0.729354957841484 0.2527783482293423 0.7134911897133221 0.24216252698145024 0.6995875430016864 0.24191103962900506 0.6963018322091062 0.2482943760539629 0.7053411045531197 0.2687065733558179 0.726134760539629 0.2838090101180438 0.732201623946037 0.2819756897133221
3 0.5070218220910624 0.23617808853288363 0.5117609806070826 0.2285938482293423 0.5156780514333895 0.2155746332209106 0.5119485387858348 0.2069168178752108 0.5008883878583474 0.20211478752107925 0.48534162057335584 0.20224264502529513 0.46202252782462055 0.21368372596964588 0.4593687040472175 0.21905582967959528 0.46391977655986505 0.22752397217537942 0.4862931517706577 0.24009832967959527 0.49356091905564925 0.23971845699831365 0.5070218220910624 0.23617808853288363
3 0.6737324426644182 0.16740268802698147 0.6763862664418213 0.16203058431703204 0.6706342900505902 0.15210899325463742 0.6559085548060708 0.14642253119730184 0.6460498355817875 0.14869859527824622 0.6530661163575042 0.16222237015177066 0.6682974671163575 0.1682247765598651 0.6737324426644182 0.16740268802698147
3 0.46643571669477235 0.7725457689713322 0.4678257647554806 0.7691961298482294 0.4633375640809444 0.7572520750421585 0.45556365177065766 0.7516913558178752 0.4427341087689714 0.748595844856661 0.41473714333895445 0.7472713111298482 0.4040568642495784 0.7497370480607083 0.38832201096121416 0.7659172883642495 0.3952743625632378 0.7716676795952783 0.4601791812816189 0.7735575295109611 0.46643571669477235 0.7725457689713322