1 0.2551816150793651 0.39458240714285714 0.2553926682539682 0.40571982698412695 0.2695409349206349 0.43904564444444444 0.3246252095238095 0.5404802436507936 0.3650594095238095 0.6029995476190476 0.37373775238095236 0.6117991293650793 0.37811761746031747 0.6116312984126984 0.42015825952380953 0.5828396968253968 0.42161540634920636 0.5702002238095237 0.35894116190476194 0.47710999047619046 0.32238670476190473 0.416383496031746 0.29576174047619047 0.3633300428571429 0.28996289444444445 0.36024454841269843 0.258642623015873 0.3892006111111111 0.2551816150793651 0.39458240714285714
1 0.5691314801587302 0.4622965492063492 0.5553688373015873 0.4746884896825397 0.5398150706349206 0.4985102896825397 0.5179207984126984 0.5219997984126984 0.5166297976190476 0.5314690190476191 0.5044955023809524 0.5507015865079365 0.5031629650793651 0.5609633706349206 0.5116751619047619 0.5729332055555556 0.5240238801587301 0.5799382936507936 0.5331175873015873 0.5808122452380953 0.543253076984127 0.576972353968254 0.5639377365079365 0.5538168222222223 0.5668138634920635 0.5444306738095238 0.5993819142857143 0.4992478357142857 0.6016316238095238 0.4866498984126984 0.5996277626984127 0.4793922214285714 0.581019926984127 0.4629195968253968 0.5691314801587302 0.4622965492063492
1 0.5363428571428571 0.6405867706349206 0.5351349293650793 0.648470865873016 0.5413525103174603 0.6587309650793651 0.556788407936508 0.6674873253968254 0.5683013412698413 0.667693323015873 0.575225042063492 0.6644798484126984 0.5999971261904762 0.6391543103174603 0.6369848928571429 0.5854609595238095 0.6370230595238096 0.5695681611111111 0.6199172777777778 0.5547637357142857 0.608111903968254 0.552555561904762 0.5986443674603175 0.5588146793650793 0.5363428571428571 0.6405867706349206
1 0.6903021396825397 0.4324861666666667 0.7011504896825397 0.44537317380952385 0.7088269023809524 0.45054391746031747 0.7147918936507937 0.4504591595238095 0.7248426253968253 0.44065427619047615 0.7500665555555556 0.38396018968253964 0.7490629396825397 0.37278123333333335 0.7266999714285715 0.35213811031746034 0.7196101246031746 0.35852183730158727 0.7020558666666666 0.39018619603174604 0.6884644246031746 0.4220582365079365 0.6903021396825397 0.4324861666666667
1 0.8293559793650794 0.34957068412698417 0.8264366301587301 0.35219927777777776 0.8213141634920634 0.38928359841269844 0.8263221317460318 0.3998776746031746 0.8340400801587302 0.40425585476190473 0.8407476730158729 0.3672546071428572 0.8293559793650794 0.34957068412698417
1 0.7495759531746031 0.2416760261904762 0.7575397507936508 0.22619859206349205 0.770878603968254 0.18398169365079364 0.7584035912698412 0.17180417698412698 0.7475153896825396 0.1672598507936508 0.7222033317460317 0.20288870952380952 0.717451323015873 0.217739726984127 0.7367686484126984 0.23583901428571427 0.7495759531746031 0.2416760261904762
1 0.783682538095238 0.17471846984126985 0.7820160238095238 0.18377064126984127 0.7846463023809525 0.19424010793650795 0.7978723420634921 0.20725172460317462 0.8022106706349206 0.20787645634920635 0.803207546031746 0.18885494206349204 0.783682538095238 0.17471846984126985
1 0.5105991738095238 0.7981855928571429 0.517900073015873 0.8029392865079364 0.5325001857142857 0.8048965563492063 0.5931003865079365 0.7631696706349207 0.5977294706349207 0.758246461111111 0.5964350992063492 0.752615446031746 0.5860470206349206 0.7461104801587302 0.568569096031746 0.7459892412698413 0.5392925373015873 0.7738603000000001 0.5108068563492063 0.7942227777777777 0.5105991738095238 0.7981855928571429
1 0.5050299166666667 0.8892888158730158 0.5343530666666666 0.8832755476190477 0.549827130952381 0.8761391095238095 0.5504518626984127 0.8718007801587302 0.5335155968253968 0.8689263380952381 0.4863822293650793 0.8811588722222223 0.4862160833333333 0.8843291246031747 0.49351698253968257 0.8890828182539683 0.5050299166666667 0.8892888158730158
1 0.7061579531746032 0.8275081531746031 0.7073243444444444 0.8204166214285714 0.643758203968254 0.8429143103174602 0.6389629738095238 0.8510077722222221 0.6452204055555556 0.8529251904761904 0.6966488801587302 0.8345598333333333 0.7061579531746032 0.8275081531746031
1 0.9102429142857142 0.5576605880952381 0.9051950952380953 0.5554091936507936 0.8991088642857143 0.5729718761904762 0.9046584912698413 0.58081275 0.9120424634920635 0.5839813174603175 0.9153339547619047 0.566669538095238 0.9102429142857142 0.5576605880952381
1 0.8869330325396826 0.5929970071428572 0.8837246134920635 0.6087236603174603 0.8961564047619047 0.6141436222222222 0.9019501952380952 0.5945787634920635 0.8916451896825397 0.5864886714285714 0.8869330325396826 0.5929970071428572
1 0.8771034634920636 0.6592400174603175 0.8815248650793651 0.6582796238095238 0.8879467579365079 0.6494766714285715 0.887611096031746 0.6407169404761905 0.8795176341269841 0.6359217103174603 0.8741375230158731 0.6400108206349207 0.8695101238095239 0.6524841476190476 0.8695948817460317 0.6584491396825397 0.8771034634920636 0.6592400174603175
1 0.8690599634920635 0.6914028134920636 0.8751063428571428 0.6821828119047619 0.8733118492063492 0.6785124365079365 0.8603383984126984 0.675845676984127 0.8515405015873015 0.6920741373015873 0.8513328190476191 0.6960369531746032 0.8560466611111112 0.6970787349206349 0.8690599634920635 0.6914028134920636
1 0.8833676357142857 0.6913579071428572 0.8860776166666667 0.685142011904762 0.8843661960317459 0.6798865103174604 0.8764405650793651 0.6794711452380953 0.8698109896825397 0.6922369134920635 0.8707298476190476 0.6974508785714285 0.8766948388888889 0.6973661206349206 0.8833676357142857 0.6913579071428572
1 0.9045075111111112 0.6519340634920635 0.9039641666666667 0.6471371484126984 0.8997504468253968 0.6441347261904762 0.8944534095238095 0.6466387103174603 0.8899090825396826 0.657526911904762 0.8900353777777779 0.6626993404761905 0.8975439587301587 0.6634902182539683 0.9045075111111112 0.6519340634920635
1 0.9166367515873016 0.6100511420634921 0.9126739357142857 0.6098434595238095 0.9073387309523809 0.6282402428571429 0.9107183515873015 0.6319936904761905 0.9150982166666666 0.6318258595238095 0.9206843246031746 0.6162238158730159 0.9166367515873016 0.6100511420634921
1 0.9303129515873015 0.5841440928571429 0.9255558880952381 0.5763447563492063 0.9216346087301587 0.5753445103174603 0.9167563055555557 0.5850230992063492 0.9162994039682539 0.5937412936507936 0.9203469777777777 0.5999139674603174 0.9254778698412699 0.6005802357142856 0.9303129515873015 0.5841440928571429
1 0.8970472063492063 0.6805510936507937 0.8914992642857142 0.6802603380952381 0.8851189079365079 0.6882707277777779 0.8830353436507936 0.6976984119047619 0.887790723015873 0.6979476309523809 0.8952560825396826 0.6919809539682539 0.8970472063492063 0.6805510936507937
1 0.17628228095238097 0.3077945126984127 0.23000874206349206 0.3062391277777778 0.24760622142857142 0.2813323238095238 0.2523166936507937 0.2672738698412699 0.24092836984126983 0.26469018333333333 0.18319924126984127 0.27438056666666666 0.17519222222222222 0.2831004468253968 0.16447690714285715 0.3055863396825397 0.17628228095238097 0.3077945126984127
1 0.15246949603174603 0.5195368460317461 0.15755716666666666 0.5134455595238095 0.15701045238095238 0.4935484087301587 0.15371390476190475 0.48820983412698415 0.13377184761904762 0.47444887619047615 0.13060328015873016 0.4818328484126984 0.13077279603174602 0.49376283174603175 0.14404205714285714 0.5135320031746032 0.15246949603174603 0.5195368460317461
1 0.1498908642857143 0.5535755238095238 0.14888724920634921 0.5423965674603175 0.13127965873015873 0.5220026634920635 0.12581479047619049 0.5201267817460318 0.12352185873015872 0.5259671642857142 0.12673701825396827 0.5404409825396825 0.1462221746031746 0.5629201357142857 0.1498908642857143 0.5535755238095238
1 0.13834145 0.5768124436507936 0.11702026349206349 0.5514554785714285 0.11648197380952381 0.5693089174603175 0.1296266253968254 0.5914557777777778 0.13955611746031746 0.5991288198412699 0.14168121825396826 0.5889085722222223 0.13834145 0.5768124436507936
1 0.10583962142857142 0.5449089761904762 0.10520983412698413 0.5265969515873016 0.09573724285714286 0.5102057150793651 0.0914819873015873 0.5079958563492064 0.09010959841269842 0.5266003214285714 0.09874808968253969 0.543742584920635 0.10333732301587302 0.5471620563492063 0.10583962142857142 0.5449089761904762
1 0.10040617857142857 0.4969398246031746 0.10153440396825397 0.5057410912698413 0.1156793007936508 0.523966673015873 0.1183859119047619 0.5026505420634921 0.10382396507936507 0.48480047380952385 0.10040617857142857 0.4969398246031746
1 0.10765206031746032 0.44208513809523814 0.10481915476190476 0.45822884047619045 0.11821302539682539 0.47562032301587304 0.12154942380952381 0.4726162158730159 0.12246322619047618 0.45517982777777777 0.10765206031746032 0.44208513809523814
1 0.09910169761904762 0.44600810238095234 0.1023931888888889 0.428696323015873 0.09446587301587302 0.42073084047619047 0.09084040396825398 0.43683300634920635 0.09910169761904762 0.44600810238095234
1 0.08486867222222222 0.40671729285714286 0.0819077873015873 0.41013844920634923 0.08036756746031747 0.4243630492063492 0.08437360476190477 0.43132828650793653 0.08791937063492064 0.4319114817460318 0.0911693253968254 0.4153922658730159 0.08486867222222222 0.40671729285714286
1 0.07752960714285714 0.4178563984126984 0.0807380253968254 0.4021297452380952 0.07581481587301588 0.39750066111111115 0.07147985714285715 0.41197616428571426 0.07752960714285714 0.4178563984126984
1 0.07615721825396825 0.43646086349206353 0.07328277619047618 0.45339712936507937 0.08000047936507937 0.4616965888888889 0.0831673619047619 0.44676249841269844 0.07966144761904762 0.4378366222222222 0.07615721825396825 0.43646086349206353
1 0.09297898492063492 0.4870137023809524 0.09614586746031746 0.4720796119047619 0.08617315317460318 0.45764901507936506 0.08346485714285713 0.4714150285714286 0.09297898492063492 0.4870137023809524
1 0.08079809761904762 0.4843884785714286 0.0778787492063492 0.48701707222222224 0.0781313380952381 0.49736192936507934 0.08313930555555556 0.5079560047619048 0.08626802222222223 0.5089147142857142 0.08784977777777778 0.4938975515873016 0.08079809761904762 0.4843884785714286
1 0.06632259444444444 0.4800535198412698 0.07057953492063493 0.489813496031746 0.07450081428571428 0.49081374206349204 0.07695820634920635 0.4742529888888889 0.0699480626984127 0.463951353968254 0.06632259444444444 0.4800535198412698
3 0.38461129285714285 0.17685149126984126 0.3933294873015873 0.17730839206349205 0.4025910261904762 0.18256220873015871 0.42336381269841267 0.18047190476190475 0.4446799444444445 0.1831785158730159 0.5004501182539682 0.18053812698412697 0.6084879214285714 0.1814317087301587 0.6371863396825397 0.17975676904761903 0.6549550206349206 0.17433006666666664 0.7146083071428572 0.18858272222222222 0.720864053968254 0.18295002222222223 0.721113273015873 0.17819464365079365 0.7148109341269842 0.16196955317460318 0.7203571912698413 0.15471019047619047 0.7330382015873016 0.1553747738095238 0.7367916492063492 0.15199515396825397 0.739082896031746 0.13860465396825397 0.722603530952381 0.12701201746031746 0.7069184142857143 0.12301103571428572 0.7024537912698412 0.1172138746031746 0.6744199563492064 0.10620780396825397 0.6251115261904762 0.09170255952380953 0.5708400357142858 0.0809109119047619 0.4876209079365079 0.07654958174603174 0.4093266746031746 0.08436745476190476 0.32957529523809526 0.1048248007936508 0.24903472222222223 0.14034084603174604 0.21045508809523808 0.1637506515873016 0.1616170404761905 0.20092815555555557 0.1333839484126984 0.2316354904761905 0.12971525873015874 0.2409801015873016 0.1336365373015873 0.24198034761904763 0.2113408349206349 0.20750776904761906 0.21601314047619047 0.2093421142857143 0.2515920380952381 0.197696146031746 0.2829173642857143 0.1913904373015873 0.29956118968253964 0.19226270317460317 0.3245460119047619 0.18562470238095238 0.37318311746031746 0.18261048571428573 0.38461129285714285 0.17685149126984126
3 0.9229081682539683 0.3008286 0.9211119896825396 0.2896081071428571 0.9133525047619047 0.2860224896825397 0.9074689007936507 0.2769720031746032 0.9077181198412698 0.27221662460317464 0.8939919571428571 0.2611656476190476 0.89349015 0.25557616904761904 0.875841023015873 0.23597482857142857 0.8682476841269842 0.2292189587301587 0.8626582055555556 0.2297207666666667 0.8610433380952381 0.28328108253968254 0.872312107936508 0.3108928119047619 0.8757798563492064 0.3357114873015873 0.8821237317460316 0.3511440150793651 0.890225619047619 0.3936898349206349 0.9069244611111111 0.454170480952381 0.9540415682539684 0.5559822785714286 0.9594233642857143 0.5594432865079365 0.9640406531746032 0.5016692515873016 0.9631964428571429 0.4571195706349206 0.9564686293650793 0.4035194039682539 0.9427738936507936 0.34637515634920635 0.9345092301587301 0.3220998246031746 0.9300030706349207 0.317095226984127 0.9282068912698412 0.3058747341269841 0.9229081682539683 0.3008286
3 0.19694174920634921 0.732473626984127 0.15338220317460316 0.6840958500000001 0.10155799444444444 0.6114427420634921 0.07330636666666666 0.5590987801587302 0.05990912698412699 0.5266070619047619 0.05531989365079366 0.5231875904761905 0.05644474841269841 0.5168886222222222 0.05181229444444444 0.506711596031746 0.04956763968253969 0.5419598865079365 0.05688033412698412 0.5995644055555556 0.07145070634920635 0.6551650634920635 0.10083055873015873 0.7163102928571429 0.10541810634920636 0.7121796468253968 0.10379312857142858 0.7204392547619047 0.11343186587301587 0.7336602388888889 0.1461430619047619 0.7691510079365079 0.15765768015873016 0.776907123015873 0.15911651190476192 0.7718177674603175 0.1521911261904762 0.7674811238095238 0.15448405793650793 0.7616407420634921 0.1575297007936508 0.764184576984127 0.1591995849206349 0.7702326412698413 0.18557027539682538 0.8053911190476191 0.2231597746031746 0.8312033000000001 0.2332138761904762 0.8364986531746033 0.24389271031746032 0.8374556769841269 0.24793859841269839 0.8360782325396825 0.24914652698412698 0.828194138095238 0.23846600793650793 0.819686996031746 0.2388813722222222 0.811761365079365 0.2276541388888889 0.7833570722222222 0.21638873888888888 0.7708455785714287 0.21304897063492065 0.7587494492063492 0.19694174920634921 0.732473626984127