1 0.3609375 0.622265625 0.36171875 0.606640625 0.365625 0.596484375 0.341015625 0.58046875 0.323828125 0.5765625 0.284765625 0.57265625 0.278515625 0.5796875 0.270703125 0.57890625 0.26875 0.582421875 0.27421875 0.591796875 0.275 0.631640625 0.2828125 0.660546875 0.287890625 0.66484375 0.321484375 0.67421875 0.36171875 0.680078125 0.36484375 0.654296875 0.3609375 0.622265625
1 0.56953125 0.674609375 0.56640625 0.615234375 0.57578125 0.608984375 0.575 0.605078125 0.559765625 0.60234375 0.551171875 0.59296875 0.523046875 0.590625 0.469921875 0.5921875 0.441015625 0.60390625 0.446875 0.613671875 0.44765625 0.657421875 0.4546875 0.691015625 0.472265625 0.69453125 0.52265625 0.695703125 0.56328125 0.694140625 0.56953125 0.674609375
1 0.73359375 0.671484375 0.74140625 0.648046875 0.73984375 0.614453125 0.74375 0.604296875 0.733984375 0.59375 0.719921875 0.5921875 0.683984375 0.59765625 0.6609375 0.612109375 0.65625 0.631640625 0.6546875 0.658203125 0.65859375 0.669140625 0.6578125 0.690234375 0.66328125 0.691796875 0.719921875 0.67890625 0.73359375 0.671484375
1 0.50625 0.776953125 0.48671875 0.744140625 0.4859375 0.737109375 0.491015625 0.7328125 0.478515625 0.72890625 0.470703125 0.721875 0.449609375 0.71640625 0.380859375 0.7140625 0.37265625 0.722265625 0.384375 0.749609375 0.40390625 0.773828125 0.408203125 0.78515625 0.433984375 0.79140625 0.49921875 0.794140625 0.50546875 0.787109375 0.50625 0.776953125
1 0.390625 0.839453125 0.390234375 0.83125 0.369140625 0.8203125 0.332421875 0.8078125 0.30234375 0.804296875 0.30234375 0.808203125 0.329296875 0.84765625 0.358203125 0.859375 0.40078125 0.866796875 0.40234375 0.862890625 0.390625 0.839453125
1 0.616796875 0.909375 0.62421875 0.901953125 0.62421875 0.887109375 0.616796875 0.884375 0.595703125 0.88671875 0.541015625 0.89765625 0.5390625 0.906640625 0.5453125 0.918359375 0.55859375 0.920703125 0.587890625 0.9171875 0.616796875 0.909375
1 0.121875 0.608203125 0.1171875 0.580078125 0.1140625 0.571484375 0.101953125 0.56484375 0.09921875 0.569140625 0.09765625 0.591015625 0.10234375 0.616015625 0.111328125 0.63046875 0.1203125 0.633203125 0.12265625 0.628515625 0.121875 0.608203125
1 0.11484375 0.657421875 0.109375 0.646484375 0.098828125 0.640625 0.0984375 0.658984375 0.103125 0.676171875 0.1140625 0.698046875 0.1265625 0.706640625 0.125 0.687109375 0.11484375 0.657421875
1 0.13515625 0.756640625 0.119140625 0.73828125 0.115234375 0.73828125 0.125 0.773046875 0.143359375 0.79296875 0.15390625 0.798828125 0.15 0.783203125 0.13515625 0.756640625
1 0.47265625 0.466796875 0.46640625 0.439453125 0.4703125 0.435546875 0.46875 0.432421875 0.458984375 0.41953125 0.451953125 0.41640625 0.392578125 0.41875 0.375 0.435546875 0.378125 0.438671875 0.378125 0.451171875 0.371875 0.476953125 0.3734375 0.519921875 0.384765625 0.52265625 0.398828125 0.51953125 0.440234375 0.51953125 0.4671875 0.525390625 0.4734375 0.498828125 0.47265625 0.466796875
1 0.592578125 0.3734375 0.582421875 0.36796875 0.575390625 0.35859375 0.547265625 0.3546875 0.524609375 0.35546875 0.514453125 0.3671875 0.50234375 0.369140625 0.50703125 0.374609375 0.5046875 0.424609375 0.509765625 0.43984375 0.515234375 0.440625 0.524609375 0.43515625 0.576953125 0.43671875 0.585546875 0.446875 0.58984375 0.447265625 0.59453125 0.423828125 0.592578125 0.3734375
1 0.765625 0.450390625 0.75859375 0.421484375 0.74921875 0.407421875 0.736328125 0.40078125 0.707421875 0.3953125 0.690234375 0.40390625 0.6875 0.407421875 0.6875 0.419140625 0.690625 0.447265625 0.69921875 0.470703125 0.7015625 0.491015625 0.709765625 0.49375 0.730078125 0.4890625 0.765625 0.494140625 0.76796875 0.487109375 0.765625 0.450390625
1 0.41875 0.367578125 0.42578125 0.326171875 0.408203125 0.315625 0.362890625 0.321875 0.346875 0.344140625 0.33984375 0.362109375 0.3375 0.388671875 0.34375 0.389453125 0.408203125 0.38671875 0.41875 0.367578125
1 0.389453125 0.28125 0.411328125 0.28359375 0.42109375 0.267578125 0.42578125 0.243359375 0.419921875 0.2421875 0.416796875 0.2375 0.376171875 0.24296875 0.35859375 0.263671875 0.3515625 0.284765625 0.35390625 0.290234375 0.357421875 0.28671875 0.389453125 0.28125
1 0.54609375 0.247265625 0.530859375 0.23671875 0.491015625 0.2359375 0.48046875 0.245703125 0.47421875 0.261328125 0.475 0.275390625 0.478515625 0.278125 0.481640625 0.27578125 0.509765625 0.27578125 0.5421875 0.279296875 0.546875 0.262890625 0.54609375 0.247265625
1 0.63125 0.280078125 0.632421875 0.27421875 0.608984375 0.259375 0.594921875 0.25703125 0.581640625 0.259375 0.5703125 0.266796875 0.57265625 0.269140625 0.571875 0.294921875 0.576171875 0.30859375 0.589453125 0.30625 0.618359375 0.3109375 0.6375 0.319140625 0.63828125 0.306640625 0.63125 0.280078125
1 0.6984375 0.281640625 0.686328125 0.2671875 0.656640625 0.2578125 0.64453125 0.262890625 0.65 0.287109375 0.655078125 0.29609375 0.687890625 0.303125 0.703125 0.309765625 0.7046875 0.301171875 0.6984375 0.281640625
1 0.86953125 0.753515625 0.8828125 0.733203125 0.88515625 0.726171875 0.883203125 0.72109375 0.876171875 0.721875 0.84453125 0.754296875 0.83203125 0.773046875 0.83671875 0.774609375 0.856640625 0.765625 0.86953125 0.753515625
1 0.13671875 0.450390625 0.130859375 0.44296875 0.124609375 0.44453125 0.11796875 0.455859375 0.1109375 0.478515625 0.11015625 0.491796875 0.1125 0.520703125 0.1265625 0.522265625 0.1359375 0.473046875 0.13671875 0.450390625
1 0.47109375 0.204296875 0.47109375 0.196484375 0.462890625 0.18828125 0.441015625 0.18828125 0.42421875 0.201171875 0.41953125 0.211328125 0.41953125 0.216015625 0.42421875 0.216015625 0.463671875 0.21328125 0.47109375 0.204296875
1 0.5734375 0.221484375 0.56953125 0.210546875 0.562109375 0.203125 0.537890625 0.19765625 0.52421875 0.204296875 0.5203125 0.212890625 0.523828125 0.2265625 0.5703125 0.232421875 0.57421875 0.229296875 0.5734375 0.221484375
1 0.2140625 0.397265625 0.21796875 0.384765625 0.22734375 0.372265625 0.23203125 0.354296875 0.2328125 0.349609375 0.227734375 0.33984375 0.216015625 0.33828125 0.1921875 0.366015625 0.18359375 0.391015625 0.1828125 0.404296875 0.18671875 0.408984375 0.205078125 0.40390625 0.2140625 0.397265625
1 0.17109375 0.399609375 0.1765625 0.377734375 0.173046875 0.36328125 0.15625 0.377734375 0.1453125 0.400390625 0.1421875 0.424609375 0.14765625 0.426953125 0.16171875 0.420703125 0.17109375 0.399609375
1 0.25078125 0.337890625 0.2640625 0.320703125 0.26953125 0.299609375 0.26875 0.291796875 0.265234375 0.28828125 0.243359375 0.2953125 0.215625 0.333203125 0.215234375 0.3421875 0.226953125 0.33984375 0.233984375 0.35 0.23828125 0.349609375 0.24921875 0.344140625 0.25078125 0.337890625
1 0.315234375 0.234375 0.298828125 0.23515625 0.285546875 0.24453125 0.278125 0.255078125 0.283203125 0.2578125 0.295703125 0.25390625 0.30703125 0.257421875 0.31875 0.239453125 0.315234375 0.234375
1 0.29765625 0.278515625 0.303125 0.267578125 0.303125 0.262109375 0.298046875 0.25546875 0.271484375 0.26328125 0.26171875 0.276171875 0.259375 0.285546875 0.266796875 0.28828125 0.2703125 0.298828125 0.27265625 0.298828125 0.282421875 0.29609375 0.29765625 0.278515625
1 0.34453125 0.228515625 0.35078125 0.216015625 0.349609375 0.209375 0.326953125 0.21171875 0.313671875 0.2203125 0.3046875 0.231640625 0.318359375 0.2390625 0.32578125 0.238671875 0.337109375 0.23515625 0.34453125 0.228515625
1 0.87109375 0.608984375 0.8734375 0.573828125 0.868359375 0.5609375 0.855078125 0.56953125 0.84609375 0.581640625 0.84296875 0.608203125 0.8453125 0.632421875 0.84765625 0.633203125 0.8609375 0.625390625 0.87109375 0.608984375
1 0.8234375 0.437890625 0.81796875 0.408984375 0.806640625 0.39453125 0.788671875 0.3890625 0.78203125 0.396484375 0.78515625 0.401953125 0.7890625 0.451953125 0.792578125 0.45546875 0.804296875 0.45234375 0.821875 0.461328125 0.82421875 0.459765625 0.8234375 0.437890625
1 0.78671875 0.338671875 0.774609375 0.32265625 0.764453125 0.31796875 0.756640625 0.31796875 0.75234375 0.324609375 0.753125 0.337109375 0.76484375 0.366796875 0.796875 0.376953125 0.796875 0.368359375 0.78671875 0.338671875
1 0.610546875 0.18984375 0.594140625 0.18671875 0.58984375 0.188671875 0.58671875 0.199609375 0.588671875 0.20625 0.61484375 0.211328125 0.61640625 0.204296875 0.610546875 0.18984375
1 0.4953125 0.174609375 0.49609375 0.167578125 0.491015625 0.16015625 0.474609375 0.15859375 0.464453125 0.16328125 0.45859375 0.170703125 0.45859375 0.176171875 0.465625 0.177734375 0.490234375 0.17734375 0.4953125 0.174609375
1 0.549609375 0.1578125 0.530078125 0.15703125 0.52265625 0.164453125 0.525390625 0.171875 0.55859375 0.173828125 0.56015625 0.165234375 0.549609375 0.1578125
1 0.5125 0.149609375 0.505859375 0.1453125 0.490234375 0.14453125 0.483203125 0.14765625 0.4765625 0.155859375 0.483984375 0.159375 0.50078125 0.158984375 0.511328125 0.1578125 0.5125 0.149609375
1 0.909375 0.684765625 0.91328125 0.673828125 0.910546875 0.66171875 0.89453125 0.676953125 0.8875 0.692578125 0.88671875 0.702734375 0.8921875 0.706640625 0.89921875 0.701171875 0.909375 0.684765625