2 0.783984375 0.53125 0.79140625 0.551953125 0.790625 0.592578125 0.798828125 0.59296875 0.8015625 0.589453125 0.796875 0.466015625 0.79453125 0.454296875 0.78671875 0.443359375 0.78671875 0.423828125 0.780859375 0.41484375 0.776953125 0.41484375 0.7734375 0.419140625 0.7734375 0.434765625 0.765625 0.443359375 0.7625 0.458203125 0.7625 0.466796875 0.76875 0.483203125 0.76953125 0.573046875 0.76484375 0.594140625 0.76953125 0.598828125 0.775 0.590234375 0.783984375 0.53125
2 0.84453125 0.355859375 0.838671875 0.35 0.834375 0.362890625 0.834375 0.385546875 0.840625 0.414453125 0.84296875 0.448828125 0.84765625 0.451171875 0.84765625 0.438671875 0.851171875 0.43359375 0.8546875 0.455078125 0.857421875 0.46015625 0.8609375 0.460546875 0.85078125 0.378515625 0.84453125 0.355859375
2 0.596875 0.519921875 0.60859375 0.505859375 0.609375 0.482421875 0.6265625 0.447265625 0.62421875 0.430859375 0.61796875 0.419921875 0.62109375 0.408203125 0.60859375 0.388671875 0.60703125 0.348046875 0.61015625 0.339453125 0.609375 0.325390625 0.601953125 0.31640625 0.588671875 0.3140625 0.58125 0.322265625 0.58125 0.334765625 0.57109375 0.349609375 0.56796875 0.361328125 0.56875 0.431640625 0.57734375 0.458203125 0.5765625 0.492578125 0.56953125 0.536328125 0.573046875 0.540625 0.59296875 0.540234375 0.59609375 0.537890625 0.596875 0.519921875
2 0.475 0.419921875 0.46328125 0.403515625 0.45390625 0.397265625 0.45078125 0.344921875 0.45859375 0.301171875 0.46484375 0.291015625 0.46015625 0.285546875 0.453125 0.257421875 0.45703125 0.243359375 0.451953125 0.2390625 0.443359375 0.23828125 0.43828125 0.242578125 0.434375 0.255078125 0.4234375 0.264453125 0.415625 0.276953125 0.4140625 0.345703125 0.40390625 0.361328125 0.3984375 0.376953125 0.38828125 0.383984375 0.384375 0.401953125 0.388671875 0.40546875 0.402734375 0.4078125 0.424609375 0.4046875 0.42734375 0.396484375 0.421875 0.388671875 0.4203125 0.379296875 0.428515625 0.3625 0.4328125 0.368359375 0.4390625 0.423828125 0.452734375 0.43203125 0.4640625 0.432421875 0.475 0.423828125 0.475 0.419921875
2 0.4859375 0.391796875 0.4734375 0.349609375 0.4875 0.335546875 0.49375 0.277734375 0.49609375 0.271484375 0.50234375 0.266796875 0.50234375 0.262890625 0.483984375 0.23515625 0.466796875 0.2390625 0.46171875 0.252734375 0.4546875 0.258984375 0.46015625 0.292578125 0.453125 0.331640625 0.45859375 0.366015625 0.46328125 0.376171875 0.4609375 0.398828125 0.466796875 0.40625 0.475 0.408203125 0.4859375 0.403515625 0.4859375 0.391796875
2 0.6484375 0.330078125 0.65390625 0.305859375 0.64453125 0.276953125 0.64296875 0.262890625 0.6265625 0.227734375 0.612109375 0.215625 0.603125 0.230859375 0.60703125 0.248828125 0.60234375 0.260546875 0.6078125 0.280859375 0.603125 0.315234375 0.6109375 0.339453125 0.614453125 0.34140625 0.61796875 0.337890625 0.61484375 0.322265625 0.6234375 0.311328125 0.62734375 0.297265625 0.631640625 0.29609375 0.63515625 0.302734375 0.634375 0.337109375 0.643359375 0.34609375 0.65390625 0.347265625 0.65546875 0.345703125 0.6484375 0.330078125
2 0.7421875 0.380078125 0.73203125 0.365234375 0.72578125 0.332421875 0.71640625 0.319921875 0.71171875 0.307421875 0.71328125 0.282421875 0.70546875 0.263671875 0.70625 0.255078125 0.699609375 0.24765625 0.690234375 0.246875 0.68984375 0.255859375 0.68203125 0.262890625 0.690625 0.280078125 0.69453125 0.304296875 0.69453125 0.322265625 0.6859375 0.360546875 0.698046875 0.371875 0.70859375 0.370703125 0.7 0.351953125 0.710546875 0.33046875 0.7171875 0.341796875 0.7265625 0.379296875 0.731640625 0.38515625 0.7359375 0.385546875 0.741796875 0.38515625 0.7421875 0.380078125
2 0.72265625 0.237109375 0.702734375 0.2171875 0.694921875 0.2171875 0.69140625 0.222265625 0.6921875 0.227734375 0.70703125 0.250390625 0.71640625 0.281640625 0.726171875 0.29296875 0.726171875 0.27421875 0.73828125 0.294921875 0.7421875 0.308984375 0.75 0.313671875 0.75234375 0.310546875 0.72265625 0.237109375
2 0.90625 0.448828125 0.9015625 0.430859375 0.897265625 0.4265625 0.8953125 0.434765625 0.89765625 0.482421875 0.90078125 0.503515625 0.9046875 0.515234375 0.9078125 0.516015625 0.909375 0.491015625 0.90625 0.448828125
2 0.13203125 0.596484375 0.120703125 0.53203125 0.11484375 0.552734375 0.11484375 0.568359375 0.121875 0.597265625 0.125 0.626953125 0.12890625 0.635546875 0.132421875 0.63671875 0.133203125 0.62265625 0.13984375 0.641015625 0.146875 0.646484375 0.14921875 0.643359375 0.13203125 0.596484375
2 0.52578125 0.187890625 0.513671875 0.17578125 0.503515625 0.17421875 0.49921875 0.181640625 0.48671875 0.191796875 0.48984375 0.233984375 0.498828125 0.2515625 0.509765625 0.25 0.518359375 0.25703125 0.528125 0.259765625 0.521875 0.198046875 0.52578125 0.187890625
2 0.48671875 0.231640625 0.484375 0.187890625 0.478515625 0.1828125 0.470703125 0.18359375 0.464453125 0.18984375 0.44453125 0.199609375 0.43984375 0.236328125 0.442578125 0.2390625 0.46328125 0.241015625 0.483203125 0.23515625 0.48671875 0.231640625
2 0.55 0.908203125 0.542578125 0.903125 0.530078125 0.90078125 0.498046875 0.9 0.49375 0.902734375 0.50859375 0.910546875 0.5078125 0.918359375 0.510546875 0.92265625 0.53046875 0.923046875 0.544140625 0.921875 0.55 0.908203125