1 0.5140625 0.376953125 0.511328125 0.34921875 0.497265625 0.33984375 0.481640625 0.33984375 0.46640625 0.349609375 0.4609375 0.371484375 0.462890625 0.38984375 0.51015625 0.391015625 0.51328125 0.387109375 0.5140625 0.376953125
1 0.503125 0.277734375 0.4984375 0.269921875 0.467578125 0.26875 0.4609375 0.277734375 0.459375 0.288671875 0.4609375 0.297265625 0.46484375 0.298828125 0.501953125 0.296875 0.503125 0.277734375
1 0.417578125 0.3625 0.42109375 0.359765625 0.42109375 0.341015625 0.413671875 0.3234375 0.384765625 0.325 0.3734375 0.333984375 0.3703125 0.353515625 0.37421875 0.364453125 0.3796875 0.365234375 0.398046875 0.36171875 0.417578125 0.3625
1 0.50234375 0.258984375 0.49765625 0.246484375 0.491796875 0.24296875 0.468359375 0.2453125 0.46328125 0.251953125 0.4625 0.263671875 0.466015625 0.26875 0.47109375 0.268359375 0.498828125 0.26796875 0.50234375 0.258984375
1 0.54765625 0.616796875 0.55 0.596484375 0.55078125 0.527734375 0.54609375 0.450390625 0.54296875 0.441015625 0.537890625 0.4359375 0.530078125 0.43515625 0.462890625 0.434375 0.4578125 0.439453125 0.4546875 0.455078125 0.45390625 0.615234375 0.458203125 0.61875 0.477734375 0.621875 0.53828125 0.622265625 0.545703125 0.6203125 0.54765625 0.616796875
1 0.41796875 0.530078125 0.4171875 0.498046875 0.41171875 0.483203125 0.405078125 0.47734375 0.366796875 0.47890625 0.359375 0.491015625 0.36015625 0.537109375 0.41328125 0.541015625 0.41640625 0.539453125 0.41796875 0.530078125
1 0.45546875 0.680078125 0.437109375 0.66484375 0.414453125 0.66328125 0.400390625 0.66796875 0.39296875 0.674609375 0.39609375 0.694140625 0.407421875 0.71640625 0.459375 0.721484375 0.46171875 0.708203125 0.45546875 0.680078125
1 0.3 0.635546875 0.290234375 0.6265625 0.261328125 0.6203125 0.25859375 0.623828125 0.25859375 0.642578125 0.26328125 0.672265625 0.270703125 0.67890625 0.30625 0.688671875 0.30625 0.665234375 0.3 0.635546875
1 0.40078125 0.804296875 0.390234375 0.78046875 0.350390625 0.76796875 0.34140625 0.771484375 0.3453125 0.787890625 0.352734375 0.80078125 0.3984375 0.811328125 0.40078125 0.810546875 0.40078125 0.804296875
1 0.325390625 0.8046875 0.298828125 0.79296875 0.2890625 0.792578125 0.2921875 0.808203125 0.297265625 0.815625 0.323046875 0.8265625 0.33359375 0.827734375 0.33203125 0.816015625 0.325390625 0.8046875
1 0.433203125 0.87265625 0.397265625 0.86484375 0.38671875 0.866796875 0.39140625 0.877734375 0.398046875 0.88359375 0.4359375 0.889453125 0.4375 0.880859375 0.433203125 0.87265625
1 0.21640625 0.505859375 0.21875 0.475390625 0.2171875 0.464453125 0.213671875 0.46015625 0.202734375 0.4609375 0.2 0.463671875 0.19453125 0.481640625 0.19375 0.507421875 0.2 0.509765625 0.212890625 0.509375 0.21640625 0.505859375
1 0.21875 0.514453125 0.214453125 0.509375 0.203515625 0.50859375 0.2 0.510546875 0.19609375 0.529296875 0.196875 0.557421875 0.201171875 0.56328125 0.21875 0.565234375 0.22265625 0.562109375 0.21875 0.514453125
1 0.24296875 0.416796875 0.2484375 0.391015625 0.245703125 0.37578125 0.231640625 0.38046875 0.22109375 0.396484375 0.21640625 0.422265625 0.218359375 0.425 0.22578125 0.424609375 0.238671875 0.42109375 0.24296875 0.416796875
1 0.2125 0.385546875 0.219140625 0.35078125 0.208984375 0.353125 0.19765625 0.370703125 0.1921875 0.391796875 0.1921875 0.399609375 0.19765625 0.399609375 0.205859375 0.396875 0.2125 0.385546875
1 0.21171875 0.591796875 0.206640625 0.5859375 0.192578125 0.58359375 0.18984375 0.604296875 0.19453125 0.629296875 0.2171875 0.638671875 0.21953125 0.635546875 0.21171875 0.591796875
1 0.21484375 0.642578125 0.208203125 0.63515625 0.194921875 0.63125 0.19296875 0.649609375 0.19765625 0.670703125 0.22265625 0.684765625 0.221875 0.666015625 0.21484375 0.642578125
1 0.22109375 0.687890625 0.217578125 0.6828125 0.199609375 0.6734375 0.19765625 0.680859375 0.2015625 0.704296875 0.228125 0.723828125 0.228125 0.707421875 0.22109375 0.687890625
1 0.2234375 0.721484375 0.215234375 0.7125 0.200390625 0.70546875 0.19921875 0.722265625 0.21171875 0.748828125 0.226953125 0.759375 0.23671875 0.761328125 0.23515625 0.747265625 0.2234375 0.721484375
1 0.234375 0.765234375 0.212109375 0.75234375 0.2125 0.764453125 0.21796875 0.776953125 0.229296875 0.7890625 0.24765625 0.797265625 0.24765625 0.787890625 0.234375 0.765234375
1 0.25234375 0.812109375 0.239453125 0.79921875 0.226171875 0.79296875 0.225 0.800390625 0.2328125 0.816015625 0.26171875 0.832421875 0.26171875 0.826953125 0.25234375 0.812109375
1 0.259765625 0.8328125 0.23515625 0.820703125 0.2328125 0.824609375 0.23671875 0.832421875 0.248046875 0.84453125 0.27578125 0.858984375 0.27421875 0.850390625 0.259765625 0.8328125
1 0.18515625 0.728515625 0.169140625 0.71796875 0.16875 0.733984375 0.17578125 0.748828125 0.191015625 0.76171875 0.20078125 0.765234375 0.1953125 0.746484375 0.18515625 0.728515625
1 0.21640625 0.819140625 0.205078125 0.8078125 0.194140625 0.80234375 0.1953125 0.811328125 0.20390625 0.823828125 0.218359375 0.83671875 0.2296875 0.840234375 0.228125 0.833203125 0.21640625 0.819140625
1 0.20234375 0.345703125 0.200390625 0.33828125 0.190625 0.344140625 0.184375 0.355859375 0.18046875 0.373046875 0.18671875 0.373828125 0.19765625 0.365234375 0.20234375 0.345703125
1 0.25546875 0.294140625 0.255078125 0.28125 0.247265625 0.2828125 0.2375 0.291015625 0.2296875 0.309765625 0.23359375 0.312890625 0.25 0.303515625 0.25546875 0.294140625
1 0.282421875 0.246875 0.271484375 0.25 0.25859375 0.261328125 0.25546875 0.271484375 0.26171875 0.271484375 0.27890625 0.260546875 0.282421875 0.246875
1 0.4375 0.220703125 0.43828125 0.208984375 0.423046875 0.20703125 0.412109375 0.21015625 0.40390625 0.221484375 0.40234375 0.227734375 0.4046875 0.230078125 0.433984375 0.2265625 0.4375 0.220703125
1 0.4078125 0.200390625 0.40703125 0.192578125 0.400390625 0.190625 0.387890625 0.19375 0.37890625 0.205078125 0.37890625 0.208203125 0.3828125 0.208984375 0.403515625 0.20546875 0.4078125 0.200390625
1 0.44765625 0.181640625 0.430078125 0.18125 0.421875 0.187890625 0.422265625 0.19296875 0.43515625 0.192578125 0.444921875 0.19140625 0.44765625 0.181640625
1 0.4140625 0.176171875 0.404296875 0.17421875 0.395703125 0.17734375 0.38984375 0.184765625 0.391796875 0.1875 0.3984375 0.187109375 0.411328125 0.184375 0.4140625 0.176171875
1 0.525390625 0.2015625 0.504296875 0.20078125 0.5015625 0.203515625 0.49921875 0.217578125 0.501953125 0.221875 0.528125 0.222265625 0.53046875 0.213671875 0.525390625 0.2015625
1 0.559765625 0.2046875 0.541015625 0.20234375 0.534375 0.206640625 0.538671875 0.21796875 0.5578125 0.219921875 0.565625 0.215234375 0.559765625 0.2046875
1 0.32890625 0.191796875 0.316796875 0.19375 0.30859375 0.204296875 0.31328125 0.205859375 0.326953125 0.2 0.32890625 0.191796875
1 0.14140625 0.635546875 0.13828125 0.627734375 0.129296875 0.62265625 0.1265625 0.625390625 0.1265625 0.635546875 0.13203125 0.657421875 0.137109375 0.6640625 0.14609375 0.666796875 0.14609375 0.651953125 0.14140625 0.635546875
1 0.59140625 0.883203125 0.59140625 0.880078125 0.538671875 0.88203125 0.508984375 0.88984375 0.5 0.894921875 0.5 0.898828125 0.505859375 0.90078125 0.5375 0.901171875 0.584765625 0.88828125 0.59140625 0.883203125
1 0.515234375 0.91328125 0.474609375 0.9109375 0.4703125 0.913671875 0.474609375 0.92421875 0.50703125 0.926171875 0.5171875 0.922265625 0.515234375 0.91328125
3 0.741015625 0.87890625 0.791796875 0.84765625 0.8453125 0.804296875 0.8578125 0.776953125 0.8578125 0.766796875 0.8546875 0.761328125 0.86328125 0.737890625 0.86953125 0.730859375 0.8734375 0.707421875 0.871484375 0.6875 0.855859375 0.6921875 0.84765625 0.699609375 0.83359375 0.723046875 0.8265625 0.741796875 0.792578125 0.7890625 0.774609375 0.8 0.7703125 0.797265625 0.771484375 0.784375 0.756640625 0.7890625 0.746875 0.797265625 0.7375 0.813671875 0.721484375 0.83203125 0.713671875 0.83125 0.70078125 0.839453125 0.690625 0.859765625 0.66953125 0.875390625 0.66328125 0.898046875 0.65546875 0.906640625 0.65546875 0.911328125 0.66015625 0.912890625 0.687890625 0.90390625 0.741015625 0.87890625
2 0.66015625 0.625390625 0.66015625 0.619921875 0.655078125 0.6125 0.64296875 0.620703125 0.640625 0.627734375 0.6390625 0.655078125 0.64765625 0.666015625 0.65625 0.648828125 0.66015625 0.625390625
2 0.60390625 0.498046875 0.59765625 0.491015625 0.596875 0.483203125 0.592578125 0.48046875 0.58828125 0.486328125 0.59140625 0.494921875 0.58984375 0.542578125 0.591796875 0.54609375 0.59921875 0.547265625 0.6015625 0.545703125 0.60390625 0.498046875
2 0.6171875 0.502734375 0.612109375 0.48828125 0.6078125 0.488671875 0.603125 0.503515625 0.603125 0.546484375 0.60546875 0.548046875 0.615625 0.536328125 0.6171875 0.502734375
2 0.58828125 0.518359375 0.5734375 0.483203125 0.567578125 0.48203125 0.56484375 0.484765625 0.56484375 0.492578125 0.56875 0.540234375 0.570703125 0.54609375 0.578125 0.548046875 0.58125 0.529296875 0.58828125 0.518359375