1 0.296875 0.455078125 0.2984375 0.420703125 0.2953125 0.408203125 0.287890625 0.4 0.278515625 0.40078125 0.2703125 0.406640625 0.259375 0.433203125 0.2609375 0.466796875 0.278125 0.467578125 0.293359375 0.46328125 0.296875 0.455078125
1 0.4046875 0.436328125 0.4046875 0.403515625 0.40703125 0.399609375 0.40078125 0.382421875 0.395703125 0.3765625 0.369921875 0.3765625 0.35703125 0.383984375 0.3515625 0.406640625 0.3546875 0.436328125 0.357421875 0.440625 0.36484375 0.440234375 0.396484375 0.43984375 0.4046875 0.436328125
1 0.4125 0.530078125 0.40859375 0.515234375 0.4125 0.493359375 0.4078125 0.490234375 0.39921875 0.451171875 0.392578125 0.44765625 0.358203125 0.45 0.3546875 0.457421875 0.3484375 0.498046875 0.353125 0.508203125 0.3546875 0.544921875 0.357421875 0.54921875 0.40703125 0.549609375 0.41015625 0.545703125 0.4125 0.530078125
1 0.4359375 0.664453125 0.43671875 0.659765625 0.4296875 0.633984375 0.4296875 0.620703125 0.42265625 0.614453125 0.41328125 0.584765625 0.404296875 0.5796875 0.369140625 0.5796875 0.3640625 0.583984375 0.36171875 0.601953125 0.37109375 0.658984375 0.374609375 0.66328125 0.390234375 0.66875 0.41328125 0.670703125 0.430078125 0.66796875 0.4359375 0.664453125
1 0.4890625 0.812109375 0.48515625 0.792578125 0.48984375 0.788671875 0.4796875 0.784765625 0.459375 0.746484375 0.452734375 0.74140625 0.436328125 0.7390625 0.408203125 0.74140625 0.4046875 0.749609375 0.4078125 0.774609375 0.41328125 0.784765625 0.425 0.794921875 0.4296875 0.812109375 0.4671875 0.816796875 0.482421875 0.815625 0.4890625 0.812109375
1 0.34375 0.745703125 0.3234375 0.711328125 0.317578125 0.70625 0.299609375 0.70078125 0.287109375 0.7015625 0.28515625 0.712890625 0.2890625 0.732421875 0.30390625 0.764453125 0.322265625 0.7734375 0.34765625 0.776171875 0.35078125 0.771484375 0.34375 0.745703125
1 0.321875 0.687109375 0.3140625 0.643359375 0.30390625 0.620703125 0.289453125 0.61171875 0.267578125 0.6109375 0.26328125 0.623046875 0.26484375 0.644140625 0.275 0.679296875 0.279296875 0.68515625 0.291015625 0.69140625 0.31484375 0.694140625 0.319921875 0.69296875 0.321875 0.687109375
1 0.22265625 0.624609375 0.216796875 0.6171875 0.200390625 0.6125 0.19765625 0.614453125 0.19609375 0.639453125 0.203125 0.662890625 0.20703125 0.670703125 0.214453125 0.6765625 0.23203125 0.681640625 0.23359375 0.675390625 0.22265625 0.624609375
1 0.24375 0.711328125 0.235546875 0.70234375 0.219140625 0.69765625 0.2171875 0.706640625 0.23125 0.748828125 0.243359375 0.759375 0.26484375 0.766796875 0.25703125 0.737890625 0.24375 0.711328125
1 0.59453125 0.335546875 0.5859375 0.314453125 0.573046875 0.3046875 0.548828125 0.30390625 0.540625 0.313671875 0.53984375 0.326171875 0.54140625 0.332421875 0.55390625 0.348046875 0.556640625 0.35078125 0.561328125 0.3484375 0.582421875 0.34921875 0.58984375 0.353515625 0.59453125 0.344140625 0.59453125 0.335546875
1 0.709765625 0.31328125 0.699609375 0.309375 0.6875 0.312109375 0.6875 0.320703125 0.701171875 0.33984375 0.72265625 0.344921875 0.72421875 0.333984375 0.709765625 0.31328125
1 0.75390625 0.369921875 0.745703125 0.36171875 0.725390625 0.3625 0.7234375 0.374609375 0.73671875 0.387109375 0.740625 0.396484375 0.748828125 0.4015625 0.76484375 0.403515625 0.765625 0.391796875 0.75390625 0.369921875
1 0.8484375 0.670703125 0.848046875 0.640625 0.833203125 0.64453125 0.825 0.655078125 0.82265625 0.691796875 0.828125 0.693359375 0.84140625 0.683984375 0.8484375 0.670703125
2 0.7640625 0.455078125 0.757421875 0.4453125 0.75234375 0.453515625 0.7515625 0.465234375 0.753125 0.473046875 0.759375 0.477734375 0.76484375 0.462890625 0.7640625 0.455078125
1 0.5671875 0.875390625 0.536328125 0.85859375 0.507421875 0.86015625 0.491015625 0.86328125 0.4890625 0.866015625 0.490625 0.875390625 0.499609375 0.88125 0.5375 0.882421875 0.561328125 0.88046875 0.5671875 0.875390625
2 0.59921875 0.846484375 0.597265625 0.8390625 0.591796875 0.8390625 0.584375 0.847265625 0.5828125 0.857421875 0.58515625 0.860546875 0.596875 0.852734375 0.59921875 0.846484375
2 0.446484375 0.84921875 0.441015625 0.85078125 0.43984375 0.855078125 0.44453125 0.865234375 0.45546875 0.866796875 0.4515625 0.853515625 0.446484375 0.84921875
0 0.80546875 0.281640625 0.80625 0.276953125 0.8015625 0.261328125 0.796484375 0.2625 0.7828125 0.251171875 0.796484375 0.25078125 0.80078125 0.257421875 0.80078125 0.251171875 0.78828125 0.233203125 0.78359375 0.218359375 0.756640625 0.19453125 0.75 0.199609375 0.749609375 0.20625 0.746875 0.204296875 0.74921875 0.200390625 0.744921875 0.19140625 0.737109375 0.190625 0.733984375 0.1953125 0.730078125 0.190625 0.725390625 0.19296875 0.7296875 0.184765625 0.7171875 0.176953125 0.722265625 0.16875 0.705859375 0.1640625 0.70390625 0.172265625 0.70703125 0.173046875 0.702734375 0.175 0.69765625 0.166796875 0.699609375 0.1609375 0.676171875 0.14921875 0.648046875 0.14140625 0.638671875 0.140625 0.634765625 0.14453125 0.633984375 0.1375 0.595703125 0.13203125 0.584765625 0.1265625 0.573046875 0.1296875 0.537109375 0.12265625 0.51796875 0.133984375 0.522265625 0.14296875 0.531640625 0.14453125 0.537109375 0.140625 0.542578125 0.15078125 0.551953125 0.15234375 0.564453125 0.16328125 0.580859375 0.16484375 0.593359375 0.171875 0.598046875 0.18046875 0.612109375 0.18359375 0.616015625 0.1890625 0.619921875 0.18671875 0.623828125 0.1890625 0.632421875 0.2 0.639453125 0.2 0.642578125 0.2046875 0.694921875 0.23359375 0.729296875 0.26328125 0.750390625 0.265625 0.775390625 0.28046875 0.781640625 0.28046875 0.796875 0.287890625 0.799609375 0.28125 0.80546875 0.281640625
0 0.921875 0.391796875 0.9140625 0.361328125 0.9015625 0.335546875 0.866796875 0.29296875 0.796484375 0.23359375 0.79453125 0.235546875 0.81484375 0.266796875 0.83125 0.305859375 0.89921875 0.394140625 0.91796875 0.437890625 0.9265625 0.443359375 0.928125 0.429296875 0.921875 0.391796875
1 0.338671875 0.2203125 0.330078125 0.2203125 0.32421875 0.223828125 0.31875 0.233203125 0.31875 0.237109375 0.3234375 0.237890625 0.3390625 0.230859375 0.338671875 0.2203125
1 0.90703125 0.595703125 0.905859375 0.5890625 0.895703125 0.59140625 0.8828125 0.609765625 0.8796875 0.619140625 0.88046875 0.631640625 0.8828125 0.632421875 0.8984375 0.620703125 0.90703125 0.595703125
1 0.90390625 0.586328125 0.90390625 0.569140625 0.901171875 0.5671875 0.896484375 0.56796875 0.88359375 0.585546875 0.878125 0.588671875 0.878125 0.608984375 0.8828125 0.609765625 0.89140625 0.595703125 0.90390625 0.586328125