1 0.77421875 0.459765625 0.782421875 0.45625 0.804296875 0.453125 0.812109375 0.4609375 0.81796875 0.457421875 0.8234375 0.437890625 0.81171875 0.388671875 0.804296875 0.37890625 0.80078125 0.380859375 0.800390625 0.40546875 0.7953125 0.404296875 0.79609375 0.399609375 0.7921875 0.392578125 0.79375 0.385546875 0.787109375 0.37734375 0.756640625 0.3765625 0.75078125 0.380078125 0.728125 0.412109375 0.72890625 0.438671875 0.73515625 0.451953125 0.751953125 0.46171875 0.758203125 0.471875 0.765625 0.473046875 0.77265625 0.466796875 0.77421875 0.459765625
1 0.863671875 0.3703125 0.851953125 0.3671875 0.8390625 0.376171875 0.840625 0.393359375 0.850390625 0.40703125 0.855078125 0.4078125 0.859765625 0.4015625 0.867578125 0.3984375 0.8828125 0.408203125 0.87890625 0.388671875 0.863671875 0.3703125
1 0.888671875 0.44921875 0.890625 0.430859375 0.8828125 0.409765625 0.873828125 0.4 0.866015625 0.39765625 0.859765625 0.4 0.84921875 0.414453125 0.8515625 0.435546875 0.86875 0.451953125 0.876953125 0.446875 0.888671875 0.44921875
1 0.915625 0.424609375 0.9125 0.415234375 0.901171875 0.40078125 0.8921875 0.408203125 0.8921875 0.412109375 0.896875 0.430859375 0.9015625 0.438671875 0.90625 0.440234375 0.9140625 0.436328125 0.915625 0.424609375
1 0.82421875 0.377734375 0.815234375 0.36796875 0.800390625 0.35859375 0.79921875 0.367578125 0.8046875 0.380078125 0.828125 0.398828125 0.8296875 0.392578125 0.82421875 0.377734375
1 0.7890625 0.375390625 0.7875 0.360546875 0.780078125 0.35 0.762109375 0.3515625 0.755859375 0.35703125 0.742578125 0.36015625 0.7359375 0.365234375 0.73359375 0.379296875 0.73828125 0.395703125 0.755078125 0.37734375 0.7890625 0.375390625
1 0.21328125 0.279296875 0.21484375 0.272265625 0.202734375 0.26796875 0.176171875 0.28359375 0.1625 0.304296875 0.16171875 0.316015625 0.16640625 0.319140625 0.198046875 0.29609375 0.21328125 0.279296875
2 0.6265625 0.304296875 0.61796875 0.288671875 0.612890625 0.28359375 0.607421875 0.28359375 0.60546875 0.294921875 0.6140625 0.316796875 0.61484375 0.337890625 0.616796875 0.34140625 0.621875 0.341015625 0.62890625 0.337109375 0.6265625 0.304296875
2 0.352734375 0.35703125 0.35625 0.353515625 0.35625 0.335546875 0.36015625 0.321484375 0.35703125 0.312890625 0.349609375 0.30625 0.34453125 0.306640625 0.33515625 0.326953125 0.33984375 0.343359375 0.3390625 0.356640625 0.3421875 0.358984375 0.348828125 0.346875 0.352734375 0.35703125
2 0.38828125 0.301171875 0.3859375 0.294140625 0.373046875 0.284375 0.3671875 0.287109375 0.36953125 0.297265625 0.3671875 0.306640625 0.3734375 0.334765625 0.3796875 0.337109375 0.3859375 0.331640625 0.38828125 0.301171875
2 0.34765625 0.278515625 0.350390625 0.2546875 0.345703125 0.25390625 0.3421875 0.258984375 0.33828125 0.282421875 0.345703125 0.28203125 0.34765625 0.278515625
2 0.427734375 0.33515625 0.43671875 0.336328125 0.4296875 0.308984375 0.421484375 0.296875 0.412890625 0.29921875 0.40703125 0.308203125 0.4078125 0.317578125 0.41484375 0.324609375 0.41484375 0.334765625 0.4078125 0.351953125 0.4125 0.355078125 0.4203125 0.348828125 0.427734375 0.33515625
2 0.509765625 0.3 0.505859375 0.29921875 0.5015625 0.301953125 0.49609375 0.314453125 0.49765625 0.341015625 0.502734375 0.3484375 0.51796875 0.355078125 0.52109375 0.313671875 0.509765625 0.3
2 0.49609375 0.330859375 0.49453125 0.307421875 0.4890625 0.295703125 0.480078125 0.2890625 0.47109375 0.291796875 0.46796875 0.301953125 0.47578125 0.315234375 0.4796875 0.335546875 0.484375 0.344921875 0.48828125 0.345703125 0.490625 0.336328125 0.49609375 0.330859375
2 0.69453125 0.458984375 0.6828125 0.434765625 0.677734375 0.43203125 0.675 0.434765625 0.67578125 0.448046875 0.66796875 0.458984375 0.66171875 0.480859375 0.66171875 0.491015625 0.6671875 0.495703125 0.671484375 0.50625 0.6796875 0.506640625 0.68828125 0.494140625 0.69453125 0.458984375
2 0.71171875 0.473046875 0.71015625 0.458203125 0.704296875 0.45546875 0.69296875 0.479296875 0.697265625 0.48671875 0.70625 0.489453125 0.71171875 0.483984375 0.71171875 0.473046875
2 0.49921875 0.829296875 0.495703125 0.82109375 0.486328125 0.81328125 0.479296875 0.81171875 0.465625 0.828515625 0.47421875 0.837890625 0.4765625 0.846484375 0.48203125 0.847265625 0.49921875 0.836328125 0.49921875 0.829296875
2 0.70625 0.819921875 0.703515625 0.81171875 0.694140625 0.815625 0.67421875 0.834765625 0.67265625 0.844140625 0.67578125 0.844921875 0.6984375 0.830859375 0.70625 0.819921875
1 0.21953125 0.796484375 0.20703125 0.781640625 0.158984375 0.73203125 0.139453125 0.715625 0.133984375 0.71484375 0.1328125 0.720703125 0.1359375 0.728515625 0.15546875 0.753515625 0.202734375 0.7984375 0.21875 0.804296875 0.22109375 0.801953125 0.21953125 0.796484375
1 0.0984375 0.559765625 0.090625 0.533203125 0.087109375 0.53203125 0.0828125 0.537890625 0.08828125 0.574609375 0.0953125 0.600390625 0.103125 0.602734375 0.1046875 0.590234375 0.0984375 0.559765625
1 0.1109375 0.483984375 0.1109375 0.468359375 0.105859375 0.44609375 0.1015625 0.447265625 0.09453125 0.461328125 0.09609375 0.490234375 0.09765625 0.497265625 0.1015625 0.498046875 0.10859375 0.492578125 0.1109375 0.483984375
2 0.133984375 0.4609375 0.1296875 0.471484375 0.1296875 0.491015625 0.1328125 0.515234375 0.1359375 0.516796875 0.13828125 0.477734375 0.133984375 0.4609375