1 0.3726460791190865 0.4114836076672104 0.3731949045676998 0.44264512642740617 0.38440329037520393 0.45959187275693314 0.41057786052202283 0.4692508376835236 0.43777825693311584 0.47654322267536703 0.5262758637846655 0.48510453588907015 0.5411403866231648 0.4696200978792822 0.5496053800978793 0.3962614265905383 0.5483303727569331 0.3687208694942904 0.5340445106035889 0.35887386623164763 0.44759855464926585 0.3455793907014682 0.4222265954323002 0.3548225008156607 0.39653970717781406 0.3583066239804242 0.38195954159869494 0.37054083523654163 0.37785624061990214 0.3800071590538336 0.3726460791190865 0.4114836076672104
1 0.45345238907014684 0.1991211753670473 0.4473990978792822 0.22151731973898858 0.45016698531810767 0.2319941827079935 0.5046793833605221 0.23594462316476345 0.5342463605220228 0.24426283360522022 0.6127800171288743 0.25440874388254486 0.6201641182707993 0.2542359918433932 0.6223579477977161 0.24787771615008156 0.6174466933115824 0.21510637030995108 0.6196099510603589 0.19973888009787927 0.6163444371941272 0.19494991435562806 0.5900276884176183 0.18691606280587278 0.5480590897226754 0.1799691802610114 0.4989502316476346 0.17976659380097879 0.46337048123980423 0.18402275693311582 0.45345238907014684 0.1991211753670473
1 0.7037198988580751 0.22101674551386621 0.7140094616639477 0.2718623246329527 0.7186868205546493 0.2792311394779772 0.762341676182708 0.30433863050570964 0.7839963531810766 0.3095082740619902 0.8146908172920065 0.3236565611745514 0.8208205383360522 0.3237834543230016 0.8229279926590538 0.3137331280587276 0.8190731362153344 0.2876044159869494 0.8124404469820555 0.26982982707993475 0.7996780375203915 0.2519283450244698 0.789754603588907 0.24369116965742252 0.7619549200652529 0.23389002528548122 0.7535855106035889 0.22660758564437194 0.7156796965742251 0.22001615089722676 0.7037198988580751 0.22101674551386621
1 0.767021246329527 0.508213969004894 0.7732121117455139 0.5263592920065253 0.8122454127243066 0.5387808034257748 0.8447476867862969 0.541624383360522 0.8512328548123981 0.5376884926590538 0.8564330717781403 0.5250430301794454 0.860246673735726 0.49549133931484507 0.8581690554649266 0.4490487063621534 0.8555586337683523 0.44145133605220227 0.8468895799347471 0.4329145171288744 0.7988875815660685 0.41070180587275695 0.7906909233278956 0.4108034673735726 0.7703517707993475 0.4233526092985318 0.7649489681892333 0.48510692985318105 0.767021246329527 0.508213969004894
1 0.8094644502446982 0.7203058556280587 0.8188138262642741 0.7117078923327895 0.8302706574225123 0.6930596019575856 0.8439618344208809 0.658231264274062 0.8453278213703099 0.6472972911908647 0.8433166884176182 0.6422086818923328 0.8079502063621534 0.6440271737357259 0.792014 0.6483643711256117 0.7653318572593801 0.6632242903752039 0.738960041598695 0.7260097773246329 0.7521184159869494 0.7300267030995106 0.7967073817292006 0.7257399681892333 0.8094644502446982 0.7203058556280587
1 0.5756972593800979 0.7297392145187601 0.621601748776509 0.7431712650897226 0.6259083735725938 0.7500982569331158 0.6395490889070147 0.7439226778140294 0.6656219975530179 0.7453849853181077 0.6882008384991843 0.7399913907014682 0.6957118319738989 0.7336889184339315 0.7053302805872756 0.71733611908646 0.7189503686786296 0.6833203384991843 0.7216265391517129 0.666769557096248 0.7179902920065252 0.6615387691680261 0.6950254314845025 0.6619859331158238 0.6564492398042414 0.653698295269168 0.6035925269168027 0.658899248776509 0.5943853295269168 0.6658720986949429 0.5855083491027733 0.683108544045677 0.5763064926590538 0.7134169877650898 0.5756972593800979 0.7297392145187601
1 0.19307561908646004 0.3536062455138662 0.19010974959216967 0.3500716598694943 0.17852068515497552 0.3515140766721044 0.16114740212071776 0.3675978034257749 0.1550535938009788 0.3998157194127243 0.1625546427406199 0.4123442340946167 0.17651028874388255 0.4119276419249592 0.18211181076672103 0.4087332177814029 0.19307561908646004 0.3536062455138662
1 0.3038868621533442 0.256860044045677 0.31858397471451877 0.2573270978792822 0.3402791688417618 0.25267497063621536 0.355925676182708 0.22825240701468189 0.3644013515497553 0.2015649233278956 0.36380206362153344 0.1990561639477977 0.35405138091354 0.19820308972267536 0.33825735318107664 0.20091517292006525 0.2932724233278956 0.21908646411092986 0.2815159486133768 0.23648037438825448 0.2730960774877651 0.2578506924959217 0.29533475611745513 0.2610244893964111 0.3038868621533442 0.256860044045677
1 0.2735226141924959 0.2529753515497553 0.28818381402936377 0.22109759706362153 0.28189662724306686 0.21809121044045676 0.26935282707993474 0.22108765252854815 0.22659229934747147 0.24190988172920067 0.21755785318107668 0.25626683360522023 0.21097636378466555 0.275341660685155 0.23180319820554648 0.2759356076672104 0.26484361582381727 0.2632695187601958 0.2735226141924959 0.2529753515497553
1 0.20772079526916803 0.2517217088091354 0.190489691680261 0.26618032137030995 0.1783219657422512 0.29295418026101144 0.17996236541598695 0.2976009665579119 0.18483770636215335 0.2980275040783034 0.20658870473083196 0.2880582120717781 0.22033568515497554 0.2479127104404568 0.20772079526916803 0.2517217088091354
2 0.5360508572593801 0.8413086851549755 0.5310486239804242 0.8470118686786297 0.5538865913539968 0.8526944257748776 0.5854035570962479 0.8480828156606852 0.5861855415986948 0.8391446900489398 0.5584875187601958 0.8375402039151713 0.5360508572593801 0.8413086851549755
2 0.582457577487765 0.8068862569331159 0.5845092283849918 0.8021530946166395 0.578663865415987 0.7987759747145188 0.5823253442088091 0.7896803841761827 0.5489394233278956 0.7875782707993475 0.5186921239804242 0.7963948442088091 0.5162697389885808 0.8006861835236542 0.5300274021207177 0.8072118694942904 0.5469489168026102 0.8103298629690049 0.582457577487765 0.8068862569331159
1 0.28408714437194127 0.8200834926590539 0.26564678221859706 0.7828533972267537 0.2532551060358891 0.7653937389885808 0.23119912316476346 0.7507730562805873 0.23029024551386623 0.7658409029363784 0.23639473491027735 0.7802941753670474 0.266353072593801 0.816894409461664 0.2812229371941272 0.8247455652528548 0.28408714437194127 0.8200834926590539
1 0.8976327601957586 0.3489261215334421 0.9152957422512235 0.35292776101141926 0.9167481052202283 0.34568583931484503 0.910282826264274 0.31195975693311584 0.8971191109298533 0.2846072373572594 0.8847427210440457 0.2716521859706362 0.85680085725938 0.2634761549755302 0.8544495628058728 0.2669549371941272 0.8562474274061991 0.2744812169657423 0.8722248882544862 0.3258244233278956 0.8976327601957586 0.3489261215334421