1 0.3940193846153846 0.5349286311188811 0.400113868006993 0.5454686451048951 0.40257525 0.5610091958041958 0.4000360944055944 0.5729166442307693 0.4109514685314686 0.5915433234265735 0.42064418444055945 0.6192138732517483 0.4307350812937063 0.6242532963286713 0.49012754632867134 0.6192715638111889 0.516208111013986 0.6107156984265735 0.5498793041958042 0.6053827054195804 0.5671894868881119 0.5973309099650349 0.6089044423076923 0.5924939545454545 0.6154011232517482 0.5888099152097902 0.6286250690559441 0.5884854921328672 0.7492654370629371 0.5622977587412588 0.797973111013986 0.5457330017482517 0.8109664729020979 0.538364923951049 0.813689291958042 0.5304109851398602 0.8025621389860139 0.44898128846153845 0.7907244318181819 0.4021799886363636 0.7839462307692308 0.3873231547202797 0.7750350874125874 0.37855678846153845 0.7667178382867134 0.3763340236013986 0.7367226512237762 0.37134955332167835 0.6921870201048951 0.3695530847902098 0.6825961774475525 0.36487697115384615 0.651651819055944 0.3706630979020979 0.5954822263986014 0.3680542019230769 0.5808050402097902 0.370378840034965 0.5341404842657343 0.3830799108391609 0.43412701136363635 0.39980551136363635 0.4186802998251748 0.40844718356643356 0.39332635576923075 0.4160029414335665 0.38556009702797206 0.42564070454545455 0.39181542395104896 0.4874865174825175 0.38900679807692307 0.5060743103146853 0.3940193846153846 0.5349286311188811
1 0.663849916958042 0.7913290961538462 0.6704873583916084 0.7969154938811189 0.6979782604895105 0.7916763409090909 0.7468655812937063 0.7706580201048951 0.7664883522727273 0.7520621940559441 0.7712422395104894 0.7150233522727273 0.7684644676573427 0.7030730000000001 0.7597369886363636 0.6982601433566434 0.7542793015734266 0.6889468033216782 0.7438331276223776 0.7012215786713287 0.7004852840909092 0.7125123120629371 0.6654546888111889 0.7260258111888112 0.6589191206293706 0.7434338496503496 0.6614783592657342 0.773561763986014 0.663849916958042 0.7913290961538462
1 0.2415229152097902 0.7511314650349651 0.27058499737762237 0.8005148225524475 0.3014475655594406 0.8137696223776224 0.32830568706293706 0.815710868006993 0.3427603243006993 0.8231567194055944 0.3386620375874126 0.8056628741258741 0.3206949763986014 0.770452632867133 0.29295742395104896 0.7350198409090909 0.28450744842657344 0.740340784965035 0.26159881905594407 0.7298088033216783 0.23260373951048952 0.7255509536713287 0.2415229152097902 0.7511314650349651
1 0.19765219667832168 0.8094111774475525 0.21997898164335664 0.8386207753496503 0.24007095192307693 0.8509264038461538 0.2614325 0.8572783085664336 0.23937518531468532 0.8213883662587412 0.22455322202797204 0.8060354956293706 0.20191406381118882 0.7888231704545455 0.18427945804195803 0.7836510192307692 0.19765219667832168 0.8094111774475525
1 0.46145269143356643 0.904807687937063 0.4724069519230769 0.9097103688811189 0.5166690961538462 0.9097801092657342 0.5401166660839161 0.9069514012237762 0.547840020979021 0.9026305646853146 0.5399678732517482 0.8808668199300699 0.5182859178321678 0.869698041958042 0.5080622945804195 0.872202326048951 0.4379421354895105 0.8709179606643357 0.46145269143356643 0.904807687937063
1 0.8477155812937063 0.7927408942307692 0.8552123697552447 0.7897834755244755 0.8839688330419581 0.7701835253496504 0.8971807298951049 0.7446378846153846 0.9008057989510488 0.7228232027972028 0.8958521826923076 0.7222802456293707 0.855512694055944 0.752564986013986 0.8435784082167833 0.7889710480769231 0.8477155812937063 0.7927408942307692
1 0.8659428015734265 0.7066619213286713 0.8774829230769231 0.7012940576923077 0.9017858234265735 0.6815144606643357 0.9115952010489511 0.6680130113636364 0.9197596407342657 0.6357441232517483 0.913524395979021 0.6159336722027972 0.9067113251748251 0.6232079108391608 0.881767611013986 0.6333537604895104 0.8722746241258741 0.6432650104895105 0.8642589772727273 0.7016184807692307 0.8659428015734265 0.7066619213286713
1 0.8808010952797203 0.5127013435314686 0.8910716389860139 0.5132872045454545 0.9147846625874126 0.4953710786713287 0.9199608295454546 0.4861435454545455 0.9222264982517482 0.4725093697552447 0.917987451923077 0.44574508741258745 0.905435173951049 0.4251651136363636 0.901391840909091 0.42757555856643353 0.879713902972028 0.4248138522727273 0.8680370375874126 0.4293183522727273 0.8808010952797203 0.5127013435314686
1 0.9331820375874127 0.5752067744755245 0.9381356538461539 0.5757497316433566 0.9499452456293705 0.5637015236013986 0.9601608365384616 0.5443830935314685 0.9569567683566433 0.49621436013986014 0.9492253802447553 0.4837210515734266 0.9417285917832168 0.4866784702797203 0.9310129466783218 0.5056335891608392 0.9320411704545454 0.5652097176573426 0.9331820375874127 0.5752067744755245
1 0.9403047447552448 0.6453229160839161 0.94607480506993 0.6426389851398601 0.9648771153846154 0.6188629755244756 0.9698615856643356 0.5888677875874126 0.9647202893356643 0.5759642491258741 0.9450975183566435 0.5945600751748252 0.9393475402097902 0.6392793688811189 0.9403047447552448 0.6453229160839161
1 0.9599999938811188 0.49307729458041955 0.9635003697552449 0.4956204667832168 0.9702705375874127 0.49366315559440554 0.9752670576923077 0.4888891853146853 0.9778062132867134 0.47698173688811185 0.9733365839160839 0.44317380069930074 0.9638784676573428 0.43095397814685316 0.951701548951049 0.43509516783216784 0.9569447185314686 0.47099314248251745 0.9599999938811188 0.49307729458041955
1 0.9800370113636363 0.4854786328671329 0.9877174632867133 0.48647472377622375 0.9933896678321678 0.46920342832167833 0.9890138784965035 0.4415757832167832 0.9775126433566435 0.43321964685314684 0.9733325673076924 0.43476672814685313 0.9719262465034966 0.43985708828671327 0.9775796459790209 0.4783451547202797 0.9800370113636363 0.4854786328671329
1 0.9694875043706294 0.6619413487762238 0.9735308374125874 0.6595309038461538 0.9872897071678322 0.6374387185314685 0.9909147762237763 0.6156240367132867 0.987730791083916 0.6094906660839161 0.9779173977272728 0.6145850428321679 0.9740577281468531 0.6209489965034964 0.9679404230769231 0.6577612718531468 0.9694875043706294 0.6619413487762238
1 0.9154011958041958 0.7395394912587413 0.9204446354895106 0.737855666958042 0.9419737814685314 0.7145327910839161 0.9490952097902099 0.686854208916084 0.9459112246503496 0.6807208374125874 0.9226553513986014 0.7043172001748251 0.914854222027972 0.7360860358391608 0.9154011958041958 0.7395394912587413
1 0.6855961363636364 0.937011034090909 0.7278071293706294 0.9241303164335664 0.7530672333916084 0.9103942674825176 0.7624663802447552 0.8943027263986014 0.7547859283216783 0.8933066354895105 0.7362021520979022 0.8989050821678323 0.6928114047202797 0.9155127430069929 0.6846349160839161 0.9225604143356644 0.6819120970279721 0.930514353146853 0.6855961363636364 0.937011034090909
1 0.645987284965035 0.9747027395104896 0.651214388111888 0.9769724248251748 0.6821587465034965 0.9711862980769231 0.706239097027972 0.9611771914335664 0.7122786276223777 0.9518129152097902 0.6994179921328672 0.9516372849650351 0.6644303015734265 0.9598338566433565 0.6492999807692308 0.9648853295454546 0.6456668776223776 0.9698858662587412 0.645987284965035 0.9747027395104896
1 0.5957204798951049 0.9618662036713287 0.6011741503496504 0.9627724711538461 0.6477958033216783 0.955388326923077 0.6694228050699301 0.9466528138111887 0.6734621215034965 0.9358352963286714 0.6680982744755245 0.9327022473776224 0.6481041599650349 0.9349839825174825 0.5983025393356644 0.9446418277972028 0.5931692753496504 0.9485524344405594 0.5931732919580419 0.956959506993007 0.5957204798951049 0.9618662036713287
1 0.5114191722027972 0.9548627141608392 0.5351911652097902 0.9652579510489512 0.5882665952797203 0.9595066949300699 0.5933998583916084 0.9555960891608392 0.5921691678321678 0.9478258138111888 0.5858052132867133 0.9439661442307693 0.5214122124125874 0.9453147736013985 0.5085984965034965 0.9482292893356643 0.5114191722027972 0.9548627141608392
1 0.46202778059440563 0.9671106512237763 0.5015199711538462 0.9705909449300699 0.5297844143356643 0.9674418295454545 0.5291006975524476 0.9631250096153845 0.5187363138111888 0.9563588583916085 0.44520560314685315 0.9503045393356643 0.46202778059440563 0.9671106512237763
1 0.3844148505244755 0.977190777097902 0.40437007692307697 0.988633041958042 0.43277527972027974 0.9947543636363637 0.4551329187062937 0.9934258164335664 0.4454951555944056 0.9856595576923077 0.4343143277972028 0.9821202945804196 0.3842311870629371 0.9732372674825176 0.3844148505244755 0.977190777097902
1 0.38062893793706293 0.947699659965035 0.39813081643356646 0.9604155192307692 0.43471652534965033 0.9678962412587413 0.4596642561188811 0.9661574641608393 0.4478895340909091 0.9560746005244755 0.39998625524475523 0.9441912508741258 0.37844506031468533 0.942292909090909 0.38062893793706293 0.947699659965035
1 0.35804473251748253 0.9503916250000001 0.35836513898601396 0.9552084982517484 0.3787265795454546 0.9608337823426574 0.3912239047202797 0.9615094667832168 0.3947671844405594 0.9587357115384616 0.3795819108391609 0.9438828942307692 0.35103996416083916 0.9368982089160839 0.3468598881118881 0.9384452893356643 0.35804473251748253 0.9503916250000001
1 0.2465528452797203 0.911408798951049 0.2710554755244755 0.9292110017482518 0.29555408916083914 0.938606131993007 0.3028243111888112 0.9370121311188812 0.27577449213286714 0.9143032316433567 0.24586511188811186 0.8986849073426574 0.2359578784965035 0.8975989930069929 0.2465528452797203 0.911408798951049
1 0.10322384265734266 0.721704611888112 0.11609652797202796 0.7471014597902098 0.12514441433566434 0.7567311896853146 0.13618849825174825 0.7594070882867133 0.13673145541958043 0.7544534720279721 0.11271281293706294 0.7033862893356643 0.09966449737762237 0.690850076923077 0.09375769318181819 0.6926706451048951 0.10322384265734266 0.721704611888112
2 0.5646116258741258 0.33798525699300697 0.5729757945804196 0.3432981678321679 0.5977398618881119 0.3376058811188811 0.6509520358391608 0.3327179886363636 0.6707665026223777 0.3348898164335664 0.6914832211538462 0.3232009020979021 0.684298805944056 0.31416104895104896 0.6519870131118881 0.3113135367132867 0.605365361013986 0.3186976809440559 0.5985013531468532 0.31447470104895103 0.5834139361888111 0.31420924737762235 0.5638300524475525 0.3190810743006993 0.5593335856643357 0.32421835402097904 0.5646116258741258 0.33798525699300697
2 0.5806682963286713 0.36951547552447556 0.5937554991258741 0.3683276888111888 0.6174336520979021 0.3725426354895105 0.6804163155594405 0.36787729283216786 0.6975039475524476 0.3695959877622378 0.7072275174825174 0.3667283924825175 0.7013166966783216 0.36014188811188813 0.6849556853146853 0.35742308566433567 0.6712276695804196 0.3489771267482517 0.640369118006993 0.34412939947552446 0.6089716267482518 0.35264236101398605 0.5825237342657342 0.35329120804195807 0.5777108776223776 0.36201868706293705 0.5806682963286713 0.36951547552447556
2 0.5879332229020979 0.2617196783216783 0.581393638986014 0.2707206442307692 0.6042553479020979 0.2781624798951049 0.6249331783216783 0.2801975646853147 0.6481461486013986 0.26191812937062936 0.6450989064685315 0.2566481223776224 0.6161467298951049 0.24707334527972027 0.5941524012237762 0.24790183828671328 0.5781587167832168 0.2530900550699301 0.5879332229020979 0.2617196783216783
2 0.6504386538461538 0.20933873601398603 0.6622562788461538 0.21410467307692307 0.6878408068181818 0.21359256993006992 0.6974705367132867 0.20454468356643357 0.6926965673076924 0.19954816346153845 0.6657446048951049 0.19142662762237764 0.6513409047202797 0.195477993006993 0.6468444388111888 0.2006152736013986 0.6504386538461538 0.20933873601398603
2 0.8043023758741259 0.28674664248251747 0.8278478024475525 0.2985052972027972 0.8557998715034965 0.30735345454545454 0.8592064073426574 0.30371633479020976 0.8585655935314686 0.2940825882867133 0.8380633933566434 0.279186868006993 0.8073415847902098 0.2752025043706294 0.8027083749999999 0.27947642045454546 0.8043023758741259 0.28674664248251747
2 0.28699329195804196 0.23636956905594406 0.29562693094405595 0.23500213461538463 0.3221606293706294 0.22371943356643356 0.3385136083916084 0.2096240909090909 0.3549604265734266 0.20170903933566434 0.3586833522727273 0.19448172115384615 0.33559909265734267 0.196810375 0.32651231993006996 0.2009046451048951 0.30715901923076927 0.21282012587412588 0.28385622639860136 0.23332634353146856 0.28699329195804196 0.23636956905594406
2 0.3414629938811189 0.20030673426573425 0.35441345279720277 0.19825558304195803 0.38266986276223774 0.17829232342657342 0.36494543356643355 0.17534695454545454 0.35113161101398604 0.17753484877622377 0.33623187325174825 0.18962997727272726 0.3414629938811189 0.20030673426573425
2 0.5466902054195804 0.20807043706293707 0.5551911180069931 0.21424671153846156 0.5789550777972028 0.2078278041958042 0.6157204335664336 0.21085496328671327 0.6478914659090909 0.20443203933566434 0.6457075874125874 0.19902528846153847 0.6120283610139859 0.18754413723776223 0.5638596276223776 0.19074820541958043 0.550319291958042 0.19466282779720281 0.5459595681818182 0.20066347202797202 0.5466902054195804 0.20807043706293707
2 0.5333643863636364 0.18540042395104894 0.5429083103146852 0.18698639248251747 0.5779898409090909 0.184970111013986 0.6235255795454545 0.18749320017482518 0.6392028732517483 0.18589518269230768 0.6411092482517483 0.18116813286713288 0.6436564361888112 0.18607482954545454 0.6473364589160839 0.18416443881118882 0.646969131993007 0.17625741958041957 0.6431952701048951 0.17198752010489513 0.6190639833916084 0.17049940821678322 0.594112236013986 0.16383111363636366 0.5309499256993007 0.17295001923076925 0.5287700638111889 0.17595034090909092 0.5333643863636364 0.18540042395104894
2 0.1205570270979021 0.38132342657342655 0.12560046765734267 0.37963960227272725 0.1442660340909091 0.35500022814685317 0.14503555856643358 0.34868319405594406 0.13821847027972028 0.3475503601398602 0.1289520498251748 0.3560981923076923 0.11787309527972029 0.3755533653846154 0.1205570270979021 0.38132342657342655
2 0.08071357604895105 0.4035644047202797 0.0874368243006993 0.39851694755244754 0.0967890506993007 0.3793352613636364 0.09692177797202797 0.37179155244755246 0.08570206293706294 0.38197628933566435 0.07989311538461538 0.39838422115384614 0.08071357604895105 0.4035644047202797
3 0.9545036013986014 0.21251085314685314 0.948639701048951 0.2090144938811189 0.9442719449300698 0.198200993006993 0.9478112071678323 0.1870201652097902 0.943947520979021 0.1849770472027972 0.9340751582167832 0.16176006118881117 0.9181672805944056 0.15631442395104894 0.9159364825174825 0.14781752797202796 0.9042985043706294 0.13859802797202797 0.8930278531468532 0.1372855472027972 0.9013491188811188 0.14791538461538462 0.9078927202797202 0.1473214903846154 0.9099867753496504 0.1549550227272727 0.9147138251748252 0.15686139772727273 0.9222186468531468 0.17071812412587412 0.9376304868881119 0.1842075236013986 0.9314971162587412 0.18739150874125876 0.917273062937063 0.18698931206293706 0.9204061118881119 0.18162546503496502 0.9109989318181819 0.18090286101398603 0.8964504554195803 0.16727671765734264 0.8844960874125875 0.16164741695804197 0.8422609956293706 0.12408570017482516 0.8249427797202797 0.11532335052447552 0.819848402972028 0.10550995716783217 0.7997564326923078 0.0932043277972028 0.7672140576923078 0.08331316083916084 0.7431685777972028 0.07119119493006994 0.7389885008741258 0.07273827622377622 0.7118997963286713 0.06375337587412588 0.703898937062937 0.05794041171328672 0.6951285541958042 0.05844448251748252 0.6844008601398601 0.05217838461538462 0.6776306923076924 0.054135695804195805 0.6645863933566434 0.050006555944055946 0.6631760559440559 0.04668984353146853 0.6601328304195804 0.04982690909090909 0.6416348610139859 0.04479150174825175 0.6331339484265734 0.03861522727272727 0.6296295559440559 0.027664983391608392 0.6231757779720279 0.02603209527972028 0.6185814554195804 0.016582012237762237 0.5779524143356644 0.011511734265734265 0.5656347351398602 0.006382486888111888 0.5404604379370629 0.009484682692307692 0.5321431888111888 0.007261916958041958 0.5286468295454545 0.013125818181818181 0.5166964781468532 0.015903590034965037 0.514875909965035 0.009996785839160839 0.4987883854895105 0.009004711538461538 0.4544404353146853 0.0195688243006993 0.44799067395104897 0.026343008741258743 0.44844782342657347 0.03202324650349651 0.4439004204545455 0.025663308566433566 0.4309070585664336 0.033031387237762236 0.42186318881118884 0.031808729020979025 0.4185035734265734 0.038535993881118884 0.4031426687062937 0.03654381206293706 0.40105664772727273 0.045724424825174824 0.3916025472027972 0.041911675699300696 0.3843792456293706 0.04659582167832168 0.3563413697552447 0.048381519230769235 0.34034768531468534 0.053569736013986013 0.3347612875874126 0.06020717744755245 0.344133597027972 0.08306085314685314 0.37994174912587414 0.08004446503496504 0.38630168706293705 0.07549706206293706 0.39720902797202795 0.07730959702797202 0.4024321145104895 0.07117220979020979 0.4117494711538462 0.07412159527972029 0.4235630795454546 0.07048045891608391 0.43029034353146856 0.07384007517482517 0.43651353846153845 0.06842930769230769 0.4417406416083916 0.070698993006993 0.43960770017482514 0.07678946066433566 0.44937819055944056 0.07701201136363636 0.4536480900349651 0.0732381486013986 0.4536440734265735 0.06483107604895105 0.45710154545454545 0.07269117482517483 0.46219190559440554 0.07409749562937062 0.4689620743006993 0.07214018444055945 0.4704582185314685 0.06482304283216783 0.4783652377622377 0.06445571590909091 0.48536598863636365 0.06954205944055944 0.488452118006993 0.061088067307692305 0.49267911363636363 0.06263113199300699 0.49163610314685313 0.06722143793706294 0.5027271075174825 0.07298748251748252 0.5119506241258741 0.06975657692307692 0.5172246477272727 0.07511640734265734 0.5215414667832168 0.07443269055944056 0.5264910673076924 0.06656857517482517 0.5349879632867134 0.0643377770979021 0.5381250288461539 0.06738100262237762 0.5476220323426574 0.06587682517482518 0.5517592045454546 0.06964667132867133 0.561119465034965 0.06727912937062938 0.5648933269230769 0.07154902884615386 0.5633502631118882 0.07577602534965036 0.553126638986014 0.07828031031468531 0.5000941118881119 0.07871463986013987 0.49200744667832175 0.08353552972027972 0.4874171398601398 0.08249251835664335 0.47742409965034965 0.09204045891608392 0.45311316608391605 0.09500590996503497 0.442846638986014 0.10282712237762237 0.38082117919580416 0.11353601136363636 0.37373462062937063 0.11908352185314686 0.3388836730769231 0.12814345804195804 0.3299336433566434 0.13310109090909092 0.3258474073426573 0.1408284632867133 0.31521756993006994 0.149149729020979 0.3155889125874126 0.16546381993006992 0.33059052272727274 0.17636312762237763 0.361808368006993 0.172303729020979 0.3893931101398601 0.17324486625874125 0.4036091302447552 0.1568329187062937 0.41801283041958043 0.1527815533216783 0.4413236573426573 0.1490894807692308 0.47563566433566434 0.15339023426573428 0.5153504047202797 0.14710003758741258 0.5232145201048951 0.15204963723776224 0.5436188645104896 0.15235799475524475 0.5478927805944056 0.15699120454545454 0.55107275 0.1547175034965035 0.5762979833916084 0.16311252622377623 0.5982923120629371 0.16228403234265734 0.6142001896853148 0.1677296695804196 0.6595053444055944 0.16320910402097902 0.6695962412587413 0.16824852797202797 0.6699166486013985 0.17306540122377623 0.6738232377622377 0.16979159265734264 0.6877309003496503 0.17378398863636366 0.7100496529720279 0.18617944143356643 0.7547729632867133 0.20033649125874126 0.759679659965035 0.19778930332167832 0.7735873234265734 0.2017816993006993 0.7873153391608392 0.2102276590909091 0.820131201923077 0.2218455541958042 0.8505017491258742 0.2515511888111888 0.8651360323426573 0.25454347814685313 0.8716367298951049 0.2592665113636364 0.907918097902098 0.29555865034965034 0.9260996765734266 0.3041842561188811 0.9457304807692308 0.3024025751748252 0.9549620297202798 0.31598581555944055 0.9660999545454546 0.32484200524475526 0.9737415192307692 0.3395620952797203 0.9813393452797203 0.34283040821678323 0.9633845751748251 0.22946845104895106 0.960008208916084 0.22491433916083917 0.9545036013986014 0.21251085314685314