1 0.45703125 0.580859375 0.45546875 0.489453125 0.4640625 0.480078125 0.4625 0.475390625 0.448046875 0.46875 0.429296875 0.4546875 0.388671875 0.45234375 0.337890625 0.45859375 0.322265625 0.47421875 0.313671875 0.4765625 0.31171875 0.483203125 0.3203125 0.491796875 0.31875 0.571484375 0.328125 0.610546875 0.334765625 0.61328125 0.345703125 0.60859375 0.358203125 0.6078125 0.417578125 0.61171875 0.430859375 0.61328125 0.441015625 0.62109375 0.45 0.620703125 0.4546875 0.616015625 0.45703125 0.580859375
1 0.47265625 0.851171875 0.47890625 0.847265625 0.461328125 0.83671875 0.366015625 0.8203125 0.360546875 0.8203125 0.346875 0.827734375 0.3578125 0.833984375 0.3671875 0.861328125 0.380078125 0.87578125 0.420703125 0.8859375 0.4703125 0.888671875 0.475 0.887109375 0.47265625 0.851171875
1 0.675390625 0.84375 0.69453125 0.812890625 0.70078125 0.791015625 0.709375 0.778515625 0.702734375 0.77265625 0.687890625 0.77578125 0.630078125 0.7921875 0.616796875 0.80234375 0.605078125 0.8046875 0.60234375 0.808984375 0.609375 0.817578125 0.5984375 0.838671875 0.59453125 0.861328125 0.596875 0.864453125 0.639453125 0.85625 0.675390625 0.84375
1 0.1453125 0.384765625 0.143359375 0.37734375 0.11875 0.392578125 0.09453125 0.479296875 0.0890625 0.517578125 0.08984375 0.544140625 0.1015625 0.600390625 0.116015625 0.61640625 0.12890625 0.621484375 0.12890625 0.539453125 0.1453125 0.384765625
1 0.1578125 0.765234375 0.140234375 0.746875 0.133984375 0.74453125 0.13828125 0.764453125 0.15234375 0.788671875 0.173046875 0.81171875 0.1875 0.818359375 0.1765625 0.793359375 0.1578125 0.765234375
1 0.6171875 0.270703125 0.609375 0.247265625 0.60078125 0.236328125 0.59921875 0.228515625 0.586328125 0.21875 0.568359375 0.2125 0.537890625 0.21171875 0.5140625 0.220703125 0.51171875 0.229296875 0.5140625 0.247265625 0.531640625 0.2765625 0.537109375 0.27734375 0.551953125 0.27109375 0.589453125 0.2734375 0.596484375 0.27421875 0.61328125 0.284765625 0.6171875 0.280078125 0.6171875 0.270703125
1 0.368359375 0.30703125 0.401953125 0.3046875 0.4078125 0.294140625 0.4125 0.266796875 0.40859375 0.243359375 0.41796875 0.235546875 0.400390625 0.228125 0.380859375 0.23125 0.350390625 0.23984375 0.335546875 0.25078125 0.33203125 0.255859375 0.3375 0.259765625 0.33359375 0.267578125 0.3328125 0.282421875 0.32578125 0.308984375 0.32578125 0.318359375 0.33203125 0.318359375 0.337890625 0.3140625 0.368359375 0.30703125
1 0.275390625 0.34609375 0.278125 0.342578125 0.28671875 0.305078125 0.29375 0.294921875 0.287109375 0.27734375 0.280078125 0.27734375 0.256640625 0.28671875 0.24453125 0.298828125 0.23359375 0.319140625 0.22578125 0.354296875 0.22578125 0.361328125 0.22890625 0.362890625 0.237109375 0.3578125 0.275390625 0.34609375
1 0.1984375 0.372265625 0.21015625 0.342578125 0.210546875 0.31953125 0.189453125 0.32890625 0.18203125 0.337890625 0.171875 0.358203125 0.1640625 0.387890625 0.1625 0.401953125 0.165625 0.404296875 0.19609375 0.388671875 0.1984375 0.372265625
1 0.178125 0.308984375 0.176953125 0.2984375 0.162890625 0.30625 0.15703125 0.315234375 0.1421875 0.351171875 0.14140625 0.358203125 0.1453125 0.358203125 0.1640625 0.342578125 0.178125 0.308984375
1 0.390625 0.157421875 0.39296875 0.148046875 0.381640625 0.1453125 0.366015625 0.14921875 0.35234375 0.157421875 0.35078125 0.164453125 0.35390625 0.166796875 0.387109375 0.159375 0.390625 0.157421875
1 0.51796875 0.180859375 0.505859375 0.16796875 0.493359375 0.16328125 0.461328125 0.16484375 0.436328125 0.17265625 0.434375 0.181640625 0.45390625 0.191796875 0.513671875 0.18984375 0.51796875 0.180859375
1 0.5109375 0.121484375 0.503515625 0.11484375 0.487109375 0.1109375 0.451171875 0.11171875 0.437890625 0.1140625 0.43125 0.118359375 0.431640625 0.13359375 0.445703125 0.1390625 0.4609375 0.138671875 0.510546875 0.1359375 0.5109375 0.121484375
1 0.87109375 0.474609375 0.86796875 0.443359375 0.859375 0.416796875 0.851953125 0.409375 0.835546875 0.4046875 0.805078125 0.40859375 0.8 0.416015625 0.79921875 0.424609375 0.8078125 0.458203125 0.828515625 0.4703125 0.8375 0.478515625 0.840625 0.491015625 0.845703125 0.4953125 0.85 0.494921875 0.866796875 0.49296875 0.87109375 0.474609375
1 0.26171875 0.235546875 0.2625 0.229296875 0.259765625 0.22578125 0.238671875 0.23515625 0.21875 0.255078125 0.209375 0.277734375 0.210546875 0.28125 0.2140625 0.280859375 0.24453125 0.262890625 0.26171875 0.235546875
3 0.9234375 0.400390625 0.909375 0.359765625 0.85390625 0.273828125 0.8296875 0.244140625 0.810546875 0.2265625 0.765234375 0.19765625 0.741015625 0.1921875 0.7375 0.200390625 0.7484375 0.208203125 0.74921875 0.217578125 0.7453125 0.219921875 0.749609375 0.22265625 0.752734375 0.21953125 0.75546875 0.220703125 0.76015625 0.231640625 0.759375 0.237890625 0.76640625 0.242578125 0.764453125 0.24765625 0.76015625 0.247265625 0.769140625 0.259375 0.7734375 0.258984375 0.771875 0.262890625 0.784765625 0.27890625 0.794140625 0.28359375 0.80078125 0.279296875 0.8 0.289453125 0.80625 0.289453125 0.80546875 0.299609375 0.8125 0.306640625 0.81484375 0.318359375 0.8234375 0.333203125 0.831640625 0.34375 0.834765625 0.33828125 0.83828125 0.340234375 0.8390625 0.351171875 0.83515625 0.353515625 0.839453125 0.35859375 0.844140625 0.35859375 0.857421875 0.3453125 0.859375 0.351171875 0.85625 0.353515625 0.85859375 0.356640625 0.85625 0.364453125 0.859765625 0.3671875 0.862109375 0.36171875 0.8671875 0.362890625 0.878125 0.387890625 0.882421875 0.3890625 0.8984375 0.406640625 0.909375 0.424609375 0.91953125 0.430078125 0.9234375 0.420703125 0.9234375 0.400390625
3 0.744140625 0.19140625 0.758984375 0.19296875 0.761328125 0.18828125 0.7703125 0.190234375 0.76953125 0.184765625 0.758203125 0.17109375 0.747265625 0.165625 0.736328125 0.1546875 0.690234375 0.1328125 0.680078125 0.1234375 0.658203125 0.11953125 0.655078125 0.11640625 0.647265625 0.1234375 0.64296875 0.119921875 0.640625 0.126171875 0.653125 0.136328125 0.65703125 0.144921875 0.6546875 0.149609375 0.664453125 0.1703125 0.674609375 0.17734375 0.687890625 0.18046875 0.688671875 0.18515625 0.694921875 0.18046875 0.733984375 0.19921875 0.737890625 0.196875 0.7421875 0.198828125 0.74140625 0.192578125 0.744140625 0.19140625
3 0.0625 0.549609375 0.0578125 0.504296875 0.05859375 0.455078125 0.055078125 0.4515625 0.051953125 0.453125 0.047265625 0.4625 0.038671875 0.453125 0.03515625 0.465234375 0.03515625 0.524609375 0.0390625 0.569921875 0.05234375 0.635546875 0.0703125 0.687890625 0.075 0.691796875 0.0625 0.591015625 0.0625 0.549609375
1 0.29453125 0.199609375 0.2984375 0.188671875 0.291796875 0.18515625 0.274609375 0.19296875 0.26328125 0.205859375 0.259375 0.220703125 0.286328125 0.20859375 0.29453125 0.199609375
1 0.227734375 0.22265625 0.222265625 0.2234375 0.2046875 0.237109375 0.1921875 0.255859375 0.190625 0.263671875 0.19375 0.263671875 0.21640625 0.247265625 0.227734375 0.22265625
1 0.25625 0.188671875 0.250390625 0.18671875 0.237890625 0.19453125 0.225 0.211328125 0.22890625 0.213671875 0.248046875 0.203125 0.25625 0.188671875