1 0.45193233934426225 0.5994215393442622 0.45459085245901637 0.6090323639344263 0.46276224508196717 0.6201242286885246 0.4773914483606557 0.6260043213114754 0.49313694098360655 0.6268219647540983 0.5347968967213115 0.6232675147540984 0.6051179663934426 0.610107162295082 0.6192330959016393 0.6110961639344262 0.6297863901639345 0.6174046516393442 0.6324253286885246 0.6150668204918033 0.6377497385245902 0.5873090278688524 0.6535417631147541 0.5650445409836066 0.6512749598360655 0.5199525008196721 0.6384181770491804 0.42899484590163933 0.6332064040983606 0.42253703524590164 0.6189419524590164 0.4162065114754099 0.6063543959016393 0.3866225 0.5958427098360656 0.38855150983606557 0.5894485426229508 0.39828962213114755 0.501281612295082 0.3984902819672131 0.4549876024590164 0.4050043524590164 0.43276226393442624 0.4131096401639344 0.4287499983606558 0.4180643754098361 0.4360963631147541 0.4918811745901639 0.45193233934426225 0.5994215393442622
1 0.41858114672131147 0.28602694508196724 0.44801337377049183 0.28375768114754096 0.4781310327868852 0.28800987131147543 0.5461338459016393 0.28415923606557375 0.5585770024590164 0.2770820975409836 0.5717472 0.28476391229508197 0.5749442836065574 0.27989485655737706 0.57237145 0.2710992139344262 0.5850300352459016 0.25823012295081965 0.5856322500000001 0.24827658278688522 0.5710520401639344 0.20365454590163937 0.559749668852459 0.18629826311475411 0.5401436950819672 0.1801170631147541 0.5355537114754099 0.17565436721311475 0.529289293442623 0.17878534508196722 0.4654064606557377 0.17478526885245904 0.44185186557377043 0.17808514344262297 0.4161087614754098 0.18408760163934426 0.4080205868852459 0.18947073196721312 0.41492636639344266 0.20028352459016394 0.41620909098360653 0.22817106721311475 0.4154305950819672 0.26781387131147544 0.4088430344262295 0.2796327778688525 0.41858114672131147 0.28602694508196724
1 0.3783601516393442 0.8247396860655738 0.3996356368852459 0.8546468401639344 0.4071215967213115 0.8592172499999999 0.4374106139344262 0.8650998040983607 0.4861060983606557 0.865751012295082 0.5202580590163934 0.8613373098360655 0.5339668278688524 0.8545392434426229 0.532982749180328 0.8373347450819673 0.5260794303278689 0.8108621385245901 0.5210390163934426 0.8060346909836065 0.5060230262295081 0.804316186885246 0.49993242786885245 0.7934177147540984 0.4530386647540984 0.794225512295082 0.37731489098360654 0.7873490336065574 0.3659023442622951 0.7885485409836066 0.36461469672131147 0.7919806262295082 0.3783601516393442 0.8247396860655738
1 0.16400916147540984 0.5810564450819672 0.17721604590163934 0.6282953852459016 0.19722837950819674 0.6422636532786885 0.26707206147540985 0.6637693352459016 0.2748615901639344 0.6477031614754098 0.26659479098360656 0.5612082024590164 0.26162294344262293 0.5295874672131148 0.2512875393442623 0.5018272131147541 0.24348089836065573 0.4902849172131148 0.22887372950819673 0.48069366639344263 0.21909154754098362 0.4817218155737705 0.19875607049180327 0.4764414762295082 0.17331407377049182 0.47746716393442623 0.15604346967213115 0.48958471639344264 0.15623194016393444 0.51882355 0.16400916147540984 0.5810564450819672
1 0.14540918360655739 0.7255957524590164 0.1705010795081967 0.7682887786885246 0.18879737049180328 0.7816132229508197 0.22337526475409838 0.7969352434426229 0.2325552319672131 0.8058606352459017 0.22841814016393444 0.7861028770491804 0.18655506393442625 0.7171502106557377 0.17109110491803278 0.6994071409836066 0.13445445163934427 0.680180568852459 0.1280186762295082 0.6816811836065574 0.14540918360655739 0.7255957524590164
1 0.753769868852459 0.6678358713114755 0.7838459196721311 0.6638505639344262 0.8201668147540984 0.6447856221311475 0.8328278606557377 0.6162567180327869 0.837466837704918 0.5819774696721312 0.8373444729508197 0.5416051622950819 0.8291510450819671 0.5342244549180327 0.8277581450819672 0.5248927032786885 0.8259980319672131 0.5316711950819673 0.8187470745901639 0.5332574885245901 0.7924482868852459 0.5261313573770492 0.7677774024590164 0.5344936819672131 0.7574150401639343 0.5417642131147541 0.7621739204918032 0.5635170868852459 0.7622962852459017 0.603889394262295 0.7517111098360655 0.6639313196721311 0.753769868852459 0.6678358713114755
1 0.8068181098360655 0.4079985516393443 0.8120469942622951 0.4420648319672131 0.8336456221311475 0.4632840581967213 0.8543678852459016 0.4644028090163934 0.8584658303278688 0.46026325491803277 0.8631464163934426 0.43422150491803274 0.8575748147540984 0.39689449672131144 0.847153731967213 0.36831906065573766 0.8357436467213115 0.35385875409836065 0.8155599549180328 0.33826012213114753 0.8003726065573771 0.33491125409836064 0.7867715516393443 0.3388133442622951 0.8068181098360655 0.4079985516393443
1 0.7884436418032787 0.20965231721311475 0.7989087959016393 0.23080543688524588 0.8096334483606558 0.23874428934426228 0.832323868852459 0.2742720368852459 0.8520791655737705 0.28579475901639345 0.8452835606557377 0.2564261762295082 0.8201916655737704 0.21373314918032785 0.7832784016393443 0.1801123762295082 0.7746125081967212 0.17607807540983605 0.7668034057377049 0.18019559344262295 0.7884436418032787 0.20965231721311475
1 0.7017033631147541 0.8233103360655738 0.7498872352459016 0.8034106393442623 0.7547367172131147 0.7946590663934426 0.7681027704918033 0.7846002729508196 0.7839413262295082 0.7392536565573771 0.7750820401639344 0.7373001508196722 0.7582202573770492 0.7415449565573771 0.705402331967213 0.7644042737704918 0.700102418852459 0.7727910942622951 0.6829541803278689 0.8252809549180328 0.7017033631147541 0.8233103360655738
1 0.8354446467213115 0.7548572114754099 0.8423528885245901 0.7500101901639344 0.8658463016393443 0.7265241614754098 0.8785489565573771 0.7062327549180328 0.8830557229508197 0.6942204549180327 0.8816628221311475 0.6848887032786886 0.86595893852459 0.6923085573770492 0.8492024090163935 0.7093172016393443 0.8319268819672131 0.7527543819672131 0.8354446467213115 0.7548572114754099
1 0.8358412786885245 0.6880563672131147 0.8430065581967213 0.6856548918032787 0.8668206516393443 0.6691407483606557 0.8786004114754098 0.6518309975409836 0.8827203909836067 0.6439802860655738 0.8915234180327869 0.5944280106557377 0.8881133672131147 0.5894292057377049 0.8700936868852459 0.590498963114754 0.8569210270491804 0.598476962295082 0.8507202532786886 0.6061342803278689 0.8448352377049181 0.6520831114754098 0.8347690598360656 0.685696500819672 0.8358412786885245 0.6880563672131147
1 0.8924463139344263 0.591446355737705 0.8995259139344262 0.5882296983606558 0.9066275483606557 0.5813018827868853 0.9133228229508197 0.5665870008196721 0.9161600786885247 0.5308487467213115 0.9147892131147541 0.5178058368852458 0.9076900401639345 0.5090738385245901 0.8972640336065575 0.5118180303278689 0.8918784418032787 0.519389668852459 0.8891439778688524 0.5835515737704918 0.8924463139344263 0.591446355737705
1 0.8818490672131146 0.4553330163934426 0.8903215672131147 0.4614481114754098 0.8992885680327869 0.46050564180327863 0.9057047704918033 0.4470563713114754 0.9073375959016393 0.43122519918032787 0.9031368598360655 0.4069411008196721 0.8949875024590165 0.39213807786885246 0.8816679819672131 0.3791147418032787 0.8748038106557378 0.3765394467213115 0.8669090286885246 0.37984178278688524 0.8818490672131146 0.4553330163934426
1 0.05450790655737705 0.65273115 0.07161934180327868 0.697911331147541 0.10136732704918032 0.7339335803278688 0.09971738934426229 0.7221562819672132 0.06849574836065574 0.6446674713114754 0.05238796475409836 0.6286404450819671 0.05011377786885246 0.6305278459016393 0.05450790655737705 0.65273115
1 0.04335005409836065 0.5348088491803279 0.06064023196721311 0.5346399524590164 0.06310781229508196 0.5306717573770492 0.06604059262295082 0.43310943032786886 0.06374683114754098 0.4230481754098361 0.048601091803278686 0.42793680573770493 0.0438593237704918 0.43379240163934424 0.039820100000000004 0.47377792295081966 0.041763760655737704 0.5275578918032787 0.04335005409836065 0.5348088491803279
1 0.18842277377049182 0.8447029090163933 0.21474113442622952 0.8637776959016393 0.24580126311475411 0.876996887704918 0.24573761967213115 0.8724705475409836 0.21506673852459016 0.8394299540983606 0.17278991721311476 0.8096696614754098 0.16232230245901638 0.8041763557377049 0.16013379426229507 0.8068789385245901 0.18842277377049182 0.8447029090163933
1 0.22849397377049183 0.8495573147540983 0.23998973770491805 0.8648328032786885 0.2577278844262295 0.8806884721311475 0.2924771360655738 0.8976408557377049 0.316352412295082 0.9013128663934427 0.3127930393442623 0.8909725393442622 0.28686146475409835 0.8677361639344263 0.22843032950819672 0.845030974590164 0.22849397377049183 0.8495573147540983
1 0.29640618360655735 0.8762111254098359 0.31600969672131146 0.8980521393442624 0.3136277942622951 0.9028355163934425 0.36867091475409836 0.9168307418032787 0.38784849344262295 0.9189360327868852 0.3953785237704918 0.9160841270491803 0.3802793155737705 0.8978906270491803 0.36241141967213114 0.8886420926229508 0.3053095409836066 0.8707423155737705 0.29625686065573775 0.8708696032786886 0.29640618360655735 0.8762111254098359
1 0.8881818163934425 0.6998630844262295 0.8960765975409837 0.6965607483606557 0.9085001803278688 0.6775349540983606 0.9157536 0.6602888467213115 0.9155626680327869 0.6467098270491803 0.9083117106557377 0.6482961204918032 0.8984634221311476 0.660457743442623 0.8877534204918034 0.6957871754098361 0.8881818163934425 0.6998630844262295
1 0.9201062385245901 0.5370274860655738 0.9248039360655738 0.5385942057377049 0.9358982631147541 0.5147629991803279 0.9335433196721311 0.4845155909836065 0.9225395950819671 0.47784235081967213 0.9177978262295082 0.4836979475409836 0.9187574081967212 0.5202734180327869 0.9201062385245901 0.5370274860655738
1 0.9302017180327868 0.5899506639344263 0.9398786475409836 0.5761586778688524 0.9428407286885246 0.5651329180327869 0.9432740475409835 0.5378891991803278 0.9392201729508196 0.5346064368852459 0.9348651909836065 0.5363004442622952 0.9308308909836066 0.544966337704918 0.9281870286885247 0.5786237967213115 0.9302017180327868 0.5899506639344263
1 0.9075456393442624 0.4724126885245902 0.9134869147540984 0.47796963934426234 0.9184636852459016 0.4782707467213115 0.9233352032786885 0.46580801639344266 0.9260427090163934 0.4366768967213115 0.9181944590163934 0.4168971032786885 0.9068480180327868 0.40696313606557377 0.9034795762295083 0.4102018286885246 0.9060915573770493 0.44289478278688527 0.9032787983606556 0.45926206475409836 0.9075456393442624 0.4724126885245902
1 0.8914820450819673 0.3117361795081967 0.9072030418032786 0.33192479426229504 0.9075286459016394 0.3075770524590164 0.8880548827868852 0.27912890409836066 0.8782947352459016 0.27644589426229504 0.8914820450819673 0.3117361795081967