1 0.8605117637096775 0.564204529032258 0.8682912314516129 0.5746244419354839 0.8703551475806452 0.5914336911290323 0.8736551911290322 0.5918410048387096 0.8941439370967742 0.5767314298387097 0.9022329483870967 0.5598943201612904 0.8983300524193548 0.5148730911290322 0.8928678112903226 0.4968560879032258 0.887924839516129 0.49299421532258064 0.8730113161290323 0.49726288951612907 0.8603304112903226 0.5097887653225807 0.8605117637096775 0.564204529032258
1 0.8517159822580644 0.790349210483871 0.8767267120967743 0.7657468185483871 0.8874136088709678 0.7502157443548387 0.8971597354838711 0.7303313879032258 0.8975391887096774 0.7168784161290322 0.8806032838709676 0.7311455024193548 0.8619960782258065 0.7549616403225806 0.8528538282258065 0.7731468338709677 0.8517159822580644 0.790349210483871
1 0.1310724201612903 0.6253306411290322 0.13851499516129032 0.6296981096774193 0.15956505725806452 0.6323947887096774 0.16188228387096776 0.6247976975806452 0.14706909112903224 0.5372406572580645 0.13923338951612904 0.5296714274193548 0.12802722338709677 0.5310473717741936 0.1224661879032258 0.5353864661290323 0.11968490161290322 0.5722908217741935 0.12878356693548387 0.6199241217741935 0.1310724201612903 0.6253306411290322
1 0.09691892822580646 0.6912747653225806 0.09714386451612904 0.679872035483871 0.08175414435483871 0.627323625 0.0751824306451613 0.6135053870967742 0.06803470080645162 0.6115392403225807 0.06931185080645162 0.6451015048387098 0.07755435403225806 0.6725272298387097 0.0876226741935484 0.6883536620967742 0.09691892822580646 0.6912747653225806
2 0.1519507064516129 0.7755186 0.13518401693548387 0.7580771000000001 0.13063417177419354 0.757416989516129 0.13554877016129033 0.7742824725806452 0.15400043548387096 0.7988296548387097 0.1600386935483871 0.8049945669354839 0.1644902564516129 0.8048542379032259 0.1519507064516129 0.7755186
1 0.32374645806451613 0.9372390169354838 0.3104763758064516 0.9218057112903226 0.28935640483870967 0.905304981451613 0.2631809935483871 0.890643743548387 0.23724419274193548 0.8812345096774195 0.243717625 0.8942523064516129 0.26782860806451614 0.9152608338709678 0.2904091306451613 0.9271134370967742 0.32374645806451613 0.9372390169354838
1 0.12600740322580645 0.42526309032258064 0.12749581612903224 0.4307678911290323 0.13079585967741936 0.43117520483870964 0.14547077177419354 0.4216545274193549 0.1505403983870968 0.4133132298387097 0.16207080806451613 0.3550219185483871 0.16115841129032257 0.3376650266129032 0.14482638387096772 0.3502329508064516 0.13833825322580645 0.36687349758064514 0.12856375322580643 0.399761464516129 0.12600740322580645 0.42526309032258064
1 0.6895468741935484 0.29675606532258064 0.6932116717741936 0.3133687508064516 0.7044593733870967 0.3388004685483871 0.7183333330645162 0.3525346112903226 0.7265900225806452 0.37345853064516127 0.7305359903225807 0.3758178048387097 0.7390459903225806 0.37233538387096776 0.7629467354838709 0.37508829758064516 0.7851903653225806 0.3808884564516129 0.7840251709677419 0.36478136532258065 0.7763723580645161 0.3421582830645161 0.7644224983870969 0.3176252879032258 0.7483579677419355 0.2992850661290322 0.7205254411290323 0.28767107419354837 0.699924739516129 0.28532547419354837 0.6961191008064516 0.2874177637096774 0.6895468741935484 0.29675606532258064
1 0.8698536508064517 0.40868098387096774 0.8659081951612903 0.38316517177419357 0.8488750338709676 0.35031874032258065 0.8283447532258065 0.3386206532258065 0.8178407451612904 0.339097875 0.8153690032258064 0.34874520806451614 0.8222213758064516 0.3714665725806452 0.8443520250000001 0.4061246346774193 0.8698536508064517 0.40868098387096774
1 0.6628957782258065 0.20212120322580646 0.6966824669354839 0.2125978620967742 0.7075375540322582 0.21167127903225805 0.6834969919354839 0.18131026451612903 0.6768548572580645 0.17684451451612904 0.6489660967741935 0.16808120483870967 0.6423097758064515 0.17011725967741936 0.6412003032258065 0.1743160258064516 0.6455956322580645 0.17702637903225807 0.6522656282258065 0.19164505725806452 0.6628957782258065 0.20212120322580646
1 0.6232116733870967 0.1667746564516129 0.6245177088709678 0.16417677177419354 0.6187322491935484 0.15676205806451612 0.5965028056451613 0.1444600935483871 0.5677011362903225 0.1414964306451613 0.5599353427419355 0.14773125161290324 0.5688663306451613 0.15760352096774194 0.5791595879032257 0.16202722338709677 0.6232116733870967 0.1667746564516129
1 0.632284014516129 0.1347854120967742 0.632593045967742 0.13068492822580643 0.6276500741935485 0.12682305483870968 0.612259329032258 0.12058772177419355 0.5955625483870968 0.11695027338709678 0.5842018661290322 0.12037645967741935 0.5867435169354839 0.12453317741935485 0.5996346588709677 0.13026291532258064 0.632284014516129 0.1347854120967742