1 0.21796875 0.478515625 0.212109375 0.4703125 0.191015625 0.47109375 0.18203125 0.478515625 0.1734375 0.514453125 0.18046875 0.574609375 0.184765625 0.58125 0.194140625 0.5859375 0.216015625 0.5921875 0.22578125 0.591796875 0.23125 0.584765625 0.21796875 0.478515625
1 0.43515625 0.824609375 0.4328125 0.811328125 0.394140625 0.7515625 0.372265625 0.7375 0.305859375 0.72109375 0.296875 0.722265625 0.2953125 0.733984375 0.3046875 0.761328125 0.337890625 0.809375 0.385546875 0.82578125 0.42734375 0.829296875 0.433203125 0.828125 0.43515625 0.824609375
1 0.5359375 0.907421875 0.53359375 0.899609375 0.53828125 0.898046875 0.530859375 0.89609375 0.514453125 0.8828125 0.502734375 0.8796875 0.440234375 0.8765625 0.431640625 0.87890625 0.42421875 0.886328125 0.42421875 0.891015625 0.43046875 0.898828125 0.446484375 0.9109375 0.480078125 0.915625 0.50390625 0.915234375 0.530078125 0.91328125 0.5359375 0.907421875
1 0.387109375 0.9296875 0.366015625 0.915625 0.317578125 0.89921875 0.3078125 0.898828125 0.30859375 0.904296875 0.326953125 0.92109375 0.362109375 0.934375 0.390625 0.939453125 0.39375 0.937890625 0.387109375 0.9296875
1 0.55546875 0.952734375 0.545703125 0.946875 0.527734375 0.94453125 0.486328125 0.9453125 0.47109375 0.949609375 0.474609375 0.95546875 0.485546875 0.959375 0.5296875 0.958984375 0.549609375 0.95703125 0.55546875 0.952734375
1 0.25859375 0.219921875 0.257421875 0.21328125 0.240234375 0.21953125 0.23359375 0.225390625 0.21640625 0.255078125 0.215625 0.258984375 0.21796875 0.258984375 0.246875 0.241796875 0.25859375 0.219921875
1 0.2953125 0.161328125 0.290234375 0.16015625 0.273828125 0.16796875 0.26015625 0.182421875 0.2578125 0.188671875 0.26171875 0.188671875 0.285546875 0.17734375 0.2953125 0.161328125
1 0.1390625 0.302734375 0.137890625 0.29453125 0.12265625 0.310546875 0.1125 0.336328125 0.1140625 0.341796875 0.12890625 0.327734375 0.1390625 0.302734375
1 0.8421875 0.748828125 0.8484375 0.734765625 0.853125 0.712109375 0.851953125 0.70546875 0.847265625 0.70625 0.81640625 0.734765625 0.80546875 0.756640625 0.80390625 0.769140625 0.79921875 0.776953125 0.80234375 0.777734375 0.824609375 0.7640625 0.8421875 0.748828125
1 0.89296875 0.486328125 0.88828125 0.459765625 0.882421875 0.44921875 0.870703125 0.44453125 0.86484375 0.449609375 0.86328125 0.458984375 0.87109375 0.510546875 0.876171875 0.51484375 0.8890625 0.514453125 0.8921875 0.510546875 0.89296875 0.486328125
1 0.48984375 0.108984375 0.48984375 0.105859375 0.481640625 0.1015625 0.467578125 0.1015625 0.4578125 0.109765625 0.465625 0.111328125 0.485546875 0.1109375 0.48984375 0.108984375
0 0.9625 0.380859375 0.9453125 0.326171875 0.92109375 0.272265625 0.89921875 0.239453125 0.8671875 0.201953125 0.819921875 0.1578125 0.807421875 0.1515625 0.80625 0.154296875 0.81171875 0.162890625 0.84921875 0.207421875 0.85859375 0.231640625 0.8796875 0.263671875 0.88671875 0.278515625 0.88359375 0.283203125 0.8890625 0.293359375 0.88828125 0.298828125 0.894140625 0.3015625 0.9 0.310546875 0.90859375 0.337109375 0.92109375 0.362890625 0.925 0.381640625 0.934375 0.395703125 0.93515625 0.404296875 0.9609375 0.447265625 0.9609375 0.457421875 0.965234375 0.45546875 0.96953125 0.460546875 0.97109375 0.431640625 0.9625 0.380859375