1 0.8988152055267703 0.5731232184801381 0.875361744386874 0.5580076778929188 0.8737834974093264 0.5480239689119171 0.8601966088082902 0.540984341968912 0.8481641485319517 0.539525189119171 0.8435485017271157 0.531590231433506 0.8403344188255614 0.5322850587219343 0.8247007348877375 0.5538783609671848 0.8094461960276339 0.6142530768566494 0.8081518177892918 0.6254378454231434 0.8154991329879102 0.6374226692573403 0.8153700872193438 0.6448752115716753 0.8428257754749569 0.6484526157167531 0.8634304309153713 0.6691724499136442 0.8766282227979275 0.6668993765112263 0.8913189395509499 0.6275283635578585 0.9017354680483592 0.5807286269430052 0.8988152055267703 0.5731232184801381
2 0.7466179740932642 0.33328580138169256 0.7279449343696027 0.32525752590673573 0.7144990008635579 0.3129669723661485 0.6895625690846287 0.3054806580310881 0.685006469775475 0.3085537858376511 0.6854312944732297 0.3244713385146805 0.6888339715025907 0.32733205354058725 0.7193746977547495 0.33766717357512954 0.7458179196891191 0.34192749395509503 0.7466179740932642 0.33328580138169256
2 0.7348455630397236 0.34859189205526775 0.7181736373056995 0.3347945483592401 0.6866204447322971 0.3251423462867012 0.6758009533678756 0.32875743523316064 0.6780502081174439 0.33755199395509494 0.6845021934369603 0.34056557426597583 0.7194223350604491 0.34647364162348876 0.7355522996545768 0.35400759240069085 0.7348455630397236 0.34859189205526775
2 0.6324197176165803 0.3867438981001727 0.6101911355785837 0.3789042158894646 0.601172255613126 0.37099307772020723 0.5860785759930915 0.36717944300518135 0.5595063074265976 0.3703716649395509 0.5586824343696027 0.3746101243523316 0.5689142841105354 0.38759550431778933 0.5881054663212435 0.39748393782383423 0.6265573307426598 0.39880017789291883 0.6341389196891192 0.39147668134715025 0.6324197176165803 0.3867438981001727
2 0.5227457461139896 0.49386467530224526 0.5091826761658031 0.49122828151986186 0.48689650431778925 0.5040508445595855 0.4882742478411053 0.5082773946459413 0.492677481865285 0.5082535759930915 0.5037451139896374 0.5192021131260794 0.5222057417962004 0.5192716122625215 0.5287034075993092 0.49942133160621754 0.5227457461139896 0.49386467530224526
2 0.48763309671848015 0.42106040759930913 0.4815225699481865 0.4185530595854922 0.4812982478411054 0.4083926666666666 0.4705839844559585 0.4001519792746114 0.45297104835924007 0.4002472547495682 0.4274350647668394 0.40715979360967186 0.42763556735751296 0.41291695250431776 0.4369839974093264 0.419132707253886 0.48765691623488777 0.42546364162348876 0.48763309671848015 0.42106040759930913
2 0.44928254576856647 0.34454773229706387 0.436201890328152 0.3371666459412781 0.4221444965457686 0.3370733272884283 0.41031253886010366 0.3413713341968912 0.412561792746114 0.3501658920552677 0.43867546632124355 0.35612159671848015 0.4476467089810018 0.3552262677029361 0.44928254576856647 0.34454773229706387
1 0.6535665 0.22590676511226251 0.650481462867012 0.21914904835924007 0.6556847512953369 0.21048353626943006 0.6591450172711572 0.19268200690846288 0.6590259231433506 0.17066583765112264 0.6528915777202072 0.16375525647668396 0.6088354188255614 0.15959021070811744 0.6016191079447323 0.1718231744386874 0.6053751528497409 0.17739174006908462 0.6179376649395509 0.18291266753022453 0.6169033376511226 0.2108626804835924 0.6202007867012089 0.22557917271157168 0.6426298713298791 0.23917601381692574 0.6487284887737478 0.23948174438687392 0.6515772953367875 0.2338774499136442 0.6535665 0.22590676511226251
3 0.7592720138169258 0.10525864594127807 0.7365014706390328 0.09115557167530225 0.6658829956822107 0.060714035405872196 0.5675269196891192 0.03719694645941278 0.5166892271157167 0.03171370466321243 0.45250087564766833 0.031552843696027635 0.43524130829015545 0.034355969775474955 0.4318981778929188 0.042503339378238345 0.4469918575129534 0.04631697409326425 0.4480400518134715 0.05223890759930915 0.3788727348877375 0.07090395250431779 0.36807706217616576 0.07892227547495682 0.3665940906735751 0.08655150259067358 0.3863153255613126 0.10050171157167531 0.3963228531951641 0.10332669861830743 0.5135386044905008 0.10675727461139896 0.5339070284974092 0.1151150993091537 0.5855924136442141 0.12076311658031089 0.6099630656303973 0.11758280397236615 0.618733804835924 0.1109303151986183 0.6229127176165803 0.10074610362694301 0.6429039542314335 0.10199284369602764 0.6518394680483592 0.09449266321243524 0.6566774792746114 0.08091768393782384 0.668545164939551 0.08322452849740933 0.6819672797927462 0.09111184801381693 0.6995802150259067 0.09101657253886011 0.7394693704663212 0.10756744732297063 0.7591310578583765 0.11050957167530225 0.7592720138169258 0.10525864594127807
0 0.2533069870466321 0.2145231183074266 0.22674662780656302 0.21991695682210707 0.1985504317789292 0.2359893316062176 0.1904050189982729 0.2643165310880829 0.18013939896373057 0.2763966295336788 0.16540104490500865 0.3069611744386874 0.16663783333333335 0.3164386502590673 0.19392874784110536 0.3208637452504318 0.21506149740932642 0.31397502590673576 0.2175569352331606 0.30566288169257344 0.21242314594127806 0.2958677659758204 0.2149185846286701 0.28755562176165805 0.22334786528497408 0.2803969006908463 0.23257720034542312 0.2645964853195164 0.23471927029360967 0.2535764913644214 0.24766892227979276 0.23673979015544042 0.25384894905008637 0.2207865103626943 0.2533069870466321 0.2145231183074266
0 0.42954369602763387 0.04556455699481865 0.39919156303972364 0.0387849792746114 0.3480957772020726 0.04820682297063903 0.29006754835924003 0.09103010708117444 0.26972490069084626 0.1187458462867012 0.2556456459412781 0.14591962348877374 0.2582006303972366 0.14861556476683938 0.28845748791019 0.13778220639032815 0.3047045889464594 0.1356619982728843 0.30811917530224525 0.14072433074265975 0.31671323143350605 0.13271791709844558 0.3593082797927461 0.11724509412780658 0.3776855414507772 0.10190327374784111 0.37630779706390327 0.09767672452504317 0.3604954732297064 0.08624577202072538 0.3656987607944733 0.07758025993091537 0.382239683074266 0.06715981692573403 0.41826560880829017 0.05832757340241796 0.42738971675302245 0.05438293436960276 0.4278721312607945 0.04963824179620035 0.43109812435233164 0.051145032815198624 0.42954369602763387 0.04556455699481865
0 0.30837660362694297 0.8771006856649396 0.2863127962003454 0.8684133117443869 0.27628144991364423 0.8611850906735752 0.27573948791019 0.8549216977547496 0.26234119257340244 0.8514376122625216 0.25977429879101904 0.846540054404145 0.2548767409326425 0.8491069490500863 0.2465645967184801 0.8466115112262521 0.24586976943005182 0.8433974274611399 0.24975486096718483 0.8415134507772021 0.24448011658031088 0.8369692607944733 0.24459725302245253 0.8273151010362695 0.23471877202072536 0.8170375708117443 0.21199390932642487 0.7800706355785837 0.20554192314335062 0.7770570544041451 0.19752360017271156 0.7662613825561313 0.19931230224525043 0.7525335379965458 0.1942023316062176 0.7471416563039723 0.18955095768566493 0.7326018480138169 0.18223937046632124 0.7272218756476684 0.18303942487046632 0.7185801822107082 0.18826653195164075 0.7143179041450777 0.17781036010362694 0.6911721312607945 0.18233073143350603 0.6814941528497409 0.1827774170984456 0.6701446088082902 0.16894238860103628 0.6485413540587219 0.16163080138169256 0.6431613825561313 0.15456539723661486 0.620674707253886 0.148961103626943 0.6178259015544042 0.14556837910189982 0.5854964732297063 0.0945639542314335 0.5491905932642487 0.08804246891191711 0.5646376407599308 0.09023413385146806 0.5940944438687392 0.08646813644214162 0.6179945906735751 0.09315831088082902 0.6650405103626943 0.09984652763385148 0.6804161010362694 0.0992350664939551 0.6926133367875648 0.10919691364421416 0.7183021856649396 0.10959791968911917 0.7298165034542314 0.1141897469775475 0.7333482271157168 0.12144374438687391 0.7593904438687392 0.12671848877374786 0.7639346329879102 0.13345434369602763 0.7881166917098446 0.15174024438687392 0.8185025958549222 0.1901702469775475 0.8470859309153713 0.22499706994818652 0.8670513911917098 0.23130810017271158 0.8753158981001727 0.27237449654576856 0.8903361632124354 0.2815581511226252 0.8973996096718481 0.3114159602763385 0.9067222633851468 0.3166192487046632 0.8980567504317789 0.330652822970639 0.8937468350604489 0.30837660362694297 0.8771006856649396
3 0.3926713713298791 0.8371837962003454 0.3659919170984456 0.8205614654576857 0.3471759645941278 0.7861137867012089 0.332741384283247 0.778909384283247 0.3320346476683938 0.7734936839378238 0.3161985043177893 0.7576594974093264 0.3121466813471503 0.7287208376511226 0.2841708920552677 0.691612945595855 0.2781417737478411 0.6728465880829015 0.25595887219343694 0.6421430440414507 0.2523318739205527 0.6291219360967184 0.23883830310880827 0.608024914507772 0.23297395941278065 0.5884108644214162 0.2230835690846287 0.5759317176165804 0.20749165112262521 0.5113204991364422 0.19743648618307427 0.49968904404145076 0.18748654835924006 0.4762018126079447 0.17747901986183073 0.47337682556131255 0.1676839050086356 0.4785106139896373 0.15210976856649397 0.5111120017271157 0.15427761398963732 0.5361655708117444 0.14679130051813472 0.5611020025906736 0.14924105785837652 0.5756537202072538 0.14702948877374783 0.6051343419689119 0.16141838860103627 0.6352026062176166 0.18600341018998273 0.6716513989637306 0.18605104835924008 0.6804578670120898 0.18035343609671847 0.6916664550949914 0.2000885371329879 0.7394886105354058 0.20359839896373055 0.762163878238342 0.19938375820379967 0.7657432392055268 0.21521990155440415 0.7815774257340241 0.25106114853195166 0.8325302987910189 0.3012178816925734 0.8686714041450777 0.33651520984455957 0.8816905552677029 0.36025058203799654 0.8863042443868738 0.37865166321243526 0.875365658894646 0.37693246027633853 0.8706328756476683 0.38604465889464595 0.8644866200345424 0.3871742616580311 0.8541495431778929 0.3940848428324698 0.8480151977547497 0.3926713713298791 0.8371837962003454
3 0.22225594732297063 0.3290091580310881 0.21660401554404146 0.31735388428324696 0.2032652677029361 0.32487788341968915 0.1933768341968912 0.34406906563039724 0.19749815630397236 0.35454709844559584 0.189587018134715 0.36356597841105354 0.1917072262521589 0.37981308031088085 0.18174929360967185 0.417464890328152 0.17336765025906736 0.4334300803108808 0.16916687651122625 0.47088138773747845 0.18473106044905008 0.46774871243523314 0.18860424179620036 0.46366311830742657 0.1960190993091537 0.42551698445595854 0.20637803799654578 0.39937949222797925 0.2233060993091537 0.366601420552677 0.24351970034542314 0.3463382245250432 0.22225594732297063 0.3290091580310881
3 0.4366586943005182 0.10852802936096718 0.43004193436960275 0.10636214075993092 0.38363129360967185 0.1052583134715026 0.3184205241796201 0.1352490829015544 0.31072179792746113 0.15222673920552676 0.27144801813471503 0.1868192884283247 0.2612300354058722 0.2077058549222798 0.25642775215889463 0.2278856848013817 0.23624987996545768 0.2547537322970639 0.2258909412780656 0.28089122452504317 0.23151905354058722 0.2881432642487046 0.2361942469775475 0.30708630656303976 0.24926299309153713 0.3122657754749568 0.27328027720207254 0.3063776131260795 0.3414569896373057 0.26112838946459416 0.38423671675302246 0.1858704499136442 0.39264217875647667 0.17430849395509498 0.40498037046632124 0.1696690284974093 0.40071809240069084 0.1644419214162349 0.40170674006908463 0.15935577029360967 0.4232028091537133 0.12570618825561314 0.4299605259067358 0.12262115112262521 0.43668251381692574 0.11293126338514681 0.4366586943005182 0.10852802936096718
3 0.27226781001727113 0.30706053022452506 0.246037 0.3107589853195164 0.23448695336787564 0.30455513989637306 0.2316719188255613 0.28509395509499136 0.22352454922279794 0.2817508255613126 0.21677874265975822 0.28703747927461143 0.2159330077720207 0.31854303454231436 0.22072533851468049 0.3278319170984456 0.23671434715025905 0.3406167936096719 0.244178798791019 0.3429474576856649 0.2563522158894646 0.3391556839378238 0.27233926683937826 0.3202702322970639 0.27226781001727113 0.30706053022452506