1 0.5522002655737704 0.684139224590164 0.543570731147541 0.6931987532786885 0.5378268073770491 0.7162793836065574 0.5367424352459017 0.752920193442623 0.5405498901639344 0.770489174590164 0.5525201991803279 0.7910501999999999 0.5868758106557377 0.7950007745901639 0.603472612295082 0.7918246606557376 0.61754405 0.7847598286885246 0.6379792336065574 0.7832375721311475 0.6496202221311475 0.7777510918032786 0.6615574721311475 0.7610147983606557 0.7067638303278689 0.7316574459016393 0.7351720401639344 0.7221930918032786 0.7416170508196721 0.7076413229508196 0.7572726 0.6891814262295082 0.766790918852459 0.6463724581967213 0.7728814401639345 0.6078627942622951 0.7713785934426229 0.599163513114754 0.7638974163934426 0.5929644278688525 0.7388724270491803 0.5884831860655737 0.7099083819672131 0.5907065286885246 0.6813549213114755 0.5988830336065574 0.6562738352459017 0.6124065262295082 0.5522002655737704 0.684139224590164
1 0.8882026918032786 0.48321391393442625 0.8830282540983607 0.5390969721311475 0.8838688327868852 0.5627391967213115 0.8915146696721312 0.5819620360655738 0.9008704598360656 0.5793417581967214 0.9296331581967212 0.5938352991803278 0.9353209852459016 0.5887594032786885 0.9411404139344263 0.5594099418032787 0.9442640598360655 0.5269735213114753 0.9427921401639343 0.5023591163934426 0.9301401532786886 0.4850051319672131 0.9105376573770491 0.4707826836065574 0.9053668475409836 0.45962778524590164 0.8963267278688525 0.4627341532786885 0.8912702418032787 0.4687822286885246 0.8882026918032786 0.48321391393442625
1 0.4655197254098361 0.2995156573770492 0.4644159450819672 0.32442056475409836 0.4680587393442623 0.3289657926229508 0.5035066131147541 0.3356624868852459 0.5331523360655738 0.3302321024590164 0.5842248319672131 0.3343840237704918 0.5895718204918032 0.3309116491803279 0.6033196975409836 0.2839737967213115 0.6049793139344262 0.26630990163934426 0.5915953131147541 0.2563421795081967 0.5637041213114754 0.24957573934426228 0.5136735508196721 0.25234915901639343 0.5008957221311475 0.24544322704918034 0.4846340008196721 0.26084133360655737 0.4765854696721311 0.2750522631147541 0.4655197254098361 0.2995156573770492
1 0.3599921491803279 0.4786202532786885 0.34368585 0.48437206803278693 0.32052395491803276 0.4987224893442623 0.31617431475409835 0.4994739122950819 0.31318802950819674 0.4938112532786886 0.309810568852459 0.49393133606557377 0.30630726639344263 0.5044994713114754 0.2862323303278688 0.5161541098360656 0.26211766475409837 0.5428717754098361 0.25477022131147536 0.5656115663934426 0.25609113032786884 0.6027636344262295 0.2686927803278688 0.6242968401639345 0.2854290737704918 0.6362340901639344 0.31309950901639344 0.6479815114754098 0.32483541229508195 0.6479621024590164 0.3303334106557377 0.6319520639344263 0.34994742540983603 0.6185234852459016 0.35787011475409836 0.6147606081967213 0.38036974016393443 0.615353131147541 0.3854513950819672 0.6072154450819672 0.38237019590163934 0.5960857147540983 0.38811411967213116 0.5730050844262294 0.38684354672131144 0.5316737959016393 0.38984135081967214 0.5096854278688525 0.3944620844262295 0.4997738016393442 0.39135571639344263 0.4907336819672132 0.38358403770491806 0.4819588959016394 0.3599921491803279 0.4786202532786885
1 0.33764117540983607 0.8794537090163934 0.3565425844262295 0.8851472959016394 0.3597747942622951 0.8837393631147542 0.36065205901639347 0.8776409508196722 0.3551907475409836 0.8639103516393442 0.3299061836065574 0.8409382852459016 0.3193438073770492 0.8236094696721311 0.28645222459016395 0.8048863704918032 0.28144607459016396 0.8067552245901639 0.2862954549180328 0.8312495467213115 0.2994083631147541 0.8503774713114755 0.33764117540983607 0.8794537090163934
1 0.6606923598360656 0.9129250262295082 0.6910952663934425 0.8980187688524589 0.7070413172131148 0.8821345729508198 0.7096925229508196 0.8755752385245902 0.7063653991803279 0.8715161008196722 0.6879946573770491 0.8751531360655739 0.6170679819672131 0.8776748713114755 0.5825613606557377 0.8862619606557376 0.5648162 0.9046966885245901 0.5692607549180327 0.9094123360655738 0.6186793934426229 0.9174026401639345 0.6606923598360656 0.9129250262295082
1 0.39181387131147544 0.2658323368852459 0.3757786647540984 0.26242394836065575 0.3300222303278688 0.2707147762295082 0.30590756475409836 0.29743244098360655 0.29770226475409833 0.33800654754098364 0.3202018909836065 0.33859907049180327 0.33410290901639345 0.33233599754098364 0.3608572614754098 0.32671002540983607 0.39181387131147544 0.2658323368852459
1 0.253692243442623 0.761889705737705 0.25534610081967213 0.7580513229508197 0.24377272704918035 0.7178820426229509 0.21545154098360658 0.6934265385245901 0.20473815409836066 0.6886353852459016 0.2007041844262295 0.6898728991803279 0.2028074450819672 0.7154594836065574 0.21970839836065573 0.7404204868852459 0.24807992131147544 0.7606967696721312 0.253692243442623 0.761889705737705
1 0.1969643442622951 0.626648156557377 0.19878862131147543 0.6220080139344263 0.1958196139344262 0.5748688147540983 0.17641270573770493 0.5577549959016393 0.16610990409836066 0.5589170040983606 0.1623858450819672 0.5744661204918032 0.16488028114754097 0.5942699631147541 0.17719142868852458 0.613227468852459 0.18848581967213116 0.6231700221311476 0.1969643442622951 0.626648156557377
1 0.17723813770491803 0.6760862040983606 0.1815877786885246 0.6753347803278688 0.1743388762295082 0.6365036860655737 0.1653045155737705 0.6257845409836066 0.15556330901639345 0.6203620467213115 0.1519902606557377 0.6233735008196721 0.1514286655737705 0.6299580024590165 0.1564988024590164 0.649471343442623 0.1638793049180328 0.6640288713114755 0.17723813770491803 0.6760862040983606
3 0.7694675196721311 0.17054743032786887 0.7786219631147542 0.18464403606557378 0.8207629032786885 0.2229308131147541 0.864437618032787 0.2540017467213115 0.8727766508196723 0.24236651721311472 0.8585463122950819 0.22258208360655737 0.848975524590164 0.2163578295081967 0.8307867213114754 0.19154207786885244 0.8180592295081967 0.18045692459016394 0.7835641262295081 0.1613929868852459 0.7737474147540984 0.16223932459016394 0.7759319393442623 0.16773156475409837 0.7694675196721311 0.17054743032786887
3 0.8667228163934426 0.25113554426229506 0.882777431967213 0.26627983524590165 0.9098862729508197 0.2846117590163934 0.9140654942622951 0.2846620959016393 0.8955919475409837 0.24344512950819672 0.8621560475409837 0.1898299926229508 0.8402683532786885 0.17847374672131147 0.8339995221311476 0.1783982418032787 0.8390696581967213 0.19791158278688525 0.8762490262295081 0.24771350573770493 0.8701506139344262 0.24683624016393443 0.8667228163934426 0.25113554426229506
3 0.26646644344262294 0.835833593442623 0.2698690729508197 0.8336239 0.27174368688524586 0.8248045368852459 0.2759480762295082 0.8227652631147542 0.2356314131147541 0.7798383434426229 0.21493665491803277 0.7628697754098361 0.21114285 0.7708622106557377 0.20387667049180327 0.7735076573770492 0.2166041614754098 0.7845928098360655 0.21521563770491806 0.7930965032786885 0.2525460163934426 0.830360763114754 0.26646644344262294 0.835833593442623
3 0.21200859672131148 0.7924148254098361 0.22097321147540983 0.7955772893442623 0.2176266786885246 0.7797822475409836 0.2246972704918033 0.7800281721311475 0.22652154672131147 0.7753880295081967 0.17455024508196723 0.712386174590164 0.16735957049180328 0.7087627893442623 0.16761914508196724 0.7272536139344262 0.17371179836065573 0.7419563926229508 0.18935006967213114 0.7649730360655738 0.20751946475409835 0.7780528852459017 0.20377599672131147 0.7818660991803278 0.21200859672131148 0.7924148254098361
3 0.1553971524590164 0.7275886934426229 0.16635070409836064 0.7391347680327869 0.17099084672131148 0.7409590442622951 0.17218378278688523 0.7353467221311476 0.16830082295081966 0.7240465721311475 0.17090745081967212 0.7078409467213115 0.12673875573770493 0.6376987540983606 0.12100059180327868 0.6469538704918033 0.13296514098360654 0.6813404098360656 0.14794690327868854 0.7054744836065573 0.14612262704918033 0.7101146262295082 0.1553971524590164 0.7275886934426229
3 0.2910772204918033 0.9013996303278689 0.2693405368852459 0.8775057213114754 0.2511711426229508 0.8644258721311476 0.21490209918032788 0.845822855737705 0.20445404672131146 0.8456970139344261 0.21360848934426227 0.8597936204918034 0.2638871155737705 0.9031620516393442 0.28754875 0.9140573762295082 0.2910772204918033 0.9013996303278689
3 0.6252523770491804 0.9456152614754099 0.5574320696721312 0.9571771172131147 0.5429946237704918 0.967935081147541 0.5604881 0.9703964581967214 0.6049063483606557 0.9664301024590164 0.6310545278688524 0.9577423401639344 0.639513643442623 0.9494845713114755 0.6252523770491804 0.9456152614754099
3 0.6107084991803279 0.978557181147541 0.639672544262295 0.976333837704918 0.6820069409836065 0.9585168008196722 0.6791659065573771 0.9541419918032786 0.6813561909836066 0.9458087180327869 0.6638375459016393 0.9454369516393442 0.6477016663934426 0.9503870057377048 0.6441034491803278 0.9554880696721312 0.6163517491803279 0.9638349926229507 0.6048308426229508 0.9726989344262296 0.6107084991803279 0.978557181147541
3 0.6790961606557376 0.9465853098360657 0.6767102885245901 0.9578099549180328 0.6814956827868852 0.9609220819672131 0.6985534057377049 0.9595199081967213 0.7280596368852459 0.9389761598360656 0.6844431491803278 0.9431129352459016 0.6790961606557376 0.9465853098360657
1 0.15939316639344261 0.40916613278688524 0.1538757581967213 0.4134402680327869 0.14516495901639342 0.44259414180327866 0.14550003852459015 0.4548161344262295 0.15512116229508197 0.45686116721311476 0.1604681508196721 0.4533887926229508 0.1693047918032787 0.4137868655737705 0.15939316639344261 0.40916613278688524
1 0.21017878770491802 0.3437043967213115 0.20651082459016393 0.3412487795081967 0.19941506475409837 0.3430924655737705 0.18383502049180328 0.35528353032786886 0.17340061721311475 0.3807191049180328 0.17453745737704918 0.3931115163934426 0.1833568213114754 0.39498613032786883 0.19305345 0.3907623319672131 0.21017878770491802 0.3437043967213115
1 0.15249938770491803 0.5677557762295082 0.15229590901639345 0.5312602180327869 0.143381631147541 0.5239185327868853 0.1374284704918033 0.5243291180327868 0.13380508524590162 0.5315197926229508 0.13372382049180326 0.5516141368852459 0.1431687655737705 0.5682864442622951 0.1505046918032787 0.5731976795081967 0.15249938770491803 0.5677557762295082
1 0.14841721229508195 0.6263849540983607 0.14575811639344263 0.5935573581967214 0.13976037704918032 0.5843216508196721 0.13271495409836065 0.5819861155737704 0.12960282704918033 0.5867715090163934 0.13146592213114755 0.6056031721311476 0.13804466475409835 0.6199902803278688 0.1464728524590164 0.6276476360655737 0.14841721229508195 0.6263849540983607
1 0.11859317950819673 0.593230168852459 0.1159419737704918 0.5997895024590164 0.11940858934426231 0.6189620049180328 0.12747077049180328 0.6303124909836065 0.13043764590163934 0.6242392475409836 0.1276275393442623 0.6039493147540984 0.11859317950819673 0.593230168852459
1 0.1280784393442623 0.513123881967213 0.12158885163934427 0.5180293581967214 0.12104666557377049 0.5363497631147541 0.1279662475409836 0.5491333508196721 0.13408982786885246 0.5479210057377049 0.13631103934426228 0.5236726081967213 0.1280784393442623 0.513123881967213
1 0.12319450327868851 0.5715826401639345 0.12284001475409838 0.5476247450819671 0.12080074098360656 0.5434203549180329 0.11599017868852458 0.5423978385245902 0.11047277131147541 0.5466719737704918 0.10924890737704919 0.5681994204918033 0.11679983032786885 0.581955187704918 0.12146514098360657 0.5816898540983606 0.12319450327868851 0.5715826401639345
3 0.2106027950819672 0.8423950581967212 0.23035630163934429 0.844079843442623 0.23166931967213114 0.8418449819672131 0.22455415081967214 0.8319527655737705 0.21257808278688525 0.8252172524590163 0.19949034262295082 0.8039997180327868 0.17316385327868852 0.7741023106557376 0.16645926803278688 0.7701632549180327 0.16322705901639345 0.7715711877049181 0.16310121639344263 0.7820192409836066 0.2106027950819672 0.8423950581967212
3 0.12417307704918032 0.7305886286885246 0.13277168442622952 0.7374442237704918 0.1342493631147541 0.7482331147540984 0.1415852893442623 0.75314435 0.14068861475409836 0.7475068598360656 0.14438174590163932 0.7478728672131147 0.1470271918032787 0.7551390467213115 0.15555605327868852 0.7544379598360655 0.12224023606557376 0.7042002836065573 0.11744119262295082 0.6755267401639344 0.09483876229508197 0.6300802163934426 0.09264847786885246 0.6384134901639344 0.09900070491803278 0.6716070934426229 0.11630648442622951 0.7163467713114754 0.12269539836065574 0.7197997368852459 0.12417307704918032 0.7305886286885246
3 0.1624449344262295 0.3159605868852459 0.1477169868852459 0.32414285081967215 0.12338156557377049 0.3558414975409836 0.1245939106557377 0.36196507786885246 0.11475203114754098 0.3649010262295082 0.10796618196721311 0.3810563155737705 0.10613614590163935 0.39952197131147543 0.11987250409836064 0.38023514590163937 0.14605161147540982 0.35563225983606556 0.1689035942622951 0.32697023524590163 0.1904116319672131 0.31645819590163937 0.22251084098360657 0.25414740573770495 0.21607159016393446 0.25487366065573774 0.1862439295081967 0.28875683196721313 0.16485597459016393 0.30264633196721313 0.16074649918032785 0.3101526770491803 0.16215443278688524 0.3133848868852459 0.17153539098360657 0.30867499836065576 0.17517818524590165 0.3132202270491803 0.1624449344262295 0.3159605868852459
3 0.22468384754098358 0.28729067213114756 0.23686126229508195 0.2773093 0.2951417106557377 0.24360806639344262 0.3160881524590164 0.2396805295081967 0.33295604754098357 0.22734421311475408 0.38369922295081965 0.2054486286885246 0.3752206975409836 0.20197049426229507 0.33938164836065576 0.2010565418032787 0.29841060737704916 0.21245949672131145 0.2883479713114754 0.2203764262295082 0.26161878688524587 0.22391278770491804 0.2338807368852459 0.2578211278688525 0.21972803442622948 0.2849803049180328 0.22468384754098358 0.28729067213114756
3 0.5155281204918033 0.05833105 0.527554525409836 0.060887340983606555 0.5354520459016393 0.05921407459016393 0.5479703 0.047629181967213115 0.5044544860655737 0.04340751475409836 0.43301655245901643 0.048334531967213115 0.39272718934426226 0.05653044508196721 0.3742809426229508 0.06643631147540983 0.3716549049180328 0.07090603442622952 0.42124972213114753 0.06426906475409837 0.4656176327868852 0.06448193032786886 0.5155281204918033 0.05833105