1 0.6976219688026981 0.4891880885328836 0.7200128937605397 0.47155598482293426 0.7145972082630692 0.42119291231028666 0.6976957554806071 0.3683806045531198 0.7026433591905564 0.35649913406408096 0.6913308760539629 0.34975404974704893 0.6681628102866779 0.30049531703204047 0.6402695564924115 0.2699122723440135 0.6164199730185497 0.2621649881956155 0.5756546720067454 0.26349949409780776 0.5604950505902192 0.27827890978077574 0.5574768271500843 0.2915621576728499 0.5591087698145025 0.312645697301855 0.5724980320404721 0.35406275379426644 0.5629907774030354 0.36410536087689716 0.5749627647554806 0.37501439207419895 0.6059621172006745 0.48449776981450254 0.619686326306914 0.4929950758853288 0.6423074173693086 0.4983758929173693 0.6976219688026981 0.4891880885328836
1 0.6593004460370995 0.9263662959527825 0.68870413153457 0.9071966408094436 0.6939607959527825 0.8999614629005059 0.7059509215851602 0.8570857470489038 0.7055474704890388 0.8383686753794266 0.6852100784148397 0.8420166424957842 0.6228905151770657 0.868960702360877 0.6150527141652614 0.8868488583473862 0.6083231273187184 0.9305987478920743 0.6137608254637437 0.9352864241146711 0.6335292301854974 0.9334359376053963 0.6593004460370995 0.9263662959527825
1 0.8073326964586847 0.8423089721753794 0.8249040438448566 0.8292817774030354 0.8489527993254637 0.7951671694772344 0.8478975927487352 0.7885048532883642 0.841585720910624 0.789077715851602 0.8376817006745363 0.7832934477234401 0.8473622403035413 0.7689549924114671 0.8533573035413153 0.7475171349072514 0.864571521079258 0.7320820885328837 0.8632977698145026 0.7267349072512648 0.8480928903878583 0.7385336096121417 0.8225518406408094 0.7686161711635751 0.797162063237774 0.8400782799325464 0.7994871467116358 0.8439784258010118 0.8073326964586847 0.8423089721753794
1 0.2933503060708263 0.8823122790893759 0.282648194772344 0.8686410775716694 0.24452355311973017 0.8004092200674536 0.23092737015177067 0.784635352445194 0.2159746694772344 0.7737715792580101 0.1941411087689713 0.765278147554806 0.18331484569983136 0.7669928591905565 0.1815212403035413 0.7745332234401349 0.18665762647554807 0.7907933102866779 0.21232406155143338 0.8396563397976391 0.2271487360876897 0.8577966753794266 0.24938187352445196 0.8768978271500844 0.2884440860033727 0.8890651121416526 0.2933503060708263 0.8823122790893759
1 0.21997836256323777 0.6211823195615515 0.22137626559865095 0.611143586846543 0.21325529173693086 0.5868194064080944 0.20850685919055648 0.5568389848229343 0.20215237015177065 0.4682089797639123 0.19509047723440134 0.45865646711635755 0.17646392242833053 0.46502134569983133 0.15714035328836426 0.4804602664418212 0.14756582799325463 0.5331975548060708 0.15451519139966274 0.5824640354131534 0.16904242833052277 0.6202861332209106 0.1822390337268128 0.6254522807757167 0.20367301770657673 0.6233379924114671 0.21997836256323777 0.6211823195615515
1 0.17013267959527825 0.4250474494097808 0.18029556408094435 0.41105943929173694 0.18372762900505904 0.34648981281618885 0.18893128583473862 0.32005521753794264 0.18572815514333896 0.3133062596964587 0.15702535750421587 0.3315112242833052 0.14940222596964586 0.33997489460370994 0.14318474536256323 0.35461853541315347 0.1297592065767285 0.42077097301854977 0.13275154300168635 0.4450537689713322 0.13647840387858345 0.44702453372681283 0.17013267959527825 0.4250474494097808
1 0.22143719645868462 0.37167654384485665 0.2313401534569983 0.364132305227656 0.24799594350758855 0.36149428752107926 0.27109163153457 0.35100684569983137 0.28334555902192243 0.30979670910623947 0.28816901096121417 0.3133011517706577 0.3037695935919056 0.30400081787521077 0.3095499873524452 0.29198744688026984 0.3334745910623946 0.2732587521079258 0.33030122091062397 0.23705310118043843 0.31679555564924117 0.2272406610455312 0.3067076905564924 0.21475269308600337 0.2939520463743676 0.2150656273187184 0.2771229713322091 0.22199949325463744 0.2581912310286678 0.23182743086003374 0.24999911045531198 0.24208858094435076 0.21877205817875212 0.2982552934232715 0.20585862647554806 0.33530148229342327 0.20025151770657673 0.34301900505902194 0.1985031703204047 0.3535400826306914 0.20210587858347387 0.3708967613827993 0.2059646399662732 0.3737003153456998 0.22143719645868462 0.37167654384485665
1 0.19220168887015177 0.2841094940978078 0.22440892833052276 0.2610810775716695 0.25318287099494097 0.20829078161888703 0.2536613414839798 0.20053187436762226 0.24945213575042158 0.19821066526138278 0.23402483811129846 0.20321515092748735 0.20514875632377738 0.22571596458684656 0.1811491332209106 0.2709206374367622 0.17975510455311972 0.2890687217537943 0.19220168887015177 0.2841094940978078
1 0.8569976964586846 0.4767506610455312 0.8654536180438449 0.4681550902192243 0.8665010767284991 0.4585987023608769 0.8597366214165262 0.42936442748735243 0.8294923971332209 0.432447281618887 0.8213416618887015 0.4375797934232715 0.821786497470489 0.45116822681281615 0.8294212521079258 0.4670326112984823 0.8363512445193929 0.47575233473861717 0.8491521467116357 0.47842011382799327 0.8569976964586846 0.4767506610455312
1 0.856179171163575 0.4149884629005059 0.8540687563237774 0.4016638313659359 0.830810173693086 0.34644367116357505 0.8184838676222597 0.32790763322091065 0.8073899274873524 0.3198474148397977 0.7871805623946037 0.31621881956155146 0.7863516467116358 0.3244600716694772 0.7952226424957841 0.358909626475548 0.8199735202360877 0.41816183305227655 0.8234818372681282 0.42144773271500846 0.8355779772344014 0.41697085075885326 0.8442149325463744 0.42029813490725126 0.856179171163575 0.4149884629005059
1 0.8313222799325464 0.31733742327150083 0.8270678153456998 0.31203549999999997 0.8253531037099494 0.30120923693086005 0.8090775193929174 0.27390821669477233 0.788464702360877 0.2515625505902192 0.749831828836425 0.2205462925801012 0.7331269055649241 0.21209424536256324 0.7138822310286678 0.20916653878583474 0.7058181374367622 0.21215112647554804 0.7092436863406408 0.22569430185497472 0.7313901812816189 0.24694337774030353 0.7651543456998314 0.27147447807757163 0.7991409266441821 0.3027997959527825 0.8090102487352445 0.31660289881956155 0.8229530008431702 0.3237850699831366 0.8313222799325464 0.31733742327150083
1 0.6805849148397977 0.15254847554806072 0.6730406770657672 0.14264551854974705 0.6436176197301855 0.12126841652613828 0.6022755826306915 0.10818169983136593 0.5937291441821249 0.11081584317032041 0.6030708625632377 0.12128778836424958 0.620872376053963 0.1312735134907251 0.6308283406408095 0.14292869224283306 0.6758519797639123 0.15500546037099494 0.6805849148397977 0.15254847554806072
1 0.6169153490725127 0.10628982883642496 0.616255844856661 0.10212588111298483 0.6011712428330523 0.09042931871838111 0.5682476172006745 0.08198501939291737 0.5605339679595278 0.08448726222596964 0.5621581627318718 0.08935209865092748 0.5762780750421584 0.10034777234401349 0.6127514013490725 0.10694933305227657 0.6169153490725127 0.10628982883642496
2 0.5001592833052276 0.14527050590219223 0.4955091163575042 0.13747021416526137 0.4874411492411467 0.13234545109612142 0.47937705564924116 0.13533003878583474 0.47745154974704884 0.14203761298482293 0.4860923785834738 0.1534742487352445 0.4986747377740303 0.1574571618887015 0.5001592833052276 0.14527050590219223
2 0.5367192529510961 0.14972414165261383 0.5321596028667791 0.14788527824620573 0.5254895387858347 0.13272178246205732 0.5124248338954469 0.12838842411467116 0.5092708355817875 0.13272953035413154 0.5131787293423271 0.14662315008431703 0.5228217588532883 0.14552268465430016 0.5353174755480608 0.15165352276559865 0.5367192529510961 0.14972414165261383
3 0.8355984064080945 0.8267342765598651 0.8685479190556492 0.7976125311973019 0.9068821231028669 0.7539790455311973 0.9413123069139967 0.7045612925801011 0.9549757596964588 0.6776404780775717 0.9644261332209108 0.6402891028667791 0.9713781374367622 0.6033334308600338 0.9756921247892074 0.5497219688026981 0.972650655143339 0.5143491070826307 0.9627322006745364 0.4894559392917369 0.9500697150084317 0.4095081475548061 0.9439272537942665 0.3976758102866779 0.9474316973018548 0.39285235834738613 0.9420392571669478 0.39114539460370995 0.9390960531197301 0.3779526635750422 0.9154908996627319 0.3313242006745362 0.9059306382799326 0.32216739038785835 0.8935706973018549 0.3249786939291737 0.8899304789207421 0.3208600042158516 0.871808281618887 0.28189993170320404 0.8563241028667791 0.25959564924114675 0.8490889249578415 0.2543389848229342 0.8353685902192243 0.2539510303541315 0.8240561079258011 0.24720594603709953 0.8092430556492411 0.2533936652613828 0.8077998946037099 0.26045168465430013 0.8114439873524452 0.27267972512647554 0.8312731467116358 0.30624735750421583 0.8384294308600337 0.3298706492411467 0.8512833406408095 0.35173784569983135 0.8655804114671163 0.36654702276559864 0.8698310016863408 0.36373959443507586 0.8746997116357503 0.37022475126475546 0.8849724848229343 0.4027449249578415 0.8965487698145026 0.41115558853288364 0.8985686669477234 0.41851879342327153 0.8830999856661046 0.42865191652613827 0.8851276315345701 0.45223382377740307 0.8801386433389544 0.4692439325463744 0.8848456913996626 0.5043529924114671 0.8816696795952782 0.5543694949409781 0.8736624679595278 0.5846628507588533 0.8745030059021922 0.6007496534569984 0.8619025084317031 0.6505514865092749 0.861522302698145 0.680490523608769 0.8526409173693086 0.7160444190556493 0.8556255050590219 0.7241085118043845 0.8630792268128161 0.728050042158516 0.862073152613828 0.7324777908937605 0.8455156281618886 0.7572959392917369 0.8446000699831366 0.7676851163575042 0.8366717521079258 0.7796118456998313 0.8306689409780775 0.7848310000000001 0.8254084021922428 0.783956826306914 0.8109082849915683 0.8029001897133221 0.8079805784148397 0.8221448650927488 0.7991328279932546 0.8363514190556492 0.7999242335581788 0.8413481559865094 0.8355984064080945 0.8267342765598651