1 0.358203125 0.3578125 0.38984375 0.332421875 0.40234375 0.280859375 0.41328125 0.264453125 0.43828125 0.212109375 0.45234375 0.196484375 0.459375 0.159765625 0.45703125 0.148828125 0.451953125 0.1421875 0.430859375 0.140625 0.386328125 0.14609375 0.330859375 0.16328125 0.29453125 0.195703125 0.254296875 0.24296875 0.240625 0.251171875 0.2421875 0.263671875 0.21484375 0.313671875 0.203125 0.348828125 0.19921875 0.371484375 0.203125 0.387109375 0.215234375 0.3953125 0.221875 0.395703125 0.311328125 0.38203125 0.358203125 0.3578125
1 0.44375 0.798046875 0.458984375 0.7921875 0.4625 0.783984375 0.458984375 0.7796875 0.44609375 0.775390625 0.44609375 0.719921875 0.434375 0.639453125 0.4265625 0.625390625 0.428125 0.619140625 0.41875 0.600390625 0.42109375 0.596484375 0.41640625 0.590234375 0.42109375 0.580859375 0.41171875 0.578515625 0.41171875 0.569140625 0.40703125 0.562109375 0.40546875 0.550390625 0.380078125 0.52421875 0.338671875 0.5078125 0.294921875 0.5 0.258203125 0.4984375 0.210546875 0.51015625 0.1921875 0.530078125 0.18984375 0.544921875 0.190625 0.604296875 0.1984375 0.639453125 0.2015625 0.683984375 0.21328125 0.713671875 0.225 0.759765625 0.234375 0.780078125 0.266015625 0.82109375 0.306640625 0.8453125 0.367578125 0.865625 0.403515625 0.87265625 0.43046875 0.873046875 0.44453125 0.867578125 0.44375 0.798046875
1 0.728515625 0.903125 0.757421875 0.8875 0.786328125 0.8671875 0.80078125 0.852734375 0.8046875 0.842578125 0.796484375 0.8375 0.769140625 0.84140625 0.735546875 0.8546875 0.635546875 0.90390625 0.621875 0.913671875 0.623828125 0.91953125 0.64375 0.921484375 0.708203125 0.9109375 0.728515625 0.903125
1 0.934375 0.576953125 0.93828125 0.510546875 0.93046875 0.451171875 0.92109375 0.419921875 0.904296875 0.39921875 0.894140625 0.39765625 0.89140625 0.401953125 0.89140625 0.417578125 0.90703125 0.536328125 0.9046875 0.601953125 0.90625 0.609765625 0.9109375 0.611328125 0.92421875 0.599609375 0.934375 0.576953125
1 0.87421875 0.281640625 0.837890625 0.24140625 0.816015625 0.2265625 0.81953125 0.238671875 0.85703125 0.299609375 0.8828125 0.357421875 0.898828125 0.375 0.9109375 0.382421875 0.90546875 0.351953125 0.87421875 0.281640625
1 0.755078125 0.1453125 0.712890625 0.121875 0.68984375 0.114453125 0.694921875 0.12265625 0.735546875 0.1578125 0.7984375 0.194921875 0.7875 0.176953125 0.755078125 0.1453125
1 0.53671875 0.108984375 0.53828125 0.094921875 0.54296875 0.090234375 0.530859375 0.08046875 0.517578125 0.07734375 0.455078125 0.07890625 0.41796875 0.094921875 0.41953125 0.098828125 0.41171875 0.105859375 0.40859375 0.115234375 0.4265625 0.116796875 0.532421875 0.1109375 0.53671875 0.108984375
1 0.66015625 0.087109375 0.648046875 0.078125 0.630078125 0.07109375 0.627734375 0.06640625 0.619140625 0.0671875 0.621875 0.063671875 0.616015625 0.059375 0.610546875 0.05859375 0.605859375 0.0640625 0.59296875 0.066015625 0.597265625 0.071875 0.608984375 0.078125 0.66015625 0.091796875 0.6625 0.091015625 0.66015625 0.087109375
1 0.591796875 0.05078125 0.5609375 0.047265625 0.592578125 0.0609375 0.63046875 0.067578125 0.623828125 0.05859375 0.591796875 0.05078125
1 0.321875 0.093359375 0.308203125 0.0953125 0.263671875 0.12109375 0.22734375 0.151953125 0.22265625 0.160546875 0.225 0.162109375 0.271484375 0.1359375 0.321875 0.093359375
2 0.27890625 0.157421875 0.278515625 0.1515625 0.268359375 0.153125 0.24140625 0.177734375 0.22734375 0.200390625 0.22734375 0.204296875 0.23203125 0.206640625 0.2671875 0.173046875 0.27890625 0.157421875
2 0.1875 0.267578125 0.196484375 0.2390625 0.17734375 0.255859375 0.1546875 0.291015625 0.1484375 0.314453125 0.151953125 0.31640625 0.157421875 0.3140625 0.16171875 0.318359375 0.17734375 0.283203125 0.1875 0.267578125