1 0.44375 0.576953125 0.446875 0.521484375 0.43984375 0.476171875 0.443359375 0.46953125 0.458984375 0.46796875 0.459375 0.456640625 0.44453125 0.451953125 0.44453125 0.431640625 0.43984375 0.416796875 0.43515625 0.404296875 0.426953125 0.396875 0.404296875 0.38984375 0.348828125 0.39375 0.337890625 0.396875 0.331640625 0.4 0.3171875 0.416796875 0.309375 0.437890625 0.30625 0.457421875 0.296875 0.462890625 0.29765625 0.470703125 0.30546875 0.476953125 0.29921875 0.512890625 0.30234375 0.565234375 0.312890625 0.575 0.333203125 0.58046875 0.376953125 0.5859375 0.409375 0.586328125 0.437890625 0.5828125 0.44375 0.576953125
1 0.7453125 0.341796875 0.7375 0.309765625 0.7265625 0.283203125 0.709375 0.258984375 0.699609375 0.25 0.668359375 0.23828125 0.653515625 0.2359375 0.639453125 0.24140625 0.63828125 0.247265625 0.65078125 0.258984375 0.64921875 0.278515625 0.653125 0.294140625 0.6703125 0.316015625 0.678125 0.333984375 0.700390625 0.33359375 0.723046875 0.340625 0.7421875 0.352734375 0.7453125 0.351171875 0.7453125 0.341796875
1 0.8359375 0.645703125 0.84375 0.616796875 0.84609375 0.592578125 0.846875 0.563671875 0.843359375 0.5484375 0.815234375 0.55078125 0.8 0.567578125 0.79296875 0.583203125 0.7859375 0.650390625 0.77890625 0.674609375 0.7828125 0.676953125 0.815234375 0.6640625 0.8359375 0.645703125
1 0.40625 0.802734375 0.396875 0.765234375 0.404296875 0.76171875 0.40546875 0.756640625 0.38984375 0.747265625 0.384375 0.729296875 0.365625 0.698828125 0.350390625 0.68828125 0.330078125 0.68046875 0.288671875 0.6703125 0.270703125 0.66953125 0.26328125 0.682421875 0.2671875 0.713671875 0.2625 0.718359375 0.27265625 0.730859375 0.28359375 0.761328125 0.29375 0.779296875 0.319140625 0.7953125 0.346484375 0.8046875 0.380859375 0.8125 0.40234375 0.812109375 0.40625 0.808984375 0.40625 0.802734375
1 0.208984375 0.478125 0.235546875 0.478125 0.240234375 0.48203125 0.24375 0.476953125 0.25546875 0.420703125 0.25625 0.399609375 0.2625 0.381640625 0.266015625 0.3203125 0.231640625 0.33046875 0.22421875 0.335546875 0.22109375 0.341796875 0.1953125 0.407421875 0.196875 0.416796875 0.190625 0.455078125 0.190625 0.480078125 0.19296875 0.483984375 0.200390625 0.47890625 0.208984375 0.478125
1 0.17890625 0.424609375 0.19921875 0.355078125 0.1984375 0.342578125 0.188671875 0.33515625 0.180859375 0.33515625 0.171875 0.345703125 0.15703125 0.374609375 0.1453125 0.407421875 0.140625 0.441015625 0.144921875 0.4453125 0.15234375 0.444921875 0.173046875 0.4375 0.17890625 0.424609375
1 0.2125 0.313671875 0.2265625 0.274609375 0.230078125 0.2484375 0.220703125 0.2515625 0.20390625 0.263671875 0.18203125 0.316015625 0.18359375 0.325390625 0.190625 0.326953125 0.208203125 0.31875 0.2125 0.313671875
1 0.37734375 0.200390625 0.3890625 0.180078125 0.3890625 0.173828125 0.359765625 0.1765625 0.333984375 0.1859375 0.31015625 0.205078125 0.296875 0.231640625 0.303125 0.233203125 0.358984375 0.21640625 0.37734375 0.200390625
1 0.576953125 0.13125 0.538671875 0.12734375 0.5296875 0.132421875 0.53046875 0.137890625 0.537109375 0.1453125 0.59296875 0.151171875 0.5890625 0.141015625 0.576953125 0.13125
1 0.596484375 0.1125 0.581640625 0.109375 0.5703125 0.110546875 0.5703125 0.116015625 0.576953125 0.1203125 0.609375 0.125390625 0.609375 0.121484375 0.596484375 0.1125
1 0.524609375 0.09375 0.505859375 0.09375 0.496875 0.098046875 0.496875 0.101171875 0.502734375 0.10390625 0.53046875 0.104296875 0.53203125 0.098828125 0.524609375 0.09375
1 0.78828125 0.796484375 0.80703125 0.757421875 0.799609375 0.75625 0.780078125 0.7640625 0.737890625 0.7921875 0.725 0.809765625 0.7109375 0.839453125 0.710546875 0.84375 0.71640625 0.843359375 0.772265625 0.81484375 0.78828125 0.796484375
1 0.8390625 0.783984375 0.85859375 0.754296875 0.868359375 0.7328125 0.851953125 0.7421875 0.846875 0.739453125 0.82421875 0.780859375 0.8078125 0.803515625 0.80859375 0.808203125 0.826171875 0.796875 0.8390625 0.783984375
1 0.681640625 0.9109375 0.69609375 0.894140625 0.685546875 0.8953125 0.625390625 0.9171875 0.61015625 0.933984375 0.611328125 0.9375 0.615625 0.937109375 0.668359375 0.92109375 0.681640625 0.9109375
1 0.5 0.949609375 0.476953125 0.9390625 0.422265625 0.93203125 0.413671875 0.93203125 0.40625 0.937109375 0.408203125 0.9421875 0.423046875 0.9515625 0.4875 0.957421875 0.495703125 0.95625 0.5 0.949609375
1 0.358203125 0.328125 0.365625 0.322265625 0.36953125 0.312109375 0.37109375 0.255078125 0.363671875 0.2421875 0.347265625 0.24296875 0.317578125 0.2515625 0.305078125 0.2578125 0.296875 0.266796875 0.28203125 0.294140625 0.27109375 0.333984375 0.27265625 0.344140625 0.277734375 0.34765625 0.28359375 0.347265625 0.342578125 0.33359375 0.358203125 0.328125
2 0.58828125 0.792578125 0.58828125 0.785546875 0.580078125 0.76796875 0.567578125 0.76875 0.558984375 0.778125 0.541015625 0.78828125 0.53515625 0.795703125 0.537109375 0.8015625 0.553125 0.801171875 0.576953125 0.8 0.58828125 0.792578125
2 0.6421875 0.784765625 0.65859375 0.759765625 0.66640625 0.735546875 0.666796875 0.71953125 0.657421875 0.7203125 0.63203125 0.744140625 0.621875 0.765234375 0.61953125 0.787890625 0.615625 0.795703125 0.621875 0.797265625 0.6421875 0.792578125 0.6421875 0.784765625
2 0.70703125 0.726171875 0.71640625 0.707421875 0.71953125 0.673046875 0.715234375 0.66875 0.7046875 0.676171875 0.68359375 0.716796875 0.67890625 0.753515625 0.68671875 0.755859375 0.7078125 0.734765625 0.70703125 0.726171875
3 0.9328125 0.483203125 0.93125 0.416796875 0.92265625 0.385546875 0.90390625 0.337109375 0.875 0.299609375 0.862890625 0.296875 0.84375 0.271484375 0.833203125 0.2640625 0.812109375 0.23984375 0.805078125 0.23671875 0.791015625 0.2390625 0.78828125 0.247265625 0.82890625 0.308203125 0.86015625 0.370703125 0.8765625 0.412109375 0.89375 0.491015625 0.901171875 0.5 0.909375 0.501953125 0.90859375 0.506640625 0.913671875 0.51171875 0.918359375 0.50859375 0.92265625 0.512109375 0.93046875 0.496484375 0.9328125 0.483203125
3 0.74453125 0.168359375 0.74296875 0.161328125 0.694921875 0.12265625 0.669140625 0.11328125 0.642578125 0.09296875 0.598828125 0.07734375 0.587890625 0.0765625 0.576953125 0.06796875 0.544921875 0.06171875 0.53359375 0.062890625 0.536328125 0.0671875 0.576953125 0.0828125 0.633203125 0.1109375 0.687109375 0.14609375 0.736328125 0.1890625 0.753515625 0.1984375 0.7640625 0.200390625 0.76015625 0.187109375 0.74453125 0.168359375
3 0.90703125 0.749609375 0.925 0.694921875 0.92109375 0.691796875 0.91875 0.678515625 0.922265625 0.665625 0.91328125 0.668359375 0.86328125 0.761328125 0.84375 0.803515625 0.84453125 0.818359375 0.84765625 0.818359375 0.88359375 0.782421875 0.90703125 0.749609375
3 0.21015625 0.227734375 0.216015625 0.2265625 0.21640625 0.231640625 0.219921875 0.23203125 0.233203125 0.2203125 0.2453125 0.208203125 0.270703125 0.171875 0.262890625 0.16953125 0.259765625 0.1640625 0.251953125 0.16796875 0.248046875 0.16484375 0.240234375 0.165625 0.226171875 0.18125 0.204296875 0.1953125 0.19140625 0.208203125 0.19765625 0.212109375 0.197265625 0.21640625 0.20546875 0.219921875 0.21015625 0.239453125 0.2125 0.239453125 0.215625 0.230859375 0.21015625 0.227734375
3 0.335546875 0.1234375 0.3484375 0.109765625 0.333984375 0.103125 0.322265625 0.1109375 0.295703125 0.11953125 0.279296875 0.13203125 0.25078125 0.164453125 0.253515625 0.16953125 0.259375 0.165234375 0.26015625 0.179296875 0.2640625 0.179296875 0.302734375 0.14453125 0.335546875 0.1234375
3 0.412890625 0.0796875 0.42265625 0.070703125 0.42265625 0.066015625 0.419921875 0.06328125 0.391796875 0.07265625 0.337890625 0.0984375 0.334375 0.102734375 0.33984375 0.105859375 0.341796875 0.11328125 0.3453125 0.112890625 0.391015625 0.08671875 0.412890625 0.0796875
3 0.13984375 0.383984375 0.15625 0.344921875 0.19296875 0.283203125 0.20625 0.246484375 0.209375 0.219921875 0.197265625 0.21171875 0.180859375 0.21875 0.15703125 0.250390625 0.153125 0.262890625 0.1390625 0.280078125 0.1234375 0.308984375 0.1 0.362890625 0.09375 0.395703125 0.09140625 0.510546875 0.09453125 0.531640625 0.102734375 0.53046875 0.10625 0.537890625 0.11015625 0.539453125 0.11953125 0.461328125 0.13984375 0.383984375
3 0.184375 0.812109375 0.1703125 0.785546875 0.12578125 0.726171875 0.11015625 0.696484375 0.0859375 0.644140625 0.070703125 0.6015625 0.06796875 0.607421875 0.0703125 0.623046875 0.06875 0.639453125 0.07421875 0.662890625 0.109375 0.755078125 0.12109375 0.774609375 0.1609375 0.823046875 0.188671875 0.84921875 0.20078125 0.855859375 0.184375 0.818359375 0.184375 0.812109375