1 0.3072623918032787 0.44117468360655737 0.25703401639344264 0.4227926172131148 0.24355052704918032 0.4076253106557377 0.22956696393442622 0.39817387622950823 0.20095688524590163 0.3866199844262295 0.19452662213114752 0.3942854401639344 0.18199257049180328 0.39648006557377047 0.14844782459016392 0.4178179737704918 0.1446001049180328 0.4429882393442623 0.13593450081967212 0.44798971885245903 0.13277045 0.4559409319672131 0.1319031868852459 0.48466316639344265 0.1485968106557377 0.5054595426229509 0.15438412049180328 0.5051430639344262 0.164968587704918 0.49701825 0.18516809590163935 0.5012538877049181 0.2301399573770492 0.5232900852459016 0.2403572352459016 0.5381716344262295 0.25379464016393444 0.539758656557377 0.26876299016393446 0.5332515877049181 0.2833180663934426 0.5361705983606558 0.29429045163934425 0.5330165418032786 0.3064212237704918 0.5213243975409836 0.32220075983606555 0.4914384090163934 0.31941389262295083 0.4574596606557377 0.3153004049180328 0.44804894262295086 0.3072623918032787 0.44117468360655737
1 0.8877209221311475 0.6343031688524591 0.8837249573770491 0.6376561819672132 0.8406834336065574 0.7252216852459016 0.8471037016393442 0.7364798270491804 0.8648789065573771 0.7261043098360656 0.8854356106557376 0.7262571827868852 0.8950452852459017 0.7151672745901639 0.9136009524590163 0.6723593155737705 0.9144582221311475 0.6625606786885246 0.9094106581967214 0.6403147909836066 0.893436793442623 0.6348032426229508 0.8877209221311475 0.6343031688524591
1 0.2839319606557377 0.21409687540983607 0.28203382622950823 0.2451973295081967 0.2852286 0.2462996393442623 0.3444744081967213 0.23214710163934427 0.3518794631147541 0.22744674016393443 0.35959563032786884 0.20508332868852458 0.3544766270491803 0.1836539942622951 0.3463825360655738 0.18212304918032787 0.31257738852459016 0.19233033278688524 0.2888719950819672 0.20465543442622952 0.2839319606557377 0.21409687540983607
1 0.4201834204918033 0.17088952295081966 0.4174787278688525 0.18299494016393442 0.43495818196721314 0.19480923360655736 0.4390870303278689 0.20874671229508196 0.44547657622950815 0.21095133196721313 0.5354963663934427 0.21183321639344263 0.5420134286885246 0.20787796803278688 0.5438301303278689 0.19651766475409838 0.5161333991803279 0.16982182213114755 0.5036400631147541 0.1621463713114754 0.46756885163934425 0.16063615573770493 0.42521025573770493 0.1651582901639344 0.4201834204918033 0.17088952295081966
1 0.045644315573770494 0.4549008081967213 0.05525935737704918 0.4672612590163934 0.06172034262295082 0.46864932540983606 0.0677626868852459 0.45601311147540985 0.07203904098360656 0.4259435278688525 0.06558805 0.40563186393442624 0.05889738606557377 0.40216669508196723 0.04964490737704918 0.40917383852459016 0.04655229590163935 0.41630849836065575 0.04383760901639345 0.44733751311475406 0.045644315573770494 0.4549008081967213
3 0.06755688278688525 0.3078905401639344 0.07395642213114753 0.29117156065573774 0.07369602131147542 0.2800409360655738 0.040652089344262295 0.36148728934426233 0.02734294180327869 0.4195647163934426 0.02135204836065574 0.4692315729508197 0.020801263934426228 0.5037411172131148 0.023169490163934426 0.5236955860655739 0.03136574262295082 0.5334635 0.036693695901639345 0.5289928163934425 0.04100077213114754 0.5079767549180327 0.04736884918032787 0.4163799368852459 0.05733035163934426 0.3777569049180328 0.0700172762295082 0.35500557540983607 0.07784559836065574 0.32195553606557376 0.07692688442622951 0.31364712786885246 0.06755688278688525 0.3078905401639344
3 0.17702495901639345 0.22284539344262294 0.1639094 0.25049604098360656 0.16534354918032787 0.2576153393442623 0.17143197786885245 0.25855940983606557 0.18425178606557377 0.25309857213114756 0.19658151475409838 0.23443000819672133 0.21064651147540983 0.2241412918032787 0.2257830942622951 0.20160428032786884 0.22552269344262293 0.19047365573770492 0.22151136721311476 0.1892999073770492 0.20069962950819673 0.20146676967213115 0.17702495901639345 0.22284539344262294
3 0.09888164836065573 0.2884154163934426 0.10289297459016393 0.2895891655737705 0.1097111549180328 0.2868944663934426 0.13785114180327868 0.2473934360655738 0.14957863442622948 0.22620377377049183 0.15042054262295082 0.2118783762295082 0.1370138598360656 0.2193448762295082 0.11292591639344263 0.2501495803278688 0.09966747868852459 0.27943333360655737 0.09888164836065573 0.2884154163934426
1 0.07670257295081967 0.3350203844262295 0.0878331975409836 0.33475998360655734 0.1019542713114754 0.3191279524590164 0.11176290163934427 0.30106162459016395 0.10972651639344264 0.2914212278688525 0.1040820844262295 0.29010460081967215 0.09593191475409836 0.29391697049180326 0.07887646885245901 0.3195773163934426 0.07670257295081967 0.3350203844262295
2 0.6470522786885246 0.17345910983606558 0.641463924590164 0.16679916885245902 0.6364931672131148 0.1671870868852459 0.6336302352459017 0.17639884918032786 0.6375294049180328 0.1882592262295082 0.6422297672131148 0.19566428114754097 0.6474302032786886 0.19735346475409837 0.6470522786885246 0.17345910983606558
2 0.8619915426229509 0.37821736967213115 0.8512941795081967 0.3312044950819672 0.8455629467213114 0.3261776606557377 0.8488959713114753 0.36802082131147545 0.8619915426229509 0.37821736967213115
1 0.894826524590164 0.3226710352459016 0.8868853057377049 0.3005833868852459 0.8736314950819672 0.28749318278688524 0.872861025409836 0.30100202704918033 0.8793834557377049 0.32049713852459016 0.8899732901639343 0.33582268360655737 0.8958474008196722 0.3392164131147541 0.894826524590164 0.3226710352459016
2 0.9477664409836065 0.4840466770491803 0.9442198401639343 0.5104774918032787 0.9487212459016394 0.5248589672131148 0.9529261606557377 0.49560593606557374 0.9512623319672131 0.48640953524590164 0.9477664409836065 0.4840466770491803
3 0.689344062295082 0.1273795713114754 0.6860064114754099 0.12791036803278688 0.6859096172131148 0.1431237573770492 0.7198530155737705 0.17365732540983608 0.7305857278688525 0.18734976475409834 0.7306164508196722 0.19640328770491802 0.7248852180327868 0.1913764524590164 0.724012587704918 0.1966483270491803 0.7349649844262295 0.23134146721311474 0.7375575221311474 0.22992267786885248 0.7354750524590165 0.2067019975409836 0.7385369409836066 0.19051381557377048 0.7553834368852459 0.19075348770491804 0.758634287704918 0.18651248360655737 0.7566132631147541 0.1813988475409836 0.7400625180327869 0.15896936475409834 0.689344062295082 0.1273795713114754
3 0.8284138524590163 0.19302880573770492 0.8202483221311475 0.19231441393442622 0.8198604040983607 0.18734365737704917 0.7712036893442623 0.1509974237704918 0.7343259180327869 0.13049217049180328 0.7262318270491803 0.1289612262295082 0.7242876090163934 0.14648139672131147 0.7424407385245901 0.16000023524590165 0.7491160409836065 0.15893864262295082 0.7509788254098361 0.16115862295081967 0.7473554172131147 0.16495563114754097 0.756939736885246 0.16826255983606558 0.7555516704918033 0.17472354508196722 0.7607574737704917 0.19986308852459017 0.7656721532786885 0.2048184844262295 0.7737662442622951 0.2063494286885246 0.79007195 0.22217504836065574 0.7931799221311475 0.21956714918032785 0.8086944295081967 0.2209244926229508 0.8247090114754099 0.2165659655737705 0.8385189737704918 0.21859698360655735 0.8331449368852459 0.2094873836065574 0.8375134590163935 0.20657836721311476 0.8370541016393442 0.20242416229508198 0.8284138524590163 0.19302880573770492
3 0.6928207057377049 0.23341394262295084 0.6922799155737706 0.24899988934426226 0.7026247098360655 0.25772157131147544 0.7095296909836065 0.25873708032786885 0.7113771139344263 0.2564302991803279 0.7069778696721312 0.2502857934426229 0.6904724680327868 0.17561227786885247 0.6779891262295082 0.14901322950819673 0.6648374778688525 0.1441599950819672 0.6640362860655737 0.14861531721311474 0.6839300500000001 0.1939643631147541 0.6928207057377049 0.23341394262295084