1 0.38179513121783876 0.7096206509433962 0.3884966638078902 0.7166637761578044 0.4105607718696398 0.7203159536878216 0.4238247984562607 0.7163109519725558 0.42815532075471696 0.7110939150943396 0.4276425437392796 0.6972745102915952 0.42016138936535163 0.6893022675814752 0.38977783018867923 0.6823395060034305 0.3838133173241852 0.6865526775300173 0.38282552487135507 0.6929230746140652 0.38179513121783876 0.7096206509433962
1 0.5249602898799314 0.6821137135506004 0.5481777581475128 0.6824231603773585 0.5580829819897084 0.6725283936535162 0.5574954579759863 0.6595633576329332 0.5447385926243568 0.6528513679245282 0.5318483036020584 0.6525845231560892 0.5258090437392796 0.65765206432247 0.5232194056603774 0.6724914073756433 0.5249602898799314 0.6821137135506004
1 0.1724409373927959 0.544089102058319 0.17672885763293308 0.5491992452830189 0.1964541003430532 0.5500640720411665 0.20113183104631216 0.5556387735849057 0.20591083876500857 0.5452955205831904 0.20792902487135506 0.5222275471698113 0.2052268782161235 0.503912052315609 0.1961438782161235 0.504408756432247 0.18812341766723842 0.49768069382504293 0.17493413893653517 0.5008313267581476 0.1724409373927959 0.544089102058319
1 0.1740098627787307 0.45727456089193824 0.17629005317324187 0.46565268696397943 0.2034803782161235 0.4697533499142367 0.21234959262435676 0.4520197632933104 0.21333176843910806 0.4211129699828473 0.1945195694682676 0.4147321166380789 0.18162928130360206 0.4144652718696398 0.17822787650085764 0.4189026861063465 0.17589462692967409 0.440651731560892 0.1740098627787307 0.45727456089193824
1 0.10822342109777015 0.4515189931389365 0.11087734905660376 0.45562527186963975 0.13309095283018868 0.4575687101200686 0.13857483533447684 0.4490089442538594 0.14008024442538594 0.4121215651801029 0.12375640566037736 0.40681932418524874 0.11677195540308749 0.40793008147512866 0.11344529845626072 0.41151312692967407 0.11040717495711835 0.4314786861063465 0.10822342109777015 0.4515189931389365
1 0.28902905060034306 0.4415101672384219 0.29588007804459693 0.4468445540308748 0.33766943053173243 0.4513615574614065 0.34594066295025727 0.44046292538593484 0.34878107289879934 0.40799688936535167 0.3353514785591767 0.40897422384219556 0.3200797229845626 0.4162472084048027 0.29779137135506 0.41515813893653514 0.28994209433962265 0.4359941397941681 0.28902905060034306 0.4415101672384219
1 0.21484840994854204 0.433298384219554 0.21843145540308748 0.4366250411663808 0.24164892367066898 0.4369344888507719 0.25084927358490566 0.4252562349914237 0.25409556689536883 0.3979911629502573 0.22844841337907376 0.3910123284734134 0.21603875557461405 0.39509207804459695 0.21484840994854204 0.433298384219554
3 0.17193706775300172 0.3727241372212693 0.16925660977701543 0.38368144425385936 0.1743988987993139 0.38886633533447684 0.19739212521440824 0.3917388910806175 0.20770323241852487 0.3870450874785592 0.20930507804459692 0.37857614150943397 0.21348610463121784 0.3750678439108062 0.24766087993138935 0.37805774957118354 0.2589332495711836 0.3820571355060034 0.2563275394511149 0.3921600720411664 0.25922178387650086 0.3984396483704974 0.2725340283018868 0.4086438627787307 0.2936690197255574 0.41307566209262436 0.32115833533447685 0.4137588473413379 0.35140285591766723 0.4026303576329331 0.37284729502572894 0.38384468782161235 0.38402884476843907 0.383962037735849 0.40372194253859345 0.37535405317324183 0.41463103173241855 0.363825295025729 0.4289093790737564 0.3383863104631218 0.43188882761578046 0.3240115265866209 0.42017842881646655 0.30533836620926247 0.3862704991423671 0.2894581723842195 0.38093049656946826 0.2717728036020583 0.36499646912521444 0.26693512092624355 0.35281105488850767 0.26845176243567753 0.34285761234991424 0.26413731303602056 0.3348315368782161 0.23287285420240136 0.323783409948542 0.2263103602058319 0.3088106440823328 0.23016586706689537 0.29424376243567757 0.23922233704974272 0.2773806174957118 0.23516427615780447 0.2624078524871355 0.23901978301886792 0.25244395368782163 0.25450532504288165 0.23401110891938248 0.2683890214408233 0.22268006346483704 0.26998040994854205 0.20270404802744427 0.28674227787307033 0.19809060806174958 0.3001131972555746 0.1909566629502573 0.30293269382504284 0.1763793241852487 0.3317891552315609 0.17087936963979417 0.3356125162950257 0.16773435334476844 0.3469596337907376 0.17193706775300172 0.3727241372212693
1 0.4527802126929674 0.5083519837049743 0.45669439451114924 0.517733974271012 0.46664783619210976 0.522048423670669 0.5112992873070327 0.523372192109777 0.5272333147512864 0.5282098747855918 0.5368395480274443 0.5217325849056603 0.5397547058319039 0.488412179245283 0.5332774159519725 0.47880594596912524 0.4657822349914237 0.47290088250428813 0.45586093825042884 0.4780592444253859 0.4527802126929674 0.5083519837049743
2 0.34442557118353345 0.5660230789022298 0.35027273413379073 0.5729914571183533 0.3696668421955403 0.567800949399657 0.38198567924528304 0.5598391646655232 0.3792570025728988 0.5565872547169811 0.35284629931389366 0.5534157084048028 0.34304235248713555 0.5473925205831904 0.34442557118353345 0.5660230789022298
2 0.3792200162950257 0.5914508310463121 0.3877050351629503 0.5977890823327615 0.406351666380789 0.601142269296741 0.4207851252144082 0.5985309433962264 0.41913506174957116 0.5927906732418525 0.4092563670668954 0.5876218542024014 0.3920194845626072 0.5878356406518009 0.3786485651801029 0.5832222006861064 0.3792200162950257 0.5914508310463121
2 0.3117465240137221 0.6148185703259006 0.3190781826758148 0.624499551457976 0.35472138078902227 0.625465654373928 0.3514373259005146 0.6187215197255574 0.32462073927958834 0.6103490094339623 0.3131828018867925 0.6033219571183533 0.31124981989708406 0.6057355703259005 0.3117465240137221 0.6148185703259006
1 0.07714854373927958 0.6984638893653516 0.08611419382504287 0.7091487349914237 0.10041422984562608 0.7129825531732419 0.10177575986277873 0.7023403096054889 0.0949512615780446 0.6819423379073757 0.08037876415094339 0.6664624116638079 0.07361855660377359 0.6650100608919383 0.06990208919382504 0.6681285480274443 0.07714854373927958 0.6984638893653516
2 0.2104944579759863 0.7290701423670669 0.21571149399656947 0.7334006638078903 0.23376014408233275 0.7435888061749572 0.24555574785591766 0.7416076063464837 0.2355862324185249 0.7325567512864494 0.2247036740994854 0.729021924528302 0.21263560977701543 0.7193570154373927 0.20992300600343053 0.7208415120068611 0.2104944579759863 0.7290701423670669
2 0.15978283276157804 0.772413897084048 0.17853635677530016 0.784385524871355 0.1842766269296741 0.782735461406518 0.156482704974271 0.7609333567753002 0.15978283276157804 0.772413897084048
3 0.26924978130360205 0.8594728190394512 0.2817824039451115 0.8687479168096055 0.2699281260720412 0.8763198910806175 0.27267287478559177 0.8843082066895368 0.2701419116638079 0.8935567744425386 0.27684344425385937 0.9005998996569468 0.29084449056603773 0.9078511946826759 0.34447766380789024 0.9245962152658662 0.3804359253859348 0.9268812461406518 0.3963217349914237 0.9175097126929674 0.39651383276157803 0.9054737933104632 0.40760456174957116 0.9017091072041166 0.41147052487135505 0.8968818816466552 0.47184221783876507 0.8858064502572898 0.5277604219554031 0.8665932084048027 0.5558742487135506 0.8453778533447683 0.564428398799314 0.8263253387650086 0.6018655403087478 0.806786577186964 0.616341602058319 0.7938480711835334 0.6196521861063465 0.7855286200686107 0.6146593927958833 0.7786349897084048 0.600658346483705 0.7713836946826759 0.5834214639794167 0.7715974802744425 0.5745787795883361 0.7742674819897084 0.5670710960548885 0.7813588250428817 0.5487556003430532 0.7840609716981132 0.5299168722126929 0.7927437041166381 0.5147520094339623 0.8086351295025729 0.49279479331046316 0.8136013936535162 0.4780036689536878 0.8252209716981133 0.4674522461406518 0.8277414777015437 0.449916372212693 0.8313727418524871 0.4078280300171527 0.8302732152658662 0.39419026500857635 0.8385500643224699 0.36109410205831904 0.8330717984562607 0.3452669674099485 0.8368525574614065 0.3359436518010292 0.8351759639794167 0.31424282504288165 0.8470519305317324 0.2689612478559177 0.8430903061749572 0.26190204974271014 0.8450554331046313 0.26924978130360205 0.8594728190394512
3 0.11466759777015437 0.8403527229845627 0.13760776500857633 0.873352449399657 0.16948143567753002 0.9075642109777015 0.18749794082332763 0.9082795420240137 0.225271833619211 0.9193325102915951 0.2377988413379074 0.9040712109777016 0.26212706689536874 0.9113651089193825 0.27087893138936536 0.9048130711835334 0.27062254288164667 0.8979033687821613 0.26384626329331046 0.8917146132075472 0.24564811749571183 0.8832352101200687 0.22648871012006858 0.8660626174957119 0.2133420334476844 0.8588860703259005 0.20022750171526588 0.8611823327615781 0.1884158259005146 0.858427126929674 0.15320504030874785 0.8475984022298456 0.12371845283018869 0.8303832075471698 0.11331652487135507 0.8311949751286449 0.11466759777015437 0.8403527229845627
2 0.4938244125214408 0.7280310325900514 0.50082493567753 0.731656680102916 0.5245817109777016 0.7307219476843911 0.5202937907375643 0.7256118044596912 0.49466270926243566 0.7233693747855918 0.4938244125214408 0.7280310325900514
1 0.2719133919382504 0.7749063233276158 0.2781664382504288 0.7870756646655231 0.29317134905660375 0.7926929691252144 0.31443976329331047 0.7906796243567753 0.315261987135506 0.7812815608919382 0.30986330960548886 0.7691869674099485 0.2883224348198971 0.7595542041166381 0.2762865154373928 0.7593621063464837 0.2716409305317324 0.7632602152658662 0.2719133919382504 0.7749063233276158
1 0.3019449013722127 0.8154137341337908 0.3107932015437393 0.8372801295025729 0.3201912650085763 0.8381023533447685 0.33336447084048026 0.8302153156089194 0.3341866955403087 0.8208172521440823 0.3265986475128645 0.8042265686106346 0.30888113379073756 0.8000937598627788 0.3028579459691252 0.8098977066895369 0.3019449013722127 0.8154137341337908
0 0.5736666655231561 1 0.5907715197255575 0.992633218696398 0.6067160042881647 0.977670909948542 0.6272634716981133 0.9691376732418525 0.6408851638078903 0.9561244193825044 0.6358336955403087 0.95482156432247 0.6363569288164665 0.9488409785591766 0.6462942984562607 0.9484190222984562 0.6506087469982847 0.9384655797598629 0.6537272341337907 0.9421820480274443 0.6594675042881647 0.9405319845626072 0.6537111612349914 0.937445642367067 0.6563329442538594 0.9320791106346484 0.6679043053173243 0.9326610188679244 0.6612935926243567 0.9294999296740994 0.6656827898799315 0.9186921183533447 0.672966230703259 0.9141638833619211 0.7185781689536879 0.8553080574614065 0.7495484777015438 0.8063630711835335 0.7666567787307033 0.7682580420240137 0.7712276166380789 0.7652143027444254 0.7755099202401372 0.7457880497427102 0.7820137392795884 0.7403306972555747 0.7862960428816467 0.7209044442538594 0.793654231560892 0.7155218404802745 0.7960783010291596 0.6976548310463122 0.8046645977701544 0.6880751269296741 0.8092884939965695 0.6549042161234991 0.8128554665523157 0.6534944682675815 0.8099612229845626 0.6472148919382504 0.8165397890222984 0.6409031706689536 0.8212279768439108 0.6266778816466553 0.8175380385934821 0.6147327830188679 0.7957303181818182 0.6179903078902229 0.7769824099485421 0.630555076329331 0.7717709888507718 0.6507609511149228 0.7657478010291595 0.6605648979416809 0.7553032710120069 0.6717038447684391 0.7529218036020583 0.6792436740994854 0.7475713439108062 0.6813582967409948 0.7431073996569468 0.6930204777015437 0.7367530763293311 0.6967690909090909 0.7321396363636363 0.7101400102915951 0.7240765737564322 0.7137391286449399 0.7209154845626072 0.7203498404802744 0.6933248919382504 0.7355846097770155 0.6528335540308748 0.7703525257289879 0.6440230145797599 0.7824953370497427 0.6368890694682676 0.785314833619211 0.6332634219554031 0.7923153567753002 0.6172120437392796 0.7986592238421956 0.5894880291595197 0.8203391372212693 0.5680861921097771 0.8287976269296741 0.5564296269296741 0.8488700789022299 0.5177804502572898 0.877342345626072 0.5175136054888508 0.8902326337907375 0.5134233996569468 0.8976229674099486 0.5178021389365352 0.9066151475128645 0.500928537735849 0.922357077186964 0.5003305566037736 0.9291920325900516 0.503240873070326 0.9402080137221268 0.5085913327615781 0.9380933919382504 0.5211078825042882 0.9426320840480273 0.5250968121783877 0.951159704974271 0.5025311578044597 0.9827609150943397 0.49051131217838767 0.9873052229845626 0.48292888078902224 0.99525093567753 0.4836841380789022 1 0.5736666655231561 1
1 0.3898806569468268 0.8041671183533448 0.39431807204116637 0.8075685231560892 0.41909478387650084 0.809736204974271 0.4267680360205832 0.8056725283018868 0.4277397547169811 0.7945657264150943 0.42252271869639796 0.7902352041166382 0.39626151029159523 0.7853549193825043 0.390686807890223 0.7900326500857633 0.3898806569468268 0.8041671183533448
1 0.3469540180102916 0.8077292504288165 0.3601006946826758 0.8149057984562608 0.3663376680960549 0.8223387341337907 0.3825546140651801 0.8190225343053174 0.38337683790737564 0.8096244708404803 0.37853353945111495 0.801022102058319 0.3600364039451115 0.7959601766723842 0.3466976295025729 0.8008195480274443 0.3469540180102916 0.8077292504288165