1 0.46579777338709677 0.5252018048387096 0.4730208830645161 0.5002177008064516 0.475172960483871 0.4711644072580645 0.468094535483871 0.45657097661290325 0.4470930451612904 0.4499786508064516 0.42005085000000003 0.4505946129032258 0.38151844677419355 0.4567392411290323 0.35963385887096777 0.45572257580645165 0.352966075 0.459157275 0.34759573548387096 0.4672882427419355 0.3430973774193548 0.4931121572580645 0.34408810403225804 0.5255209854838709 0.35217578387096776 0.5337422338709678 0.3914577177419355 0.5383308725806452 0.42667787258064516 0.532478139516129 0.4322535330645161 0.5333612370967742 0.43694609516129035 0.5398199943548387 0.4437833233870968 0.5327378637096775 0.46579777338709677 0.5252018048387096
1 0.7137735798387097 0.4648638096774193 0.7099641153225806 0.45282939193548394 0.7044317427419355 0.449095385483871 0.6756307637096775 0.4453502629032258 0.6485885685483871 0.44596622419354837 0.6420865225806451 0.45350969516129036 0.6401508830645162 0.46830844596774196 0.6386258846774194 0.5011353274193548 0.6427309499999999 0.5087257911290323 0.6675493153225807 0.5118401298387097 0.6874228048387097 0.5100887564516129 0.7044886733870968 0.5054431879032258 0.7108645620967742 0.49869624032258064 0.7144365346774193 0.48129889354838706 0.7137735798387097 0.4648638096774193
1 0.728073935483871 0.5446966564516129 0.7227320612903226 0.5810015241935483 0.7246170024193548 0.5845660862903226 0.7341752766129033 0.5860799685483871 0.7621438572580645 0.5770374379032258 0.7688227580645162 0.5503341314516129 0.7648438491935484 0.5419471451612903 0.7580931959677419 0.5433274588709678 0.7482430266129033 0.5385013290322581 0.728073935483871 0.5446966564516129
1 0.5449937717741936 0.7030873056451613 0.5267999024193549 0.6993891758064515 0.5085590403225806 0.7062981564516129 0.47916685887096777 0.7114409419354839 0.4604683629032258 0.7109289032258064 0.44826450080645164 0.7183857991935484 0.4460765467741935 0.734777595967742 0.44548163951612907 0.7514217064516129 0.4507616983870968 0.7567487580645161 0.4849725991935484 0.7572682080645161 0.5184735524193548 0.7519596838709678 0.5416629951612904 0.7421602129032259 0.5513152556451613 0.7224598733870967 0.5517407193548387 0.7094631935483872 0.5449937717741936 0.7030873056451613
1 0.7688165266129032 0.4756230161290323 0.7671727822580645 0.49373401532258065 0.7701028540322581 0.5035878911290322 0.7833914290322581 0.5073256024193549 0.792322625 0.5050658967741936 0.7966045459677419 0.4934965241935484 0.7935557282258064 0.4689267669354839 0.7729722903225806 0.4648501669354839 0.7688165266129032 0.4756230161290323
1 0.6330215919354839 0.20916397096774192 0.6248436314516129 0.2144007427419355 0.6287359653225807 0.22848954596774196 0.6365713314516128 0.23830383951612902 0.6748835919354839 0.2541699548387097 0.6984440951612904 0.25749332016129034 0.6960619379032258 0.24160244516129034 0.6871777346774193 0.23325504032258063 0.6440467548387097 0.21172668951612902 0.6330215919354839 0.20916397096774192
1 0.12027629838709676 0.466802310483871 0.10388079596774193 0.47237055967741937 0.10010350241935484 0.48075384032258067 0.09831877903225807 0.5306861717741935 0.10213194919354839 0.5349643870967742 0.12330658870967742 0.5301530798387096 0.12758480403225808 0.5263399096774193 0.13094404516129032 0.5154409032258064 0.1304616516129032 0.4720897806451613 0.12744500403225806 0.46793772177419357 0.12027629838709676 0.466802310483871
1 0.790843439516129 0.6175091870967743 0.7892108120967741 0.6123515798387097 0.775587054032258 0.6081525282258065 0.7706421782258065 0.6032868161290322 0.7666991459677419 0.6075613258064516 0.7578112379032258 0.6069701233870968 0.7371808072580645 0.6135006338709678 0.7064009008064516 0.6274051709677418 0.7000287177419355 0.6263959161290323 0.6931914895161291 0.6334780467741936 0.6722691637096774 0.6366963088709677 0.6362054919354839 0.6530299959677419 0.6268488330645161 0.6682863814516129 0.6188650766129032 0.705805825 0.6217122790322581 0.7136053153225806 0.6302217169354839 0.7165860854838709 0.6759624080645161 0.7164821620967742 0.6956701588709677 0.7106220177419355 0.7614290241935484 0.6691891862903225 0.7717516508064516 0.6504115266129032 0.7862226306451613 0.6363734217741935 0.790843439516129 0.6175091870967743
1 0.30688380161290324 0.12117438629032258 0.3038201612903226 0.1276294379032258 0.30981387338709676 0.13102826129032258 0.3475497548387097 0.12475747580645162 0.37715466774193546 0.1131163508064516 0.3811409879032258 0.10599093225806451 0.37455977903225807 0.10372381532258065 0.350703675 0.10484440403225806 0.3288586693548387 0.10873303225806451 0.30688380161290324 0.12117438629032258
1 0.4079271637096774 0.11472421854838709 0.41802964758064515 0.11795730322580644 0.46934599838709684 0.11873647741935482 0.4819246258064516 0.11664621532258065 0.48540631854838706 0.11270688870967742 0.4786593701612903 0.10633100080645161 0.4221458298387097 0.10227915967741937 0.40847507903225805 0.1086872185483871 0.4079271637096774 0.11472421854838709
1 0.7990200532258064 0.4395815782258064 0.801942714516129 0.46494785806451616 0.8101169693548387 0.46746728951612904 0.8201044120967742 0.44822828951612903 0.8175169346774194 0.4233233491935484 0.8135380258064516 0.4149363629032258 0.8079190782258064 0.4169041733870968 0.7998202814516129 0.43195153225806454 0.7990200532258064 0.4395815782258064
1 0.8180685548387097 0.4095301467741936 0.8254858685483871 0.41682871532258065 0.8319483322580644 0.4043799508064516 0.8285643306451612 0.37934885322580647 0.8232446903225806 0.36911650725806455 0.818674579032258 0.369617429032258 0.8149331620967741 0.39066220645161287 0.8180685548387097 0.4095301467741936
1 0.7636612774193549 0.29680860403225806 0.7688943435483871 0.3127427661290323 0.7775262322580645 0.32268321693548385 0.7960552838709678 0.32684268629032254 0.792876604032258 0.3108256540322581 0.7863819701612903 0.30285672016129034 0.7679827806451612 0.290144525 0.764083035483871 0.2915681266129032 0.7636612774193549 0.29680860403225806
1 0.81709265 0.34609650887096777 0.8273608725806452 0.3534383637096774 0.8328536629032258 0.35226707661290324 0.831307610483871 0.3414076516129032 0.8229280346774194 0.32987415564516126 0.8118632903225806 0.3224061435483871 0.810854035483871 0.32877832661290324 0.81709265 0.34609650887096777
3 0.6263244983870968 0.8004770048387096 0.6238013620967742 0.8164074620967742 0.6253907016129032 0.8244159782258065 0.6329774596774194 0.828067114516129 0.6804843467741936 0.8168118717741936 0.6901724838709677 0.8097730282258064 0.695207639516129 0.801180720967742 0.7052705411290323 0.7995085112903225 0.7143711814516128 0.7936013741935484 0.7323993112903227 0.7931907330645162 0.7580723096774193 0.762555510483871 0.78445155 0.745504464516129 0.8001445153225807 0.7185958370967742 0.8135666580645162 0.706024620967742 0.8311123943548387 0.6622628572580646 0.8322552169354838 0.6395817467741935 0.8203506620967742 0.6348384862903226 0.8125981653225807 0.6270785782258065 0.7898700612903227 0.6365428661290323 0.7733446967741935 0.6506638403225806 0.7558855354838709 0.6887237879032259 0.745692770967742 0.6989487225806451 0.7340368241935483 0.7003686177419355 0.7285477387096774 0.6937837032258064 0.7228459225806452 0.6936971282258064 0.6803197870967742 0.7224795806451613 0.6531799008064516 0.7520659661290322 0.6218162024193549 0.759346006451613 0.5872268314516129 0.761216125 0.5888594588709678 0.7663737330645162 0.6050422298387097 0.7673038241935484 0.610704464516129 0.7624851048387097 0.6149789741935484 0.7664281370967743 0.6349749153225807 0.7716364435483871 0.6327510854838709 0.7753667443548387 0.6358506016129032 0.7815731879032258 0.6263244983870968 0.8004770048387096
3 0.6128464370967742 0.4035625411290323 0.748381479032258 0.42421267903225807 0.7613818637096774 0.416881939516129 0.7643774572580645 0.37734769274193547 0.7530356387096774 0.33554262258064516 0.7347267298387097 0.3093724080645161 0.6825421032258064 0.28314408467741936 0.6417141169354839 0.2676960209677419 0.5888121306451612 0.25115212822580646 0.5056818580645162 0.2347195701612903 0.41785161290322576 0.22734065887096774 0.352111275 0.22999247903225806 0.31726958951612905 0.2334556435483871 0.2498892137096774 0.24646225967741936 0.1629631193548387 0.2771939943548387 0.14441553951612904 0.3118155362903226 0.14420280806451613 0.3183138766129032 0.137657475 0.32870825564516126 0.12430708548387095 0.3666024637096774 0.10939211451612903 0.4324182596774193 0.10981016693548386 0.43493398548387097 0.11790155241935484 0.43539903064516133 0.1649903862903226 0.4216280620967742 0.2372760572580645 0.4085818629032258 0.3411307459677419 0.39726968951612907 0.41177637741935486 0.3945782879032258 0.5476973016129032 0.3973264524193548 0.6128464370967742 0.4035625411290323