1 0.17716559119496855 0.27932790172955974 0.15950660220125784 0.28528658726415096 0.14249750157232705 0.2997058183962264 0.11185534276729561 0.3625094449685535 0.10018640015723271 0.40603116588050314 0.09469074842767296 0.44575486006289305 0.09844657547169812 0.4547073380503145 0.11107409591194968 0.45790128537735847 0.12292874449685534 0.4534111721698113 0.12738749606918237 0.44536177437106916 0.1358275172955975 0.40212460613207546 0.14741206289308176 0.3641612602201258 0.15543009905660377 0.34871596619496853 0.1589122106918239 0.33175628930817613 0.1766700463836478 0.2899949182389937 0.17716559119496855 0.27932790172955974
1 0.42570681761006285 0.09462933883647799 0.43269517845911953 0.09573618632075472 0.49813087264150946 0.09217082704402516 0.5021784764150944 0.08923006996855345 0.5031623411949686 0.08301819418238994 0.49956808333333336 0.07807112185534591 0.49270270518867926 0.07618779009433962 0.4527716305031447 0.07702699685534592 0.4318415212264151 0.08604942216981132 0.42570681761006285 0.09462933883647799
1 0.4962311179245283 0.8177883270440252 0.47575796776729556 0.8113618466981132 0.4698378679245283 0.7984847476415095 0.4537390723270441 0.7895672437106918 0.347283518081761 0.7631547822327044 0.29583538286163524 0.7462506037735849 0.2865983522012579 0.7467775094339623 0.2825471360062893 0.7572793443396226 0.2757203443396226 0.7601779025157233 0.2926342106918239 0.7740002798742138 0.2990390172955975 0.7988935959119496 0.3334636029874214 0.8604613168238994 0.3659071603773585 0.876743355345912 0.4370555738993711 0.8923899544025158 0.46492823270440253 0.894814641509434 0.4800540007861635 0.8872607885220125 0.48468154638364774 0.868094641509434 0.4811367114779874 0.8452462264150943 0.4734634874213836 0.8233358655660377 0.47918704402515727 0.819864590408805 0.4948397177672956 0.8215477672955974 0.4962311179245283 0.8177883270440252
1 0.4047024882075472 0.9433811312893081 0.41430485534591194 0.9480858490566039 0.4456909882075472 0.9534549056603774 0.4982495833333333 0.9558096454402515 0.509246962264151 0.9491938466981132 0.5083547193396226 0.9347251926100628 0.4963421139937107 0.927648822327044 0.4777064850628931 0.9246972287735848 0.3857123592767296 0.9125146800314466 0.3767598820754717 0.9162705070754716 0.4047024882075472 0.9433811312893081
1 0.5481941721698114 0.954566514937107 0.5510541446540881 0.9566114166666666 0.573083876572327 0.955722786163522 0.635663210691824 0.9425514473270441 0.6818206116352201 0.9124517940251572 0.6891815338050314 0.9036681100628932 0.6808439716981133 0.9035415141509435 0.5984377633647799 0.9263079952830189 0.5522417767295598 0.9516257586477987 0.5481941721698114 0.954566514937107
1 0.4884140597484277 0.24146685141509433 0.4928342256289308 0.22863556367924529 0.49304883097484276 0.20717854874213837 0.4988676210691824 0.17546566588050314 0.49686853066037734 0.16798537264150942 0.5004278152515723 0.16058947641509433 0.4851862885220126 0.1537976580188679 0.46965659748427674 0.1513379968553459 0.4217147114779874 0.1525003427672956 0.39653684276729556 0.1556762279874214 0.37102861084905664 0.1659634583333333 0.3623606855345912 0.17294820676100628 0.3347931037735849 0.21633971933962265 0.3217014001572327 0.24371683411949685 0.3216170031446541 0.24927520833333333 0.3149517806603774 0.25617917295597487 0.31707385377358493 0.2628829811320755 0.33722747798742136 0.25373757311320755 0.3617518451257862 0.24966221933962263 0.38631479874213837 0.2503687562893082 0.4428824119496855 0.2450008498427673 0.44561940094339625 0.24782223584905663 0.4627020605345912 0.25052786320754716 0.4814220872641509 0.2479210817610063 0.4884140597484277 0.24146685141509433
1 0.6931514764150943 0.12226309276729559 0.7060213506289308 0.13146514937106918 0.7185258875786164 0.13543558097484276 0.7228616564465409 0.1281626682389937 0.7178374119496855 0.12219314544025156 0.6884997932389937 0.10640303930817609 0.6463694724842767 0.0909746572327044 0.6307167987421384 0.08929148034591194 0.6258927099056604 0.0921092539308176 0.6331234245283018 0.09922420990566037 0.6931514764150943 0.12226309276729559
3 0.9147114630503145 0.5501625613207547 0.8954922798742139 0.5709974363207547 0.8882049174528303 0.5969059787735849 0.8863457216981132 0.6387975581761006 0.8920198553459119 0.6532276257861634 0.8862468757861635 0.6746002437106918 0.8855475636792453 0.6840410416666667 0.8882845526729559 0.6868624276729559 0.9008385125786165 0.672931516509434 0.9298891163522013 0.6051000338050314 0.9367761682389937 0.5616168993710692 0.9376514992138364 0.5259371965408806 0.9347987523584905 0.5087701391509434 0.9295285416666667 0.504353585691824 0.9223291886792453 0.5171426753144653 0.9147114630503145 0.5501625613207547
3 0.8599848199685535 0.29514411792452827 0.8525889237421383 0.29158483411949687 0.8527396556603772 0.31827347327044025 0.8475044198113209 0.32619988757861634 0.8457826564465408 0.3370706713836478 0.8514109787735848 0.3618410047169811 0.8915169229559748 0.4227166375786163 0.8973598498427672 0.4260299559748428 0.90271806918239 0.41732705660377356 0.9057818089622642 0.420598176100629 0.9097341792452831 0.4458990275157233 0.9153311407232704 0.4507653152515723 0.9186830448113207 0.44970427830188675 0.9213428616352202 0.4429618836477987 0.9239255062893081 0.42665570833333333 0.9192424622641509 0.39089160849056603 0.9110387193396227 0.36730529481132074 0.8925827216981131 0.3305537185534591 0.8782828616352201 0.32032921147798743 0.8599848199685535 0.29514411792452827
3 0.8178303624213836 0.24468953459119497 0.8382577020440252 0.2614562814465409 0.8560252248427673 0.28496542216981136 0.8745764575471698 0.29347539072327045 0.8887111360062894 0.30725556918238994 0.8764248152515723 0.27426704481132075 0.8372183396226415 0.21273791037735848 0.8201429040880504 0.19491012735849056 0.8055970778301887 0.1862385896226415 0.7864273183962264 0.18917212106918238 0.7838904842767296 0.19513803144654088 0.792259408018868 0.21516867295597483 0.8178303624213836 0.24468953459119497
3 0.9140855471698114 0.3204280573899371 0.9127749323899371 0.3261902004716981 0.929228227201258 0.3630225613207547 0.939838595125786 0.3965416045597484 0.9508492743710691 0.4476352405660377 0.9555709040880503 0.488181230345912 0.961122054245283 0.5033877830188679 0.966311480345912 0.5058016336477987 0.9680018812893082 0.47502680424528304 0.96278831918239 0.4375867523584906 0.9638529685534591 0.4333775786163522 0.9678969606918238 0.4379978993710692 0.9696151108490567 0.4346881941823899 0.9663162421383648 0.4102868097484277 0.93883781918239 0.35260512421383644 0.9140855471698114 0.3204280573899371