1 0.2125 0.558203125 0.215625 0.545703125 0.2109375 0.531640625 0.20703125 0.491015625 0.205078125 0.4875 0.184765625 0.48828125 0.1796875 0.534765625 0.1765625 0.541015625 0.18125 0.552734375 0.184375 0.584765625 0.188671875 0.59140625 0.21640625 0.598046875 0.21640625 0.576171875 0.2125 0.558203125
1 0.36484375 0.269921875 0.36171875 0.248828125 0.356640625 0.246875 0.326953125 0.2546875 0.31484375 0.269140625 0.31171875 0.291015625 0.315625 0.291796875 0.353515625 0.284375 0.36484375 0.269921875
2 0.608203125 0.2328125 0.6046875 0.235546875 0.6046875 0.240234375 0.61328125 0.259765625 0.62109375 0.262890625 0.61953125 0.236328125 0.608203125 0.2328125
2 0.5234375 0.176171875 0.52265625 0.171484375 0.516015625 0.16796875 0.51171875 0.172265625 0.51171875 0.177734375 0.51875 0.184765625 0.521875 0.183203125 0.5234375 0.176171875
1 0.76328125 0.313671875 0.743359375 0.30078125 0.730078125 0.29765625 0.725390625 0.29921875 0.71875 0.307421875 0.73125 0.364453125 0.751953125 0.3765625 0.77421875 0.380859375 0.778125 0.369140625 0.76328125 0.313671875
1 0.910546875 0.5453125 0.91640625 0.537890625 0.91796875 0.526171875 0.915625 0.511328125 0.9078125 0.494140625 0.899609375 0.4890625 0.8921875 0.494921875 0.890625 0.523828125 0.890625 0.540234375 0.8984375 0.551953125 0.905859375 0.5453125 0.910546875 0.5453125
1 0.860546875 0.4078125 0.855078125 0.40703125 0.8453125 0.412109375 0.84453125 0.425390625 0.851171875 0.44140625 0.867578125 0.4328125 0.8828125 0.442578125 0.88359375 0.431640625 0.860546875 0.4078125
1 0.8984375 0.483203125 0.89609375 0.470703125 0.8921875 0.467578125 0.88828125 0.455078125 0.881640625 0.4484375 0.868359375 0.45390625 0.86328125 0.465234375 0.8671875 0.483984375 0.875390625 0.49375 0.8796875 0.493359375 0.889453125 0.49140625 0.8984375 0.483203125
1 0.8796875 0.448828125 0.875390625 0.43125 0.855078125 0.43359375 0.85 0.438671875 0.85078125 0.458984375 0.85703125 0.470703125 0.86328125 0.473046875 0.8671875 0.456640625 0.8796875 0.448828125
1 0.86328125 0.742578125 0.86875 0.728515625 0.867578125 0.71953125 0.855078125 0.7265625 0.83515625 0.748828125 0.82890625 0.760546875 0.8296875 0.772265625 0.8328125 0.773828125 0.853125 0.756640625 0.86328125 0.742578125
1 0.89921875 0.666796875 0.900390625 0.65546875 0.891015625 0.65390625 0.8734375 0.670703125 0.85625 0.707421875 0.85625 0.712890625 0.859375 0.713671875 0.88671875 0.687109375 0.89921875 0.666796875
1 0.24921875 0.230859375 0.249609375 0.22265625 0.244140625 0.2234375 0.23515625 0.232421875 0.21953125 0.255078125 0.21484375 0.269140625 0.2171875 0.272265625 0.2375 0.259765625 0.24921875 0.230859375