1 0.7053024992101106 0.7205694612954187 0.7164369146919431 0.7185871706161138 0.7530629549763033 0.6882513443917851 0.7756400339652448 0.6641430710900473 0.7865639423380727 0.645555640600316 0.7919344273301737 0.6275646516587677 0.795698528436019 0.6103079375987361 0.7944555268562401 0.5893197022116904 0.7873784194312796 0.5882821935229068 0.7648614873617694 0.5993514478672987 0.7566591571879936 0.6192194739336493 0.7453042077409162 0.6275170300157977 0.7390666287519747 0.6363884747235388 0.7200882503949447 0.6479764834123223 0.7042524644549762 0.6940553680884676 0.7023378333333333 0.7149333364928909 0.7053024992101106 0.7205694612954187
1 0.8066625466034755 0.5000388854660347 0.8107699747235387 0.5069004723538705 0.8186916240126383 0.5063867314375987 0.8327355718799369 0.5116193823064771 0.8478496090047393 0.49752531437598735 0.8474561619273301 0.46352562717219586 0.8287910458135861 0.44350974012638233 0.8051363649289099 0.44189332938388626 0.8066625466034755 0.5000388854660347
1 0.21494464928909954 0.7639091603475514 0.22169095576619274 0.7744195679304897 0.26792019984202214 0.8198995134281201 0.3210385971563981 0.8604826224328594 0.3304563625592417 0.8623922393364929 0.3357115663507109 0.8590190860979463 0.3359321003159558 0.8527038206951026 0.3233892827804108 0.8384343254344392 0.2681783278041074 0.7898744336492891 0.24148630884676148 0.7620697172195893 0.22289887835703 0.7511458088467615 0.21486696287519746 0.7548171824644551 0.21494464928909954 0.7639091603475514
1 0.21630041627172195 0.8382513680884676 0.23191816666666668 0.854999355450237 0.2520017132701422 0.8683466224328594 0.27625283491311214 0.8755164573459716 0.29122402448657186 0.8768296334913112 0.2948728451816746 0.8741907551342812 0.29079298420221167 0.8665397598736178 0.26543168088467617 0.8458948515007899 0.2365268104265403 0.8361913917851501 0.21684673775671404 0.8339234067930491 0.21630041627172195 0.8382513680884676
1 0.5374542330173776 0.9099296800947867 0.5492677898894155 0.911132589257504 0.5739324123222749 0.9064613001579778 0.5989554028436019 0.8915277045813587 0.6075612069510269 0.8827389612954186 0.6110772077409162 0.8725869210110585 0.5926225971563981 0.8691761737756715 0.5616427093206952 0.8736269281200632 0.5419024897314376 0.884397962085308 0.5463908380726699 0.8916680371248025 0.5420854296998421 0.9017925102685623 0.5352514091627172 0.9051105300157978 0.5374542330173776 0.9099296800947867
1 0.503334368878357 0.06501726461295419 0.5146016042654028 0.07054813586097947 0.5374944431279621 0.0713475718799368 0.5461553807266983 0.06098001105845181 0.5381009115323855 0.05398059083728278 0.5176314304897314 0.05168503870458136 0.5081033981042654 0.052933054502369674 0.5032015481832544 0.05750410347551343 0.503334368878357 0.06501726461295419
1 0.8700081729857819 0.4967183672985782 0.8734640260663507 0.499605345971564 0.882964492101106 0.49914673854660346 0.8874027203791469 0.49653542733017375 0.8900190458135862 0.48951345339652447 0.8885329573459716 0.4641696895734597 0.8836636879936809 0.4564911271721959 0.8774586887835703 0.4531129605055293 0.8719603981042654 0.4521305853080569 0.8694819060031596 0.4552055173775671 0.8700081729857819 0.4967183672985782
2 0.40011483965244865 0.18036357819905213 0.4175920884676146 0.1778124139020537 0.4257067045813586 0.17177281516587678 0.43444532859399687 0.17049723301737757 0.4373598744075829 0.16625197077409162 0.4165646066350711 0.16196911532385466 0.3941855086887836 0.16909132859399684 0.3812517424960506 0.17733375197472354 0.40011483965244865 0.18036357819905213
2 0.742707920221169 0.7131816074249605 0.7561002938388626 0.7144396500789889 0.7768228886255923 0.6981703254344392 0.7777501303317536 0.6942508507109004 0.7688511192733017 0.6888026793048972 0.748133537914692 0.6936118017377567 0.7444571508688783 0.6970400884676146 0.7412669375987362 0.7091794328593997 0.742707920221169 0.7131816074249605
2 0.5207914612954186 0.855207397314376 0.5219342235387046 0.8564328593996839 0.5424312709320696 0.8579390031595576 0.5500045157977883 0.8581303917851502 0.5567988838862559 0.8573427954186413 0.564024317535545 0.8559553609794628 0.5671393127962086 0.8548343001579778 0.5717022543443917 0.8533538751974723 0.5808967543443918 0.8541448364928911 0.581796429699842 0.8510147701421801 0.5735765600315955 0.8487517993680885 0.5404214139020537 0.8475939960505529 0.5347852898894155 0.8505586619273302 0.5252848238546604 0.8510172685624013 0.5212550829383886 0.8532476595576619 0.5207914612954186 0.855207397314376
2 0.5196436856240126 0.8654421374407584 0.5207864478672986 0.8666676003159558 0.5539415939968405 0.8678254028436019 0.5722909502369669 0.8629335805687204 0.5759949044233807 0.8587158854660347 0.5725114842022117 0.8566183143759872 0.5669856271721959 0.8564253475513428 0.5582745695102685 0.8569115213270142 0.5526660118483412 0.8590867788309636 0.5400354794628752 0.8586457109004739 0.5368227132701422 0.860114260663507 0.5233752069510269 0.8604350339652449 0.5200797401263823 0.8642718088467615 0.5196436856240126 0.8654421374407584
2 0.46432997551342814 0.8650912819905213 0.46544517140600317 0.8671061524486571 0.4764968862559241 0.8674920868878356 0.4851252432859399 0.8693741374407584 0.506439266192733 0.8701184399684044 0.5151778902053712 0.8688428578199052 0.5180648696682465 0.865387003949447 0.5130853325434439 0.8608660750394945 0.501271775671406 0.8596631650868878 0.4958010521327014 0.8578913815165876 0.4673547883096366 0.8576883870458135 0.46531235150078987 0.8595929913112165 0.46482116350710895 0.862342136650869 0.46432997551342814 0.8650912819905213