1 0.4711504572147651 0.24965162332214766 0.4581491661073825 0.2522813976510067 0.4337971719798658 0.25098180117449664 0.42731181711409394 0.28314932802013426 0.4564553699664429 0.28672770637583894 0.4634382298657718 0.29181122567114093 0.47061081040268454 0.2884657760067114 0.5010982332214765 0.28798302852348995 0.5044726652684564 0.2845938380872483 0.5054655436241611 0.26273986325503357 0.4781333162751678 0.2547351426174497 0.4711504572147651 0.24965162332214766
1 0.6221003867449665 0.3763749186241611 0.6215891895973155 0.380538283557047 0.6205088296979866 0.4099885545302014 0.6350879857382551 0.4151595553691275 0.6520919035234899 0.41090817617449665 0.6538152147651007 0.38998911325503355 0.6515654152684563 0.3842189010067114 0.6438521224832214 0.3782004697986577 0.6322969404362416 0.37593644546979865 0.6221003867449665 0.3763749186241611
1 0.23658277432885905 0.11900055620805368 0.24010318624161073 0.11098054530201343 0.21290271476510067 0.1156703976510067 0.20402104781879193 0.12260951677852348 0.1863309697986577 0.1462168523489933 0.22375697902684563 0.13052675587248322 0.23658277432885905 0.11900055620805368
1 0.5291109219798658 0.6793814555369128 0.5351588691275168 0.6851954077181208 0.5799039714765101 0.685618057885906 0.5885664018456376 0.6735806619127517 0.5898807558724832 0.6559922902684564 0.5821089639261745 0.647008384228188 0.5393359261744967 0.6442921946308725 0.5316231652684563 0.662362779362416 0.5291109219798658 0.6793814555369128
1 0.2470566946308725 0.7702656661073826 0.2446319320469799 0.7796880461409396 0.2546097827181208 0.7982403120805369 0.2608479832214765 0.8197143129194631 0.2774139605704698 0.8293553959731543 0.2872452986577181 0.8284494672818792 0.29355568959731543 0.8114745318791946 0.2835630813758389 0.7861586426174496 0.2559531191275168 0.7700901703020134 0.2470566946308725 0.7702656661073826
1 0.18703098573825502 0.7531753322147651 0.19806074580536914 0.7769281149328858 0.21041961744966445 0.7898561501677852 0.22863618288590604 0.7929380889261745 0.23367596140939598 0.7897533775167785 0.23092919043624158 0.7708211367449664 0.21762064765100672 0.7518599127516779 0.20324597147651005 0.7450235662751677 0.18703098573825502 0.7531753322147651
1 0.7042714974832215 0.36110747147651007 0.7139568548657718 0.36483236325503354 0.7198293062080536 0.3617498909395973 0.7196975511744967 0.34905531795302014 0.7134888657718121 0.34110856291946307 0.7028685964765101 0.3381141048657718 0.7013202474832215 0.3438405763422819 0.7042714974832215 0.36110747147651007
1 0.6742499320469799 0.2889579513422819 0.6788665276845637 0.3064293255033557 0.6884496459731544 0.31098689010067115 0.6982809832214765 0.3100809605704698 0.6992011375838927 0.30258690352348994 0.6948622768456376 0.2931792818791946 0.6798594060402685 0.2845753498322148 0.6756960411073825 0.28406415268456375 0.6742499320469799 0.2889579513422819
1 0.7011442189597316 0.3108551342281879 0.7149929404362416 0.3150912231543624 0.7182651342281879 0.3125347055369127 0.716687269295302 0.3047339303691275 0.7055847860738255 0.29534106711409397 0.7005887483221477 0.2947276308724832 0.6990403993288591 0.3004541015100671 0.7011442189597316 0.3108551342281879
0 0.6428851937919463 0.9126874211409397 0.6902294882550336 0.864406082214765 0.6927127491610738 0.8579491770134229 0.6883301476510068 0.8523397030201342 0.7167717172818792 0.8203323817114093 0.7662482810402684 0.7478012877516779 0.7768095192953021 0.7237412541946309 0.7757576098993288 0.7185407374161074 0.7801254530201343 0.7173865880872483 0.7919283213087248 0.6900981023489933 0.7933596728187919 0.6784406812080537 0.7832068598993289 0.6750810058724832 0.7724991082214765 0.6796828439597316 0.7478403959731543 0.6808812667785235 0.737234884228188 0.6846504320469798 0.7335389756711409 0.6837740184563759 0.7341961526845638 0.6749798330536912 0.7304565033557047 0.677901567114094 0.7074631375838927 0.6793044681208054 0.7079890922818792 0.6819047265100671 0.7246425511744966 0.683949514261745 0.7293171124161074 0.6802973464765101 0.7338604521812081 0.6880396224832215 0.7099906719798658 0.6931384320469799 0.7051116317114094 0.6984559463087249 0.6931474924496644 0.6995226132550336 0.6798542407718121 0.7114140293624162 0.653851658557047 0.716673577181208 0.6273088968120806 0.7366582609060403 0.6136651862416108 0.7548458439597315 0.6007661342281879 0.7566429446308726 0.5775978053691275 0.773238437919463 0.552530135067114 0.7777675520134228 0.5194719697986577 0.7923035 0.5107947818791947 0.7975772726510068 0.5085744983221477 0.8053343070469798 0.4985386820469799 0.8079055822147652 0.49652287751677854 0.8139972701342282 0.46686812751677853 0.8145822567114094 0.45325339932885905 0.8222080679530201 0.4440939974832215 0.8210834354026846 0.4355338062080537 0.8322881577181208 0.42602394463087245 0.8374596912751677 0.4219628196308725 0.836115822147651 0.41116758724832214 0.8483139555369128 0.38484352852348996 0.849307899328859 0.3688330218120805 0.8557943204697986 0.36665647902684567 0.859753206375839 0.3581252709731544 0.8603961585570471 0.3544441199664429 0.8662833674496644 0.3572636149328859 0.8708556895973154 0.3557152667785235 0.8765821610738255 0.34005521895973156 0.8767724144295302 0.33855061073825504 0.8787007382550336 0.34230501761744964 0.8825426266778522 0.3367540427852349 0.8898907030201343 0.31032774496644294 0.8917173196308724 0.3082534412751678 0.8948435327181208 0.28631198489932885 0.9014469505033557 0.26998000167785235 0.9036677676174496 0.2720690629194631 0.9073051770134228 0.3084147122483221 0.9210653515100671 0.3581853682885906 0.9356286837248322 0.4312561090604027 0.9462910947986577 0.5224116593959731 0.9473408733221477 0.5626719211409396 0.9429867214765101 0.612179067114094 0.9321609077181208 0.6428851937919463 0.9126874211409397
0 0.7128279580536913 0.18127963087248322 0.7405549177852349 0.20327905369127516 0.752972288590604 0.21917256291946308 0.7962133162751678 0.245612552852349 0.8153943095637584 0.2614913045302013 0.8443044010067114 0.27729679949664426 0.8464809437919463 0.27333791359060405 0.844377125 0.26293688087248324 0.8054881166107383 0.1804010855704698 0.7755255830536913 0.13530605704697987 0.749492952181208 0.10294934228187919 0.6788611988255033 0.0655391577181208 0.6182510369127517 0.04288309060402685 0.5549531350671141 0.028349274328859062 0.513115009228188 0.024902651845637586 0.511771139261745 0.028963776845637584 0.517307889261745 0.03894109395973154 0.5701172768456376 0.06317502516778524 0.6293108456375839 0.10425213590604027 0.6596528213087248 0.13248922734899327 0.6747579312080537 0.14026048573825503 0.6834208951342282 0.15231210654362415 0.7046761921140939 0.1650646451342282 0.7128279580536913 0.18127963087248322
3 0.3618944362416108 0.8710016703020135 0.32887947818791946 0.8576504530201342 0.3063677927852349 0.8413627432885906 0.2608479832214765 0.8197143129194631 0.2501839731543624 0.8205180025167785 0.2534271837248322 0.8285232567114095 0.25171809647651006 0.8321169253355705 0.24182826090604023 0.8300573800335571 0.22483856795302012 0.8169833649328859 0.22093818036912752 0.8177722978187919 0.22099667953020136 0.8207377726510068 0.22757058137583894 0.8291519832214765 0.2550635461409396 0.8392895058724832 0.27789670805369127 0.8598428196308726 0.3164336577181208 0.8764077307046979 0.32610425755033556 0.8733689991610739 0.3484841870805369 0.8769621359060403 0.36258112919463087 0.8757347298657718 0.3618944362416108 0.8710016703020135
3 0.6266063800335571 0.6769835444630873 0.6315586770134228 0.6813951283557047 0.6347581468120805 0.6931985302013423 0.6538948666107383 0.6887864127516778 0.6693209194630872 0.676734259228188 0.6730162953020133 0.6535216560402685 0.6665008917785235 0.6480729194630873 0.6437120041946309 0.6478104756711409 0.6266063800335571 0.6769835444630873
3 0.5323551979865772 0.7355647424496644 0.5723382575503356 0.747235855704698 0.5856462667785235 0.7421080629194631 0.5922343934563759 0.7331968800335571 0.5905542894295301 0.72622877852349 0.5819498246644296 0.7171426325503356 0.5619656744966443 0.7146888875838926 0.5387678288590604 0.7177571342281879 0.5323551979865772 0.7355647424496644