1 0.54921875 0.771484375 0.55703125 0.765234375 0.559375 0.739453125 0.55703125 0.733984375 0.545703125 0.725 0.531640625 0.721875 0.523828125 0.74453125 0.516796875 0.746875 0.475390625 0.7453125 0.46328125 0.753515625 0.45625 0.770703125 0.45625 0.781640625 0.460546875 0.78984375 0.5078125 0.794140625 0.537109375 0.79140625 0.54921875 0.771484375
1 0.4703125 0.869140625 0.478125 0.865234375 0.47890625 0.857421875 0.471484375 0.846875 0.413671875 0.8390625 0.405859375 0.8421875 0.3921875 0.854296875 0.39375 0.859765625 0.39140625 0.863671875 0.400390625 0.8734375 0.411328125 0.87734375 0.4515625 0.882421875 0.462890625 0.88046875 0.4703125 0.869140625
1 0.587890625 0.87578125 0.61640625 0.843359375 0.62109375 0.832421875 0.6203125 0.823828125 0.605078125 0.8234375 0.558203125 0.83125 0.528515625 0.86484375 0.5203125 0.867578125 0.52265625 0.870703125 0.5203125 0.880859375 0.523046875 0.884375 0.53984375 0.884765625 0.569921875 0.8828125 0.587890625 0.87578125
1 0.42265625 0.891796875 0.408984375 0.87734375 0.369921875 0.8671875 0.3515625 0.866796875 0.35625 0.874609375 0.3546875 0.887890625 0.360546875 0.8953125 0.402734375 0.90625 0.4125 0.905859375 0.421875 0.897265625 0.42265625 0.891796875
1 0.53515625 0.605859375 0.54921875 0.595703125 0.55390625 0.580859375 0.54921875 0.551953125 0.543359375 0.5453125 0.529296875 0.54296875 0.524609375 0.5375 0.489453125 0.5359375 0.484375 0.547265625 0.4703125 0.558203125 0.4515625 0.591796875 0.4484375 0.602734375 0.44921875 0.618359375 0.451953125 0.62265625 0.468359375 0.625 0.52265625 0.626171875 0.5265625 0.623828125 0.53515625 0.605859375
1 0.625 0.432421875 0.62265625 0.396484375 0.610546875 0.3875 0.584765625 0.384375 0.576953125 0.38671875 0.56328125 0.407421875 0.55859375 0.427734375 0.55859375 0.443359375 0.561328125 0.44765625 0.6125 0.449609375 0.61640625 0.448046875 0.625 0.432421875
1 0.67265625 0.523828125 0.68125 0.490234375 0.68046875 0.458984375 0.667578125 0.43359375 0.630078125 0.43125 0.61171875 0.466015625 0.60234375 0.470703125 0.60625 0.478515625 0.603125 0.520703125 0.60546875 0.526953125 0.6109375 0.528515625 0.666796875 0.52734375 0.67265625 0.523828125
1 0.759375 0.541796875 0.75703125 0.524609375 0.751953125 0.51640625 0.730078125 0.5140625 0.721875 0.518359375 0.71328125 0.541796875 0.7078125 0.573046875 0.7078125 0.586328125 0.7109375 0.589453125 0.75 0.583984375 0.759375 0.541796875
1 0.7640625 0.457421875 0.75859375 0.442578125 0.75703125 0.423828125 0.750390625 0.41640625 0.729296875 0.4140625 0.72265625 0.423828125 0.72109375 0.441796875 0.71484375 0.451171875 0.71796875 0.458203125 0.7171875 0.505859375 0.721484375 0.50703125 0.726953125 0.5015625 0.745703125 0.5015625 0.753515625 0.50234375 0.75859375 0.507421875 0.7625 0.498828125 0.7640625 0.457421875
1 0.75078125 0.391796875 0.735546875 0.38515625 0.726953125 0.3859375 0.7203125 0.403515625 0.7203125 0.430078125 0.725 0.428515625 0.729296875 0.4171875 0.739453125 0.415625 0.7515625 0.421484375 0.7578125 0.437109375 0.75859375 0.411328125 0.75078125 0.391796875
1 0.6984375 0.344140625 0.689453125 0.33671875 0.669921875 0.334375 0.66171875 0.348828125 0.66328125 0.377734375 0.669921875 0.38125 0.70078125 0.384765625 0.70390625 0.360546875 0.6984375 0.344140625
1 0.653125 0.314453125 0.642578125 0.3078125 0.622265625 0.30625 0.61640625 0.316796875 0.61796875 0.339453125 0.65546875 0.346484375 0.65859375 0.331640625 0.653125 0.314453125
1 0.690625 0.281640625 0.685546875 0.2765625 0.671484375 0.271875 0.66328125 0.275390625 0.66171875 0.283203125 0.666796875 0.29609375 0.69296875 0.301171875 0.6953125 0.294140625 0.690625 0.281640625
1 0.75 0.356640625 0.744140625 0.3515625 0.730859375 0.34921875 0.72734375 0.361328125 0.7296875 0.382421875 0.7578125 0.396484375 0.75703125 0.374609375 0.75 0.356640625
1 0.74921875 0.327734375 0.732421875 0.321875 0.728125 0.330859375 0.7296875 0.346484375 0.746484375 0.353125 0.752734375 0.36015625 0.75703125 0.359765625 0.75703125 0.346484375 0.74921875 0.327734375
1 0.7421875 0.306640625 0.731640625 0.29921875 0.724609375 0.2984375 0.72265625 0.307421875 0.72734375 0.323046875 0.746875 0.325390625 0.746875 0.316015625 0.7421875 0.306640625
1 0.8265625 0.362890625 0.816015625 0.3578125 0.81328125 0.364453125 0.81796875 0.383984375 0.8328125 0.391015625 0.83203125 0.377734375 0.8265625 0.362890625
2 0.7890625 0.593359375 0.788671875 0.571875 0.784375 0.573046875 0.78359375 0.583984375 0.7796875 0.588671875 0.7796875 0.602734375 0.771875 0.623046875 0.77421875 0.624609375 0.784375 0.608203125 0.7890625 0.593359375
2 0.7890625 0.626171875 0.788671875 0.63203125 0.79375 0.629296875 0.79140625 0.616015625 0.7984375 0.582421875 0.796484375 0.57734375 0.79140625 0.580078125 0.7890625 0.595703125 0.77578125 0.633984375 0.77890625 0.635546875 0.786328125 0.6265625 0.7890625 0.626171875
3 0.45703125 0.548046875 0.4796875 0.527734375 0.48671875 0.502734375 0.463671875 0.46875 0.439453125 0.45859375 0.419921875 0.46796875 0.408984375 0.4625 0.383984375 0.4671875 0.3609375 0.484765625 0.35703125 0.502734375 0.35 0.516796875 0.34921875 0.533203125 0.35234375 0.541015625 0.358984375 0.5421875 0.369921875 0.53828125 0.37421875 0.542578125 0.3671875 0.573046875 0.371875 0.598828125 0.387109375 0.60703125 0.41953125 0.608984375 0.4328125 0.594140625 0.45703125 0.548046875
3 0.412109375 0.41953125 0.408203125 0.41875 0.40234375 0.423828125 0.38828125 0.447265625 0.3875 0.465234375 0.39765625 0.465234375 0.4125 0.457421875 0.412109375 0.41953125
3 0.53359375 0.426953125 0.54140625 0.408203125 0.528515625 0.4 0.498046875 0.38828125 0.476953125 0.3859375 0.440234375 0.4 0.43125 0.407421875 0.42734375 0.421484375 0.42578125 0.456640625 0.427734375 0.46328125 0.433984375 0.459375 0.441796875 0.459375 0.465234375 0.46953125 0.4875 0.498046875 0.49921875 0.485546875 0.53359375 0.426953125
3 0.57734375 0.367578125 0.575 0.351953125 0.547265625 0.33359375 0.523828125 0.32734375 0.512890625 0.328125 0.498828125 0.33515625 0.486328125 0.33125 0.478515625 0.33203125 0.448046875 0.346875 0.44296875 0.355078125 0.4421875 0.373828125 0.43828125 0.384765625 0.442578125 0.39140625 0.480078125 0.3828125 0.503515625 0.38828125 0.514453125 0.3953125 0.54609375 0.398046875 0.568359375 0.38125 0.57734375 0.367578125
3 0.60078125 0.321484375 0.603125 0.314453125 0.598046875 0.309375 0.588671875 0.30859375 0.573046875 0.3 0.548046875 0.29375 0.530078125 0.30078125 0.515234375 0.3015625 0.50703125 0.309765625 0.506640625 0.33125 0.518359375 0.32734375 0.541015625 0.33125 0.571484375 0.346875 0.57734375 0.352734375 0.5890625 0.341796875 0.60078125 0.321484375
3 0.559765625 0.2828125 0.549609375 0.284375 0.54296875 0.289453125 0.547265625 0.29375 0.56171875 0.294921875 0.5625 0.285546875 0.559765625 0.2828125
3 0.627734375 0.2828125 0.616015625 0.2796875 0.57109375 0.282421875 0.571484375 0.29921875 0.585546875 0.3078125 0.6046875 0.312109375 0.628125 0.286328125 0.627734375 0.2828125
3 0.6515625 0.239453125 0.633984375 0.22734375 0.609765625 0.22734375 0.598046875 0.2375 0.56953125 0.248828125 0.56875 0.258984375 0.572265625 0.26484375 0.634375 0.273046875 0.6515625 0.247265625 0.6515625 0.239453125
3 0.215625 0.408984375 0.21953125 0.362109375 0.212109375 0.33828125 0.204296875 0.33984375 0.18984375 0.351171875 0.18359375 0.373828125 0.176953125 0.3828125 0.16875 0.385546875 0.16484375 0.397265625 0.146875 0.420703125 0.14296875 0.433984375 0.14140625 0.462109375 0.14375 0.469140625 0.153515625 0.4765625 0.163671875 0.47109375 0.17265625 0.494140625 0.180859375 0.49140625 0.1890625 0.501953125 0.1984375 0.481640625 0.215625 0.408984375
3 0.2203125 0.475390625 0.23359375 0.466015625 0.237109375 0.45625 0.246875 0.451171875 0.25546875 0.398046875 0.2515625 0.376953125 0.240234375 0.3640625 0.223046875 0.3703125 0.21875 0.380859375 0.21484375 0.416015625 0.2078125 0.434765625 0.2 0.473046875 0.2 0.483203125 0.20390625 0.493359375 0.20859375 0.496484375 0.21640625 0.491015625 0.2203125 0.475390625
3 0.29140625 0.391015625 0.3015625 0.378515625 0.3109375 0.354296875 0.3046875 0.334765625 0.284765625 0.31875 0.275390625 0.32109375 0.246875 0.350390625 0.24140625 0.360546875 0.240625 0.366015625 0.24921875 0.376953125 0.2546875 0.405078125 0.259375 0.414453125 0.279296875 0.40390625 0.29140625 0.391015625
3 0.334375 0.326171875 0.3390625 0.316796875 0.33828125 0.296484375 0.334375 0.287890625 0.323828125 0.27890625 0.287890625 0.29453125 0.2765625 0.313671875 0.278515625 0.321875 0.282421875 0.31875 0.289453125 0.32109375 0.3046875 0.334765625 0.31015625 0.350390625 0.32265625 0.355859375 0.33046875 0.348046875 0.334375 0.326171875
3 0.35234375 0.317578125 0.362890625 0.30625 0.369921875 0.303125 0.37265625 0.297265625 0.37421875 0.286328125 0.36796875 0.269140625 0.357421875 0.25859375 0.343359375 0.2625 0.3234375 0.275390625 0.33828125 0.298046875 0.33828125 0.318359375 0.34375 0.323828125 0.34296875 0.341015625 0.34921875 0.333203125 0.35234375 0.317578125
3 0.378125 0.305859375 0.38046875 0.293359375 0.3984375 0.271484375 0.3953125 0.257421875 0.385546875 0.25078125 0.372265625 0.25 0.359375 0.255078125 0.37265625 0.282421875 0.36953125 0.317578125 0.37421875 0.317578125 0.38203125 0.313671875 0.378125 0.305859375
3 0.427734375 0.24296875 0.443359375 0.221875 0.44765625 0.224609375 0.451953125 0.2375 0.462109375 0.2359375 0.470703125 0.23984375 0.485546875 0.22578125 0.498046875 0.221875 0.50859375 0.213671875 0.50625 0.193359375 0.487890625 0.18046875 0.451171875 0.18359375 0.435546875 0.18828125 0.403515625 0.20625 0.38515625 0.223828125 0.38515625 0.230078125 0.390234375 0.2375 0.400390625 0.24375 0.40859375 0.243359375 0.419140625 0.2390625 0.427734375 0.24296875
3 0.541015625 0.21328125 0.53984375 0.191796875 0.541796875 0.1890625 0.549609375 0.18984375 0.55625 0.180859375 0.545703125 0.175 0.533203125 0.1734375 0.495703125 0.17578125 0.484765625 0.18046875 0.50625 0.196484375 0.50859375 0.212109375 0.496875 0.223046875 0.4984375 0.227734375 0.507421875 0.21875 0.541015625 0.21328125
3 0.59921875 0.183984375 0.6 0.176171875 0.607421875 0.17265625 0.619921875 0.17734375 0.6234375 0.167578125 0.615234375 0.16171875 0.599609375 0.1578125 0.558203125 0.159375 0.54921875 0.169140625 0.5484375 0.176171875 0.565234375 0.19140625 0.57890625 0.193359375 0.592578125 0.19140625 0.59921875 0.183984375
3 0.88046875 0.717578125 0.878515625 0.725 0.8828125 0.719921875 0.88046875 0.709765625 0.88671875 0.692578125 0.886328125 0.68515625 0.877734375 0.6859375 0.87265625 0.691015625 0.8546875 0.717578125 0.85 0.734765625 0.85546875 0.737109375 0.873828125 0.71640625 0.88046875 0.717578125
3 0.8796875 0.734765625 0.88359375 0.719140625 0.881640625 0.71328125 0.872265625 0.715625 0.86484375 0.723046875 0.85234375 0.744921875 0.84375 0.752734375 0.81875 0.800390625 0.8171875 0.804296875 0.8203125 0.805078125 0.84375 0.783984375 0.8796875 0.734765625
3 0.2046875 0.726171875 0.200390625 0.725 0.1984375 0.733984375 0.20390625 0.751171875 0.2203125 0.759765625 0.221875 0.757421875 0.2046875 0.726171875
3 0.30390625 0.795703125 0.27265625 0.755078125 0.258984375 0.74140625 0.228515625 0.72890625 0.228125 0.733203125 0.2328125 0.733984375 0.2328125 0.745703125 0.2484375 0.776953125 0.258984375 0.78671875 0.29453125 0.801171875 0.302734375 0.79921875 0.30390625 0.795703125
3 0.28671875 0.816015625 0.2796875 0.806640625 0.239453125 0.76875 0.220703125 0.75625 0.211328125 0.75703125 0.201171875 0.7515625 0.196875 0.753515625 0.19921875 0.770703125 0.227734375 0.7921875 0.243359375 0.81171875 0.258984375 0.8203125 0.284375 0.824609375 0.28671875 0.823828125 0.28671875 0.816015625
3 0.28046875 0.834765625 0.273828125 0.82734375 0.237109375 0.8078125 0.230078125 0.80703125 0.208203125 0.78984375 0.1953125 0.792578125 0.2140625 0.817578125 0.201171875 0.81171875 0.19609375 0.812109375 0.197265625 0.81640625 0.235546875 0.8421875 0.26796875 0.858203125 0.28046875 0.843359375 0.28046875 0.834765625
3 0.13046875 0.634765625 0.125 0.616015625 0.1265625 0.591796875 0.11640625 0.561328125 0.11484375 0.541015625 0.10234375 0.506640625 0.09453125 0.494140625 0.086328125 0.48984375 0.07890625 0.494921875 0.06953125 0.529296875 0.06796875 0.568359375 0.103125 0.656640625 0.113671875 0.67109375 0.117578125 0.665625 0.1265625 0.670703125 0.13203125 0.662890625 0.13046875 0.634765625
3 0.1453125 0.749609375 0.13125 0.716796875 0.11328125 0.687109375 0.09375 0.641015625 0.0734375 0.579296875 0.062109375 0.565625 0.05546875 0.574609375 0.0609375 0.610546875 0.07109375 0.649609375 0.0921875 0.705859375 0.1 0.722265625 0.11640625 0.742578125 0.149609375 0.775 0.15390625 0.774609375 0.146875 0.763671875 0.1453125 0.749609375
1 0.321484375 0.45625 0.3359375 0.448046875 0.3390625 0.439453125 0.3390625 0.419921875 0.333203125 0.41171875 0.326171875 0.409375 0.306640625 0.4109375 0.28984375 0.419921875 0.27265625 0.451171875 0.271875 0.467578125 0.29453125 0.469140625 0.314453125 0.46796875 0.321484375 0.45625
1 0.45546875 0.319140625 0.4546875 0.301953125 0.444140625 0.296875 0.4390625 0.299609375 0.4328125 0.319921875 0.4328125 0.334765625 0.43671875 0.335546875 0.451171875 0.3265625 0.45546875 0.319140625
1 0.425 0.330859375 0.4265625 0.307421875 0.421484375 0.2984375 0.416015625 0.3 0.40234375 0.312890625 0.39453125 0.332421875 0.398046875 0.3375 0.4171875 0.337109375 0.423046875 0.33671875 0.425 0.330859375