1 0.5125 0.313671875 0.509375 0.298828125 0.501953125 0.28984375 0.490234375 0.2875 0.452734375 0.296875 0.411328125 0.3125 0.403125 0.319921875 0.4015625 0.331640625 0.408203125 0.34765625 0.4203125 0.349609375 0.506640625 0.32109375 0.5125 0.313671875
1 0.71328125 0.556640625 0.7390625 0.487109375 0.7484375 0.429296875 0.74765625 0.417578125 0.713671875 0.39453125 0.709375 0.395703125 0.6953125 0.442578125 0.6828125 0.501953125 0.6859375 0.514453125 0.67109375 0.556640625 0.67109375 0.560546875 0.682421875 0.56953125 0.7015625 0.573046875 0.70703125 0.569140625 0.71328125 0.556640625
1 0.75390625 0.628515625 0.7734375 0.587890625 0.79296875 0.533203125 0.79140625 0.519921875 0.770703125 0.50234375 0.76484375 0.506640625 0.75625 0.534765625 0.74375 0.560546875 0.6875 0.662890625 0.689453125 0.66796875 0.71875 0.679296875 0.7328125 0.664453125 0.75390625 0.628515625
1 0.7265625 0.309765625 0.713671875 0.2953125 0.701953125 0.28984375 0.6953125 0.297265625 0.67734375 0.332421875 0.6765625 0.344140625 0.687109375 0.35859375 0.698046875 0.365625 0.7046875 0.365234375 0.71640625 0.345703125 0.7265625 0.309765625
1 0.69140625 0.242578125 0.685546875 0.23515625 0.669921875 0.22578125 0.665234375 0.22578125 0.64765625 0.241015625 0.64140625 0.258984375 0.646484375 0.2671875 0.663671875 0.27734375 0.67109375 0.277734375 0.684375 0.265234375 0.69140625 0.242578125
1 0.74296875 0.243359375 0.730859375 0.23203125 0.723046875 0.2296875 0.7140625 0.239453125 0.7109375 0.249609375 0.725390625 0.26328125 0.73359375 0.266015625 0.7421875 0.251171875 0.74296875 0.243359375
1 0.4765625 0.736328125 0.47890625 0.713671875 0.469140625 0.70859375 0.444140625 0.7078125 0.44140625 0.719140625 0.44453125 0.776171875 0.446484375 0.77890625 0.47890625 0.780859375 0.4796875 0.740234375 0.4765625 0.736328125
1 0.39765625 0.765234375 0.383984375 0.75546875 0.371484375 0.75234375 0.3484375 0.785546875 0.361328125 0.79609375 0.375 0.798046875 0.38515625 0.787890625 0.39765625 0.765234375
1 0.8078125 0.315234375 0.80234375 0.305859375 0.791796875 0.29765625 0.790625 0.336328125 0.796484375 0.34609375 0.80546875 0.350390625 0.80859375 0.341796875 0.8078125 0.315234375
1 0.771875 0.221484375 0.763671875 0.21171875 0.755859375 0.2078125 0.753125 0.224609375 0.760546875 0.234375 0.77109375 0.239453125 0.7734375 0.233203125 0.771875 0.221484375
1 0.726953125 0.165625 0.722265625 0.16640625 0.71953125 0.169921875 0.7203125 0.176171875 0.729296875 0.18359375 0.73828125 0.186328125 0.74140625 0.175390625 0.726953125 0.165625
1 0.310546875 0.82734375 0.29296875 0.863671875 0.307421875 0.87421875 0.315625 0.876171875 0.34296875 0.843359375 0.310546875 0.82734375
1 0.15859375 0.518359375 0.150390625 0.5078125 0.133984375 0.49609375 0.13046875 0.501953125 0.13125 0.517578125 0.1484375 0.539453125 0.15390625 0.540234375 0.15859375 0.533984375 0.15859375 0.518359375
1 0.1515625 0.564453125 0.14296875 0.552734375 0.129296875 0.5421875 0.1265625 0.548828125 0.12890625 0.562109375 0.15 0.583984375 0.15234375 0.580859375 0.1515625 0.564453125
1 0.14375 0.598828125 0.120703125 0.575 0.12109375 0.592578125 0.134375 0.612109375 0.141796875 0.61953125 0.14609375 0.619921875 0.14765625 0.611328125 0.14375 0.598828125
1 0.105859375 0.4671875 0.10390625 0.483203125 0.1125 0.495703125 0.11875 0.499609375 0.12109375 0.479296875 0.105859375 0.4671875