1 0.55 0.803515625 0.55390625 0.797265625 0.5578125 0.766015625 0.559375 0.744921875 0.55703125 0.724609375 0.569140625 0.72109375 0.571875 0.717578125 0.5703125 0.714453125 0.558203125 0.71328125 0.553125 0.700390625 0.546484375 0.69609375 0.483203125 0.68984375 0.427734375 0.69375 0.421875 0.705078125 0.412109375 0.70859375 0.41015625 0.714453125 0.421484375 0.71875 0.425 0.723046875 0.4296875 0.764453125 0.4390625 0.804296875 0.448046875 0.80859375 0.5 0.810546875 0.522265625 0.81015625 0.55 0.803515625
1 0.3234375 0.315234375 0.33671875 0.276171875 0.3453125 0.263671875 0.346875 0.239453125 0.343359375 0.234375 0.305859375 0.24296875 0.2890625 0.255078125 0.27421875 0.278515625 0.26640625 0.285546875 0.26875 0.291796875 0.2546875 0.326953125 0.2546875 0.334765625 0.26328125 0.336328125 0.301953125 0.32578125 0.3234375 0.315234375
1 0.3890625 0.165234375 0.38984375 0.155078125 0.384765625 0.1515625 0.374609375 0.153125 0.348046875 0.1640625 0.32734375 0.191015625 0.32734375 0.194140625 0.33125 0.194921875 0.377734375 0.1828125 0.3890625 0.165234375
1 0.33671875 0.160546875 0.3375 0.152734375 0.329296875 0.15234375 0.311328125 0.16015625 0.28828125 0.180859375 0.28359375 0.187890625 0.283984375 0.19140625 0.2875 0.191015625 0.321484375 0.17734375 0.33671875 0.160546875
1 0.48125 0.154296875 0.48125 0.147265625 0.470703125 0.13828125 0.451171875 0.13671875 0.428515625 0.13984375 0.412109375 0.14609375 0.40859375 0.150390625 0.410546875 0.15625 0.418359375 0.1578125 0.422265625 0.16328125 0.4359375 0.162890625 0.475390625 0.159375 0.48125 0.154296875
1 0.51796875 0.117578125 0.509765625 0.11328125 0.489453125 0.11328125 0.48046875 0.119921875 0.483203125 0.12578125 0.51484375 0.126171875 0.51796875 0.123828125 0.51796875 0.117578125
1 0.43359375 0.102734375 0.428515625 0.1 0.417578125 0.10234375 0.40625 0.110546875 0.4125 0.112109375 0.429296875 0.109375 0.43359375 0.102734375
2 0.71015625 0.783203125 0.700390625 0.7796875 0.677734375 0.79296875 0.66796875 0.804296875 0.66953125 0.810546875 0.675 0.812890625 0.692578125 0.80703125 0.71015625 0.783203125
2 0.16796875 0.730859375 0.152734375 0.71484375 0.15234375 0.719921875 0.16171875 0.741796875 0.174609375 0.75625 0.178125 0.756640625 0.17890625 0.751953125 0.16796875 0.730859375
3 0.8859375 0.662890625 0.8921875 0.637890625 0.90390625 0.613671875 0.9078125 0.588671875 0.921875 0.554296875 0.9265625 0.523828125 0.9265625 0.482421875 0.91953125 0.436328125 0.9203125 0.422265625 0.9125 0.383984375 0.86875 0.290234375 0.86015625 0.282421875 0.8375 0.246484375 0.8078125 0.219921875 0.787109375 0.19296875 0.745703125 0.1671875 0.739453125 0.16953125 0.712109375 0.1578125 0.682421875 0.15859375 0.6734375 0.172265625 0.6734375 0.177734375 0.68046875 0.189453125 0.6953125 0.204296875 0.6984375 0.212109375 0.69921875 0.225390625 0.69140625 0.231640625 0.70078125 0.243359375 0.70078125 0.247265625 0.678515625 0.26640625 0.666796875 0.2703125 0.654296875 0.26796875 0.6484375 0.274609375 0.65625 0.282421875 0.6609375 0.296484375 0.675 0.316015625 0.68828125 0.322265625 0.696875 0.373046875 0.701953125 0.3765625 0.721484375 0.375 0.733203125 0.36796875 0.7375 0.369140625 0.73671875 0.405859375 0.7453125 0.423828125 0.75 0.451171875 0.74921875 0.505078125 0.755078125 0.50859375 0.769140625 0.50859375 0.780859375 0.51875 0.788671875 0.5171875 0.815234375 0.5234375 0.82890625 0.533984375 0.83828125 0.548828125 0.83984375 0.566796875 0.8328125 0.597265625 0.825 0.614453125 0.8046875 0.638671875 0.80078125 0.650390625 0.80390625 0.674609375 0.808203125 0.67421875 0.827734375 0.6515625 0.835546875 0.66328125 0.839453125 0.66171875 0.84765625 0.655078125 0.85703125 0.635546875 0.863671875 0.63203125 0.8640625 0.655859375 0.874609375 0.65625 0.87734375 0.658984375 0.87734375 0.672265625 0.8828125 0.678515625 0.8875 0.668359375 0.8859375 0.662890625
3 0.09765625 0.445703125 0.11328125 0.410546875 0.1171875 0.394140625 0.1296875 0.373828125 0.15 0.300390625 0.148046875 0.29453125 0.141796875 0.2953125 0.1328125 0.301953125 0.1015625 0.353515625 0.08359375 0.371484375 0.0671875 0.416796875 0.059375 0.459765625 0.05859375 0.488671875 0.06796875 0.526171875 0.075 0.531640625 0.09453125 0.503515625 0.09765625 0.445703125
3 0.22109375 0.214453125 0.2375 0.198828125 0.2453125 0.184765625 0.244140625 0.18046875 0.226171875 0.18359375 0.2125 0.195703125 0.19765625 0.220703125 0.18828125 0.227734375 0.18515625 0.247265625 0.1890625 0.248828125 0.20234375 0.239453125 0.22109375 0.214453125
2 0.18671875 0.408203125 0.183984375 0.40703125 0.171875 0.427734375 0.171875 0.432421875 0.173046875 0.440625 0.180078125 0.4375 0.18515625 0.440234375 0.18984375 0.423046875 0.18671875 0.408203125
2 0.189453125 0.3171875 0.1765625 0.337890625 0.177734375 0.34453125 0.18515625 0.344140625 0.19296875 0.326953125 0.189453125 0.3171875
1 0.53828125 0.373046875 0.53828125 0.345703125 0.53046875 0.296484375 0.53984375 0.286328125 0.509765625 0.27265625 0.480078125 0.26875 0.442578125 0.27265625 0.427734375 0.284375 0.419921875 0.28515625 0.41875 0.288671875 0.425 0.292578125 0.42734375 0.299609375 0.42109375 0.320703125 0.41953125 0.384765625 0.427734375 0.38984375 0.52265625 0.391015625 0.53515625 0.387109375 0.53828125 0.373046875