1 0.58984375 0.567578125 0.5953125 0.545703125 0.596875 0.501171875 0.58828125 0.417578125 0.596875 0.410546875 0.59765625 0.400390625 0.568359375 0.39140625 0.5609375 0.378515625 0.554296875 0.37421875 0.466796875 0.37109375 0.423828125 0.3734375 0.404296875 0.390625 0.378515625 0.3984375 0.3765625 0.401171875 0.38359375 0.410546875 0.3859375 0.423828125 0.38046875 0.491796875 0.38125 0.531640625 0.38359375 0.546484375 0.390625 0.559765625 0.401953125 0.56640625 0.411328125 0.56796875 0.51484375 0.572265625 0.585546875 0.571875 0.58984375 0.567578125
1 0.766796875 0.56484375 0.793359375 0.56328125 0.804296875 0.56875 0.80859375 0.560546875 0.81171875 0.535546875 0.8125 0.512890625 0.80234375 0.452734375 0.8046875 0.446484375 0.8 0.442578125 0.7921875 0.424609375 0.774609375 0.415625 0.730859375 0.40625 0.721484375 0.4078125 0.710546875 0.42109375 0.701953125 0.41953125 0.69765625 0.423046875 0.70625 0.434765625 0.70078125 0.447265625 0.70390625 0.512109375 0.7109375 0.540234375 0.71171875 0.568359375 0.71875 0.576953125 0.729296875 0.56953125 0.766796875 0.56484375
1 0.240625 0.657421875 0.2265625 0.586328125 0.22265625 0.541796875 0.21171875 0.537109375 0.20859375 0.523046875 0.203515625 0.51875 0.177734375 0.51484375 0.161328125 0.515625 0.15625 0.529296875 0.15546875 0.562109375 0.1609375 0.608203125 0.16953125 0.636328125 0.174609375 0.64296875 0.205078125 0.66015625 0.2375 0.669921875 0.240625 0.668359375 0.240625 0.657421875
1 0.5546875 0.819921875 0.553125 0.795703125 0.54609375 0.776953125 0.54609375 0.767578125 0.535546875 0.7546875 0.523828125 0.7484375 0.496484375 0.74140625 0.466015625 0.73984375 0.383203125 0.740625 0.36875 0.749609375 0.39609375 0.813671875 0.411328125 0.83125 0.457421875 0.8390625 0.5171875 0.840234375 0.544921875 0.8375 0.5546875 0.819921875
1 0.34453125 0.844140625 0.326171875 0.83125 0.256640625 0.7984375 0.2375 0.796484375 0.246875 0.804296875 0.26484375 0.835546875 0.279296875 0.8515625 0.322265625 0.87109375 0.365625 0.883203125 0.36640625 0.876953125 0.34453125 0.844140625
1 0.414453125 0.2703125 0.435546875 0.27265625 0.44140625 0.262109375 0.446875 0.237890625 0.4375 0.213671875 0.43828125 0.206640625 0.44453125 0.204296875 0.435546875 0.20390625 0.427734375 0.196875 0.389453125 0.20078125 0.357421875 0.20859375 0.331640625 0.2234375 0.3171875 0.259765625 0.31640625 0.288671875 0.3203125 0.290234375 0.376171875 0.27421875 0.414453125 0.2703125
1 0.62265625 0.197265625 0.605859375 0.1796875 0.591015625 0.1703125 0.562890625 0.16328125 0.526953125 0.16171875 0.502734375 0.16875 0.49921875 0.173046875 0.50234375 0.192578125 0.524609375 0.2109375 0.557421875 0.2125 0.625 0.224609375 0.62734375 0.211328125 0.62265625 0.197265625
1 0.77578125 0.212109375 0.740234375 0.18046875 0.697265625 0.1609375 0.66875 0.157421875 0.681640625 0.175 0.717578125 0.19296875 0.726171875 0.20234375 0.747265625 0.21015625 0.77734375 0.227734375 0.78046875 0.219921875 0.77578125 0.212109375
1 0.2296875 0.344140625 0.24609375 0.291796875 0.2484375 0.275390625 0.245703125 0.2671875 0.204296875 0.28671875 0.19609375 0.300390625 0.18828125 0.305859375 0.17421875 0.353515625 0.17421875 0.371484375 0.222265625 0.35 0.2296875 0.344140625
1 0.28203125 0.184765625 0.2875 0.169140625 0.278515625 0.16875 0.267578125 0.17421875 0.249609375 0.18828125 0.2296875 0.212890625 0.22578125 0.219921875 0.228125 0.223046875 0.267578125 0.20234375 0.28203125 0.184765625
1 0.365234375 0.190625 0.371875 0.183984375 0.378125 0.170703125 0.37734375 0.153515625 0.372265625 0.15078125 0.326171875 0.1640625 0.319140625 0.16875 0.30390625 0.181640625 0.290625 0.205859375 0.2890625 0.212890625 0.29140625 0.213671875 0.322265625 0.20078125 0.365234375 0.190625
1 0.45 0.137109375 0.4515625 0.126953125 0.442578125 0.12109375 0.430078125 0.12109375 0.396484375 0.12734375 0.383203125 0.13515625 0.37734375 0.142578125 0.375 0.149609375 0.3828125 0.151953125 0.443359375 0.14296875 0.45 0.137109375
1 0.57734375 0.138671875 0.563671875 0.12734375 0.548828125 0.12109375 0.525390625 0.11953125 0.510546875 0.12265625 0.4984375 0.130078125 0.4984375 0.138671875 0.505078125 0.14609375 0.578125 0.152734375 0.58046875 0.144921875 0.57734375 0.138671875
1 0.406640625 0.9359375 0.330078125 0.9140625 0.31875 0.913671875 0.355859375 0.93828125 0.400390625 0.95 0.421875 0.951953125 0.4234375 0.949609375 0.406640625 0.9359375
1 0.608984375 0.93828125 0.6140625 0.933203125 0.6171875 0.918359375 0.607421875 0.9171875 0.515234375 0.9296875 0.51171875 0.932421875 0.51328125 0.948828125 0.5203125 0.949609375 0.571484375 0.94609375 0.608984375 0.93828125
1 0.23984375 0.853515625 0.207421875 0.81640625 0.173046875 0.790625 0.16875 0.791015625 0.184375 0.819140625 0.205078125 0.8421875 0.24375 0.865234375 0.24609375 0.862890625 0.23984375 0.853515625
1 0.148828125 0.72890625 0.138671875 0.7265625 0.14453125 0.748828125 0.1640625 0.780078125 0.180859375 0.7953125 0.196484375 0.8046875 0.20078125 0.804296875 0.1734375 0.751171875 0.148828125 0.72890625
1 0.14609375 0.681640625 0.135546875 0.665625 0.116796875 0.653125 0.11484375 0.660546875 0.11875 0.678515625 0.1375 0.729296875 0.141796875 0.7265625 0.164453125 0.74296875 0.16953125 0.742578125 0.16875 0.733984375 0.14609375 0.681640625
1 0.31953125 0.140234375 0.3203125 0.133203125 0.307421875 0.134375 0.291796875 0.14296875 0.275 0.156640625 0.27265625 0.164453125 0.2765625 0.164453125 0.308984375 0.15078125 0.31953125 0.140234375
1 0.4796875 0.109765625 0.472265625 0.1 0.443359375 0.10078125 0.421875 0.113671875 0.423828125 0.11796875 0.43984375 0.117578125 0.474609375 0.11484375 0.4796875 0.109765625
1 0.423046875 0.10390625 0.42421875 0.099609375 0.420703125 0.09609375 0.394921875 0.09921875 0.384765625 0.103125 0.37265625 0.113671875 0.38359375 0.114453125 0.415234375 0.10859375 0.423046875 0.10390625
1 0.545703125 0.12109375 0.5484375 0.117578125 0.537890625 0.1078125 0.518359375 0.10234375 0.491015625 0.1078125 0.4796875 0.113671875 0.48046875 0.118359375 0.486328125 0.1234375 0.49921875 0.126171875 0.514453125 0.121875 0.545703125 0.12109375
1 0.642578125 0.10703125 0.61953125 0.109765625 0.640234375 0.12265625 0.675 0.131640625 0.671484375 0.12265625 0.642578125 0.10703125