1 0.41796875 0.693359375 0.415625 0.609765625 0.41015625 0.554296875 0.41015625 0.484765625 0.4140625 0.467578125 0.428125 0.460546875 0.4265625 0.451171875 0.401953125 0.4421875 0.383984375 0.425 0.366015625 0.4140625 0.305859375 0.415625 0.259765625 0.4234375 0.235546875 0.43125 0.21640625 0.462109375 0.2078125 0.466796875 0.21484375 0.478515625 0.21171875 0.513671875 0.2140625 0.587109375 0.2234375 0.631640625 0.23359375 0.662890625 0.242578125 0.671875 0.269921875 0.671875 0.376953125 0.69765625 0.395703125 0.70859375 0.4125 0.709765625 0.41796875 0.704296875 0.41796875 0.693359375
1 0.46796875 0.926953125 0.470703125 0.91796875 0.335546875 0.88671875 0.32109375 0.887109375 0.361328125 0.925 0.414453125 0.9390625 0.46796875 0.943359375 0.471875 0.941015625 0.46796875 0.926953125
1 0.7140625 0.920703125 0.705859375 0.92109375 0.663671875 0.9375 0.646484375 0.9453125 0.6484375 0.948046875 0.679296875 0.93828125 0.7140625 0.920703125
1 0.698828125 0.8953125 0.7234375 0.873046875 0.75234375 0.835546875 0.741796875 0.8359375 0.659765625 0.8703125 0.642578125 0.88046875 0.631640625 0.8828125 0.628125 0.887109375 0.633203125 0.8875 0.634375 0.891015625 0.61953125 0.905078125 0.61015625 0.921484375 0.6171875 0.922265625 0.651171875 0.9140625 0.698828125 0.8953125
1 0.93359375 0.470703125 0.93046875 0.437109375 0.92421875 0.412109375 0.912890625 0.38984375 0.904296875 0.38515625 0.887109375 0.384375 0.88359375 0.391015625 0.88359375 0.400390625 0.8921875 0.441015625 0.9140625 0.476953125 0.9171875 0.491796875 0.92265625 0.494921875 0.93125 0.492578125 0.93359375 0.470703125
2 0.9421875 0.601171875 0.94453125 0.583984375 0.941796875 0.58125 0.925 0.641796875 0.92421875 0.648046875 0.9265625 0.649609375 0.93203125 0.639453125 0.9421875 0.601171875
1 0.6625 0.180859375 0.64765625 0.158984375 0.63203125 0.145703125 0.630859375 0.14140625 0.612109375 0.13046875 0.585546875 0.12421875 0.553515625 0.12109375 0.537890625 0.12109375 0.5171875 0.126953125 0.51640625 0.133203125 0.521875 0.146484375 0.537109375 0.15859375 0.544921875 0.16953125 0.592578125 0.16875 0.636328125 0.178125 0.66015625 0.191015625 0.66328125 0.189453125 0.6625 0.180859375
1 0.354296875 0.20703125 0.3640625 0.195703125 0.37109375 0.180859375 0.3765625 0.162890625 0.3765625 0.151953125 0.3859375 0.144921875 0.366796875 0.1421875 0.302734375 0.1640625 0.28828125 0.176953125 0.265625 0.217578125 0.25625 0.239453125 0.257421875 0.24296875 0.26015625 0.242578125 0.308984375 0.2203125 0.354296875 0.20703125
1 0.52265625 0.098046875 0.501953125 0.0875 0.471484375 0.08671875 0.427734375 0.09375 0.41875 0.099609375 0.421484375 0.10390625 0.43984375 0.107421875 0.516015625 0.1046875 0.52265625 0.098046875
1 0.3734375 0.090234375 0.37421875 0.086328125 0.361328125 0.08671875 0.341015625 0.09375 0.330078125 0.09921875 0.32421875 0.105859375 0.3296875 0.107421875 0.364453125 0.096875 0.3734375 0.090234375
1 0.5125 0.069921875 0.5125 0.062890625 0.505859375 0.0578125 0.471484375 0.05625 0.441015625 0.05859375 0.423046875 0.06328125 0.41953125 0.066796875 0.422265625 0.0734375 0.44921875 0.074609375 0.507421875 0.071875 0.5125 0.069921875
1 0.22578125 0.224609375 0.224609375 0.215625 0.198828125 0.23125 0.184375 0.244921875 0.15859375 0.291796875 0.14921875 0.317578125 0.150390625 0.32109375 0.15390625 0.320703125 0.196875 0.287890625 0.22578125 0.224609375
1 0.145703125 0.28125 0.1265625 0.298046875 0.11015625 0.329296875 0.0953125 0.376953125 0.0953125 0.380859375 0.09921875 0.382421875 0.11875 0.361328125 0.145703125 0.28125
1 0.06875 0.566796875 0.06796875 0.498828125 0.07265625 0.439453125 0.087109375 0.35859375 0.07109375 0.375390625 0.0640625 0.394921875 0.0546875 0.435546875 0.0453125 0.504296875 0.04609375 0.541796875 0.05703125 0.606640625 0.06484375 0.626953125 0.0765625 0.637890625 0.078125 0.632421875 0.06875 0.566796875
1 0.12578125 0.278515625 0.128125 0.271484375 0.126171875 0.26875 0.11484375 0.279296875 0.1078125 0.291015625 0.090625 0.330078125 0.09140625 0.337890625 0.10703125 0.319140625 0.12578125 0.278515625
1 0.2109375 0.191015625 0.216015625 0.1796875 0.207421875 0.18203125 0.194140625 0.1921875 0.17109375 0.216015625 0.15703125 0.239453125 0.16171875 0.240234375 0.19296875 0.213671875 0.2109375 0.191015625
1 0.18828125 0.187890625 0.188671875 0.18359375 0.16484375 0.204296875 0.14921875 0.226171875 0.15 0.229296875 0.16953125 0.212890625 0.18828125 0.187890625
3 0.9765625 0.513671875 0.98125 0.512109375 0.9828125 0.502734375 0.97734375 0.418359375 0.96171875 0.351953125 0.93203125 0.278515625 0.89921875 0.227734375 0.8609375 0.183984375 0.819921875 0.14609375 0.772265625 0.1109375 0.708984375 0.0765625 0.647265625 0.053125 0.593359375 0.03984375 0.535546875 0.0328125 0.459765625 0.0328125 0.404296875 0.04140625 0.363671875 0.05078125 0.319921875 0.06640625 0.314453125 0.071875 0.29921875 0.075390625 0.310546875 0.07734375 0.319140625 0.075 0.321484375 0.0703125 0.326171875 0.07421875 0.329296875 0.07109375 0.341796875 0.06953125 0.345703125 0.06328125 0.369140625 0.06015625 0.391015625 0.06015625 0.430078125 0.05390625 0.483203125 0.05234375 0.485546875 0.0453125 0.494921875 0.0453125 0.498828125 0.0515625 0.49921875 0.046484375 0.503515625 0.0453125 0.50625 0.051953125 0.513671875 0.05703125 0.576171875 0.06640625 0.587890625 0.07421875 0.608984375 0.075 0.643359375 0.0921875 0.654296875 0.09453125 0.681640625 0.109375 0.686328125 0.11484375 0.711328125 0.12578125 0.722265625 0.1359375 0.733203125 0.140625 0.743359375 0.15390625 0.756640625 0.159375 0.792578125 0.19140625 0.8328125 0.235546875 0.8640625 0.277734375 0.90703125 0.351953125 0.9265625 0.404296875 0.9375 0.423828125 0.94296875 0.449609375 0.9515625 0.462109375 0.96015625 0.502734375 0.96640625 0.517578125 0.9734375 0.522265625 0.97734375 0.517578125 0.9765625 0.513671875