1 0.695966546191248 0.32825062803889793 0.7232781677471637 0.35305172528363044 0.7335167682333873 0.35553246110210696 0.740296521069692 0.3491255713128039 0.753801358184765 0.3100652779578606 0.7655314124797407 0.25979944408427874 0.7630432293354943 0.25445021393841166 0.738766645867099 0.23327078525121558 0.7303861012965964 0.23993121474878443 0.6925076993517018 0.3193630024311183 0.695966546191248 0.32825062803889793
1 0.6856758160453809 0.21665508427876823 0.7015209092382495 0.2260423435980551 0.7238014967585089 0.21389846596434361 0.7153700064829821 0.20210629659643436 0.7033603468395462 0.19621393517017827 0.6845311604538088 0.20165760777957858 0.6787618452188007 0.20667374797406807 0.6856758160453809 0.21665508427876823
1 0.7535901304700162 0.22066704862236627 0.7656867860615884 0.23228895056726093 0.7730171183144247 0.2319484141004862 0.7808508071312804 0.2270155453808752 0.7781090834683955 0.22006552431118315 0.7690474667747164 0.21206529092382495 0.7599895729335494 0.211858971636953 0.7531663217179903 0.21540109076175037 0.7535901304700162 0.22066704862236627
1 0.6898617722852513 0.16019985008103726 0.6995970145867099 0.1672729181523501 0.7215482358184765 0.17118045380875202 0.7257602568881686 0.16928262398703403 0.7145907674230146 0.15833434764991894 0.6887643379254458 0.15586105915721232 0.6898617722852513 0.16019985008103726
1 0.38589029173419775 0.3182877414910859 0.3924637260940032 0.32093874554294977 0.4691600526742301 0.2767927487844408 0.47379215883306325 0.27236696110210695 0.4730315372771475 0.26756458670988653 0.45667936223662886 0.25497574473257695 0.44534705186385737 0.2559501320907618 0.38937401863857374 0.2910705632090762 0.3766149084278768 0.30375757212317667 0.38589029173419775 0.3182877414910859
1 0.36289884359805513 0.2534196361426256 0.44912781766612647 0.23319851539708267 0.45708827714748784 0.2290660429497569 0.4563674294975689 0.21933452350081037 0.4506341661264182 0.21162760453808752 0.44490462560777955 0.21171460048622365 0.39005763047001624 0.22286293354943273 0.366806379254457 0.23146841491085898 0.3578789797406807 0.23985640680713127 0.3567019967585089 0.24537590437601295 0.36289884359805513 0.2534196361426256
1 0.13082487115072935 0.640108776337115 0.13778233954619123 0.6529548824959481 0.14250144165316045 0.6542586353322528 0.16388718962722854 0.6209241580226904 0.19996965235008105 0.5741855494327391 0.19992243030794166 0.5635268638573744 0.1838958978930308 0.5270926944894652 0.17989391896272283 0.5277265453808753 0.1614959878444084 0.5540240056726093 0.12466407455429497 0.6193419846029173 0.13082487115072935 0.640108776337115
1 0.13074278363047 0.7328353589951377 0.1425896223662885 0.7506503841166937 0.14730872447325769 0.7519541369529983 0.1822937528363047 0.7008767366288493 0.1811528209076175 0.6936731750405186 0.15973728444084279 0.6646563330632091 0.15497840761750406 0.6682817244732576 0.14129957860615883 0.6958829376012966 0.1300654343598055 0.7259686094003241 0.13074278363047 0.7328353589951377
1 0.22317757293354942 0.29852258833063205 0.274315904376013 0.2846797528363047 0.2845905551053485 0.2744374294975689 0.2889653978930308 0.260616935980551 0.27531517179902754 0.2599072593192869 0.2337815891410049 0.27222885170178285 0.22485418962722853 0.2806168435980551 0.21786811750405188 0.2960816264181524 0.22317757293354942 0.29852258833063205
1 0.2482745235008104 0.18501432009724472 0.25286685575364665 0.18551767747163694 0.2677338379254457 0.17577871150729335 0.26671595299837925 0.1615816304700162 0.2611964546191248 0.16040464748784442 0.24927751458670988 0.1680357414910859 0.248104255267423 0.18134915397082657 0.2482745235008104 0.18501432009724472
1 0.24835034846029175 0.16736211588330632 0.26199685089141006 0.1602778776337115 0.2606856507293355 0.14940914991896273 0.24737596110210697 0.15602980551053486 0.24573539546191248 0.16121249027552675 0.24835034846029175 0.16736211588330632
1 0.2449312763371151 0.1535453460291734 0.24872321231766611 0.15417547325769854 0.2598417568881686 0.1466711499189627 0.26169236466774715 0.14022448622366288 0.25832051377633714 0.13706640113452187 0.24547440761750405 0.1440238695299838 0.24438069692058348 0.14747899270664505 0.2449312763371151 0.1535453460291734
1 0.2834807649918963 0.15605468557536467 0.2921583484602917 0.15385981685575364 0.30100247568881683 0.14753620016207455 0.3028530842787682 0.14108953646677472 0.2992276920583469 0.136330659643436 0.2942985478119935 0.13629088492706645 0.283726858184765 0.1420676474878444 0.28179297811993514 0.15057868557536466 0.2834807649918963 0.15605468557536467
1 0.2745782455429498 0.12833787277147488 0.2792973476499189 0.12964162641815236 0.2891954116693679 0.12479202998379256 0.2912995599675851 0.11994615802269043 0.2837989602917342 0.116621528363047 0.2744079773095624 0.12467270745542951 0.2745782455429498 0.12833787277147488
1 0.3323446799027553 0.143392556726094 0.3487726790923825 0.13832919448946515 0.35555243273906 0.13192230551053485 0.3447632536466775 0.12337521636952997 0.327114773095624 0.13109330551053483 0.3323446799027553 0.143392556726094
1 0.29752873419773096 0.107472914910859 0.30304823176661266 0.10864989789303078 0.3167780064829822 0.09950128525121556 0.3132793849270665 0.09554280388978931 0.29710492544570505 0.10220695786061589 0.29752873419773096 0.107472914910859
1 0.3388559975688817 0.10420921636953 0.34408218071312807 0.10871455267423015 0.3536869294975689 0.1071933095623987 0.3637950356564019 0.10107973500810373 0.35486018881685577 0.09387989708265802 0.3385589594813614 0.09974365478119936 0.3388559975688817 0.10420921636953
1 0.3611079813614263 0.12037622852512155 0.37033614262560777 0.1242477131280389 0.38566670826580224 0.1148455599675851 0.38018698460291733 0.1087394319286872 0.3724763427876823 0.1066787811993517 0.35617511264181523 0.11254253889789302 0.3611079813614263 0.12037622852512155
1 0.5063954659643436 0.8796870721231766 0.5315954918962723 0.8937462123176662 0.5469297811993517 0.8921379732576986 0.5514351175040519 0.8869117909238249 0.5358398403565641 0.8713314084278768 0.5264849084278768 0.8666595275526743 0.5102234529983792 0.8675941401944894 0.5028533468395462 0.8728638217179903 0.5063954659643436 0.8796870721231766
1 0.4612364918962723 0.8872497884927066 0.48462568395461914 0.9028264473257698 0.5053527009724473 0.9015947957860616 0.5018105818476499 0.8947715445705023 0.48200328363047 0.8810889918962722 0.46106622447325774 0.8835846223662884 0.4612364918962723 0.8872497884927066
1 0.433440131280389 0.9060105972447325 0.45295039059967585 0.9152275883306321 0.4631889910858995 0.9177083241491086 0.4762053654781199 0.9144160218800648 0.4480535737439222 0.8946708395461912 0.43621418152350083 0.8924436442463533 0.42446178606158835 0.8959459894651539 0.433440131280389 0.9060105972447325
1 0.4850606636952998 0.9314741491085899 0.504317382495948 0.9390903492706645 0.5230632974068071 0.9357110502431117 0.5203650721231766 0.9316257998379254 0.5035095397082658 0.9236292893030793 0.4817720842787682 0.9262516896272285 0.4850606636952998 0.9314741491085899
1 0.5047697949756889 0.9160454173419774 0.5268080121555916 0.9256824927066452 0.545300386547812 0.9207024035656403 0.5416749943273906 0.9159435267423015 0.5248194627228525 0.9079470170178283 0.5034623184764992 0.9129706045380875 0.5047697949756889 0.9160454173419774
1 0.5971235137763371 0.9293141466774716 0.6090026799027553 0.9266121977309563 0.6128343905996758 0.9223131807131281 0.60322591815235 0.9160405081037276 0.5851971264181524 0.921357410858995 0.5971235137763371 0.9293141466774716
1 0.5610659311183145 0.9399479521880064 0.5756830972447325 0.9364021085899513 0.5616923354943274 0.9283621004862236 0.5450107949756888 0.9318246709886548 0.5610659311183145 0.9399479521880064
1 0.5247945826580227 0.9440518209076175 0.5335591612641816 0.9475864927066452 0.5491034935170178 0.9447142755267423 0.5377674586709886 0.937894747974068 0.5233603354943274 0.9401766126418153 0.5247945826580227 0.9440518209076175
1 0.5436312171799027 0.9541959773095624 0.5557241491085899 0.958023964343598 0.5710149400324149 0.9535509554294975 0.5598056758508915 0.9475318241491086 0.5431241361426257 0.9509943946515397 0.5436312171799027 0.9541959773095624
1 0.5752667358184764 0.9467239813614263 0.5837777739059967 0.9486578622366288 0.5982681693679093 0.9443116231766613 0.5972975056726094 0.9407732277147487 0.5886596969205835 0.9380389513776337 0.5727785526742301 0.9413747512155592 0.5752667358184764 0.9467239813614263
1 0.6057215478119935 0.9369775680713128 0.6117046288492707 0.9384913630470016 0.62914306726094 0.9320372520259319 0.6196613646677471 0.9265649756888169 0.6024329692058347 0.9317551085899515 0.6057215478119935 0.9369775680713128
1 0.5534671645056726 0.9075120372771475 0.5704494667747164 0.916308943273906 0.5801809862236629 0.9155880964343598 0.5880146750405186 0.9106552277147487 0.5733900623987035 0.8986132406807131 0.5528333136142626 0.9035100583468395 0.5534671645056726 0.9075120372771475
1 0.10251533549432738 0.4665496709886548 0.1079080623987034 0.4669262585089141 0.1113594627228525 0.4602260542949757 0.12156827390599677 0.40035547082658024 0.1187432779578606 0.3954698241491086 0.1133940486223663 0.39795800729335495 0.10994264829821718 0.40465821150729336 0.10078405024311184 0.4582089011345219 0.10251533549432738 0.4665496709886548
1 0.10145632171799028 0.6308122366288492 0.10680927552674231 0.6361179683954619 0.11492883225283632 0.6122689173419773 0.10754755510534847 0.5941568533225284 0.09934472609400324 0.6200702787682334 0.10145632171799028 0.6308122366288492
3 0.7932055753646677 0.8670797803889789 0.8008292220421394 0.8634108914100486 0.815315893841167 0.8512707374392221 0.8299256126418153 0.8321370648298217 0.8636864367909238 0.7759204773095624 0.8821204189627229 0.7368999578606159 0.8992866985413291 0.6898754813614262 0.9100100380875203 0.6487943111831442 0.918918819286872 0.601436744732577 0.9227716863857374 0.5532390089141005 0.9216879619124798 0.4894136685575365 0.9158093095623987 0.4419367795786061 0.9076164659643435 0.4005697423014587 0.8942409376012965 0.3575621385737439 0.8583922123176663 0.2762697560777958 0.851141428687196 0.26675200324149106 0.8460855137763371 0.2659118330632091 0.8408556077795786 0.25361258265802267 0.8178467260940032 0.24043711102106968 0.8139715178282009 0.2418713573743922 0.8119941393841167 0.2475176256077796 0.8169307309562399 0.2631452301458671 0.8145730421393841 0.26639031037277144 0.8058954586709887 0.2685851790923825 0.7972974246353323 0.2609217576985413 0.7878592204213939 0.25831425202593195 0.7793121312803889 0.26910343030794165 0.7996849027552674 0.3200279959481362 0.7957773670988655 0.34197921717990276 0.79612535089141 0.36489737844408426 0.8053795777957861 0.42332626742301466 0.8149569076175041 0.5407781223662885 0.8204875769854133 0.5653368492706645 0.8186804659643436 0.57464828363047 0.8276662585089141 0.6003007212317666 0.8234181863857374 0.6149216110210697 0.8264755664505673 0.6653067682333874 0.8224014862236629 0.6913867382495948 0.825023886547812 0.7131241936790924 0.8153619303079416 0.7712672147487845 0.8179371094003242 0.7823459846029174 0.7949294132901135 0.8598327212317667 0.7910977025931929 0.8641317382495948 0.7932055753646677 0.8670797803889789
3 0.377470141815235 0.06568460696920583 0.4892147974068071 0.10295776175040519 0.6263111288492706 0.11898564748784442 0.6663383630470016 0.1282349659643436 0.6726147585089142 0.12642040842787683 0.6786773881685575 0.118075914910859 0.6932112811993517 0.11659444651539708 0.6952321580226904 0.11381294813614262 0.7033231110210697 0.11827478606158834 0.7165097536466775 0.11864764991896273 0.7172666515397083 0.11565610940032416 0.7165060299837925 0.11085373500810373 0.6956447957860615 0.09569716126418153 0.688861319286872 0.09431013614262561 0.677481786871961 0.08462583792544572 0.6506809700162075 0.07082023905996758 0.6227864424635332 0.060469763371150724 0.5710465867098865 0.049793645056726094 0.4850164854132901 0.04536904294975689 0.4307561191247974 0.04986066936790924 0.37430833306320904 0.06126254294975689 0.377470141815235 0.06568460696920583
3 0.20668085899513777 0.8652114027552674 0.2372773354943274 0.8874410445705024 0.24200016126418153 0.8965387123176661 0.25089151053484604 0.900873780388979 0.25165213209076176 0.9056761547811992 0.25839583387358184 0.9119923249594815 0.2968732220421394 0.93994778363047 0.33096459643435977 0.9583419910858995 0.3798831799027553 0.9719263768233387 0.4370990348460292 0.9809147074554294 0.4979763322528363 0.9819388549432739 0.5263269959481361 0.9770383144246353 0.5222815194489465 0.9748073954619124 0.5185330810372771 0.9770420380875203 0.5172256045380875 0.9739672252836304 0.5101488136142626 0.9759085526742302 0.5106521709886548 0.9713162212317666 0.5048791320907617 0.9685384465153971 0.46101646434359805 0.9557942309562398 0.4187943614262561 0.937867329821718 0.38061401215559154 0.91437743273906 0.35048484197730956 0.9002785186385738 0.2985635478119935 0.8625554902755268 0.25452688816855756 0.8383521936790924 0.22288392220421396 0.8302363606158832 0.21892171717990278 0.8259410664505673 0.2075496329011345 0.8318445988654781 0.1981114286871961 0.829237092382496 0.196557858184765 0.8401493184764992 0.18901376012965965 0.8339599181523502 0.18526532252836306 0.8361945607779578 0.20668085899513777 0.8652114027552674
3 0.07106244003241491 0.5917307860615884 0.07535401053484603 0.579974666936791 0.08196603322528363 0.4870343184764992 0.09686788168557536 0.3739100842787682 0.11229170583468394 0.29516309319286876 0.12541623176661265 0.25370161183144246 0.12406525769854133 0.24776202917341977 0.09717118233387358 0.3033012682333874 0.08476005591572124 0.3389064384116694 0.07180952106969206 0.391827 0.06156838249594814 0.4722145575364668 0.06455738411669368 0.5558397479740681 0.07106244003241491 0.5917307860615884