1 0.5070491403508771 0.6873784489633173 0.4941448492822967 0.6809668708133971 0.5109772655502393 0.6209541483253589 0.5147640781499202 0.5532769154704944 0.5060726124401914 0.5347165829346092 0.48995589314194576 0.5223229681020733 0.44431516427432216 0.5069148859649122 0.3998539090909091 0.4974643548644338 0.37311838995215313 0.49667312679425835 0.3589555645933014 0.5038535207336523 0.3473909433811802 0.516070129984051 0.33058861642743226 0.5605992392344498 0.31531624481658693 0.6209435598086125 0.3124542958532695 0.6248191834130781 0.3015339880382775 0.6224980007974481 0.2980578165869218 0.6254278038277512 0.3022839210526316 0.6381474130781499 0.3143592177033493 0.6484591004784689 0.30812671770334926 0.6854517328548644 0.30939293062200957 0.7101787838915471 0.31767934051036684 0.7363980231259968 0.3323773285486443 0.7497129728867624 0.37936333094098884 0.7702985829346093 0.4317661188197767 0.7826600350877193 0.4502285071770335 0.7821003867623604 0.46188546810207337 0.7752026188197767 0.47764403110047843 0.7394195502392344 0.4863334234449761 0.7062102009569378 0.4909212145135566 0.7018861523125998 0.503450538277512 0.7004730247208932 0.5078725311004785 0.6969289984051037 0.5070491403508771 0.6873784489633173
1 0.8313585996810208 0.5635027041467304 0.8252163676236044 0.5540444960127592 0.8247490606060606 0.5409009481658692 0.8186313141945774 0.5294097862838916 0.7892542208931419 0.514197591706539 0.7573901451355662 0.5106857280701754 0.7521881307814993 0.5140639561403509 0.7363617137161085 0.5424952288676236 0.7243563452950558 0.5913050175438597 0.7251741331738437 0.614306225677831 0.7176830980861244 0.6648908293460924 0.6989891291866028 0.7106483851674641 0.710118605263158 0.7215742966507177 0.7213460247208932 0.7243683899521531 0.7448201435406698 0.723243490430622 0.779478312599681 0.7155279346092503 0.7875422751196173 0.7082740829346093 0.7999848620414673 0.6880914545454545 0.8096879298245614 0.6616196786283891 0.825303105263158 0.5728139960127592 0.8311438293460924 0.5683486347687401 0.8313585996810208 0.5635027041467304
1 0.5880961180223285 0.20444127751196173 0.584035812599681 0.19094164673046252 0.573164476076555 0.18455455502392343 0.551489658692185 0.17913216666666665 0.5052535893141945 0.17419596810207336 0.489886803030303 0.17745176634768742 0.4775666467304625 0.18746962200956938 0.4651730318979267 0.20358634210526316 0.459025196969697 0.20757879266347687 0.4486946259968102 0.2082363851674641 0.44786563237639554 0.212136495215311 0.45483685805422647 0.21769459250398723 0.4304490813397129 0.25571978309409893 0.42680150797448163 0.2728802679425837 0.4401542232854864 0.2810176881977672 0.47088219298245615 0.2879567519936204 0.5333574122807018 0.2951217926634769 0.5643491244019139 0.2931490159489633 0.5680155813397129 0.28740623684210526 0.5777977097288676 0.24138493779904305 0.5893133588516747 0.23323423763955342 0.5901423524720893 0.22933412759170654 0.5841169473684211 0.22316180622009568 0.5880961180223285 0.20444127751196173
1 0.5350826371610845 0.12591366507177035 0.5272579314194578 0.12628863157894737 0.5286032041467305 0.13146615948963317 0.5225966818181818 0.13671154306220096 0.5220258277511962 0.1451504720893142 0.5566539074960127 0.15291852950558213 0.5952310693779904 0.15744967224880382 0.6037000885167464 0.14253691307814992 0.6037980318979267 0.1344050956937799 0.6005856028708134 0.12842305901116427 0.5946770247208932 0.12553662519936204 0.5531700590111642 0.11752931100478468 0.5410891594896332 0.12066828149920256 0.5350826371610845 0.12591366507177035
1 0.7696677711323764 0.2055333971291866 0.750436566985646 0.17902592822966507 0.7173741339712919 0.15813880940988836 0.6997407392344497 0.15479834768740033 0.7013196658692186 0.16654764992025517 0.7126827958532695 0.18404533492822966 0.7700182519936204 0.21539105741626796 0.7696677711323764 0.2055333971291866
1 0.34634387001594896 0.13552708293460924 0.32667191786283895 0.1456127942583732 0.2785029114832536 0.18428997368421052 0.2607169984051037 0.20659789712918658 0.253949336523126 0.22309518660287084 0.29818254066985644 0.21252328468899523 0.31551442663476875 0.20194017783094098 0.33313454146730465 0.1804122759170654 0.34999351754385966 0.17013627990430621 0.36723306299840514 0.154234331738437 0.3792950797448166 0.1396776562998405 0.3792517105263158 0.13029290590111642 0.34634387001594896 0.13552708293460924
2 0.3990884027113238 0.8596863261562999 0.4039287304625199 0.8733517551834131 0.43083004784689 0.873362961722488 0.4413453006379585 0.8833430518341309 0.4495750622009569 0.8753091786283891 0.4500046036682616 0.8656173165869219 0.4445010805422648 0.8550719752791068 0.43289869457735247 0.8444531754385964 0.42119836443381176 0.8419661937799043 0.41613766267942587 0.8465973532695374 0.4028038309409888 0.8498776371610844 0.3990884027113238 0.8596863261562999
2 0.8705975015948962 0.6819037799043063 0.8737175893141946 0.6825669752791068 0.8816157535885167 0.6760931459330143 0.8901092575757575 0.6591474322169059 0.906199417862839 0.6218043197767145 0.9072676682615629 0.6110253245614036 0.9035088716108454 0.6114492623604466 0.8887940733652312 0.6384862902711324 0.8764382248803827 0.6774384186602871 0.8705975015948962 0.6819037799043063
2 0.8693200829346092 0.6840780470494419 0.8712662998405103 0.665333033492823 0.8517300574162681 0.6901223357256778 0.847068807814992 0.7005452472089314 0.8458102727272727 0.7141372192982456 0.8492619577352472 0.713240370015949 0.8693200829346092 0.6840780470494419
1 0.7135964537480064 0.14714504306220094 0.6989474377990431 0.1297641850079745 0.6788816363636364 0.120607485645933 0.6655967759170655 0.11982186044657096 0.6658304298245614 0.12639363397129186 0.6722797735247209 0.1363247527910686 0.7146101291866028 0.15388261562998404 0.7135964537480064 0.14714504306220094
1 0.6212824370015949 0.09817360287081339 0.6248754354066985 0.09852968660287081 0.6279031826156299 0.09387403987240829 0.6221848891547049 0.08817462918660286 0.5980042065390749 0.0830348668261563 0.5904621259968102 0.08591569776714514 0.5915002878787878 0.09062031578947369 0.5952345988835726 0.092229331738437 0.6212824370015949 0.09817360287081339
3 0.3318739322169059 0.14223456618819777 0.3578105470494418 0.13144229106858055 0.3620912264752791 0.12664533253588517 0.3679998046251993 0.12953176714513556 0.3733431323763955 0.12740647129186602 0.36935068102073365 0.12125863636363637 0.37961339712918657 0.11324924880382775 0.4062320893141946 0.11075459011164275 0.4317692511961722 0.09417056299840511 0.46122540590111644 0.08983323524720893 0.4663539625199362 0.09255387081339714 0.49481532456140354 0.09289667464114833 0.5138730534290271 0.0818651427432217 0.5145362488038278 0.07874505422647528 0.5020803827751196 0.07405931897926635 0.4769049074960128 0.07359968899521531 0.4648240079744817 0.07673865948963317 0.44404603907496015 0.07476795693779904 0.39565458532695374 0.07997204465709729 0.35222588915470493 0.08867679027113237 0.2716275558213716 0.1188303763955343 0.23566187958532694 0.14420381339712918 0.22104502551834132 0.16310902312599682 0.19051501754385966 0.19167600558213718 0.16161290749601276 0.2279263811802233 0.13911677272727274 0.26472312519936203 0.1331969880382775 0.28873800877192984 0.1278046889952153 0.29492921291866026 0.12697569457735247 0.29882932296650716 0.13238687719298248 0.30405582376395535 0.1298320398724083 0.30840435805422645 0.13223996092503987 0.31625355023923446 0.16792861483253588 0.27492359011164275 0.18436925598086126 0.24743813795853267 0.19035129186602873 0.24422570893141943 0.19547984848484848 0.2469463444976077 0.22855909090909088 0.22748148644338118 0.27088737320574163 0.193269668261563 0.28422680861244015 0.17653872567783094 0.3318739322169059 0.14223456618819777