1 0.5720670406779661 0.7031294237288136 0.5918900110169492 0.6849267093220339 0.6037965593220339 0.6616933033898305 0.6169265881355932 0.6230437211864407 0.6206102915254238 0.5977601296610169 0.6024009457627119 0.5674546898305085 0.5837859830508475 0.5457821313559322 0.5866562432203389 0.5342701483050847 0.5830562618644068 0.5294422652542373 0.5653804601694915 0.5302756016949152 0.5444044686440679 0.5128180805084745 0.5131532364406779 0.49803906186440683 0.4736857906779661 0.49169232796610174 0.4704010728813559 0.49786056694915254 0.47256371440677963 0.5049502838983051 0.45984372288135594 0.5419552974576272 0.4381139661016949 0.6326116127118644 0.4624827093220339 0.6522251440677966 0.47657621186440674 0.6745171788135593 0.4777137601694915 0.6857183186440677 0.5239689220338983 0.699871229661017 0.5720670406779661 0.7031294237288136
1 0.5376988033898306 0.7971851220338984 0.5586350093220339 0.7517478245762712 0.559042836440678 0.7466090991525424 0.5533860389830508 0.7395215923728814 0.5050630093220339 0.7056382728813559 0.42322912288135595 0.6590327525423728 0.3788235491525424 0.644467593220339 0.37111877542372884 0.6490970881355932 0.3685571491525424 0.661122722881356 0.36026163389830507 0.7066547940677966 0.35925422288135594 0.7387194694915254 0.36348031186440677 0.7585512813559322 0.4200239754237288 0.7909906288135593 0.4648395872881356 0.8039112186440678 0.48827359067796605 0.8080071694915254 0.5230079279661017 0.8053131940677967 0.5376988033898306 0.7971851220338984
1 0.6473447533898306 0.7830363627118644 0.5832131923728813 0.7775273847457627 0.5748911533898305 0.7811295762711864 0.547072459322034 0.8314013872881356 0.5485142194915253 0.836127866101695 0.5762668745762712 0.8439207813559322 0.6204585889830508 0.8453315974576271 0.654262606779661 0.8341083550847457 0.6745925983050848 0.8051145372881356 0.668523552542373 0.7961774423728813 0.6498138169491525 0.7871455745762712 0.6473447533898306 0.7830363627118644
1 0.755553363559322 0.7711494372881356 0.7254706237288135 0.8164897516949152 0.7297892745762712 0.8201867169491526 0.751369270338983 0.8177066016949153 0.770991643220339 0.8073144838983051 0.7884469542372881 0.782844336440678 0.7895712406779661 0.773080536440678 0.7862798923728814 0.7687663059322034 0.7764124779661017 0.7663060830508475 0.755553363559322 0.7711494372881356
1 0.7687861983050848 0.24516751694915254 0.7616876398305085 0.23335353220338984 0.7285757686440678 0.20151597796610168 0.7119206389830509 0.19124957796610167 0.6944454355932204 0.1842723161016949 0.6898225720338983 0.18705001355932205 0.6872587347457627 0.19558149152542373 0.6873822415254237 0.22836483644067795 0.7107281033898305 0.25558394745762714 0.7210166059322034 0.2738703838983051 0.7417831576271187 0.28516187711864405 0.7696394271186441 0.2942907279661017 0.7749765406779661 0.2833938008474576 0.774352643220339 0.27188402796610167 0.7687861983050848 0.24516751694915254
2 0.2526327152542373 0.6601683593220339 0.24440765932203393 0.6546240177966102 0.23906612542372882 0.6585326313559322 0.2474984101694915 0.6667488457627119 0.264781856779661 0.6955133322033898 0.2865712906779661 0.6991992449152542 0.30610331101694915 0.7084361313559322 0.310521156779661 0.7064807194915255 0.28059259830508476 0.6706331474576271 0.2651697906779661 0.6589271966101695 0.2526327152542373 0.6601683593220339
2 0.1111619338983051 0.4026150813559322 0.11423721271186442 0.39028081355932204 0.10898603135593221 0.37456042372881354 0.09860938644067797 0.3793971474576271 0.09276525254237288 0.4010851779661017 0.0995551779661017 0.4123855118644068 0.1111619338983051 0.4026150813559322
2 0.4067530271186441 0.9317930381355932 0.38208449152542373 0.9256424813559322 0.38105939915254233 0.9297539033898305 0.4137479711864407 0.9422710872881357 0.4356388093220339 0.9437987796610169 0.4067530271186441 0.9317930381355932
1 0.34933624152542375 0.8187830694915255 0.34008609322033895 0.81735015 0.3388559822033898 0.822283856779661 0.339799563559322 0.8517780644067796 0.3462786457627119 0.8590705898305085 0.4017883762711864 0.8816447338983051 0.4344725279661017 0.8871736042372882 0.4440246779661017 0.8786377050847458 0.44709995593220336 0.8663034372881356 0.4445272779661017 0.8608582889830508 0.34933624152542375 0.8187830694915255
1 0.5666486847457627 0.9105214059322034 0.5934533381355932 0.8818318008474577 0.4698086584745763 0.8610478355932203 0.46539081355932205 0.8630032483050848 0.45092042796610166 0.8947681322033898 0.5021070864406779 0.9066569974576271 0.5666486847457627 0.9105214059322034
1 0.6930290652542374 0.8695392593220338 0.7201578237288135 0.8658224016949152 0.7361846355932203 0.8575907152542372 0.747176336440678 0.8502871389830509 0.7592923237288135 0.8332197618644067 0.750143579661017 0.8296286220338983 0.7230170313559322 0.8368396355932204 0.7081233474576272 0.8492841491525424 0.6930290652542374 0.8695392593220338
1 0.6329229949152543 0.8916726915254238 0.6250065720338983 0.8866420008474576 0.5939669898305084 0.8815231677966101 0.5751713220338983 0.8991086169491525 0.5693205567796611 0.910314177118644 0.6098130957627118 0.9125494889830509 0.6329229949152543 0.8916726915254238
1 0.6153618584745763 0.9113127466101695 0.6457819652542374 0.9119101203389831 0.6697119381355933 0.8877441847457627 0.6346689677966102 0.8899245084745764 0.6153618584745763 0.9113127466101695
1 0.6964328694915255 0.8891660525423729 0.690573263559322 0.8863949864406779 0.6726924432203389 0.8880506076271186 0.662933063559322 0.893914633898305 0.6496861593220339 0.9102633406779662 0.6745552923728814 0.9086033000000001 0.6964328694915255 0.8891660525423729
1 0.7087649262711865 0.8887471745762711 0.7022880550847457 0.8849488059322034 0.6876963728813559 0.8874245000000001 0.6886244822033899 0.8924596110169492 0.6778422203389831 0.9059292169491525 0.6914065991525423 0.9040707881355932 0.7087649262711865 0.8887471745762711
1 0.8487928694915254 0.49001627627118644 0.857443433898305 0.5183751457627119 0.8685498008474576 0.5298782872881356 0.8776963347457627 0.5299752711864406 0.8859081279661017 0.5145546737288136 0.8814792313559322 0.49903930338983055 0.8553667245762712 0.4846681118644068 0.8497143474576271 0.4845689177966102 0.8487928694915254 0.49001627627118644
1 0.853993213559322 0.425371063559322 0.8532767542372881 0.42999613728813557 0.8505233703389831 0.4638089966101695 0.8662570211864407 0.4795227550847458 0.8851717754237287 0.48773233813559325 0.8897924288135594 0.48146048474576275 0.8885534771186441 0.4724175652542373 0.8737324627118644 0.4372798220338983 0.8598506093220339 0.4246479728813559 0.853993213559322 0.425371063559322
1 0.9015912118644067 0.6127922550847458 0.8888491169491525 0.6148557016949152 0.8821849093220339 0.6398328703389831 0.886095733898305 0.6486685610169491 0.8937013127118645 0.649691443220339 0.9073604652542374 0.6351923245762712 0.9122742796610168 0.6049750262711865 0.9022944101694915 0.5872022406779661 0.896644243220339 0.5905972033898306 0.892746679661017 0.6027264525423729 0.9015912118644067 0.6127922550847458
3 0.568651916101695 0.503142422881356 0.5781115033898305 0.5107413711864407 0.5875666694915254 0.5113520059322033 0.5943433338983051 0.5016874008474577 0.5986597745762712 0.5018902084745763 0.6017461042372881 0.5070267237288135 0.6157138898305085 0.493041256779661 0.6329774440677965 0.4903583330508475 0.6577385423728813 0.48037404237288134 0.6782691313559323 0.44356962711864406 0.6821578533898306 0.4174637516949153 0.6754715423728813 0.4074993533898305 0.6641623677966102 0.40031265254237286 0.6624119737288136 0.39507252288135597 0.6636398745762712 0.3866446593220339 0.68809455 0.37964087457627116 0.6827353338983051 0.35559623559322034 0.6837471652542373 0.33051987372881353 0.667599056779661 0.30946237033898305 0.6540169949152542 0.28336754661016944 0.6061084228813559 0.2548279720338983 0.5703379415254237 0.24416258644067795 0.5578008661016949 0.24540374915254234 0.5501093542372881 0.27099818389830505 0.5415822966101694 0.2754226593220339 0.5035455601694915 0.25633162033898305 0.48545530084745764 0.25182121271186436 0.4439376686440678 0.25369732372881354 0.4333560050847458 0.2593563313559322 0.4234974322033898 0.27087273559322034 0.3979405728813559 0.322581886440678 0.39825362627118643 0.3300838516949152 0.4061744694915254 0.3421028550847458 0.48576199237288137 0.41173013220338983 0.511786356779661 0.44922448389830505 0.5160102347457627 0.4655621389830509 0.5304079500000001 0.4813795118644068 0.5487098584745762 0.49555010593220344 0.568651916101695 0.503142422881356
3 0.7081136983050847 0.34663924830508475 0.6840580084745762 0.3345276813559322 0.6811766974576271 0.3285688813559322 0.6761437966101695 0.3329911474576271 0.676150427118644 0.34347361694915257 0.6825236847457626 0.34593605 0.6788377711864406 0.3677254847457627 0.6666093279661017 0.3694802991525424 0.662907943220339 0.36681063728813557 0.6612655838983051 0.36989475677966105 0.667028206779661 0.381812356779661 0.6877881279661018 0.38262137966101695 0.7363095449152542 0.40519994406779664 0.7582025940677967 0.41022179322033897 0.7513046330508474 0.39059721016949156 0.7364968813559322 0.376424406779661 0.7272378915254237 0.3610148601694915 0.7081136983050847 0.34663924830508475
3 0.7027528101694915 0.6448793025423729 0.7117979398305084 0.647134506779661 0.7222804101694915 0.6471278754237288 0.7264910262711864 0.6425005915254237 0.7480467084745762 0.6015847533898305 0.7628367779661016 0.5878043042372881 0.7819233966101695 0.5427792542372881 0.7816984855932204 0.5121541288135593 0.7769565347457628 0.489136793220339 0.7785944737288136 0.4790643610169491 0.7616152389830508 0.4438252127118644 0.703841463559322 0.4163195720338983 0.6647818440677966 0.4048341127118644 0.6635451016949152 0.39928535000000004 0.6559373118644068 0.39476831101694915 0.6465857593220339 0.3954936118644068 0.6545021822033898 0.40052430254237287 0.6620041466101695 0.40021124915254236 0.6581110042372881 0.41932881101694913 0.6633511347457627 0.41757841779661015 0.666027427118644 0.42435950169491526 0.6718848228813559 0.42363641101694915 0.6729209669491525 0.4369957711864406 0.6663537423728814 0.45282640593220336 0.6464293677966102 0.4731873415254237 0.644174163559322 0.4822324711864407 0.6110910262711864 0.4958189533898305 0.6115054838983051 0.5011626974576271 0.6066798118644068 0.5082568355932203 0.5920859194915254 0.5072383737288135 0.5896212762711864 0.5101174745762712 0.591781706779661 0.5137130347457627 0.589317063559322 0.5165921364406779 0.5988780550847458 0.522032863559322 0.6012479254237287 0.5317944533898306 0.6143119144067797 0.5512095974576271 0.6348778686440678 0.5703116872881356 0.6891795906779661 0.6327611050847457 0.7027528101694915 0.6448793025423729
3 0.8325325745762712 0.6165356355932203 0.8298474406779661 0.5957779245762712 0.8405172466101695 0.566995756779661 0.8378166406779661 0.52177895 0.8336941669491525 0.5032830737288135 0.8272128737288136 0.49249639152542374 0.8095326516949152 0.4863414144067797 0.7939026152542372 0.4719635915254238 0.7889689084745762 0.4707334805084746 0.7833187415254237 0.4741284432203389 0.7866277720338983 0.506395927118644 0.7850075161016948 0.5444216127118644 0.7726887203389831 0.5658054305084745 0.7673560279661017 0.5836906711864407 0.7464043499999999 0.604668872881356 0.7381969771186441 0.627077783898305 0.7192051313559322 0.659462143220339 0.7302145144067796 0.6801118194915253 0.7371146855932204 0.7032305584745763 0.7471915389830508 0.7118568101694915 0.7564416872881355 0.7132897296610169 0.7875694118644068 0.6952854025423729 0.8109835228813559 0.6679339432203389 0.8255597330508474 0.6409991525423729 0.8325325745762712 0.6165356355932203
3 0.8569983016949153 0.6270026338983051 0.8505125881355933 0.6092276381355932 0.8365337516949153 0.6057423228813559 0.8312936220338983 0.607492716101695 0.8321247474576271 0.6216743610169492 0.8278171474576271 0.635448179661017 0.8122158449152542 0.666494393220339 0.7760684805084745 0.7098859262711864 0.7630221737288135 0.7184240347457627 0.768167529661017 0.7293143313559322 0.7903824737288135 0.7558147720338984 0.7999434652542372 0.7612555 0.7989073211864407 0.7478961398305084 0.8282758110169491 0.7106750559322035 0.8463439677966101 0.6802438983050848 0.8477680457627119 0.6570171237288136 0.8569983016949153 0.6270026338983051
3 0.8331755559322034 0.1708245440677966 0.8052090415254237 0.1498772872881356 0.7949227491525424 0.135085006779661 0.7445406923728813 0.09544790677966102 0.7161685618644068 0.0831335313559322 0.697873283898305 0.07944540762711864 0.6907835661016949 0.08160804915254238 0.6939757211864407 0.091574656779661 0.6709539644067797 0.0893282940677966 0.6617104474576271 0.09837784406779662 0.6710686305084747 0.10813501271186442 0.6673760864406779 0.11944197796610169 0.6732379025423728 0.1257072 0.7094228415254238 0.14171632966101694 0.7536211872881357 0.1536096161016949 0.8216790449152542 0.19241338050847456 0.8480935533898305 0.19681575423728814 0.8331755559322034 0.1708245440677966
3 0.7519766177966102 0.15319957966101697 0.7252534762711864 0.14828355423728815 0.7159041347457628 0.1525030118644068 0.7135475262711864 0.1637063627118644 0.7180734059322035 0.17007519915254238 0.7604265847457626 0.18936904661016948 0.7768811161016949 0.2074460440677966 0.8110048177966102 0.21420723559322033 0.8234360694915255 0.2081359805084746 0.8201403008474576 0.19683343644067797 0.8130439525423729 0.18851360762711863 0.7519766177966102 0.15319957966101697
3 0.8744530737288135 0.27675363644067796 0.8430783347457628 0.2291912728813559 0.8253892711864407 0.20905966864406778 0.8075084508474576 0.2107152898305085 0.7818126127118644 0.20518199915254237 0.7781156483050847 0.20950065 0.7808955550847458 0.21761767033898308 0.7780208745762711 0.2221413406779661 0.8038335889830509 0.24997550677966102 0.8098056508474576 0.2680591355932203 0.8353075220338982 0.2918854940677966 0.8562768822033898 0.2988605449152542 0.8726101169491526 0.28764835338983047 0.8744530737288135 0.27675363644067796
3 0.878255863559322 0.2772650779661017 0.8728085050847457 0.27634359915254236 0.8713777957627119 0.28908790423728814 0.8606947279661017 0.2969051330508474 0.8509331381355932 0.2992750025423729 0.8385988703389831 0.2961997245762712 0.8346990974576272 0.30483481694915254 0.8408739677966102 0.31860200423728813 0.863494527118644 0.3364695627118644 0.8799512694915254 0.3580407169491525 0.8978365101694914 0.3633734093220339 0.9090354398305084 0.35874170508474573 0.9117006805084745 0.34805200593220337 0.8983125864406779 0.30366411440677965 0.878255863559322 0.2772650779661017
3 0.9281817355932203 0.4080588830508475 0.9271455915254238 0.3946995220338983 0.9189028533898305 0.3612019271186441 0.9124215610169492 0.3504152449152542 0.9104727796610169 0.35647986949152544 0.9003011533898304 0.36049430847457625 0.8885841516949153 0.35844633305084744 0.8743958754237289 0.34879498898305084 0.8723434796610169 0.3535236779661017 0.8722464966101696 0.3626702118644068 0.8784191559322033 0.3729432423728814 0.8784235762711864 0.3799315559322034 0.8923142703389831 0.4065400313559322 0.9005415364406779 0.41557852966101694 0.9085593627118644 0.418451 0.9228424118644069 0.41546165423728815 0.9281817355932203 0.4080588830508475
3 0.9313716796610169 0.4145313338983051 0.9276702949152542 0.41186167288135594 0.9215064762711864 0.4155652686440678 0.9099967033898305 0.41618916525423727 0.898894756779661 0.41167433644067797 0.8904624728813558 0.4034581220338983 0.8855309762711864 0.40572216694915253 0.8822396279661017 0.40140793644067796 0.8812145347457627 0.40551935932203387 0.8873871949152542 0.4157923898305085 0.8939632601694916 0.4139383813559322 0.9002373237288136 0.4220531915254237 0.9133145754237288 0.46243327542372875 0.9211273830508474 0.46612802966101696 0.9315040279661017 0.4612913059322034 0.9343632364406779 0.4323085398305085 0.9313716796610169 0.4145313338983051
3 0.328116579661017 0.09118947118644068 0.31928088898305085 0.09510029576271187 0.3099271262711864 0.0923314406779661 0.32091882711864406 0.08502786355932204 0.34681084322033895 0.07576224322033898 0.3471172661016949 0.07278173813559323 0.32522421694915254 0.06775988898305085 0.30960523220338987 0.07085284915254238 0.29152381355932205 0.08031906779661017 0.28925755847457624 0.07189341440677965 0.2752831423728814 0.07539641186440678 0.26726531525423725 0.07252394152542373 0.2141586093220339 0.11212373644067795 0.1896135813559322 0.13875652542372882 0.195373993220339 0.1471799686440678 0.2093550398305085 0.1541594406779661 0.2282609533898305 0.1483923974576271 0.22611157372881358 0.1622676194915254 0.2336135381355932 0.16195456610169492 0.31466907711864406 0.11534877627118645 0.3426068576271186 0.09087199745762711 0.328116579661017 0.09118947118644068