1 0.69765625 0.669921875 0.70234375 0.644921875 0.7 0.615234375 0.70546875 0.608203125 0.694921875 0.5953125 0.675390625 0.59375 0.657421875 0.59609375 0.643359375 0.6 0.6375 0.608984375 0.63515625 0.614453125 0.634375 0.644140625 0.6375 0.658984375 0.634375 0.683203125 0.638671875 0.6875 0.6515625 0.687109375 0.691015625 0.67890625 0.69765625 0.669921875
1 0.70390625 0.794921875 0.70703125 0.776171875 0.641796875 0.7921875 0.6234375 0.816796875 0.61640625 0.835546875 0.616796875 0.83984375 0.62421875 0.839453125 0.682421875 0.82265625 0.70390625 0.794921875
1 0.796875 0.726171875 0.80390625 0.704296875 0.80703125 0.683984375 0.805078125 0.67890625 0.800390625 0.678125 0.787890625 0.68359375 0.76953125 0.698828125 0.76015625 0.723828125 0.76015625 0.741796875 0.7546875 0.753515625 0.755859375 0.75703125 0.75859375 0.756640625 0.783203125 0.74375 0.796875 0.726171875
3 0.87109375 0.757421875 0.8828125 0.740234375 0.909375 0.687109375 0.91484375 0.666796875 0.91484375 0.646484375 0.908984375 0.64765625 0.901171875 0.6578125 0.89609375 0.657421875 0.91015625 0.601953125 0.908984375 0.559375 0.894921875 0.56484375 0.88984375 0.570703125 0.8828125 0.589453125 0.87265625 0.603515625 0.83359375 0.683984375 0.828125 0.703515625 0.81328125 0.733984375 0.809375 0.754296875 0.816015625 0.76328125 0.823828125 0.76328125 0.835546875 0.75546875 0.83671875 0.757421875 0.80703125 0.803515625 0.80546875 0.812890625 0.835546875 0.79140625 0.87109375 0.757421875
3 0.8734375 0.565234375 0.88125 0.498046875 0.87734375 0.463671875 0.878125 0.440234375 0.8671875 0.390234375 0.8578125 0.375390625 0.844140625 0.3625 0.816015625 0.353125 0.8 0.368359375 0.796875 0.378515625 0.796875 0.396484375 0.79140625 0.417578125 0.78515625 0.427734375 0.7953125 0.480078125 0.7984375 0.518359375 0.8078125 0.544140625 0.819921875 0.54921875 0.821875 0.552734375 0.82890625 0.582421875 0.83125 0.612109375 0.83984375 0.615234375 0.8578125 0.597265625 0.8734375 0.565234375
3 0.81328125 0.349609375 0.815625 0.337109375 0.81015625 0.310546875 0.7703125 0.248828125 0.755078125 0.2390625 0.741015625 0.23984375 0.73828125 0.243359375 0.7359375 0.267578125 0.73984375 0.282421875 0.73984375 0.298046875 0.77265625 0.348046875 0.7796875 0.367578125 0.79296875 0.383203125 0.8 0.365234375 0.81328125 0.349609375
3 0.704296875 0.20390625 0.7140625 0.199609375 0.71328125 0.193359375 0.700390625 0.17734375 0.673046875 0.15546875 0.651953125 0.14609375 0.640234375 0.14609375 0.635546875 0.153125 0.62578125 0.156640625 0.62578125 0.171484375 0.644140625 0.19609375 0.68359375 0.219921875 0.69375 0.244921875 0.696875 0.244921875 0.6921875 0.220703125 0.704296875 0.20390625
3 0.365625 0.863671875 0.357421875 0.85625 0.339453125 0.8515625 0.3359375 0.846484375 0.3359375 0.839453125 0.2796875 0.788671875 0.26171875 0.754296875 0.25546875 0.730859375 0.23984375 0.710546875 0.23984375 0.693359375 0.246875 0.674609375 0.24453125 0.652734375 0.24921875 0.628515625 0.240625 0.595703125 0.2359375 0.558203125 0.232421875 0.553125 0.223828125 0.55078125 0.208203125 0.54765625 0.204296875 0.55078125 0.20078125 0.543359375 0.219140625 0.53671875 0.229296875 0.53671875 0.234765625 0.54375 0.238671875 0.54140625 0.242578125 0.5453125 0.2484375 0.543359375 0.253125 0.501953125 0.259375 0.479296875 0.26171875 0.441015625 0.2734375 0.385546875 0.28046875 0.373046875 0.275 0.363671875 0.275 0.357421875 0.2796875 0.348828125 0.28203125 0.329296875 0.2890625 0.314453125 0.29453125 0.310546875 0.29765625 0.298046875 0.30390625 0.294140625 0.309375 0.277734375 0.31953125 0.270703125 0.325 0.259765625 0.3421875 0.239453125 0.34453125 0.188671875 0.356640625 0.1859375 0.36015625 0.173046875 0.373046875 0.16953125 0.38984375 0.147265625 0.39140625 0.141015625 0.4046875 0.131640625 0.4109375 0.119140625 0.405078125 0.1109375 0.392578125 0.1125 0.366796875 0.12578125 0.356640625 0.13515625 0.344921875 0.140625 0.3421875 0.148046875 0.328125 0.157421875 0.326171875 0.1703125 0.314453125 0.17109375 0.308984375 0.17734375 0.289453125 0.1875 0.275 0.207421875 0.2640625 0.234765625 0.25 0.253515625 0.2484375 0.262890625 0.235546875 0.26640625 0.225390625 0.2796875 0.219140625 0.28046875 0.2 0.308984375 0.188671875 0.315625 0.1796875 0.327734375 0.16015625 0.379296875 0.146875 0.430859375 0.14140625 0.439453125 0.13203125 0.519921875 0.13203125 0.544921875 0.140625 0.583203125 0.14296875 0.608984375 0.15078125 0.635546875 0.14921875 0.655078125 0.1515625 0.691796875 0.1578125 0.716015625 0.15625 0.730859375 0.16953125 0.753515625 0.184375 0.803515625 0.216015625 0.82890625 0.273828125 0.86171875 0.325390625 0.878125 0.34296875 0.880078125 0.356640625 0.875 0.365625 0.863671875
1 0.325 0.294921875 0.323046875 0.29296875 0.305859375 0.29765625 0.296875 0.308984375 0.2875 0.341015625 0.28828125 0.346484375 0.2953125 0.354296875 0.31640625 0.333984375 0.325 0.294921875
1 0.39453125 0.205859375 0.39453125 0.197265625 0.386328125 0.19609375 0.365234375 0.2015625 0.35078125 0.216015625 0.34921875 0.227734375 0.35703125 0.227734375 0.383203125 0.2203125 0.39453125 0.205859375
1 0.40546875 0.169140625 0.400390625 0.1671875 0.382421875 0.171875 0.37265625 0.180078125 0.37265625 0.187890625 0.38046875 0.187890625 0.399609375 0.18359375 0.40546875 0.169140625
1 0.37421875 0.188671875 0.373046875 0.18203125 0.360546875 0.184375 0.34921875 0.196484375 0.348828125 0.20078125 0.35859375 0.203515625 0.363671875 0.2015625 0.37421875 0.188671875
1 0.534765625 0.17578125 0.508984375 0.17421875 0.503125 0.177734375 0.503125 0.188671875 0.505859375 0.19140625 0.53984375 0.192578125 0.54140625 0.183203125 0.534765625 0.17578125
1 0.512109375 0.15078125 0.487890625 0.15078125 0.484375 0.153515625 0.4828125 0.165234375 0.485546875 0.1671875 0.51171875 0.166796875 0.51796875 0.157421875 0.512109375 0.15078125
1 0.521484375 0.1453125 0.508984375 0.14453125 0.50546875 0.147265625 0.505859375 0.15 0.518359375 0.15546875 0.5265625 0.155078125 0.5265625 0.149609375 0.521484375 0.1453125
2 0.616015625 0.20625 0.60703125 0.212109375 0.6125 0.227734375 0.6203125 0.229296875 0.61953125 0.212109375 0.616015625 0.20625
1 0.6671875 0.230078125 0.656640625 0.215625 0.624609375 0.20625 0.615625 0.208203125 0.62265625 0.212890625 0.628515625 0.22734375 0.645703125 0.2359375 0.6578125 0.237109375 0.666796875 0.234375 0.6671875 0.230078125
1 0.125 0.577734375 0.1203125 0.560546875 0.112890625 0.55546875 0.10546875 0.564453125 0.103125 0.593359375 0.10703125 0.608984375 0.113671875 0.61640625 0.11796875 0.616015625 0.12578125 0.592578125 0.125 0.577734375
1 0.246875 0.255078125 0.24609375 0.251953125 0.240234375 0.25078125 0.225390625 0.25859375 0.203125 0.279296875 0.2 0.286328125 0.2046875 0.286328125 0.238671875 0.26328125 0.246875 0.255078125