1 0.66015625 0.326171875 0.65859375 0.305859375 0.65 0.281640625 0.6359375 0.255859375 0.63984375 0.248828125 0.633984375 0.2421875 0.616015625 0.234375 0.569921875 0.2265625 0.536328125 0.22578125 0.525 0.231640625 0.52421875 0.262890625 0.53515625 0.277734375 0.540625 0.291796875 0.54296875 0.310546875 0.547265625 0.315625 0.616015625 0.33046875 0.64921875 0.331640625 0.656640625 0.33046875 0.66015625 0.326171875
1 0.2921875 0.184765625 0.29609375 0.173828125 0.283203125 0.1765625 0.252734375 0.1953125 0.23828125 0.211328125 0.22734375 0.230859375 0.227734375 0.23359375 0.23515625 0.233203125 0.266796875 0.215625 0.2921875 0.184765625
1 0.32890625 0.136328125 0.33046875 0.130078125 0.323046875 0.13046875 0.301953125 0.13984375 0.2828125 0.155078125 0.28125 0.157421875 0.2875 0.161328125 0.316796875 0.14921875 0.32890625 0.136328125
1 0.2859375 0.159765625 0.283203125 0.15703125 0.277734375 0.1578125 0.258203125 0.1703125 0.23984375 0.188671875 0.240234375 0.19296875 0.24609375 0.193359375 0.261328125 0.18671875 0.2859375 0.159765625
1 0.513671875 0.08828125 0.503515625 0.08515625 0.481640625 0.08515625 0.4734375 0.089453125 0.476171875 0.09609375 0.51484375 0.095703125 0.51640625 0.091015625 0.513671875 0.08828125
1 0.428515625 0.08671875 0.43046875 0.082421875 0.401953125 0.08125 0.39296875 0.090234375 0.396875 0.093359375 0.421484375 0.08984375 0.428515625 0.08671875
1 0.49921875 0.078515625 0.476953125 0.071875 0.465234375 0.07265625 0.45546875 0.078515625 0.466015625 0.08515625 0.4796875 0.085546875 0.497265625 0.084375 0.49921875 0.078515625
1 0.36953125 0.090234375 0.365234375 0.0875 0.352734375 0.09140625 0.340625 0.098828125 0.3390625 0.101953125 0.3421875 0.102734375 0.364453125 0.096875 0.36953125 0.090234375
3 0.90078125 0.718359375 0.9203125 0.667578125 0.92890625 0.655078125 0.92890625 0.644140625 0.9390625 0.639453125 0.934375 0.627734375 0.9390625 0.623828125 0.93828125 0.612109375 0.94375 0.588671875 0.946875 0.585546875 0.9484375 0.541796875 0.95078125 0.537890625 0.944921875 0.48828125 0.933984375 0.4875 0.93046875 0.495703125 0.921875 0.500390625 0.914453125 0.51640625 0.909765625 0.51640625 0.905859375 0.509375 0.90078125 0.517578125 0.90546875 0.527734375 0.90625 0.540234375 0.903125 0.566015625 0.89296875 0.590234375 0.88828125 0.611328125 0.8765625 0.635546875 0.8734375 0.655859375 0.8640625 0.675390625 0.85859375 0.701953125 0.8484375 0.722265625 0.846875 0.751953125 0.85 0.758984375 0.8484375 0.778515625 0.8515625 0.780859375 0.86171875 0.771484375 0.90078125 0.718359375
3 0.92578125 0.487890625 0.9265625 0.498046875 0.930078125 0.5 0.934765625 0.48984375 0.94453125 0.490234375 0.94765625 0.469921875 0.94140625 0.430859375 0.93359375 0.405078125 0.926171875 0.40625 0.925 0.392578125 0.917578125 0.3921875 0.9140625 0.388671875 0.909375 0.368359375 0.88984375 0.323046875 0.86796875 0.283203125 0.857421875 0.27265625 0.847265625 0.2734375 0.8453125 0.279296875 0.85625 0.321484375 0.86875 0.397265625 0.88046875 0.429296875 0.89453125 0.498046875 0.91171875 0.506640625 0.918359375 0.4859375 0.92578125 0.487890625
3 0.778125 0.172265625 0.747265625 0.14609375 0.729296875 0.125 0.679296875 0.10234375 0.67421875 0.105078125 0.673828125 0.1109375 0.65859375 0.117578125 0.695703125 0.1578125 0.765234375 0.20859375 0.7734375 0.209765625 0.78359375 0.184765625 0.778125 0.172265625
3 0.6578125 0.091796875 0.655078125 0.08203125 0.615234375 0.059375 0.577734375 0.05078125 0.552734375 0.05078125 0.548828125 0.0484375 0.54453125 0.051171875 0.553515625 0.05234375 0.561328125 0.06640625 0.573828125 0.06796875 0.584765625 0.07734375 0.627734375 0.0984375 0.671875 0.110546875 0.671875 0.104296875 0.6578125 0.091796875
3 0.23671875 0.862109375 0.23515625 0.847265625 0.20859375 0.814453125 0.20234375 0.812109375 0.20078125 0.798828125 0.196484375 0.80078125 0.19375 0.796484375 0.19375 0.790234375 0.200390625 0.7890625 0.20078125 0.783984375 0.19609375 0.781640625 0.18125 0.748828125 0.17890625 0.730078125 0.17421875 0.723828125 0.1484375 0.648046875 0.13828125 0.574609375 0.13359375 0.569140625 0.13046875 0.554296875 0.128125 0.505859375 0.1328125 0.444140625 0.1421875 0.411328125 0.15703125 0.392578125 0.163671875 0.390625 0.171875 0.380859375 0.17265625 0.369140625 0.18671875 0.351171875 0.19453125 0.333984375 0.196875 0.323046875 0.19453125 0.305859375 0.21015625 0.251171875 0.23125 0.219140625 0.2359375 0.205859375 0.2421875 0.201171875 0.24140625 0.188671875 0.24765625 0.184765625 0.25078125 0.173828125 0.262109375 0.16953125 0.267578125 0.159375 0.279296875 0.15546875 0.288671875 0.14765625 0.300390625 0.13359375 0.333203125 0.10703125 0.345703125 0.09296875 0.356640625 0.090625 0.361328125 0.08203125 0.3734375 0.074609375 0.368359375 0.071875 0.341015625 0.07890625 0.330078125 0.078125 0.326171875 0.084375 0.314453125 0.0859375 0.312109375 0.090625 0.298046875 0.09453125 0.294140625 0.10234375 0.290234375 0.1015625 0.288671875 0.10703125 0.282421875 0.10859375 0.278515625 0.11484375 0.26640625 0.123046875 0.262890625 0.13125 0.236328125 0.1484375 0.235546875 0.15390625 0.195703125 0.18671875 0.16796875 0.220703125 0.165625 0.230859375 0.1375 0.288671875 0.11640625 0.320703125 0.1140625 0.330078125 0.109375 0.330078125 0.109375 0.341796875 0.0921875 0.383203125 0.0875 0.404296875 0.0734375 0.425390625 0.06015625 0.498828125 0.06328125 0.577734375 0.06953125 0.608984375 0.075 0.619921875 0.0765625 0.655859375 0.0859375 0.686328125 0.090625 0.691015625 0.1078125 0.737109375 0.14375 0.796484375 0.17421875 0.835546875 0.227734375 0.8765625 0.247265625 0.8875 0.253125 0.887890625 0.2515625 0.878515625 0.23671875 0.862109375