1 0.6570653988764045 0.587859760834671 0.6635863691813805 0.5823880168539326 0.6665144173354735 0.5673371444622792 0.6613172126805779 0.5346570914927768 0.639175272070626 0.49767484831460673 0.5999990762439807 0.49424737560192616 0.5827196388443018 0.4983750577849117 0.5778676460674158 0.503187183788122 0.5736105770465489 0.5334288266452649 0.574989974317817 0.5544959895666132 0.5847541235955056 0.5626009470304976 0.5945784349919744 0.5884351139646871 0.6570653988764045 0.587859760834671
1 0.5494544478330657 0.45961402247191013 0.5502336653290529 0.4322906420545746 0.5571893667736758 0.4264541163723916 0.5506232744783306 0.4186289526484751 0.5438571227929374 0.3946736075441412 0.5346676019261637 0.3846048394863563 0.49135393820224715 0.3824266524879615 0.472860551364366 0.41424249759229537 0.467923569823435 0.4154218354735152 0.4717413764044944 0.42703472471910114 0.46741435955056176 0.45807588202247196 0.46862377929373994 0.4718774686998395 0.5354181894060995 0.47731840529695024 0.5427687544141252 0.48078121508828253 0.5494544478330657 0.45961402247191013
1 0.630319727929374 0.4147254309791332 0.6360411829855538 0.4091837391653291 0.6409277881219904 0.37174646869983946 0.6394385746388442 0.3611429382022472 0.6349062423756019 0.35309288924558585 0.6234031685393259 0.34644706260032104 0.592292062600321 0.3429195601926164 0.5799947295345105 0.3591648113964687 0.5715099486356341 0.36406192696629214 0.5743582632423756 0.36833929133226323 0.5699011348314607 0.382450753611557 0.5700312463884429 0.39938044863563404 0.5746335272873194 0.40663098394863567 0.6194913113964687 0.4141808844301766 0.630319727929374 0.4147254309791332
1 0.7345664494382023 0.4294852744783306 0.7376095682182985 0.4269317945425361 0.7338015465489567 0.3967901813804174 0.7146478178170145 0.36248627447833065 0.7108600914927768 0.3597379895666132 0.6931308828250401 0.3597981524879615 0.682262599518459 0.3689177247191011 0.6838119759229534 0.3972504638844302 0.6942109157303371 0.4211208194221509 0.7174118683788122 0.42758162600321026 0.7345664494382023 0.4294852744783306
1 0.5773261789727127 0.3436242993579454 0.5790448081861959 0.31477183948635634 0.5683660746388443 0.2940995409309792 0.5348564261637239 0.2903621926163724 0.5230487327447833 0.30101084510433385 0.5201605505617978 0.3063975995184591 0.5222093515248797 0.31060501524879613 0.5183719735152488 0.33604957303370786 0.5208555048154093 0.33989220626003214 0.5388096003210273 0.34186580337078654 0.5773261789727127 0.3436242993579454
1 0.6474931548956662 0.31512085714285715 0.6482625874799358 0.30632620064205457 0.6464634991974317 0.29005612279293735 0.6393476051364366 0.27009834911717495 0.6305379085072231 0.264896613964687 0.6114195160513644 0.26241833788121993 0.6071376203852328 0.30675640208667737 0.6425561725521669 0.3163001950240771 0.6474931548956662 0.31512085714285715
1 0.6078468908507223 0.2802325361155698 0.6121490818619583 0.2632878001605137 0.6318421019261637 0.26380226565008025 0.6267201011235954 0.2532837247191011 0.6030144686998395 0.2479872150882825 0.5975028579454253 0.2511303643659711 0.5947545738362761 0.2549180898876405 0.5929359141252006 0.2757054590690209 0.6005113659711075 0.2812020288924558 0.6078468908507223 0.2802325361155698
1 0.5953292014446228 0.25295427849117175 0.6003910401284109 0.24574360995184588 0.5911714382022472 0.22681023675762438 0.5665963426966293 0.22224329293739967 0.561884246388443 0.22545639004815407 0.5598256605136437 0.2397776974317817 0.5619594502407704 0.24761790208667736 0.5908968996789726 0.2529693194221509 0.5953292014446228 0.25295427849117175
1 0.6414159767255216 0.23724831861958265 0.6405863812199036 0.22831376565008024 0.6294879566613162 0.2124385521669342 0.6084057528089888 0.20938564686998395 0.6070067841091493 0.2253759309791332 0.6109494478330658 0.23095749036918137 0.6169958194221509 0.23551464847512038 0.6356095321027287 0.23915722231139644 0.6414159767255216 0.23724831861958265
1 0.41087228731942216 0.32624175280898876 0.43433799277688606 0.3250721998394864 0.4476499406099519 0.32945938041733547 0.46102658105939004 0.3100860200642055 0.46409452648475125 0.2934361187800963 0.4591274630818619 0.2857508515248796 0.44864878892455856 0.2812087343499197 0.42104561556982345 0.28362757303370784 0.4109068988764045 0.29361660754414126 0.40050342857142857 0.3112360016051364 0.40282223756019264 0.3307740842696629 0.41087228731942216 0.32624175280898876
1 0.47355333065810595 0.25438477849117175 0.4786851171749598 0.2463745963081862 0.4804639093097914 0.23525134590690208 0.4742626003210273 0.22786091332263242 0.44599980898876407 0.22861077528089885 0.43492168138041737 0.2401288900481541 0.4335926613162118 0.2553196597110754 0.47355333065810595 0.25438477849117175
1 0.32194409149277686 0.5645826998394864 0.3234430898876404 0.5566575056179774 0.3268104004815409 0.49975210032102724 0.31188438362760834 0.49079272150882824 0.27416731861958266 0.48910417335473516 0.26649709309791336 0.4985035393258427 0.26767643097913324 0.5034405216693418 0.26342914767255216 0.5151534406099518 0.26233026886035316 0.555338995987159 0.26561331460674154 0.5592515778491172 0.3022510706260032 0.5640682343499197 0.31672731621187805 0.5689600939004815 0.32194409149277686 0.5645826998394864
1 0.31183165088282505 0.6893768635634029 0.31267103210272873 0.6797826934189406 0.30865316532905296 0.6520396227929374 0.30403584349919743 0.6403567849117174 0.3064840385232745 0.6123737881219904 0.2999329871589085 0.608980926163724 0.29051858105939005 0.5968783980738362 0.2596173202247191 0.5909523523274478 0.25086778651685393 0.6034798266452649 0.25461564526484753 0.6158922303370786 0.2533167062600321 0.6399476051364367 0.2604626821829855 0.6687699831460675 0.2681930714285714 0.6770998266452648 0.2910991894060995 0.6823263876404494 0.3069646171749599 0.6897566869983949 0.31183165088282505 0.6893768635634029
1 0.36703890288924557 0.3207955601926164 0.38107516051364365 0.30309117736757624 0.3797957929373997 0.2900891043338684 0.3702565304975923 0.28401790690208667 0.34637113402889247 0.2899845449438202 0.33205508186195826 0.31088698475120385 0.3307260617977528 0.32607775441412523 0.36703890288924557 0.3207955601926164
2 0.376596106741573 0.5891021613162118 0.3797091741573034 0.5857491669341894 0.38334649277688604 0.5441744285714286 0.38088778651685395 0.5262353739967897 0.37708502006420547 0.5190547873194221 0.37315739807383624 0.5179055304975922 0.3691049189406099 0.5227876051364366 0.36171974237560195 0.5519499398073837 0.36949525361155694 0.5735766902086677 0.3706347239165329 0.5881777913322632 0.376596106741573 0.5891021613162118
1 0.20161829133226322 0.6507316235955056 0.1956516540930979 0.626846227929374 0.1843682110754414 0.599273135634029 0.17322991974317817 0.5930620409309791 0.1579692014446228 0.5925325353130015 0.15418147512038524 0.5897842504012841 0.15165807704654896 0.5956057359550562 0.15557591412520064 0.6152837158908507 0.1671790176565008 0.629994632423756 0.17318552247191013 0.6442159093097913 0.20025919020866775 0.6570577889245586 0.20161829133226322 0.6507316235955056
1 0.3319360264847512 0.8325245176565007 0.33358996308186195 0.8274325979133227 0.3333199550561798 0.8121019317817014 0.32562943258426963 0.7941079695024077 0.31586528410914927 0.7860030120385232 0.2817358852327448 0.7709325674157304 0.26291232744783305 0.7696885369181381 0.2677297086677367 0.7975015553772071 0.27816851524879616 0.8117077921348315 0.3235761019261637 0.8313903025682183 0.3319360264847512 0.8325245176565007
1 0.30453816853932586 0.8740345634028893 0.3030489550561798 0.8634310337078652 0.29639787399678974 0.8519730818619582 0.26741530337078656 0.8333247568218298 0.2472574695024077 0.824310470304976 0.24188575601926166 0.8258545906902087 0.24330502086677366 0.8372576348314607 0.25061571910112357 0.8503845634028893 0.2972026436597111 0.8750040561797753 0.30453816853932586 0.8740345634028893
1 0.21310940529695022 0.48255384751203856 0.22296307303370785 0.45280184349919744 0.22548121669341892 0.42401933226324234 0.21976954654895667 0.4110323001605137 0.21250397030497592 0.41120227849117175 0.19829773354735153 0.4216410858747993 0.18869377768860354 0.43933042776886033 0.18766484751203852 0.4787164695024077 0.2098413996789727 0.4830735674157304 0.21310940529695022 0.48255384751203856
3 0.18392677367576246 0.44777534189406104 0.1974982191011236 0.42157113723916534 0.21220913563402888 0.409968032905297 0.2205239382022472 0.397805341894061 0.2318766051364366 0.3601281444622793 0.24394905216693416 0.34184913322632426 0.248236202247191 0.32047209470304977 0.2577303426966292 0.3132463852327448 0.27050227367576246 0.2869722319422151 0.2790570032102729 0.2812756027287319 0.28650234349919745 0.2698424767255217 0.28713187961476727 0.26264684911717495 0.2817300842696629 0.2553263651685393 0.2768630505617978 0.2557061886035313 0.26302159711075446 0.2665797271268058 0.2507490906902087 0.2687285577849117 0.23488891733547348 0.2842592841091493 0.23023172953451043 0.2822405650080257 0.225334613964687 0.2737557841091493 0.2046773563402889 0.2888668202247191 0.20175909309791332 0.2853889695024077 0.19769157383627609 0.28583874157303374 0.1857439831460674 0.2980864221508828 0.15251485393258427 0.35560179213483145 0.15480358105939004 0.3662752704654896 0.15249528250401284 0.3926592391653291 0.14702879454253612 0.40909929534510436 0.15251557865168539 0.4200525674157303 0.15299543258426965 0.43298469181380417 0.16997024959871587 0.4461514871589085 0.17826022632423758 0.4480852174959871 0.18392677367576246 0.44777534189406104
3 0.29746540128410914 0.2458269695024077 0.30129299357945427 0.23891113563402888 0.3038013515248796 0.22865734751203853 0.3071393057784912 0.22733811316211877 0.30863830417335475 0.21941291894060994 0.31702305537720704 0.2064507134831461 0.3172878081861958 0.1988203547351525 0.3084382439807384 0.20328273836276084 0.29577612841091494 0.2190932584269663 0.28985986837881217 0.23146579534510434 0.29259836757624397 0.24620679293739967 0.29746540128410914 0.2458269695024077
3 0.33805560674157303 0.23769646067415728 0.3568190016051364 0.22121128250401284 0.3746828523274478 0.1965910650080257 0.3776710642054575 0.19926940128410914 0.38180853210272875 0.1980201147672552 0.42173386436597116 0.16525960353130015 0.48547464526484746 0.12733196869983948 0.4879980433386838 0.12151048314606741 0.4791183980738363 0.11710826243980739 0.46451729695024074 0.11824773354735153 0.45293448956661314 0.1309301452648475 0.441671341894061 0.13075038121990368 0.4152475064205458 0.13810620224719103 0.4106903483146067 0.14415257383627608 0.40198068057784914 0.1470159293739968 0.393301095505618 0.15874388924558586 0.36513833467094703 0.16755884189406098 0.3318738683788122 0.19324858105939005 0.31335565489566614 0.23916084751203853 0.33805560674157303 0.23769646067415728
3 0.06824910192616372 0.6189224839486356 0.07402546548956662 0.6081489759229534 0.07354561155698235 0.5952168515248796 0.08581811797752809 0.5930680216693419 0.08658755136436597 0.5842733651685393 0.07932124959871589 0.5199925682182985 0.08317819903691813 0.45749056340288924 0.08629126645264848 0.45413756902086677 0.08870484991974317 0.458779716693419 0.08758567495987159 0.47157194382022466 0.0927625834670947 0.4768586685393258 0.09725504895666132 0.4945728370786517 0.10002815971107544 0.47668868940609954 0.11697742616372392 0.4395011316211878 0.12415275762439806 0.4127373386837881 0.15153557544141252 0.36679499117174963 0.15359416131621187 0.352473683788122 0.17634987239165328 0.31337722150882824 0.18244589646869983 0.28974153772070627 0.19644228731942215 0.2817012736757625 0.20193885714285714 0.2741258218298555 0.21464609470304974 0.2716122086677368 0.2193830176565008 0.25430269020866775 0.23501830417335473 0.23673820385232744 0.2429284566613162 0.2338048996789727 0.2356230136436597 0.2436389967897271 0.24036519101123593 0.24929050401284109 0.24971943499197433 0.24366382343499196 0.2787614438202247 0.21559058186195826 0.28493267174959874 0.2141164093097913 0.2889001613162119 0.2056015473515249 0.3044105914927769 0.1940683916532905 0.3082381845906902 0.18715255698234348 0.3199909703049759 0.18173572150882825 0.32446313964686996 0.1720565617977528 0.33245828170144465 0.17275604654895665 0.33796989245585873 0.16961289727126805 0.34185239245585874 0.157465246388443 0.35565397913322633 0.15625582744783306 0.3585421605136437 0.15086907303370786 0.3624697833065811 0.15201832985553773 0.3744324149277689 0.1442029510433387 0.3873645393258427 0.14372309791332263 0.39262118218298553 0.12968158426966292 0.42255294943820226 0.1282721051364366 0.4390877800963082 0.11884265730337079 0.44116140690208666 0.10895365248796147 0.42228294141252004 0.1129414382022472 0.39409009871589085 0.11289178571428571 0.3886634775280899 0.11966772311396469 0.3745121492776886 0.12487471348314608 0.36411846388443014 0.12396538362760835 0.3517060609951846 0.12771324237560192 0.34113261235955056 0.13806706019261636 0.3161679077046549 0.14716180658105937 0.3117506460674157 0.1516091492776886 0.3002077054574639 0.15462744221508828 0.281748930176565 0.15381814285714288 0.27407870385232747 0.1632175088282504 0.24037950722311394 0.18927203130016051 0.23488293739967894 0.19684748314606743 0.235332709470305 0.20091500240770466 0.22858685393258424 0.20435298555377207 0.22780238041733547 0.20871533948635632 0.2216311524879615 0.2101895120385233 0.21905284590690208 0.22124281380417335 0.20490151685393257 0.22644980417335472 0.20094906821829855 0.2393969695024077 0.18874651043338686 0.24074628571428572 0.18362976404494383 0.25318877046548954 0.16336211556982344 0.25463811637239164 0.15786554574638845 0.26221356821829855 0.15386797512038522 0.26186382584269663 0.1430696404494382 0.2701838836276083 0.12967795906902085 0.28512494141252004 0.12188287640449438 0.3005556380417335 0.10957050240770465 0.3123685874799358 0.09557936677367576 0.3433698772070626 0.0897029735152488 0.3460782953451043 0.08464639085072231 0.37624998956661315 0.07835030658105939 0.38375549277688603 0.07779071990369182 0.390151606741573 0.07394808587479935 0.39263513804173356 0.0664425834670947 0.38633905457463885 0.05362552969502407 0.39931630096308185 0.047359527287319424 0.41568640850722305 0.04373199438202247 0.4387324237560193 0.04055495906902087 0.5302967335473515 0.045432503210272875 0.5758389614767255 0.05493715409309791 0.6145353041733548 0.06555572471910112 0.6174783932584269 0.0646313547351525 0.6234397760834671 0.0690786974317817 0.6278570369181381 0.06824910192616372 0.6189224839486356
3 0.15597748394863564 0.7764456284109149 0.15608729935794544 0.7659819951845906 0.14763187479935796 0.7152929398073836 0.1486705906902087 0.6573781749598716 0.14165472632423756 0.6454854919743178 0.14409313563402887 0.6360312182985554 0.13832655778491174 0.6282760024077046 0.14414278812199036 0.6078383756019262 0.14210377367576246 0.5851022359550562 0.13182968940609952 0.5552005497592296 0.1155942231139647 0.5243744927768861 0.10680482263242376 0.5465660858747994 0.10846401364365972 0.5644351926163724 0.10403171107544142 0.5644502335473515 0.09760551605136436 0.5550260409309792 0.0922338025682183 0.5565701621187801 0.09108454654895666 0.5604977841091493 0.09218415088282504 0.5847630040128411 0.08870630016051363 0.5876812672552166 0.08604826003210272 0.6180628073836276 0.09055576565008025 0.6402092776886035 0.08891686998394864 0.6497335 0.10130970304975924 0.683043088282504 0.12527555858747993 0.7221989879614767 0.12981314606741573 0.7532100642054574 0.15350899277688604 0.7770352969502408 0.15597748394863564 0.7764456284109149
3 0.7802920666131621 0.7355984598715891 0.7905007319422152 0.7248099109149277 0.8448767584269663 0.6465869052969503 0.8534412736757625 0.6223615521669342 0.8628850361155699 0.5788779101123596 0.8583827857142858 0.5796924646869984 0.8566987680577849 0.5759197800963082 0.8598163659711077 0.5310770361155698 0.8485780449438203 0.5168008507223114 0.8418472295345104 0.5246711372391654 0.8350517215088283 0.556301963081862 0.8168832512038524 0.598216658105939 0.8023723940609951 0.6259499430176565 0.7853629654895666 0.6454082921348314 0.7658053113964687 0.6847845481540931 0.7587300096308187 0.7196134309791332 0.7759297126805778 0.7348139863563402 0.7802920666131621 0.7355984598715891
3 0.8146028587479937 0.44011290529695024 0.8133633579454254 0.4174467142857143 0.8228274173354735 0.4013564004815409 0.8233569229534511 0.38609568218298557 0.8214179382022472 0.371424632423756 0.8130828394863564 0.3561939959871589 0.8088852086677368 0.3397140730337079 0.7914305377207063 0.3136151532905297 0.7875879036918138 0.31609868459069024 0.7870283170144462 0.32249479855537716 0.7974926749598716 0.38705538924558586 0.8015203274478331 0.3962697359550562 0.8009110874799358 0.43085869181380415 0.8018106316211878 0.43899373113964685 0.8048687913322633 0.44087255296950234 0.8146028587479937 0.44011290529695024
3 0.788439246388443 0.48132811637239165 0.7857804807383628 0.4472588812199037 0.78759913964687 0.4264715120385233 0.7864198017656501 0.4215345296950241 0.7781847327447833 0.41436898314606746 0.7821522223113965 0.40585412118780095 0.7769204060995184 0.40579921348314607 0.7752363884430177 0.40202652808988765 0.7762856147672552 0.39003381540930976 0.7706988009630819 0.37101545264847513 0.7663214060995184 0.36579867656500803 0.7678903531300161 0.3570739686998395 0.7752958266452649 0.35530496227929376 0.7792633162118779 0.34679009951845907 0.7787834622792937 0.33385797592295346 0.7663304670947031 0.28281917817014446 0.7543174574638845 0.2543766235955056 0.7271287191011236 0.2290373507223114 0.7178143426966291 0.2249999125200642 0.7080103266452649 0.22655907463884428 0.6870725505617977 0.18041739165329054 0.679357202247191 0.1765198507223114 0.6719517287319422 0.17828885714285714 0.6604885216693419 0.16197891252006422 0.6472465224719101 0.15679221829855536 0.6372424470304976 0.14222119903691816 0.6146860706260032 0.13299706661316213 0.6133517953451044 0.12522681059390048 0.6070105890850722 0.11943540690208668 0.5905705329052969 0.11396891813804172 0.5989755802568218 0.12840004093097912 0.6096791404494382 0.13497591894060995 0.617649455858748 0.1497718242375602 0.6318609478330658 0.1622940433386838 0.6343595208667737 0.17056897913322633 0.6476316011235955 0.18462027768860353 0.6506498940609953 0.1961632191011236 0.6722969406099519 0.21578103611556984 0.6884474173354735 0.24297430417335475 0.6900366605136437 0.2616429245585875 0.6968426797752809 0.2759341500802568 0.7133128170144463 0.29026524317817015 0.7169109935794543 0.3228053988764045 0.7490021019261637 0.3795904783306581 0.7623644269662921 0.4202355906902087 0.7701700200642054 0.45072694622792936 0.7739080930979133 0.48166807303370784 0.7846116532905297 0.4882439510433387 0.788439246388443 0.48132811637239165
3 0.9122863892455858 0.7048506869983949 0.9346224093097913 0.6705513097913323 0.9534602825040128 0.6117768683788123 0.9627039863563402 0.5521630449438202 0.9593359510433388 0.5446176749598716 0.9612245585874799 0.5230307913322633 0.9581761837881221 0.5026232455858748 0.9523246171749599 0.49123524237560195 0.9452839269662922 0.4934389807383628 0.9410366436597112 0.5051518996789727 0.9356205329052969 0.5578498884430176 0.9127655176565007 0.6533320353130017 0.9132754526484751 0.6751287648475119 0.9016129109149278 0.7071394141252006 0.9122863892455858 0.7048506869983949
3 0.9039438595505619 0.4733066982343499 0.9070569269662921 0.46995370385232743 0.905817426163724 0.4472875120385233 0.9133327150882825 0.43505487239165325 0.9131025738362761 0.4100600866773676 0.896652007223114 0.35867154735152484 0.8855535826645264 0.3427963338683788 0.8718618113964687 0.3335421195826645 0.8681891565008026 0.343291227929374 0.8730967817014447 0.3976980609951846 0.8680800658105939 0.4182056364365971 0.8749710738362761 0.43612965008025684 0.8816469815409309 0.4334911805778491 0.888198032905297 0.43688404253611557 0.8897474085072232 0.46521678170144465 0.8928206091492776 0.47152790609951845 0.8979125288924559 0.473181841894061 0.9039438595505619 0.4733066982343499
1 0.8371945714285715 0.4811626685393258 0.8396480216693418 0.47614069743178167 0.8332015304975923 0.43932317656500797 0.8286691982343499 0.4312731276083467 0.8168863306581059 0.4278253579454253 0.8167915561797753 0.4427212937399679 0.8083767239165329 0.4468188948635634 0.808996474317817 0.4581519903691814 0.8166869959871589 0.47614595264847515 0.8327622696629213 0.48117770947030497 0.8371945714285715 0.4811626685393258
1 0.8708682174959872 0.4047537921348314 0.8725770617977529 0.3944300553772071 0.8651114253611557 0.3784698531300161 0.8566514703049759 0.3692705465489567 0.8434094711075442 0.36408385232744783 0.8447339614767255 0.3903828322632424 0.8537835850722312 0.40205062921348317 0.8652016701444623 0.40506366693418944 0.8708682174959872 0.4047537921348314
2 0.7098054301765649 0.7769640778491173 0.7198741990369182 0.7677745577849118 0.7345949012841092 0.7376427303370786 0.73354041894061 0.7266744173354736 0.7270893980738363 0.7313466460674157 0.7158164654895667 0.7496956059390049 0.704573613964687 0.7769091701444623 0.7098054301765649 0.7769640778491173