1 0.15893367583333334 0.34132171833333336 0.15421618083333333 0.33956317750000004 0.130268145 0.3733994641666667 0.11805429083333334 0.40182069249999997 0.12488480583333332 0.43976999583333326 0.13641248916666668 0.473214 0.17979109333333335 0.5679187575 0.20537532583333332 0.6112396191666666 0.2599446125 0.6867837466666666 0.29370529166666665 0.7215968566666667 0.3034106066666667 0.7230066158333334 0.3505188766666667 0.6858800708333334 0.3585790625 0.6757097125 0.35882906166666667 0.6673385483333333 0.34478999083333334 0.6457653133333333 0.2821983216666667 0.5749590066666667 0.23563393916666664 0.5063734358333334 0.18471547416666667 0.41136054916666664 0.15893367583333334 0.34132171833333336
1 0.6743645558333333 0.44896261916666663 0.6628397208333333 0.43347883333333337 0.6339534491666666 0.41461455166666666 0.6123395616666666 0.41612594166666667 0.5955419516666667 0.4327548583333333 0.5722536758333334 0.48199932333333334 0.551011745 0.5127225925 0.5423731041666666 0.5325401341666667 0.5252470374999999 0.5504450708333334 0.5277816000000001 0.5627983608333333 0.5037782816666667 0.6137635625 0.5048827591666667 0.6295583266666667 0.52245924 0.6479604133333333 0.5397828716666667 0.6567734458333334 0.5566995916666666 0.6597673549999999 0.571218335 0.6583344216666667 0.5797435641666666 0.6548144908333333 0.5971399566666666 0.6348022308333334 0.612795285 0.6078110875 0.6239103583333333 0.5995155316666666 0.6247010091666667 0.58692972 0.67620725 0.487260705 0.6783698558333333 0.4704021158333333 0.6743645558333333 0.44896261916666663
1 0.7396940491666667 0.5947606208333334 0.720803745 0.581462615 0.6998467691666667 0.580421965 0.6899495858333333 0.5882146733333333 0.6570925824999999 0.6439758266666666 0.6237124058333333 0.6922552500000001 0.6142018083333334 0.6996032416666668 0.6100859441666666 0.7124215741666666 0.5794496766666667 0.7521554416666667 0.5802053716666666 0.7629623858333333 0.5912651633333333 0.771795745 0.6125127908333333 0.7769929116666666 0.6262002316666667 0.7756181083333333 0.6364461975000001 0.77281322 0.648392575 0.7644595341666667 0.6761105408333333 0.7307773116666667 0.6852345525 0.7238740366666667 0.7361826633333334 0.6401160458333334 0.744763175 0.6194672 0.7455538258333333 0.6068813883333333 0.7396940491666667 0.5947606208333334
1 0.7834457733333333 0.3603041975 0.7980836258333333 0.3784940883333333 0.810864155 0.38804248999999996 0.8162385616666666 0.3872489908333333 0.8215345116666667 0.3793603475 0.826092245 0.3489683825 0.8253483308333334 0.290544625 0.8122568233333333 0.2705758658333333 0.7880299166666667 0.25263882249999997 0.7831786833333334 0.2609140525 0.7765221716666666 0.3449163458333333 0.7834457733333333 0.3603041975
1 0.10701806083333333 0.2977537058333333 0.13479130916666668 0.2469425683333333 0.13096324833333334 0.2459572 0.1180693075 0.25270641 0.07830618083333334 0.281383335 0.06106670166666666 0.31558588249999997 0.061531745 0.3222363091666666 0.10701806083333333 0.2977537058333333
1 0.7642509616666666 0.1335908975 0.7609781816666666 0.09873428583333334 0.7515228666666667 0.0889533625 0.7301008475 0.08126228583333334 0.7178666675 0.10341967333333332 0.7186223625 0.11422661666666668 0.762280225 0.14124701916666665 0.7642509616666666 0.1335908975
1 0.55934964 0.9126986250000001 0.581408245 0.9115738208333333 0.6523917908333333 0.8694362808333334 0.6690353366666667 0.856577295 0.6699044441666666 0.8510866275 0.6609141716666667 0.8479561316666667 0.634486855 0.8523102141666666 0.6004847216666667 0.8797489225 0.5519638441666667 0.908620565 0.55934964 0.9126986250000001
1 0.71511435 0.9122485983333333 0.7734364758333334 0.8801854816666668 0.7877401758333333 0.8637309566666667 0.7823076391666667 0.8636931525 0.7480148541666667 0.8869753441666668 0.7301330925 0.8940733366666666 0.7106671808333334 0.9083827333333333 0.7100683991666666 0.9117660774999999 0.71511435 0.9122485983333333
1 0.5903286058333334 0.9614898275 0.6059286524999999 0.9516275991666667 0.5879103041666667 0.950799145 0.52854183 0.9678988008333332 0.5291609383333333 0.9707792974999999 0.5376483633333333 0.9726919033333333 0.5505045000000001 0.9713752308333333 0.5903286058333334 0.9614898275
3 0.3151060725 0.10777544250000001 0.33465044083333334 0.10056118916666668 0.42611129000000003 0.08247046833333334 0.5207636133333333 0.07418099666666667 0.6410526033333332 0.07412325333333333 0.70319101 0.09066231916666666 0.7043682475 0.07763179083333333 0.71293128 0.0686793225 0.71318128 0.06030815833333333 0.6593937116666667 0.03775525166666667 0.6278797916666666 0.0290991325 0.5248912591666667 0.013745849166666666 0.42994828333333335 0.017878804166666665 0.3468004675 0.035388221666666664 0.2743258575 0.06217571416666667 0.22358139583333336 0.08911442416666666 0.1764528 0.11997712833333334 0.1425087966666667 0.14824714 0.09725785166666667 0.19401517499999998 0.08865701416666667 0.20840018000000002 0.082625695 0.21174572 0.061595960000000005 0.2395303625 0.05635814 0.24825030916666668 0.05659066166666667 0.2515755225 0.06080530916666666 0.2521161733333333 0.0657146725 0.2446722475 0.10750666583333335 0.209170505 0.16082064583333333 0.17119232999999998 0.19325895499999998 0.1572288666666667 0.23586477416666668 0.13336537166666665 0.27982507 0.11692547666666667 0.2918295775 0.10940309333333334 0.3151060725 0.10777544250000001
3 1 0.4825396175 0.9948582233333334 0.409008785 0.9920330091666667 0.39249897833333336 0.9794008483333333 0.34326021 0.9588800441666666 0.2887254925 0.9223494325 0.22027366 0.8931318566666666 0.18472518083333334 0.8444251941666667 0.13926204 0.8434398258333333 0.14309010083333334 0.8612110233333334 0.17024993833333332 0.9281624716666667 0.30340399749999997 0.9795516775 0.4409877483333333 1 0.505652835 1 0.4825396175
3 0.044817126666666665 0.740253865 0.07318592083333333 0.7875568525 0.11580313416666667 0.83553423 0.1722240475 0.8837994108333334 0.20472618416666669 0.9065876875 0.24575355000000002 0.9258560333333332 0.2446490725 0.9100612691666666 0.23975718666666665 0.9058088175000001 0.2359494525 0.91108729 0.22933683000000002 0.9061197958333335 0.22537218166666667 0.89720798 0.1949570425 0.8684261883333333 0.08624855666666666 0.7473811166666667 0.054612679166666664 0.7011419541666667 0.047689077499999996 0.6857541025 0.03399878916666667 0.6691686875 0.0077926 0.6050071116666668 0.005853874166666667 0.6011746808333334 0.0093495225 0.6511647891666666 0.016000766666666666 0.6746040733333334 0.044817126666666665 0.740253865