1 0.5900151981132076 0.7314530703259006 0.6093921252144082 0.7228112152658662 0.616201000857633 0.7046287924528302 0.614662782161235 0.6909662092624357 0.6064677066895369 0.6741230926243568 0.572640795025729 0.6304484811320755 0.5561985960548885 0.6137532607204117 0.5279319468267581 0.5991430085763293 0.5224196080617496 0.582697716981132 0.5152659862778731 0.579169345626072 0.43984737135506 0.5959511355060034 0.4288165085763293 0.6074756698113207 0.4033784296740995 0.6163154065180103 0.3969673782161235 0.6318150926243569 0.39671229416809606 0.679757552315609 0.418021140651801 0.7117056226415094 0.4373460197255575 0.7200547795883362 0.45686878044596907 0.7344650883361922 0.473608832761578 0.7528495162950257 0.5042624279588337 0.751363345626072 0.5900151981132076 0.7314530703259006
1 0.2779854648370498 0.5966241303602058 0.2821116037735849 0.5780438833619211 0.26249815008576327 0.5013828404802745 0.2678656861063465 0.4873734493996569 0.2524649408233276 0.4839929734133791 0.22773078730703256 0.4326190205831904 0.21869007718696398 0.4233273499142367 0.21347352915951973 0.4233763053173242 0.1707945102915952 0.4430938542024013 0.16517910720411663 0.45322806603773585 0.15836713807890224 0.49361804802744425 0.16740063121783877 0.5547273576329331 0.18532900171526587 0.6020761740994854 0.1919358730703259 0.607442679245283 0.22343407118353348 0.6058075814751286 0.2779854648370498 0.5966241303602058
1 0.3098541835334477 0.4316368310463122 0.33429873156089196 0.4221014176672384 0.3381249562607204 0.4166370034305317 0.33554631475128643 0.3822571552315609 0.3236770334476844 0.3495154974271012 0.29908871355060035 0.3211937075471698 0.28458152658662095 0.32288085334476846 0.24905716037735848 0.3387242538593482 0.2270454202401372 0.35958735162950256 0.22306717667238424 0.3864147221269297 0.22663934819897086 0.42149024785591765 0.23885749828473413 0.4463326209262436 0.24958844682675815 0.4479239185248713 0.3098541835334477 0.4316368310463122
1 0.23450926672384223 0.27597469210977704 0.23957998113207546 0.25287357375643227 0.23878639451114922 0.24343400857632935 0.23421656861063464 0.2372728859348199 0.22343563464837052 0.2378675600343053 0.1959594794168096 0.25490443396226414 0.18249168439108063 0.2847113636363636 0.18129821097770155 0.29275957461406515 0.184923461406518 0.30344156861063465 0.23450926672384223 0.27597469210977704
1 0.15346596998284734 0.369513372212693 0.17353960463121784 0.35247546740994856 0.17731790566037736 0.3343919854202401 0.17697315951972556 0.31268119039451114 0.17026837907375642 0.296881590051458 0.16167341680960548 0.2975262504288165 0.14711521355060034 0.30880188765008576 0.13439411234991422 0.328026795025729 0.12713536363636363 0.3658829674099485 0.13165417238421956 0.3816325823327616 0.15346596998284734 0.369513372212693
1 0.16569286706689537 0.6882705677530017 0.12735127015437392 0.5992362624356775 0.12019764837049741 0.5957078910806175 0.10569046140651801 0.5973950360205832 0.0990815283018868 0.6068335703259006 0.10434290737564322 0.64161124271012 0.12614542538593482 0.6961147118353345 0.13275229674099484 0.7014812169811321 0.1689692478559177 0.706851846483705 0.16569286706689537 0.6882705677530017
1 0.12492052401372213 0.5731035377358491 0.1270575420240137 0.5679369759862779 0.11559227101200685 0.4880974622641509 0.10546321440823327 0.4454694596912521 0.10114125557461406 0.4431835154373928 0.08131754974271013 0.4492915600343053 0.07778917753001714 0.4564451818181819 0.08016993825042883 0.4847638782161235 0.07792985677530018 0.5165099442538593 0.08909933619210977 0.5798552118353345 0.12492052401372213 0.5731035377358491
1 0.11241792367066894 0.4503391998284734 0.11013713550600344 0.41764855831903946 0.10238986963979417 0.3959367332761578 0.0838565154373928 0.4118321818181818 0.07808909262435679 0.44332934905660376 0.08176432847341339 0.4518253704974271 0.09269522041166381 0.44467277958833623 0.10198585934819898 0.4430345891938251 0.10883956689536879 0.4596787933104631 0.11241792367066894 0.4503391998284734
1 0.10229092881646656 0.3929061578044597 0.10651807118353344 0.3625514459691252 0.10249602744425386 0.3471496698113208 0.09086945883361922 0.35529579073756434 0.08247134648370498 0.3694041217838765 0.0765549974271012 0.4000566861063465 0.07829109777015437 0.41978042109777014 0.10229092881646656 0.3929061578044597
1 0.09156513550600344 0.35430226072041165 0.10269493910806175 0.3458083010291595 0.10543178644939966 0.31441007375643226 0.08953221355060034 0.3254867984562607 0.08033742195540308 0.3523631243567753 0.07780154974271011 0.3676149433962264 0.08053324185248713 0.37322931560891937 0.09156513550600344 0.35430226072041165
1 0.10970478987993139 0.31147946998284737 0.11666362349914237 0.2867391303602058 0.11472654888507718 0.28316180445969125 0.10896325042881647 0.28504889279588336 0.0978824013722127 0.2987593996569468 0.08908543481989709 0.32295298799313893 0.10970478987993139 0.31147946998284737
1 0.17728029159519726 0.24774771869639792 0.18344244511149227 0.23577537392795883 0.1831956089193825 0.22449767495711836 0.17479955917667236 0.22380096655231563 0.15939675214408233 0.23522553001715266 0.1433461912521441 0.2602626912521441 0.14329517495711835 0.26985118353344767 0.17728029159519726 0.24774771869639792
1 0.03168897512864494 0.427126769296741 0.03273661492281304 0.39602639451114924 0.027817920240137222 0.3977645566037736 0.021804692967409948 0.4105815060034306 0.01911783190394511 0.43979376072041165 0.02209842195540309 0.44188079245283024 0.03168897512864494 0.427126769296741
1 0.5347830600343053 0.9911297547169812 0.5373179022298455 0.9832804554030875 0.4738778181818181 0.9618092795883363 0.40308210720411664 0.9603586612349915 0.39697096998284737 0.96274251457976 0.4079987401372213 0.9734255385934819 0.4544478121783877 0.9948446663807891 0.47054423499142367 0.9972316123499142 0.5140158096054889 0.9943561492281304 0.5347830600343053 0.9911297547169812
1 0.6030063156089194 0.9137854056603772 0.6117512349914236 0.9065828293310464 0.6120511492281304 0.8934669965694683 0.6031593653516295 0.8850199296740996 0.5864672375643224 0.8792545694682675 0.5062298987993139 0.893402577186964 0.4956999245283019 0.8756648713550601 0.490384436535163 0.8726832504288164 0.4753304991423671 0.8762085291595197 0.4553568353344768 0.8888744897084048 0.4548590394511149 0.8959291706689537 0.4645943953687822 0.9116298310463122 0.49812654716981136 0.9314076758147513 0.5365305008576329 0.929425770154374 0.6030063156089194 0.9137854056603772
1 0.670517397941681 0.9558749056603774 0.6918324296740994 0.9434078567753001 0.6930758885077187 0.9331736740994855 0.6695769459691252 0.9307856963979416 0.5963432727272727 0.9550199922813035 0.5878962058319039 0.9639117761578045 0.5901311329331046 0.9691783096054889 0.6102016749571183 0.9743479648370498 0.6199890789022299 0.9730576123499143 0.670517397941681 0.9558749056603774
1 0.6933196320754718 0.9666589322469983 0.7292418224699828 0.948132795025729 0.7375399631217838 0.9383964073756433 0.7352060951972555 0.9300992984562607 0.7171215814751286 0.9337235171526586 0.676131769296741 0.9531432135506003 0.6585919451114923 0.9697343387650086 0.6605290188679245 0.9733116655231561 0.6672358619210979 0.9743062264150943 0.6933196320754718 0.9666589322469983
3 0.8271730668953687 0.8812256655231561 0.8453585823327615 0.8658269828473414 0.8933082590051459 0.8142644271012007 0.8919679219554032 0.8066629948542025 0.8980311355060034 0.7916600746140652 0.8899329382504289 0.7926525728987993 0.8854610222984564 0.7969245463121784 0.8843685514579761 0.7931982933104631 0.9012137298456262 0.7701981775300172 0.9047431329331047 0.7556420360205832 0.9027591655231562 0.7320431217838765 0.8967969554030875 0.7352715789022298 0.8915783456260721 0.7501255737564323 0.8732918267581475 0.7772987212692968 0.8720504296740995 0.7727278644939966 0.8794050257289879 0.7601098276157804 0.8842268421955403 0.740536050600343 0.8508364005145798 0.773420448542024 0.8017911603773585 0.8434643104631218 0.8023368799313894 0.8490286972555746 0.8124721226415095 0.8472415806174958 0.8159494777015438 0.8496764502572899 0.8082970283018868 0.8606052795883362 0.821608680102916 0.88177138593482 0.8271730668953687 0.8812256655231561
3 0.7170097710120069 0.6663881989708405 0.7379280094339623 0.6492013679245283 0.7447399785591766 0.6088113850771869 0.7320791732418526 0.5518251217838765 0.7358564425385935 0.5411441595197256 0.7574183104631218 0.5399548104631218 0.7598531809605489 0.5364774554030874 0.7616444219554032 0.5170026183533448 0.7562830711835334 0.4865968902229846 0.7429714193825042 0.46543078473413374 0.733387051457976 0.4357696886792453 0.7131186277873071 0.4245388825042882 0.691013102058319 0.4053588053173242 0.6630922289879931 0.4050568284734134 0.6489339116638079 0.3988446886792453 0.6446609082332762 0.40177529331046313 0.6418771689536877 0.4131519322469983 0.6348714425385934 0.4178706843910806 0.6262764802744426 0.4185153447684391 0.6069526320754717 0.4027636680960549 0.5859375145797598 0.4021148833619211 0.571230384219554 0.4125459176672384 0.5370973722126929 0.42640225814751287 0.5373941938250428 0.4354939845626072 0.5262633593481989 0.4513904639794168 0.5266591217838764 0.4635127667238422 0.5159261114922813 0.4767265094339623 0.5133902392795884 0.49197832847341344 0.5075269691252143 0.49823736106346483 0.507327025728988 0.5069812487135505 0.5295273687821612 0.5588019811320755 0.54905012864494 0.5732122890222985 0.562165961406518 0.5735122041166381 0.5818376483704975 0.588767115780446 0.5999190694682676 0.6073504562607204 0.6330503036020584 0.6520185977701544 0.6399539965694683 0.6664768293310463 0.6603703156089195 0.6859547590051458 0.6677728353344768 0.6859557898799313 0.7170097710120069 0.6663881989708405
3 0.4182267710120069 0.30541163379073755 0.4372568902229846 0.28986402401372213 0.459763333619211 0.28415380445969124 0.4796870120068611 0.2736738156089194 0.5539100917667238 0.2797452770154374 0.5577363156089195 0.2742808619210978 0.5568427572898799 0.2692132409948542 0.5442757375643225 0.2522701526586621 0.5404036509433962 0.23031046054888507 0.5250039373927958 0.2195274639794168 0.5009592744425386 0.21157510034305316 0.46171174871355064 0.2063034116638079 0.44382614751286453 0.20858626243567752 0.4286722384219554 0.21648348542024015 0.41029090308747856 0.21101597770154376 0.38733768010291597 0.21419238679245284 0.35136653516295024 0.22750197684391082 0.30654946740994854 0.2597886080617496 0.2944750883361921 0.27280343739279583 0.2980982770154374 0.29829047084048027 0.3098217238421956 0.30797996569468267 0.34713011406518013 0.32447936706689534 0.4182267710120069 0.30541163379073755
3 0.6866911432246998 0.40307286192109776 0.6863443353344769 0.39616710634648367 0.6650865060034306 0.3546305437392796 0.6376165368782161 0.32725229845626075 0.6207254965694683 0.3228283061749571 0.6172981277873071 0.3182074639794168 0.6399421569468268 0.3947695668953688 0.649976397084048 0.4047569133790737 0.6539015617495711 0.4023230746140652 0.6632411560891939 0.40590143224699826 0.680232167238422 0.40595348027444256 0.6866911432246998 0.40307286192109776
3 0.4659017753001716 0.44243941595197256 0.4696290591766724 0.4339444253859348 0.47265963464837046 0.4338454845626072 0.46972799914236707 0.43697500085763297 0.47250967753001716 0.4404034013722127 0.47698159262435674 0.43613142881646655 0.48180031646655236 0.43876521097770155 0.48567652658662086 0.4311148241852487 0.49039630960548886 0.4307180308747856 0.48746467409948546 0.43384754716981133 0.4902463516295026 0.43727594682675813 0.49203553087478563 0.4326061500857633 0.49938806518010287 0.4347931526586621 0.5015750677530018 0.4274406192109777 0.5072883807890223 0.4277395025728988 0.5045056723842195 0.4317136226415094 0.506293819897084 0.43444634562607204 0.5106168087478559 0.429329769296741 0.5147398550600344 0.4329570814751287 0.5193606972555747 0.4295297126929674 0.5233348173241852 0.4323124210977701 0.5333211337907375 0.42968070068610636 0.5733663704974271 0.41478187478559175 0.5887691775300171 0.4033573113207547 0.597364139794168 0.4027126509433962 0.6115224571183533 0.4089247907375643 0.6162922255574613 0.406342025728988 0.6178824922813035 0.4030135969125215 0.5993604785591767 0.3374813267581475 0.5844106363636364 0.3070245814751286 0.5623540651801029 0.2930610523156089 0.5243979219554031 0.2901742487135506 0.5071100883361921 0.28103047341337906 0.48028271698113206 0.27705222984562605 0.44162883447684387 0.28996399571183534 0.4183756972555746 0.30625623756432246 0.3562218413379074 0.32418254545454545 0.354282704974271 0.3354102590051458 0.3595971629502573 0.34579439965694686 0.4167220420240137 0.4080033962264151 0.45979063807890225 0.44482326929674104 0.4659017753001716 0.44243941595197256
3 0.3529068156089194 0.2263595205831904 0.38972256432247 0.21290100428816466 0.41496069982847344 0.21280515694682675 0.4173955703259005 0.20932780188679245 0.4141191895368782 0.1907465231560892 0.39196264665523156 0.1811549382504288 0.3659288627787307 0.18661626072041165 0.35167057375643224 0.18477606518010292 0.33562310548885077 0.18760566638078902 0.25314568524871356 0.23349974013722127 0.25910583447684393 0.24507632246998282 0.28980529159519725 0.2710142590051458 0.3529068156089194 0.2263595205831904
3 0.9161172118353345 0.420095833619211 0.9190019536878217 0.39694472984562607 0.9244174133790737 0.39555440651801027 0.9297349639794168 0.38373098799313893 0.9167252890222984 0.3346440094339623 0.8812601869639793 0.2816787590051458 0.871175961406518 0.27387738421955404 0.8525498516295026 0.2423271372212693 0.828357294168096 0.22612765008576333 0.8310858936535163 0.25394958233276155 0.8639641054888508 0.33175514322469984 0.8667426903945111 0.357391102915952 0.882781909948542 0.41378166037735853 0.8899844871355059 0.4225265797598628 0.8986794202401372 0.4175099751286449 0.9077201303602058 0.4268016457975986 0.9161172118353345 0.420095833619211
3 0.8768227924528301 0.3948025574614065 0.8629216209262436 0.32584291852487135 0.8395788216123499 0.2724819056603774 0.8324262307032589 0.2615510145797599 0.8201560325900514 0.25369965351629503 0.8212974579759863 0.26264245368782163 0.8153831715265866 0.2784899785591767 0.8179128576329331 0.30765327873070325 0.8275992598627787 0.3181373910806175 0.8357943353344769 0.33498050771869636 0.8471168653516294 0.3695602984562607 0.8600817092624357 0.38382064922813036 0.8621177238421955 0.390428551457976 0.8728976277873071 0.397236397084048 0.8768227924528301 0.3948025574614065
3 0.8216890969125215 0.30437483619210975 0.8171233953687822 0.2686036337907376 0.8199571209262436 0.25504102144082336 0.799292934819897 0.2316879125214408 0.7820550866209263 0.220358166380789 0.7797191569468268 0.22686609691252144 0.7699807075471699 0.23337299571183534 0.7716678533447685 0.24788018267581477 0.7653578036020583 0.2516054048027444 0.7710211303602058 0.2540902607204117 0.7609348430531733 0.26109392538593484 0.764908962264151 0.26387663379073756 0.7661003739279588 0.27063346226415097 0.7781716595197256 0.279826192109777 0.7928746655231561 0.29900523756432246 0.816372577186964 0.3087957349914237 0.8216890969125215 0.30437483619210975
3 0.7683373627787307 0.2610949562607204 0.7786225626072042 0.25274992281303604 0.7794681972555746 0.24519847684391083 0.7841379939965695 0.2469876552315609 0.8050052161234992 0.23938931646655234 0.759502781303602 0.19864427873070326 0.7431584922813036 0.1923821526586621 0.7291460077186964 0.2092221766723842 0.7311799605488851 0.23063511835334477 0.7658025205831904 0.26894425557461404 0.7683373627787307 0.2610949562607204
3 0.7262123113207547 0.22715673241852488 0.7247720017152659 0.22392724442538595 0.7290949914236707 0.2188106680960549 0.7312330394511148 0.20624158662092623 0.7438541689536878 0.19138862264150944 0.7538394545454545 0.19615942281303603 0.7470846878216123 0.18254579416809605 0.7258237658662092 0.16321679073756432 0.6811128550600343 0.1467163576329331 0.6719711423670669 0.14919915180102916 0.6687406234991424 0.15804198113207546 0.6752954468267581 0.18039949828473412 0.7101158885077187 0.22476978644939966 0.7157292298456261 0.2294406140651801 0.7231317495711835 0.2294416449399657 0.7262123113207547 0.22715673241852488
3 0.6784249631217839 0.18333113293310463 0.6761910677530018 0.17066207975986278 0.6789737761578044 0.16668795969125214 0.6757463499142368 0.15332322898799314 0.6842923576329332 0.1474620205831904 0.664222846483705 0.13488984648370497 0.6390357272727273 0.12539720154373926 0.6236349819897085 0.1220167255574614 0.6164803293310464 0.12589087392795884 0.6103671303602058 0.1430797667238422 0.6220895463121784 0.16017178130360207 0.6504051500857633 0.1799985806174957 0.6662037204116639 0.18069631989708407 0.6751954759862778 0.18477144253859348 0.6784249631217839 0.18333113293310463
1 0.8283335814751286 0.39638560720411664 0.8257528782161235 0.37681079931389366 0.8182534794168096 0.35897415265866206 0.7931194399656947 0.3250879768439108 0.7771240197255574 0.31092656603773583 0.7669398224699828 0.30749713550600344 0.7464714554030875 0.305010217838765 0.7339513284734134 0.3080887169811321 0.7336014279588337 0.3233905214408233 0.7496427101200686 0.36497603945111495 0.7766169451114923 0.38460392624356776 0.7845641543739279 0.39757186363636365 0.7939037478559177 0.4011502212692967 0.8108947598627787 0.40120226843910806 0.8283335814751286 0.39638560720411664
1 0.5447297332761578 0.2029863241852487 0.5460221475128645 0.19796868867924527 0.5375292186963979 0.17943636535162952 0.5222794622641509 0.16209545283018867 0.5069776569468267 0.16174555231560891 0.4974381200686106 0.16691108319039452 0.4962946329331046 0.17277332246998287 0.5019069425385935 0.1848466706689537 0.5134814639794167 0.19369156089193826 0.5391653473413379 0.2035320437392796 0.5447297332761578 0.2029863241852487
1 0.605788025728988 0.2035413233276158 0.6073782924528301 0.20021289451114924 0.5948112727272727 0.18326980617495714 0.5621237246998285 0.16334303602058317 0.545729449399657 0.15926688250428817 0.5440392109777016 0.16696725471698112 0.5469687847341338 0.17864277873070328 0.561720745283019 0.20303837221269297 0.6002236397941682 0.20408704288164667 0.605788025728988 0.2035413233276158
2 0.7293227375643224 0.7238712264150944 0.7398599288164666 0.6897912933104631 0.7314659408233276 0.6742895454545454 0.722126346483705 0.6707111878216124 0.7129346483704974 0.6753799536878216 0.7120390283018868 0.685117372212693 0.691913344768439 0.7191462890222985 0.697525655231561 0.7312196372212693 0.7293227375643224 0.7238712264150944
1 0.7072579185248714 0.7691278567753002 0.7142146903945111 0.7591925566037736 0.7294185849056604 0.7491093619210978 0.7316566054888507 0.7321683361921097 0.7305651655231561 0.721039563464837 0.726938884219554 0.7177600891938251 0.6977745531732419 0.7276922958833619 0.6822676500857633 0.7730988833619211 0.6963770128644939 0.7740944751286449 0.7072579185248714 0.7691278567753002