1 0.483203125 0.67421875 0.593359375 0.66484375 0.658984375 0.65078125 0.666796875 0.65078125 0.674609375 0.65625 0.686328125 0.65625 0.698046875 0.65078125 0.708203125 0.63828125 0.736328125 0.62421875 0.74296875 0.617578125 0.75078125 0.601953125 0.7578125 0.564453125 0.75703125 0.534765625 0.75 0.515234375 0.740234375 0.5046875 0.716796875 0.5015625 0.678515625 0.48671875 0.626171875 0.484375 0.570703125 0.48828125 0.496484375 0.503125 0.471484375 0.51953125 0.407421875 0.534375 0.384765625 0.5421875 0.366796875 0.55234375 0.35703125 0.560546875 0.34921875 0.576171875 0.34609375 0.596484375 0.35234375 0.626953125 0.36015625 0.646484375 0.369140625 0.6546875 0.400390625 0.67109375 0.423046875 0.67265625 0.431640625 0.68046875 0.441015625 0.68359375 0.46015625 0.683984375 0.474609375 0.68046875 0.483203125 0.67421875
1 0.471484375 0.8046875 0.4796875 0.798828125 0.48203125 0.792578125 0.4828125 0.776171875 0.4796875 0.766015625 0.451171875 0.73671875 0.377734375 0.7125 0.330078125 0.68203125 0.314453125 0.67578125 0.188671875 0.6375 0.18515625 0.639453125 0.19296875 0.676171875 0.21171875 0.726953125 0.222265625 0.7421875 0.247265625 0.75546875 0.256640625 0.765625 0.266796875 0.7703125 0.278515625 0.76875 0.306640625 0.7796875 0.355859375 0.79296875 0.406640625 0.80078125 0.423828125 0.81015625 0.44375 0.811328125 0.454296875 0.80625 0.471484375 0.8046875
1 0.782421875 0.7328125 0.826171875 0.70703125 0.841796875 0.70234375 0.8515625 0.693359375 0.8609375 0.680859375 0.86875 0.662890625 0.8734375 0.641796875 0.870703125 0.6296875 0.854296875 0.63046875 0.840234375 0.62734375 0.823046875 0.6328125 0.7515625 0.676953125 0.7296875 0.717578125 0.7234375 0.748828125 0.730078125 0.753125 0.75546875 0.753515625 0.769140625 0.74609375 0.782421875 0.7328125
1 0.93828125 0.533984375 0.94296875 0.519921875 0.94296875 0.483984375 0.939453125 0.46796875 0.926171875 0.47109375 0.9234375 0.480859375 0.91484375 0.489453125 0.91328125 0.531640625 0.9171875 0.545703125 0.9203125 0.545703125 0.926953125 0.53515625 0.93828125 0.533984375
3 0.239453125 0.21640625 0.262890625 0.2046875 0.271484375 0.20390625 0.310546875 0.1671875 0.326171875 0.1609375 0.33203125 0.153515625 0.32734375 0.145703125 0.34453125 0.128515625 0.35078125 0.112109375 0.36875 0.098828125 0.3703125 0.087109375 0.365234375 0.0828125 0.353515625 0.08359375 0.291015625 0.10703125 0.271484375 0.1265625 0.246484375 0.13828125 0.219921875 0.16015625 0.208984375 0.165625 0.16796875 0.219921875 0.1625 0.251171875 0.16953125 0.263671875 0.208203125 0.23515625 0.239453125 0.21640625
3 0.8 0.232421875 0.7890625 0.212109375 0.793359375 0.2109375 0.800390625 0.21640625 0.8015625 0.212109375 0.797265625 0.2109375 0.792578125 0.20390625 0.788671875 0.20390625 0.7890625 0.208203125 0.784765625 0.20859375 0.78359375 0.204296875 0.7875 0.200390625 0.771875 0.189453125 0.7625 0.176953125 0.7578125 0.164453125 0.74296875 0.147265625 0.737890625 0.1453125 0.726171875 0.13203125 0.698046875 0.115625 0.69453125 0.105078125 0.678515625 0.0953125 0.631640625 0.07890625 0.584765625 0.06875 0.515234375 0.06171875 0.477734375 0.0625 0.47265625 0.065234375 0.476171875 0.06953125 0.502734375 0.0734375 0.569140625 0.09453125 0.57734375 0.102734375 0.57734375 0.110546875 0.583203125 0.1140625 0.600390625 0.11796875 0.611328125 0.12578125 0.644140625 0.1375 0.670703125 0.1546875 0.674609375 0.15078125 0.682421875 0.1578125 0.694140625 0.15625 0.708984375 0.1640625 0.712890625 0.16953125 0.719921875 0.171875 0.730078125 0.18515625 0.737890625 0.1828125 0.737109375 0.1890625 0.742578125 0.18984375 0.748828125 0.19609375 0.7578125 0.195703125 0.75625 0.200390625 0.7734375 0.215234375 0.76875 0.219140625 0.768359375 0.2296875 0.771484375 0.225 0.788671875 0.228125 0.80078125 0.242578125 0.80546875 0.235546875 0.8 0.232421875
3 0.1953125 0.800390625 0.18984375 0.788671875 0.19296875 0.780859375 0.190625 0.773046875 0.1484375 0.727734375 0.1265625 0.682421875 0.1109375 0.660546875 0.099609375 0.65390625 0.090234375 0.6421875 0.082421875 0.64140625 0.0796875 0.650390625 0.0859375 0.676953125 0.11171875 0.735546875 0.160546875 0.79375 0.188671875 0.81640625 0.19765625 0.817578125 0.19375 0.808203125 0.1953125 0.800390625
2 0.3078125 0.317578125 0.31171875 0.317578125 0.32734375 0.280859375 0.33828125 0.263671875 0.334375 0.252734375 0.328515625 0.246875 0.31875 0.251171875 0.30625 0.277734375 0.296875 0.317578125 0.29921875 0.319921875 0.305859375 0.31171875 0.3078125 0.317578125
2 0.2953125 0.270703125 0.29375 0.264453125 0.287109375 0.25859375 0.27265625 0.273828125 0.265625 0.292578125 0.265625 0.305078125 0.26015625 0.325390625 0.271875 0.328515625 0.28046875 0.300390625 0.2953125 0.270703125
2 0.26015625 0.298828125 0.260546875 0.28125 0.2546875 0.283203125 0.23828125 0.305859375 0.23359375 0.332421875 0.235546875 0.33828125 0.24296875 0.325390625 0.246484375 0.325 0.25078125 0.335546875 0.25 0.341796875 0.25546875 0.343359375 0.2546875 0.314453125 0.26015625 0.298828125
2 0.705859375 0.19609375 0.696484375 0.19609375 0.696875 0.201953125 0.7078125 0.213671875 0.71484375 0.228515625 0.723046875 0.234375 0.73046875 0.235546875 0.71328125 0.202734375 0.705859375 0.19609375
2 0.608203125 0.12890625 0.5828125 0.122265625 0.58203125 0.130078125 0.589453125 0.13984375 0.597265625 0.13828125 0.603515625 0.14296875 0.6125 0.143359375 0.61328125 0.135546875 0.608203125 0.12890625
2 0.57734375 0.102734375 0.570703125 0.0984375 0.562109375 0.0984375 0.5609375 0.102734375 0.56484375 0.110546875 0.57109375 0.112109375 0.5765625 0.109765625 0.57734375 0.102734375
1 0.57578125 0.925390625 0.570703125 0.921875 0.515234375 0.925 0.502734375 0.9265625 0.49375 0.931640625 0.49140625 0.937890625 0.493359375 0.94140625 0.5078125 0.941015625 0.566796875 0.93671875 0.57578125 0.925390625