1 0.45183525122349105 0.49951774225122353 0.46440009624796086 0.5169202292006525 0.5532279551386623 0.520758720228385 0.5811785424143556 0.517322867862969 0.6084426517128875 0.5114006990212072 0.6219004893964112 0.4961787830342578 0.6267808197389886 0.46539690864600325 0.6260020375203915 0.43350167210440455 0.6232561272430669 0.4235564045676999 0.610520528548124 0.40941208890701464 0.5855685187601958 0.4023869494290375 0.5617298703099511 0.3897026982055465 0.4742749665579119 0.3908368409461664 0.4587576957585644 0.3985998058727569 0.45366219249592166 0.4256948939641109 0.45183525122349105 0.49951774225122353
1 0.40355624714518756 0.27523176264274063 0.4108444445350734 0.2764305008156607 0.49002585399673737 0.27731310277324633 0.5204627585644372 0.27319077243066886 0.5749944412724306 0.27686543719412726 0.5791934885807505 0.26687574959216964 0.5763160489396412 0.24385510766721044 0.5685957724306688 0.22752329363784665 0.5339546256117456 0.2183568075040783 0.4852954967373572 0.21172279037520392 0.4427685146818923 0.21276116639477977 0.4155897822185971 0.21705424959216968 0.4116895530179446 0.22134213784665577 0.4116930163132137 0.23686114029363783 0.4022686680261011 0.2686300432300163 0.40355624714518756 0.27523176264274063
1 0.19517346492659055 0.3161764168026101 0.2012611924959217 0.31690385154975526 0.23362600081566068 0.3071650986949429 0.2557894110929853 0.305059513050571 0.30251370880913536 0.28627194861337685 0.30817108890701467 0.27962580913539964 0.3254368515497553 0.23070708564437192 0.31373270065252856 0.22805174714518758 0.2752784331158238 0.22930356443719413 0.2659769551386623 0.2353503352365416 0.23708375938009787 0.2411871272430669 0.22611050734094615 0.24796306443719415 0.2109808955954323 0.26391414600326263 0.2019390106035889 0.28059266231647634 0.19448525530179445 0.30593059869494293 0.19517346492659055 0.3161764168026101
1 0.13189759135399673 0.5105210424143557 0.1352872911908646 0.5237671696574225 0.1411615766721044 0.5285673181076672 0.17374329037520392 0.5302748531810767 0.21412546247960845 0.5234066125611746 0.22278142006525287 0.5062994812398043 0.22804940864600326 0.48370572349102775 0.2312937259380098 0.4218004665579119 0.212899015497553 0.40654278955954326 0.20479627569331157 0.4053013629690049 0.15417001712887438 0.42061731484502446 0.14439723491027734 0.42786455546492663 0.140754867862969 0.4350246876019576 0.13223390293637846 0.48072619575856446 0.13189759135399673 0.5105210424143557
1 0.12571123980424145 0.6441487577487764 0.13442200815660685 0.6805435921696574 0.1431720008156607 0.7006048817292007 0.15123378466557913 0.710420352365416 0.16311042006525286 0.717577020391517 0.20666884991843393 0.7280276215334421 0.22025821615008154 0.7258810799347472 0.20288110032626427 0.6600363694942905 0.17852672756933116 0.6416076305057096 0.16334923246329525 0.635094751223491 0.12858002039151714 0.6283718931484503 0.12588026101141925 0.6331310856443719 0.12571123980424145 0.6441487577487764
1 0.2460143784665579 0.6863919004893965 0.2547678352365416 0.7219721924959217 0.2620168075040783 0.7395044763458402 0.26857757014681893 0.7467909412724307 0.29018603181076674 0.7552744135399674 0.3162087145187602 0.757454984502447 0.32885720473083196 0.7654688841761826 0.33408596900489396 0.7592086721044046 0.3814130995106036 0.7522960106035889 0.3830814102773246 0.7360478425774877 0.3781872259380098 0.704753707177814 0.371795484502447 0.6864495685154975 0.363648323817292 0.6782631835236541 0.3120298425774878 0.6657566133768352 0.27267565497553015 0.6685948278955954 0.24999652039151715 0.664955924959217 0.24566767618270802 0.6696297398042415 0.2460143784665579 0.6863919004893965
1 0.8158436011419249 0.4891905301794453 0.8209460318107668 0.4931334469820554 0.834707883360522 0.495488235725938 0.8438795652528548 0.4841255921696574 0.8423289290375204 0.4513731247960849 0.8273631435562806 0.4330280301794454 0.8160876084828711 0.42998676427406196 0.8126586835236541 0.43307418189233277 0.8158436011419249 0.4891905301794453
1 0.6688393539967373 0.28627593066884177 0.680934627243067 0.31263838907014685 0.7017712340946166 0.32026462969004893 0.7163903172920065 0.32184756362153344 0.7242796158238173 0.327161704730832 0.7467435766721043 0.32711382055464927 0.7413798197389886 0.3047796566068515 0.7321585228384991 0.28591883768352366 0.6901403384991844 0.2616636965742251 0.6748774657422512 0.2567799029363785 0.6651029518760195 0.25626764274061986 0.6641603433931484 0.2586685823817292 0.6688393539967373 0.28627593066884177
1 0.7469997063621533 0.3222265636215334 0.7541615709624796 0.33362843148450244 0.7851176623164764 0.3507695929853181 0.8058244722675366 0.35307996084828713 0.8019617365415987 0.3332748017944535 0.7950133148450245 0.3178002194127243 0.755566823817292 0.29122951468189234 0.7435621231647634 0.2865164747145188 0.7369177145187602 0.2886185962479609 0.7469997063621533 0.3222265636215334
1 0.808399629690049 0.36628339967373574 0.8285514910277325 0.3791828246329527 0.8334387479608483 0.3794389551386623 0.8357098915171288 0.37506569086460034 0.8273867822185971 0.3468589730831974 0.8123356199021207 0.33014296411092986 0.8003736076672104 0.32461538091354 0.808399629690049 0.36628339967373574
2 0.3553310171288744 0.8681370448613378 0.38589944942903753 0.8770900889070147 0.40930601876019573 0.8746412650897227 0.4051461957585644 0.8682974070146819 0.3834523572593801 0.8614430212071779 0.35580058890701466 0.8591770734094617 0.3553310171288744 0.8681370448613378
2 0.36398177895595435 0.8277514094616639 0.3986656141924959 0.8361033523654159 0.41585639070146824 0.8353707226753672 0.4303883654159869 0.8308232406199021 0.42858679445350734 0.8262365342577488 0.39986088907014683 0.8132961525285481 0.36650732055464924 0.810731385807504 0.36886730424143555 0.8202480383360522 0.36260882300163133 0.8227787748776508 0.36398177895595435 0.8277514094616639
1 0.6597992895595433 0.8873606704730832 0.6756171109298531 0.8816554070146819 0.7103776639477977 0.8495807585644372 0.7184342520391517 0.836117725122349 0.7196312585644372 0.8210700269168026 0.6957551174551386 0.8324788221859707 0.6810541215334421 0.8480439763458402 0.6576117911908645 0.8823453482871125 0.6597992895595433 0.8873606704730832
1 0.09756158319738989 0.3318886867862969 0.11560959135399673 0.33038420228384996 0.1439853303425775 0.3110434208809135 0.16695289314845024 0.2624235163132137 0.16978071696574226 0.25522069575856443 0.16793645758564438 0.2514485318107667 0.13912863947797716 0.25565623817292005 0.12506970065252854 0.266762751223491 0.10822735807504079 0.2920170432300163 0.097131235725938 0.32451511256117455 0.09756158319738989 0.3318886867862969