1 0.7046875 0.694140625 0.71015625 0.679296875 0.72578125 0.655078125 0.734375 0.612890625 0.73515625 0.573828125 0.723046875 0.54921875 0.714453125 0.54609375 0.669921875 0.5484375 0.65078125 0.566015625 0.6 0.672265625 0.59609375 0.713671875 0.60390625 0.716015625 0.647265625 0.7109375 0.7046875 0.694140625
1 0.623828125 0.803125 0.6296875 0.796484375 0.6453125 0.762109375 0.653125 0.753515625 0.65546875 0.731640625 0.6484375 0.722265625 0.643359375 0.71796875 0.626171875 0.715625 0.575390625 0.72109375 0.557421875 0.7296875 0.528515625 0.765625 0.5171875 0.769140625 0.52734375 0.776953125 0.52109375 0.789453125 0.51953125 0.812890625 0.54375 0.815234375 0.596484375 0.81015625 0.623828125 0.803125
1 0.743359375 0.7890625 0.75546875 0.779296875 0.76015625 0.769140625 0.77734375 0.748046875 0.79296875 0.716796875 0.79609375 0.704296875 0.794140625 0.69765625 0.785546875 0.69765625 0.767578125 0.7046875 0.74140625 0.721484375 0.71640625 0.754296875 0.7015625 0.765234375 0.70234375 0.772265625 0.6859375 0.793359375 0.68125 0.804296875 0.68046875 0.808984375 0.68515625 0.809765625 0.726953125 0.796875 0.743359375 0.7890625
1 0.8109375 0.630078125 0.81640625 0.577734375 0.813671875 0.56484375 0.792578125 0.5640625 0.780859375 0.56875 0.775 0.576171875 0.76640625 0.609765625 0.7328125 0.698046875 0.728125 0.716796875 0.73046875 0.720703125 0.78671875 0.694140625 0.8109375 0.630078125
1 0.8296875 0.612109375 0.83828125 0.562109375 0.83515625 0.525390625 0.828515625 0.52109375 0.811328125 0.521875 0.80390625 0.525390625 0.79375 0.556640625 0.794140625 0.5625 0.812890625 0.5640625 0.81640625 0.568359375 0.81171875 0.623828125 0.8171875 0.626171875 0.82578125 0.620703125 0.8296875 0.612109375
1 0.84453125 0.472265625 0.83828125 0.423046875 0.833203125 0.415625 0.812109375 0.4046875 0.80546875 0.411328125 0.80390625 0.519140625 0.807421875 0.52265625 0.830078125 0.52109375 0.834375 0.523828125 0.83984375 0.537109375 0.8421875 0.532421875 0.84453125 0.472265625
1 0.7765625 0.475390625 0.77578125 0.444921875 0.77109375 0.423046875 0.76328125 0.405859375 0.755078125 0.39921875 0.716796875 0.3921875 0.71328125 0.396484375 0.709375 0.416015625 0.714453125 0.421875 0.729296875 0.4265625 0.73359375 0.432421875 0.73671875 0.458984375 0.74609375 0.478515625 0.74921875 0.517578125 0.753515625 0.52265625 0.759375 0.522265625 0.77109375 0.513671875 0.7765625 0.475390625
1 0.74375 0.523828125 0.74765625 0.505859375 0.74296875 0.469921875 0.734375 0.457421875 0.73359375 0.433203125 0.726953125 0.42578125 0.697265625 0.41640625 0.669921875 0.41484375 0.66796875 0.430859375 0.67109375 0.470703125 0.65625 0.517578125 0.6546875 0.555859375 0.659765625 0.55703125 0.666796875 0.5484375 0.676171875 0.54609375 0.714453125 0.5453125 0.725390625 0.54921875 0.73359375 0.564453125 0.73828125 0.566015625 0.7421875 0.556640625 0.74375 0.523828125
1 0.8859375 0.643359375 0.896875 0.597265625 0.894921875 0.58828125 0.881640625 0.5921875 0.875 0.601953125 0.86015625 0.662890625 0.86484375 0.664453125 0.877734375 0.65703125 0.8859375 0.643359375
1 0.82421875 0.776953125 0.846484375 0.7328125 0.839453125 0.734375 0.824609375 0.7453125 0.81015625 0.761328125 0.78515625 0.800390625 0.78359375 0.804296875 0.7859375 0.804296875 0.804296875 0.79375 0.82421875 0.776953125
1 0.55078125 0.933203125 0.541015625 0.92421875 0.470703125 0.925 0.46640625 0.927734375 0.465625 0.933203125 0.474609375 0.94375 0.50859375 0.945703125 0.541015625 0.94296875 0.55078125 0.933203125
1 0.431640625 0.81953125 0.390234375 0.80546875 0.344921875 0.78203125 0.319140625 0.775 0.310546875 0.76875 0.265234375 0.7640625 0.231640625 0.753125 0.21953125 0.753515625 0.221484375 0.7578125 0.244140625 0.771875 0.316796875 0.8046875 0.362890625 0.8203125 0.423828125 0.8359375 0.440625 0.835546875 0.4421875 0.831640625 0.431640625 0.81953125
2 0.3265625 0.731640625 0.315625 0.720703125 0.31171875 0.710546875 0.304296875 0.709375 0.29296875 0.721484375 0.2953125 0.733984375 0.30234375 0.747265625 0.306640625 0.75234375 0.32890625 0.752734375 0.33203125 0.748828125 0.3265625 0.731640625
1 0.1984375 0.459765625 0.21640625 0.438671875 0.221875 0.392578125 0.215234375 0.3859375 0.208203125 0.3859375 0.184765625 0.3953125 0.17109375 0.415234375 0.16015625 0.444140625 0.15703125 0.474609375 0.165234375 0.4796875 0.175 0.479296875 0.191796875 0.47578125 0.1984375 0.459765625
1 0.39453125 0.231640625 0.39921875 0.216015625 0.395703125 0.209375 0.386328125 0.20703125 0.37890625 0.211328125 0.3765625 0.220703125 0.36796875 0.230078125 0.365625 0.251953125 0.388671875 0.23828125 0.39453125 0.231640625
1 0.35078125 0.255859375 0.359375 0.233203125 0.3609375 0.216015625 0.358203125 0.2125 0.341796875 0.21953125 0.31171875 0.247265625 0.30546875 0.262890625 0.308203125 0.265625 0.315625 0.265234375 0.345703125 0.259375 0.35078125 0.255859375
1 0.5109375 0.158203125 0.5109375 0.150390625 0.501171875 0.14375 0.467578125 0.146875 0.44921875 0.164453125 0.451171875 0.16796875 0.46328125 0.168359375 0.506640625 0.16328125 0.5109375 0.158203125
1 0.77265625 0.348828125 0.757421875 0.328125 0.733984375 0.3171875 0.721484375 0.315625 0.70859375 0.337109375 0.7125 0.346484375 0.71171875 0.361328125 0.71640625 0.389453125 0.752734375 0.396875 0.7625 0.403515625 0.771484375 0.4171875 0.778125 0.417578125 0.78125 0.387890625 0.77265625 0.348828125
1 0.715625 0.263671875 0.7109375 0.247265625 0.701953125 0.234375 0.687890625 0.225 0.670703125 0.21953125 0.658984375 0.21796875 0.65546875 0.220703125 0.65234375 0.241796875 0.658984375 0.25703125 0.71171875 0.273828125 0.71484375 0.272265625 0.715625 0.263671875
1 0.76953125 0.273046875 0.757421875 0.2625 0.733203125 0.25234375 0.72578125 0.263671875 0.725 0.280078125 0.734375 0.313671875 0.769140625 0.33203125 0.78515625 0.337109375 0.7859375 0.314453125 0.76953125 0.273046875
1 0.85 0.449609375 0.8484375 0.423828125 0.84375 0.404296875 0.834765625 0.3890625 0.816015625 0.38203125 0.8125 0.404296875 0.83671875 0.419921875 0.84375 0.466015625 0.84765625 0.470703125 0.85 0.467578125 0.85 0.449609375
1 0.83984375 0.344921875 0.83203125 0.319140625 0.828515625 0.3140625 0.803515625 0.29921875 0.80078125 0.305859375 0.8015625 0.329296875 0.81171875 0.374609375 0.815234375 0.3796875 0.8453125 0.392578125 0.846875 0.387890625 0.83984375 0.344921875
3 0.3546875 0.695703125 0.37421875 0.647265625 0.3890625 0.620703125 0.42578125 0.591796875 0.43046875 0.582421875 0.434375 0.553515625 0.4328125 0.536328125 0.4234375 0.526171875 0.39765625 0.483203125 0.384765625 0.47421875 0.369140625 0.471875 0.350390625 0.4640625 0.339453125 0.465625 0.322265625 0.47421875 0.301953125 0.46875 0.291796875 0.47421875 0.269140625 0.4796875 0.25859375 0.494140625 0.24453125 0.506640625 0.234375 0.553515625 0.23515625 0.581640625 0.2390625 0.593359375 0.243359375 0.5984375 0.258984375 0.5984375 0.26328125 0.603515625 0.26484375 0.655859375 0.2765625 0.685546875 0.292578125 0.69609375 0.340625 0.708984375 0.347265625 0.7078125 0.3546875 0.695703125
3 0.30859375 0.462890625 0.31171875 0.420703125 0.31484375 0.412109375 0.314453125 0.3828125 0.30078125 0.396484375 0.28046875 0.429296875 0.27265625 0.472265625 0.274609375 0.47578125 0.2828125 0.476171875 0.301953125 0.47265625 0.30859375 0.462890625
3 0.47734375 0.464453125 0.5015625 0.429296875 0.5390625 0.365234375 0.54296875 0.350390625 0.529296875 0.33984375 0.508984375 0.3328125 0.498046875 0.334375 0.494921875 0.33125 0.480859375 0.33125 0.462890625 0.321875 0.424609375 0.31875 0.399609375 0.3296875 0.379296875 0.3453125 0.357421875 0.3515625 0.340625 0.366015625 0.33359375 0.405859375 0.3296875 0.469921875 0.334765625 0.471875 0.345703125 0.46796875 0.362109375 0.4703125 0.378515625 0.478125 0.380859375 0.48359375 0.400390625 0.48828125 0.43203125 0.536328125 0.45703125 0.507421875 0.47734375 0.464453125
3 0.566796875 0.32421875 0.588671875 0.315625 0.59453125 0.305078125 0.60078125 0.300390625 0.60234375 0.287890625 0.5984375 0.273046875 0.596484375 0.26953125 0.541015625 0.24140625 0.503515625 0.23515625 0.483984375 0.23671875 0.467578125 0.246875 0.452734375 0.2421875 0.435546875 0.24296875 0.408984375 0.25234375 0.380859375 0.26953125 0.36484375 0.286328125 0.365625 0.304296875 0.35625 0.330078125 0.361328125 0.33671875 0.364453125 0.33671875 0.387890625 0.3265625 0.408203125 0.32421875 0.419921875 0.31640625 0.424609375 0.31640625 0.434765625 0.3203125 0.464453125 0.321875 0.482421875 0.33046875 0.514453125 0.3328125 0.54765625 0.340234375 0.557421875 0.33515625 0.566796875 0.32421875
3 0.4625 0.222265625 0.459765625 0.21640625 0.45234375 0.219921875 0.44609375 0.231640625 0.44609375 0.241796875 0.45703125 0.243359375 0.46015625 0.241796875 0.4625 0.222265625
3 0.62109375 0.238671875 0.61484375 0.227734375 0.601171875 0.2140625 0.587109375 0.20546875 0.565234375 0.19765625 0.544140625 0.1953125 0.522265625 0.20234375 0.492578125 0.203125 0.47734375 0.216015625 0.477734375 0.240625 0.497265625 0.23515625 0.537109375 0.240625 0.580859375 0.26171875 0.598046875 0.26640625 0.60078125 0.270703125 0.6140625 0.255078125 0.62109375 0.238671875