1 0.7663640330188679 0.5271609182389937 0.7546594795597484 0.5257237798742138 0.7457748828616352 0.5206725511006289 0.7445288632075472 0.5082425133647799 0.7412570204402515 0.5058606132075472 0.720476251572327 0.5009328529874214 0.7052672460691823 0.5022336918238994 0.6990109882075471 0.49512898034591196 0.6761910652515724 0.5164851037735849 0.6682112397798742 0.5685738254716981 0.6827362492138365 0.5889708577044025 0.7129764701257861 0.5942680251572326 0.7299791902515723 0.610612911163522 0.7471458687106919 0.612720713836478 0.757700212264151 0.6009475110062893 0.768048108490566 0.5392487091194968 0.7663640330188679 0.5271609182389937
2 0.7353266823899371 0.37998579874213834 0.7222393097484276 0.3704581965408805 0.6971599567610063 0.36183436713836475 0.6754759150943397 0.3674886100628931 0.6780770935534591 0.3753326352201258 0.6888235550314465 0.38457280974842767 0.7080437161949685 0.38930895125786164 0.7176128073899372 0.3952362924528302 0.7279483726415095 0.39492120518867924 0.7370927374213836 0.38495504795597485 0.7353266823899371 0.37998579874213834
2 0.6845407971698113 0.47751091509433957 0.6655122539308176 0.47121416588050313 0.6554502869496855 0.4628501045597484 0.6445260369496856 0.4615087751572327 0.6340126831761006 0.4697227075471698 0.6214868364779874 0.4717490306603773 0.6234035204402516 0.47871694339622645 0.6327671635220126 0.47986665408805035 0.6358063977987422 0.4873684323899371 0.6433220062893082 0.4906674355345912 0.6772582971698112 0.491666018081761 0.6873884135220126 0.48657330031446544 0.6845407971698113 0.47751091509433957
2 0.6728284072327043 0.7406233498427673 0.6372356996855346 0.7402134528301887 0.610500429245283 0.7547522924528302 0.6181666658805032 0.7600499591194968 0.6275303089622641 0.7611996698113208 0.668557481918239 0.7496037562893082 0.6756621933962265 0.7433474976415094 0.6728284072327043 0.7406233498427673
2 0.619636304245283 0.36102840172955974 0.5896835110062892 0.35339032311320756 0.5757338561320755 0.3508854536163522 0.5560894677672956 0.35282979716981133 0.555418802672956 0.3582919221698113 0.5591835220125786 0.3631105424528302 0.569437106918239 0.3699139968553459 0.6102045117924528 0.37333547012578616 0.620526246855346 0.36668214465408805 0.619636304245283 0.36102840172955974
2 0.5989918349056603 0.32918708254716983 0.5777181902515723 0.3218226029874214 0.5597712083333334 0.31961899056603776 0.5469031139937107 0.3212072570754717 0.5437409095911949 0.32438329088050316 0.5584437083333333 0.3368814787735849 0.6000872256289308 0.3396184567610063 0.5989918349056603 0.32918708254716983
1 0.5906969221698113 0.3709402389937107 0.5708060959119496 0.3716662224842767 0.5644540283018868 0.3653418144654088 0.5515721045597485 0.36059184355345913 0.523659463836478 0.37181784984276733 0.5170071375786163 0.4066440833333333 0.5203886194968553 0.4145839182389937 0.5394309921383648 0.4272189048742139 0.5880972421383648 0.43081816666666667 0.5906969221698113 0.3709402389937107
2 0.5481654599056605 0.4528454544025157 0.5259060636792452 0.44060753459119495 0.5045504394654088 0.4403615959119497 0.4865762971698114 0.4480554921383648 0.4912309583333333 0.4585278561320755 0.5100678828616352 0.4663852114779874 0.5297670911949686 0.4672198356918239 0.5506160094339623 0.4586908160377358 0.5481654599056605 0.4528454544025157
2 0.5751293435534591 0.2525948624213836 0.5465455385220126 0.24670901022012576 0.5344167586477987 0.2519523561320755 0.5329657900943396 0.2573186721698113 0.5390714198113208 0.26242472012578616 0.5460941517295598 0.2632870031446541 0.5758276674528302 0.25980921305031446 0.5751293435534591 0.2525948624213836
2 0.49734792059748434 0.35710222012578613 0.4878884685534591 0.3567328128930818 0.47400746226415097 0.36334514858490563 0.4754312704402515 0.3678763411949686 0.48597228380503144 0.3723388852201258 0.5026460864779874 0.3720099677672956 0.49734792059748434 0.35710222012578613
1 0.5278755691823899 0.3600584772012579 0.5085595982704402 0.3561026391509434 0.5011536289308176 0.35836156996855345 0.4977998066037736 0.36309821147798743 0.5035221996855346 0.37132547327044024 0.5190324614779874 0.37402196147798744 0.5321741540880504 0.3637545463836478 0.5278755691823899 0.3600584772012579
1 0.7471255471698114 0.31292068081761004 0.7413483349056604 0.3019144504716981 0.7439628435534591 0.2935227303459119 0.737802394654088 0.2856377146226415 0.7372956886792452 0.2768627570754717 0.7319703624213836 0.27185251808176103 0.7144066171383648 0.2665276910377358 0.7111624339622642 0.276822266509434 0.7219498844339622 0.2825031698113208 0.7256187948113207 0.28810209433962264 0.7229361360062893 0.30995059433962263 0.7461126352201257 0.3179447492138365 0.7471255471698114 0.31292068081761004
2 0.7259062224842767 0.2857611831761006 0.7095470070754717 0.2738516808176101 0.702141037735849 0.2761106124213836 0.6877533262578617 0.2739479897798742 0.6898616289308176 0.27935529481132076 0.7110532940251573 0.2938383168238994 0.7257832531446541 0.29643899528301887 0.7259062224842767 0.2857611831761006
2 0.6557447067610063 0.7765449740566038 0.6211377507861635 0.7810085165094339 0.6121301847484276 0.7866350998427672 0.6300361776729559 0.7923979827044025 0.663561572327044 0.7838413042452831 0.6682295636792454 0.7780779221698113 0.6557447067610063 0.7765449740566038
2 0.6773600990566038 0.7617735259433962 0.6725824685534592 0.7619789740566038 0.6363190966981132 0.7670312020440251 0.6154291878930818 0.7791194921383647 0.6321578105345912 0.7815695424528302 0.6717340149371069 0.7753399441823899 0.673239802672956 0.7727525959119497 0.6696257122641509 0.7699326391509435 0.6770726713836478 0.7641144371069183 0.6773600990566038 0.7617735259433962
1 0.6988253624213836 0.7675773985849056 0.6924871242138365 0.7675912287735849 0.6675998891509434 0.7799807759433962 0.661480929245283 0.7911104740566037 0.6361832963836478 0.8165187444968552 0.6331855511006289 0.8280316800314464 0.6374431454402516 0.8352870204402515 0.6571423537735849 0.8361216438679244 0.6746236202830189 0.8259910275157233 0.6770465102201259 0.8191599143081761 0.6946645754716981 0.8046897232704403 0.6907492279874213 0.7978724394654088 0.6917892995283019 0.7829508624213837 0.7000985416666666 0.7701099284591195 0.6988253624213836 0.7675773985849056
3 0.38481490644654087 0.7349622688679246 0.3816250432389937 0.7254618270440252 0.3730278742138365 0.7180696878930818 0.36522483805031447 0.7171115951257861 0.35647704009433967 0.7077207924528303 0.34362177672955974 0.6704993286163522 0.3232104150943396 0.6561121163522012 0.31328474764150943 0.6208344960691824 0.28745175157232705 0.5796433639937107 0.28010010220125786 0.5621072783018868 0.26582153066037734 0.5429286053459119 0.25403399842767294 0.5034620400943397 0.24249340330188682 0.48778781839622637 0.23896129323899373 0.477849320754717 0.22865288836477987 0.46826689858490567 0.21734540094339622 0.4700467838050314 0.20835166509433964 0.4820116053459119 0.19961819575471698 0.5015330243710692 0.20024837028301887 0.5222041548742139 0.19532061006289309 0.5429849237421384 0.19837367452830187 0.5568249394654088 0.19803192688679247 0.5789608671383648 0.20899766666666666 0.5993169103773585 0.22004538522012582 0.6125544119496855 0.21958016902515723 0.6227941674528301 0.23172327830188677 0.6464630432389937 0.22758965172955975 0.6736778592767295 0.2306288860062893 0.6811796375786163 0.24812448191823902 0.6999612437106918 0.2507804795597484 0.7105842358490566 0.260116962264151 0.7216314551886792 0.3038554520440252 0.7460114858490566 0.3426928419811321 0.7587007924528302 0.36903154559748425 0.7635189135220126 0.37697138050314466 0.7601374316037736 0.3836103757861635 0.7415469449685534 0.38481490644654087 0.7349622688679246
3 0.5269124827044025 0.14212166981132074 0.5188358490566037 0.14984272641509436 0.5136611517295597 0.14683115094339624 0.5033255872641509 0.1471462382075472 0.5031201383647799 0.142368606918239 0.5137021415094339 0.14327187971698113 0.5158376037735849 0.13878167688679247 0.5121686941823899 0.13318275314465408 0.5038866124213837 0.1361261784591195 0.4997796462264151 0.13086950157232705 0.49509782468553465 0.1302946462264151 0.4880889221698113 0.13577060062893082 0.4865554756289308 0.1256814740566038 0.48971767924528303 0.12250544025157233 0.4979177822327044 0.12668055581761006 0.500587110062893 0.12106780267295597 0.4731258561320755 0.11571581525157233 0.4691695188679245 0.11245780267295598 0.47198947562893084 0.10884371226415096 0.46706121619496854 0.1070504968553459 0.45936781918238995 0.11165033883647799 0.43176976650943394 0.11063792610062892 0.40584195990566035 0.11537506682389936 0.3963005283018868 0.12212420125786164 0.380995713836478 0.12420534355345911 0.35771007547169814 0.13322723820754717 0.3467586650943396 0.1417834182389937 0.35178273349056605 0.14279632940251571 0.3524262382075472 0.14723171305031446 0.3202974921383648 0.17021709355345913 0.3172997460691824 0.18173002830188678 0.3225840825471698 0.19029953773584907 0.29931227358490564 0.20565967138364782 0.2946442822327044 0.2114230534591195 0.2947677507861635 0.2233192256289308 0.29078425314465406 0.2299587209119497 0.27598614465408805 0.24081482154088052 0.2662126037735849 0.2752578176100629 0.25746530581761007 0.2884409992138365 0.25029244418238994 0.3081540369496855 0.24387222720125784 0.3152864080188679 0.2477055951257862 0.32922223349056606 0.2329351462264151 0.35275480896226413 0.23481084040880504 0.3632819929245283 0.2300203789308176 0.4022971713836478 0.21868623113207547 0.4365485495283019 0.21694833411949685 0.4668297602201258 0.22659940487421384 0.4656385605345912 0.2306377216981132 0.4617780322327044 0.23674285220125788 0.44431009591194975 0.2376871147798742 0.43016882232704406 0.2584392256289308 0.37727213836477985 0.27127966037735846 0.3630073962264151 0.2892947924528302 0.3517542287735849 0.2996985070754717 0.33798236242138363 0.30113564544025156 0.32627780896226416 0.31155319025157235 0.31884418003144654 0.31738472248427674 0.310055393081761 0.3304710959119497 0.2744350259433962 0.371058713836478 0.1954594072327044 0.3868835636792453 0.18591747562893082 0.4103884803459119 0.18801144889937108 0.413427715408805 0.19551322720125786 0.41951951493710693 0.19428103773584907 0.4173154033018868 0.18965403616352203 0.44131319575471695 0.19418472955974841 0.4448176470125786 0.19144675157232705 0.46451685455974845 0.19228137578616353 0.4628466084905661 0.18653182311320757 0.4705538356918239 0.1882702185534591 0.47683725393081755 0.1854774221698113 0.47767187735849054 0.16577821383647798 0.49531760220125787 0.16398449921383648 0.4978363018867925 0.1563730817610063 0.4957279992138365 0.15096577594339622 0.5273233797169812 0.15167693081761005 0.5269124827044025 0.14212166981132074
2 0.4643973812893082 0.3609770778301887 0.44614914150943397 0.35477613836477984 0.426121516509434 0.359841695754717 0.42686083018867926 0.36349677594339624 0.4399482020440251 0.3730243781446541 0.46441121147798736 0.3673153152515723 0.4643973812893082 0.3609770778301887
2 0.47215892845911944 0.3429204567610063 0.44163127908805033 0.3399641996855346 0.4352520518867925 0.3435373003144654 0.4346771965408805 0.3482191218553459 0.4408786352201258 0.3525448663522013 0.4634116297169812 0.35610363757861635 0.46994148584905665 0.35452920125786164 0.47538978144654087 0.3488616273584905 0.47215892845911944 0.3429204567610063
0 0.3522762625786164 0.7935403561320755 0.34655386949685535 0.7853130935534591 0.3248969882075472 0.7810698278301886 0.3174633592767296 0.7706522838050315 0.2989138624213836 0.7604540172955975 0.29245215566037736 0.7485716745283019 0.26823508569182386 0.7329251124213837 0.26724933411949686 0.7280516729559748 0.2604182201257862 0.7256287822327044 0.24501709748427672 0.7059162444968554 0.24627644732704404 0.7021105353773585 0.2321075141509434 0.6884897971698113 0.22602904402515722 0.6734862405660377 0.23025848034591193 0.6454911210691824 0.2132142712264151 0.6101315212264151 0.2035493710691824 0.604984483490566 0.2041103970125786 0.5939644245283019 0.19677257704402515 0.5827665762578617 0.1936237036163522 0.5697068632075472 0.15286962971698112 0.5500496438679245 0.1479823600628931 0.5446971580188679 0.14113791588050315 0.5585100141509435 0.14275384198113208 0.5840545841194968 0.13948249842767296 0.6042466682389938 0.14343933490566038 0.6300786658805031 0.15347464150943396 0.6709142201257862 0.16090826965408805 0.6813317641509434 0.16259234591194968 0.6934195550314466 0.17171005031446543 0.7159248899371069 0.17173770911949685 0.7286013655660377 0.1867284355345912 0.761332626572327 0.20514113364779876 0.7758704677672956 0.260502197327044 0.8088061784591195 0.2928097311320755 0.8230699221698113 0.3274443459119497 0.8312828553459118 0.3420923254716981 0.8410020754716983 0.3453503380503145 0.8370457382075472 0.34318721619496856 0.8288594654088051 0.3485397028301887 0.8239721957547169 0.3515922672955975 0.8152382279874215 0.3522762625786164 0.7935403561320755
0 0.40450427987421383 0.9100505290880503 0.4018072924528302 0.9029868073899371 0.38793961635220126 0.8933633962264151 0.3828745581761006 0.8959097547169811 0.363271159591195 0.8942948278301887 0.3524288891509434 0.8858349567610063 0.3479525157232704 0.8900377327044025 0.34453004402515724 0.8856571682389938 0.2966164386792453 0.8694772405660377 0.2606948144654088 0.8523935400943395 0.24994835298742138 0.8431533655660377 0.23853122720125786 0.8393753160377359 0.22026915801886793 0.8268361391509433 0.21720276257861634 0.8292318694968553 0.23866852515723272 0.8576097264150944 0.29646630896226417 0.8900525605345911 0.3125652562893082 0.894405465408805 0.343996677672956 0.9093537036163521 0.37004795283018865 0.916512735062893 0.41686616823899375 0.9222612893081761 0.40450427987421383 0.9100505290880503
0 0.27185201886792454 0.2454556533018868 0.26707438757861635 0.24566110141509437 0.24816931289308175 0.25126052437106916 0.22377495361635222 0.26608679166666666 0.22066756918238992 0.27204179323899375 0.2205036100628931 0.2862788757861635 0.19943641194968553 0.3288399952830189 0.20106566823899372 0.3381488183962264 0.23869802908805032 0.3348488168238994 0.246829481918239 0.3299067279874214 0.2431057531446541 0.32152883647798747 0.243968036163522 0.3145061045597484 0.26630841352201257 0.2744775141509434 0.2725503427672956 0.2526700039308176 0.27185201886792454 0.2454556533018868
0 0.5373971784591195 0.07608329323899371 0.5356039630503144 0.08101155267295597 0.5301966572327045 0.08311985534591194 0.5261445110062893 0.08064214544025157 0.5303744465408805 0.07522101022012578 0.5151654410377359 0.07652184905660377 0.515055802672956 0.07096391509433962 0.44825095204402515 0.06672164779874214 0.38293855896226414 0.07612777908805031 0.33119258411949687 0.09115999371069182 0.3123561588050314 0.10587662264150943 0.2966957672955975 0.12375545518867925 0.25797001336477987 0.20692001965408807 0.261241856918239 0.20930191981132074 0.28540360849056606 0.19959553066037736 0.306266356918239 0.19740474921383647 0.3122075275157233 0.1941738962264151 0.31390493396226415 0.19002594025157232 0.3105782712264151 0.18486507232704402 0.31630016509433967 0.1705183506289308 0.34063970518867925 0.15291311635220126 0.341693606918239 0.14432977672955977 0.34723771147798743 0.1378819001572327 0.36549928144654087 0.12784709276729558 0.38187182625786165 0.12352084905660377 0.38607460220125783 0.12799722248427672 0.38840168317610063 0.12194641194968553 0.39561603380503146 0.12124808805031446 0.3994079127358491 0.11616919968553459 0.4168481894654088 0.10959785455974842 0.4466775141509434 0.10533976022012578 0.46862182311320755 0.10724211556603773 0.4725095117924528 0.10138292374213836 0.5017639811320754 0.10180665094339623 0.5047755566037736 0.0966319536163522 0.5129756588050315 0.10080706918238995 0.5340710157232704 0.0934964103773585 0.5332358922955975 0.09062163364779874 0.5200665408805031 0.08821257311320756 0.5228864976415094 0.08459848270440251 0.5396699394654088 0.0898275 0.5426815149371069 0.08465280267295597 0.5497042468553459 0.0855150856918239 0.558177947327044 0.08101105345911949 0.5373971784591195 0.07608329323899371