1 0.47265625 0.664453125 0.46875 0.639453125 0.455078125 0.6328125 0.431640625 0.63125 0.423828125 0.63515625 0.41953125 0.646484375 0.421875 0.670703125 0.430078125 0.6765625 0.465625 0.680078125 0.47109375 0.674609375 0.47265625 0.664453125
1 0.3734375 0.644921875 0.36640625 0.616015625 0.358203125 0.6109375 0.333984375 0.6109375 0.328125 0.631640625 0.33046875 0.649609375 0.337109375 0.65546875 0.36328125 0.658984375 0.36875 0.655078125 0.3734375 0.644921875
1 0.46171875 0.522265625 0.4640625 0.514453125 0.461328125 0.51171875 0.455078125 0.50859375 0.430078125 0.50859375 0.4234375 0.513671875 0.42265625 0.541796875 0.426171875 0.546875 0.46328125 0.548828125 0.46640625 0.537890625 0.46171875 0.522265625
1 0.47734375 0.423828125 0.466015625 0.41640625 0.456640625 0.41640625 0.448046875 0.42109375 0.4453125 0.423828125 0.4453125 0.450390625 0.449609375 0.453125 0.47578125 0.453515625 0.48046875 0.444921875 0.47734375 0.423828125
1 0.53359375 0.483984375 0.5359375 0.476171875 0.5359375 0.422265625 0.534375 0.416796875 0.528515625 0.4125 0.500390625 0.41171875 0.490625 0.417578125 0.49296875 0.435546875 0.49140625 0.476953125 0.49375 0.485546875 0.50078125 0.487890625 0.526953125 0.4875 0.53359375 0.483984375
1 0.55859375 0.801953125 0.55625 0.783984375 0.550390625 0.7796875 0.533203125 0.77890625 0.513671875 0.784375 0.51171875 0.796484375 0.5140625 0.807421875 0.520703125 0.81171875 0.5375 0.811328125 0.5546875 0.808984375 0.55859375 0.801953125
1 0.353125 0.745703125 0.341796875 0.7359375 0.326171875 0.73203125 0.320703125 0.73359375 0.31328125 0.745703125 0.321875 0.768359375 0.339453125 0.77578125 0.3546875 0.776171875 0.3609375 0.764453125 0.353125 0.745703125
1 0.61640625 0.708203125 0.61484375 0.678515625 0.612109375 0.67578125 0.585546875 0.67578125 0.571875 0.682421875 0.57421875 0.711328125 0.580859375 0.715625 0.5890625 0.715234375 0.609765625 0.71328125 0.61640625 0.708203125
3 0.670703125 0.5234375 0.676171875 0.51796875 0.685546875 0.51484375 0.706640625 0.51953125 0.718359375 0.51875 0.72265625 0.512109375 0.72109375 0.458203125 0.71171875 0.423828125 0.705859375 0.41875 0.699609375 0.41796875 0.678515625 0.390625 0.664453125 0.3859375 0.65546875 0.376953125 0.655078125 0.359375 0.641796875 0.35859375 0.639453125 0.365625 0.619921875 0.36484375 0.6078125 0.376171875 0.60546875 0.389453125 0.59296875 0.411328125 0.59609375 0.423828125 0.59140625 0.436328125 0.596484375 0.44453125 0.605859375 0.44765625 0.62265625 0.466015625 0.62734375 0.497265625 0.6453125 0.508984375 0.64140625 0.518359375 0.650390625 0.5171875 0.65234375 0.526171875 0.662109375 0.52109375 0.670703125 0.5234375
3 0.62265625 0.309765625 0.62890625 0.280859375 0.61796875 0.257421875 0.60390625 0.244921875 0.59765625 0.232421875 0.58359375 0.219921875 0.576171875 0.2078125 0.561328125 0.19921875 0.548828125 0.1984375 0.546875 0.194921875 0.54921875 0.188671875 0.543359375 0.184375 0.534765625 0.18515625 0.53828125 0.180859375 0.530078125 0.17734375 0.52421875 0.183203125 0.525 0.197265625 0.5421875 0.210546875 0.559375 0.287109375 0.566796875 0.29453125 0.580859375 0.3 0.586328125 0.30546875 0.596484375 0.3 0.602734375 0.31171875 0.6203125 0.316796875 0.62578125 0.314453125 0.62265625 0.309765625
3 0.16328125 0.757421875 0.17109375 0.741015625 0.15703125 0.713671875 0.15078125 0.685546875 0.11875 0.633203125 0.110546875 0.63046875 0.10625 0.655859375 0.1125 0.701171875 0.11015625 0.716796875 0.11328125 0.736328125 0.144921875 0.7734375 0.169140625 0.79453125 0.17734375 0.796484375 0.1765625 0.782421875 0.16328125 0.757421875
3 0.190625 0.615234375 0.19453125 0.605078125 0.19609375 0.580859375 0.18984375 0.558203125 0.1921875 0.548828125 0.184375 0.537109375 0.178125 0.509765625 0.168359375 0.50546875 0.15859375 0.512890625 0.1484375 0.535546875 0.14296875 0.569921875 0.14296875 0.592578125 0.1484375 0.625390625 0.15859375 0.648046875 0.16875 0.660546875 0.16875 0.669921875 0.176953125 0.68046875 0.18046875 0.680859375 0.1890625 0.662109375 0.190625 0.615234375
3 0.34609375 0.312890625 0.36796875 0.282421875 0.385546875 0.271875 0.392578125 0.2609375 0.412109375 0.25078125 0.421875 0.240234375 0.42265625 0.235546875 0.42890625 0.231640625 0.43203125 0.219140625 0.427734375 0.21328125 0.400390625 0.21953125 0.386328125 0.22734375 0.370703125 0.25 0.333984375 0.2640625 0.314453125 0.284375 0.29765625 0.296484375 0.28515625 0.318359375 0.28515625 0.330078125 0.290234375 0.33515625 0.3265625 0.337109375 0.34296875 0.321484375 0.34609375 0.312890625
1 0.271875 0.599609375 0.27265625 0.592578125 0.28125 0.588671875 0.28125 0.583984375 0.272265625 0.57421875 0.249609375 0.56796875 0.2328125 0.581640625 0.23046875 0.586328125 0.23203125 0.593359375 0.25 0.604296875 0.268359375 0.60234375 0.271875 0.599609375
1 0.28046875 0.529296875 0.275390625 0.52265625 0.263671875 0.52265625 0.25703125 0.537109375 0.25703125 0.550390625 0.258984375 0.553125 0.267578125 0.553125 0.27265625 0.562109375 0.2765625 0.563671875 0.284375 0.557421875 0.28046875 0.529296875
1 0.28671875 0.446484375 0.2859375 0.419921875 0.280859375 0.41484375 0.2703125 0.420703125 0.26640625 0.430078125 0.26328125 0.451171875 0.267578125 0.45546875 0.271875 0.455078125 0.282421875 0.45234375 0.28671875 0.446484375
1 0.33828125 0.420703125 0.337109375 0.403125 0.324609375 0.4015625 0.31640625 0.406640625 0.30859375 0.423828125 0.31015625 0.430078125 0.31640625 0.431640625 0.326953125 0.43046875 0.33828125 0.420703125
1 0.30703125 0.407421875 0.30703125 0.392578125 0.301953125 0.38984375 0.295703125 0.390625 0.28984375 0.395703125 0.28125 0.412109375 0.28671875 0.430859375 0.29296875 0.431640625 0.303125 0.423046875 0.30703125 0.407421875
1 0.20859375 0.712109375 0.199609375 0.7 0.191015625 0.69609375 0.18828125 0.702734375 0.19296875 0.725390625 0.204296875 0.7375 0.21640625 0.741796875 0.2171875 0.731640625 0.20859375 0.712109375
0 0.074609375 0.5421875 0.079296875 0.54453125 0.087890625 0.54140625 0.094140625 0.54609375 0.107421875 0.546875 0.130078125 0.546875 0.13671875 0.544140625 0.1578125 0.504296875 0.16171875 0.490234375 0.171875 0.480078125 0.17265625 0.471484375 0.1796875 0.463671875 0.18046875 0.453515625 0.183203125 0.453125 0.188671875 0.46171875 0.19453125 0.455078125 0.19375 0.442578125 0.20078125 0.431640625 0.2 0.412109375 0.20390625 0.400390625 0.209375 0.400390625 0.20703125 0.396484375 0.22421875 0.392578125 0.2203125 0.388671875 0.22421875 0.387109375 0.23203125 0.370703125 0.259375 0.345703125 0.259375 0.341015625 0.2703125 0.332421875 0.27421875 0.323046875 0.312109375 0.27734375 0.337109375 0.26015625 0.363671875 0.24765625 0.381640625 0.22734375 0.390234375 0.221875 0.434765625 0.20625 0.45078125 0.188671875 0.4546875 0.173046875 0.452734375 0.16640625 0.438671875 0.1625 0.427734375 0.16953125 0.388671875 0.1734375 0.383984375 0.17734375 0.361328125 0.18203125 0.357421875 0.1859375 0.334765625 0.18828125 0.313671875 0.19453125 0.302734375 0.2015625 0.243359375 0.22578125 0.188671875 0.25703125 0.188671875 0.2453125 0.150390625 0.2703125 0.1015625 0.317578125 0.09375 0.335546875 0.075 0.349609375 0.0625 0.385546875 0.05546875 0.421484375 0.05078125 0.476171875 0.05078125 0.523828125 0.0546875 0.559765625 0.059375 0.574609375 0.0625 0.554296875 0.074609375 0.5421875
0 0.86875 0.741796875 0.88203125 0.730859375 0.8859375 0.720703125 0.89140625 0.718359375 0.890625 0.714453125 0.8953125 0.709765625 0.89375 0.705078125 0.90390625 0.694921875 0.9015625 0.689453125 0.9046875 0.687109375 0.91015625 0.666796875 0.91796875 0.662890625 0.9171875 0.643359375 0.92265625 0.640234375 0.921875 0.632421875 0.92578125 0.631640625 0.9234375 0.627734375 0.92578125 0.618359375 0.9296875 0.616015625 0.9265625 0.612109375 0.928125 0.604296875 0.93125 0.594921875 0.93515625 0.592578125 0.93203125 0.588671875 0.93515625 0.584765625 0.93359375 0.580078125 0.9390625 0.576953125 0.9375 0.573046875 0.94140625 0.556640625 0.9453125 0.553515625 0.95078125 0.530078125 0.9515625 0.474609375 0.94609375 0.419140625 0.9265625 0.341796875 0.909375 0.313671875 0.9109375 0.306640625 0.906640625 0.31171875 0.871484375 0.2734375 0.86875 0.274609375 0.8703125 0.290234375 0.866796875 0.29296875 0.839453125 0.27421875 0.831640625 0.26484375 0.825390625 0.265625 0.816796875 0.26015625 0.805078125 0.24140625 0.745703125 0.2078125 0.741015625 0.20703125 0.73984375 0.216015625 0.737109375 0.21640625 0.733984375 0.209375 0.701953125 0.190625 0.690234375 0.1953125 0.67734375 0.183984375 0.670703125 0.17265625 0.659765625 0.16796875 0.643359375 0.16875 0.641015625 0.16484375 0.633984375 0.16484375 0.629296875 0.16015625 0.616015625 0.16015625 0.608203125 0.15625 0.580859375 0.15234375 0.579296875 0.1671875 0.565234375 0.16640625 0.553125 0.173046875 0.55546875 0.185546875 0.56328125 0.197265625 0.576953125 0.20390625 0.587890625 0.21796875 0.607421875 0.225 0.623046875 0.23515625 0.67421875 0.296484375 0.68828125 0.308203125 0.6953125 0.323046875 0.71484375 0.348828125 0.72109375 0.368359375 0.7421875 0.394921875 0.77578125 0.462890625 0.784765625 0.46875 0.788671875 0.4640625 0.792578125 0.46953125 0.800390625 0.471875 0.808203125 0.46640625 0.8125 0.473046875 0.8140625 0.506640625 0.82109375 0.525390625 0.82265625 0.562109375 0.8296875 0.580859375 0.83125 0.601171875 0.8359375 0.604296875 0.8359375 0.615234375 0.83984375 0.619921875 0.83125 0.630078125 0.83515625 0.635546875 0.8296875 0.643359375 0.8296875 0.664453125 0.832421875 0.665625 0.844921875 0.659375 0.84921875 0.666015625 0.851171875 0.6796875 0.855078125 0.6796875 0.869921875 0.66640625 0.875390625 0.66484375 0.88359375 0.681640625 0.88359375 0.687109375 0.87734375 0.690234375 0.87578125 0.710546875 0.8625 0.725390625 0.86171875 0.735546875 0.866796875 0.7359375 0.86796875 0.740234375 0.862890625 0.74609375 0.858984375 0.74296875 0.846875 0.757421875 0.8484375 0.761328125 0.84375 0.769140625 0.84921875 0.770703125 0.865625 0.753515625 0.86875 0.741796875
1 0.580859375 0.38828125 0.566015625 0.38671875 0.55703125 0.391796875 0.55546875 0.405078125 0.558203125 0.41328125 0.58515625 0.415234375 0.58828125 0.405859375 0.580859375 0.38828125
1 0.60234375 0.372265625 0.596484375 0.36796875 0.583984375 0.36796875 0.5796875 0.376171875 0.58203125 0.387890625 0.584765625 0.39140625 0.59921875 0.392578125 0.603125 0.387890625 0.60234375 0.372265625
1 0.59609375 0.366796875 0.59609375 0.358984375 0.591796875 0.35234375 0.576171875 0.3515625 0.57109375 0.355078125 0.57265625 0.371484375 0.5796875 0.374609375 0.584765625 0.36796875 0.59609375 0.366796875
1 0.59765625 0.322265625 0.59140625 0.310546875 0.580859375 0.303125 0.565234375 0.3046875 0.56484375 0.326953125 0.569140625 0.33046875 0.590625 0.335546875 0.59453125 0.332421875 0.59765625 0.322265625
2 0.580078125 0.625 0.57421875 0.630859375 0.57421875 0.647265625 0.5765625 0.661328125 0.58203125 0.663671875 0.584375 0.631640625 0.580078125 0.625
2 0.59921875 0.648046875 0.59921875 0.630078125 0.596875 0.623828125 0.592578125 0.62265625 0.58671875 0.639453125 0.58828125 0.655078125 0.591015625 0.66015625 0.5984375 0.659765625 0.59609375 0.653515625 0.59921875 0.648046875
2 0.265625 0.737109375 0.258984375 0.72890625 0.255859375 0.72890625 0.25390625 0.733984375 0.259375 0.748828125 0.264453125 0.7546875 0.27109375 0.755078125 0.271875 0.750390625 0.265625 0.737109375
2 0.47890625 0.839453125 0.471484375 0.83359375 0.466796875 0.83359375 0.46640625 0.847265625 0.474609375 0.85234375 0.48359375 0.852734375 0.48515625 0.850390625 0.47890625 0.839453125
1 0.371875 0.357421875 0.37265625 0.347265625 0.369140625 0.34140625 0.353515625 0.3453125 0.34609375 0.355078125 0.3453125 0.364453125 0.35546875 0.365234375 0.364453125 0.36328125 0.371875 0.357421875
1 0.33203125 0.376953125 0.3328125 0.369140625 0.328515625 0.36171875 0.318359375 0.36171875 0.31015625 0.372265625 0.3109375 0.381640625 0.32109375 0.383203125 0.328515625 0.38125 0.33203125 0.376953125
1 0.4515625 0.305078125 0.433984375 0.30546875 0.4296875 0.311328125 0.4296875 0.321484375 0.4453125 0.323046875 0.45390625 0.319140625 0.4515625 0.305078125
1 0.491796875 0.2921875 0.486328125 0.290625 0.47578125 0.294140625 0.476171875 0.30625 0.49453125 0.306640625 0.4953125 0.298046875 0.491796875 0.2921875
1 0.526953125 0.290625 0.512109375 0.28984375 0.50859375 0.292578125 0.510546875 0.30390625 0.52890625 0.304296875 0.53046875 0.300390625 0.526953125 0.290625
1 0.707421875 0.8625 0.72890625 0.843359375 0.715234375 0.84375 0.651953125 0.8765625 0.64296875 0.886328125 0.64765625 0.887109375 0.673828125 0.8796875 0.707421875 0.8625
1 0.75234375 0.755859375 0.753125 0.743359375 0.749609375 0.740625 0.741796875 0.74296875 0.687890625 0.7765625 0.678125 0.791796875 0.6796875 0.795703125 0.735546875 0.77421875 0.75234375 0.755859375