1 0.4529365 0.287250204974271 0.4399301878216124 0.2910867924528302 0.41501412178387653 0.2919330154373928 0.41127548284734133 0.32527053173241854 0.4412743499142367 0.32631811578044595 0.4488386895368782 0.3308730463121784 0.4558452281303602 0.32682694168096055 0.4868508602058319 0.3236189039451115 0.48998543653516297 0.31986666466552316 0.48904942024013726 0.2975219305317324 0.46050083962264154 0.29180513550600345 0.4529365 0.287250204974271
1 0.617956102915952 0.4028567452830189 0.6178064485420239 0.4071422975986278 0.6193301963979416 0.4372309579759863 0.6346384614065179 0.44119815694682674 0.6515765977701543 0.4353534819897084 0.6514677607204117 0.41389578902229845 0.6486624253859348 0.40821981217838765 0.6402709065180103 0.4027778396226415 0.6283012907375642 0.4015016963979417 0.617956102915952 0.4028567452830189
1 0.20240992109777015 0.17509386192109777 0.20528056174957118 0.16661254974271011 0.17799723756432248 0.17381227444253858 0.16957034391080616 0.18167048027444252 0.15365801629502573 0.20728855831903947 0.19037499914236708 0.18797500686106347 0.20240992109777015 0.17509386192109777
1 0.5502524948542025 0.7197264030874785 0.5569297924528301 0.7251085137221269 0.6025362341337906 0.7215521912521441 0.610285602915952 0.7085213919382505 0.6100570428816466 0.690492140651801 0.6013417264150943 0.6820353164665524 0.5575392993138937 0.6830801689536878 0.5512946346483705 0.7021706037735849 0.5502524948542025 0.7197264030874785
1 0.2711038361921098 0.8374144382504288 0.2694739648370497 0.8472263121783876 0.2812884819897084 0.865231076329331 0.28955483361921097 0.8865445583190394 0.3072847753001715 0.8948871029159521 0.3172163730703259 0.8930885325900516 0.32213047598627786 0.8752388670668954 0.3096982958833619 0.8503472881646655 0.2801483927958834 0.8364430480274443 0.2711038361921098 0.8374144382504288
1 0.2084504219554031 0.8253577427101201 0.2217995746140652 0.8485650308747856 0.23553782933104633 0.8606298833619211 0.2543643293310463 0.8621454751286449 0.25921312607204117 0.8584530977701544 0.2547289442538594 0.8394170814751286 0.23948598542024013 0.8212925943396227 0.2242375823327616 0.8156111740994854 0.2084504219554031 0.8253577427101201
1 0.7002795274442539 0.37998687221269295 0.7104750608919382 0.38291737478559174 0.7161809682675815 0.37925492881646655 0.7149157118353345 0.366338409948542 0.7078846861063465 0.35879855746140654 0.6968021114922813 0.35669523413379073 0.6957354837049743 0.36266507632933104 0.7002795274442539 0.37998687221269295
1 0.6632768533447684 0.30918409862778734 0.6695351174957118 0.32656575557461404 0.6797007195540309 0.33035336963979417 0.6896323181818181 0.32855479931389364 0.6899016963979417 0.3208408044596912 0.6846447530017153 0.3116465934819897 0.6685991020583191 0.30422102144082336 0.6643135488850772 0.30407136620926245 0.6632768533447684 0.30918409862778734
1 0.6926172392795883 0.32908811234991425 0.7070983241852487 0.33216827015437395 0.7102029691252144 0.3292731423670669 0.7079010162950258 0.32146935506003427 0.6957572590051458 0.3128928061749571 0.6906145960548885 0.3127132204116638 0.6895479682675815 0.31868306260720414 0.6926172392795883 0.32908811234991425
0 0.6079183087478559 0.9851939373927958 0.6573722255574614 0.9697577915951974 0.6869085283018868 0.9471899408233276 0.7308225231560892 0.893801486277873 0.7327761921097771 0.8870044648370498 0.727813114922813 0.8816822161234991 0.7539264185248714 0.8465515728987992 0.7978513010291596 0.7682769837049743 0.8064632246998286 0.7428330480274442 0.804928589193825 0.7376305231560891 0.8092740034305317 0.7360659571183534 0.8188627607204116 0.7072235102915952 0.819281794168096 0.6952239631217838 0.8086427409948542 0.6927070497427101 0.798147897941681 0.6983476518010292 0.7731420394511149 0.7017652066895369 0.762677127787307 0.7065486981132075 0.7588350960548885 0.7059854536878216 0.7587208156089194 0.6969708276157804 0.7551726500857633 0.7002795463121784 0.7318810120068611 0.7037569622641509 0.7326483293310463 0.7063582246998285 0.749790539451115 0.7069568439108062 0.7542257469982847 0.7028209468267582 0.759542551457976 0.7103009365351629 0.7356876689536879 0.717620385077187 0.7311926003430531 0.7234705034305318 0.7191032607204118 0.7256228018867924 0.7066248181818182 0.7389175360205832 0.6806121938250429 0.7465907126929674 0.6553614442538593 0.7693082186963979 0.6430870746140651 0.7890462469982847 0.6301106938250429 0.7920257246998285 0.6079945197255574 0.8109909914236707 0.5828689365351629 0.817836987993139 0.5504973679245283 0.835585973413379 0.5421303361921097 0.8417299579759863 0.5405603259005145 0.8498276114922814 0.5305688662092624 0.8533404022298456 0.529058717838765 0.859723834476844 0.49891019639794165 0.8629618036020583 0.4857242984562607 0.8719410548885077 0.47629608319039446 0.8716118138936536 0.4685766449399657 0.8837855025728988 0.4593525025728988 0.8898995566037736 0.45509688164665524 0.8888927915951972 0.44518977101200685 0.9022773181818181 0.41846969125214406 0.9056350111492281 0.40274239279588336 0.9136673584905659 0.40087851715265865 0.9178930497427102 0.3922475497427101 0.9193079605488851 0.3890231809605489 0.9256315308747856 0.3923019682675815 0.9300368070325902 0.3912353413379074 0.9360066500857632 0.3753039699828473 0.9375957032590051 0.3739434768439108 0.9396935831903945 0.3781093053173242 0.943271680102916 0.37311085334476846 0.9512496089193826 0.3463608430531732 0.9554644125214408 0.34452689794168095 0.9588329922813035 0.32276989536878214 0.9675129339622641 0.306335141509434 0.9712297984562607 0.3087867487135506 0.9747480325900514 0.3470274802744426 0.985523141509434 0.399011909948542 0.9959200343053174 0.43669484048027446 0.9980941072041165 0.4821216963979417 0.9996804476843911 0.5673048747855918 0.9932153970840479 0.6079183087478559 0.9851939373927958
0 0.6929709854202402 0.19608633276157805 0.7231684811320754 0.21602027787307035 0.7372305334476844 0.2310999819897084 0.7836233361921098 0.25417394682675815 0.8045722032590051 0.26863598885077183 0.8354227367066895 0.28215657118353343 0.8372866123499143 0.2779308799313894 0.8342173421955402 0.26752583018867926 0.7872585823327616 0.1869356706689537 0.7527265583190395 0.14368015608919382 0.7233317547169811 0.1130472958833619 0.6480665737564323 0.08124168353344768 0.5843220445969126 0.06356887307032591 0.5185639845626072 0.054407305317324184 0.4756485986277873 0.054624978559176675 0.474641833619211 0.058880600343053174 0.48116947684391076 0.06854826329331046 0.537110218696398 0.08852302658662092 0.6010533773584906 0.12508219897084047 0.6344697984562607 0.15113564150943395 0.6505453816466553 0.15770410291595197 0.6604416046312179 0.1692057101200686 0.6832244168096056 0.18029917238421955 0.6929709854202402 0.19608633276157805
3 0.39703104116638077 0.9297728722126929 0.36221875214408233 0.9191174879931389 0.3378414433962264 0.9045357221269297 0.28955483361921097 0.8865445583190394 0.2787661252144082 0.8883131972555746 0.28278229931389365 0.896176846483705 0.2813619442538593 0.8999889476843911 0.2711065488850772 0.898772665523156 0.2526392212692968 0.8869717478559176 0.24873732761578043 0.8881227246998284 0.24906112435677533 0.891137577186964 0.25650574013722127 0.899120949399657 0.28540804888507715 0.9069954862778732 0.3104928130360206 0.9258927349914237 0.3512150831903945 0.9393289682675815 0.3607929536878216 0.9353726560891937 0.3839050060034305 0.9370379022298456 0.39815208662092627 0.9345318765008577 0.39703104116638077 0.9297728722126929
3 0.649329026586621 0.7085975849056604 0.6547655557461407 0.7126491337907376 0.6590755951972556 0.7243847452830189 0.678171473413379 0.7181863421955402 0.6928076578044596 0.7045378799313894 0.6945028344768439 0.680568717838765 0.6873820162950257 0.6756001963979417 0.6641502401372212 0.6773633919382503 0.649329026586621 0.7085975849056604
3 0.5585623773584906 0.7766548670668953 0.6003213430531733 0.7849783679245282 0.613417448542024 0.7785704476843911 0.619332872212693 0.7689082289879932 0.6170009888507718 0.7619615523156089 0.6074285626072041 0.7534747958833619 0.586857910806175 0.7527564536878216 0.563506410806175 0.7579480909090909 0.5585623773584906 0.7766548670668953