1 0.504296875 0.51796875 0.493359375 0.515625 0.487109375 0.50625 0.480078125 0.50390625 0.432421875 0.50234375 0.410546875 0.5046875 0.39140625 0.517578125 0.39375 0.521484375 0.3921875 0.575390625 0.3953125 0.599609375 0.400390625 0.61015625 0.503125 0.616796875 0.50859375 0.587109375 0.504296875 0.51796875
1 0.3234375 0.556640625 0.3265625 0.517578125 0.304296875 0.50625 0.262109375 0.50546875 0.258203125 0.5125 0.251171875 0.51328125 0.24921875 0.516796875 0.2515625 0.525390625 0.2515625 0.576953125 0.25625 0.593359375 0.285546875 0.60234375 0.32265625 0.606640625 0.325 0.599609375 0.3234375 0.556640625
1 0.417578125 0.41328125 0.424609375 0.41640625 0.428125 0.412890625 0.43203125 0.380859375 0.42578125 0.352734375 0.431640625 0.34453125 0.423828125 0.3421875 0.418359375 0.33515625 0.384765625 0.3359375 0.366015625 0.340625 0.35 0.353515625 0.35234375 0.359765625 0.34765625 0.388671875 0.34765625 0.413671875 0.349609375 0.41796875 0.35859375 0.419921875 0.387109375 0.41328125 0.417578125 0.41328125
1 0.60625 0.373828125 0.6046875 0.348046875 0.60078125 0.334765625 0.60234375 0.330078125 0.594140625 0.32578125 0.585546875 0.315625 0.542578125 0.31015625 0.530078125 0.321875 0.5234375 0.322265625 0.52578125 0.325390625 0.5265625 0.362890625 0.530078125 0.38125 0.537890625 0.37421875 0.581640625 0.37578125 0.593359375 0.378125 0.60078125 0.387109375 0.6046875 0.385546875 0.60625 0.373828125
1 0.32265625 0.771484375 0.309765625 0.75703125 0.278515625 0.74296875 0.259765625 0.73671875 0.253125 0.737890625 0.25078125 0.741796875 0.2609375 0.772265625 0.274609375 0.79296875 0.319921875 0.8125 0.33125 0.813671875 0.3328125 0.808984375 0.32265625 0.771484375
1 0.664453125 0.58203125 0.680859375 0.57890625 0.698046875 0.58203125 0.7015625 0.579296875 0.70703125 0.531640625 0.6984375 0.494140625 0.70390625 0.491015625 0.70390625 0.486328125 0.699609375 0.4828125 0.694140625 0.48359375 0.687109375 0.47109375 0.627734375 0.465625 0.59609375 0.482421875 0.5984375 0.490234375 0.596875 0.541796875 0.60234375 0.558203125 0.6046875 0.589453125 0.616015625 0.5828125 0.664453125 0.58203125
1 0.684375 0.766796875 0.6875 0.741796875 0.6859375 0.730078125 0.682421875 0.72734375 0.662109375 0.728125 0.623828125 0.73671875 0.598046875 0.7484375 0.59375 0.774609375 0.59453125 0.801171875 0.60078125 0.801953125 0.674609375 0.7859375 0.684375 0.766796875
1 0.7984375 0.607421875 0.803125 0.592578125 0.8 0.544921875 0.788671875 0.5296875 0.776953125 0.5296875 0.74453125 0.549609375 0.74140625 0.592578125 0.74765625 0.603515625 0.74765625 0.623828125 0.75078125 0.626171875 0.791796875 0.61484375 0.7984375 0.607421875
1 0.56640625 0.921484375 0.565625 0.909765625 0.554296875 0.9046875 0.526171875 0.9046875 0.487109375 0.90703125 0.48046875 0.910546875 0.4828125 0.919921875 0.491796875 0.9296875 0.53046875 0.930859375 0.561328125 0.9265625 0.56640625 0.921484375
1 0.37890625 0.901171875 0.366796875 0.88984375 0.314453125 0.8703125 0.30546875 0.870703125 0.319140625 0.8921875 0.341015625 0.903125 0.344140625 0.9078125 0.38125 0.912890625 0.3828125 0.908984375 0.37890625 0.901171875
1 0.648046875 0.2609375 0.616015625 0.253125 0.59609375 0.258203125 0.5984375 0.275390625 0.615234375 0.29375 0.67109375 0.304296875 0.66796875 0.284765625 0.648046875 0.2609375
1 0.58359375 0.224609375 0.573046875 0.2140625 0.562890625 0.209375 0.543359375 0.20859375 0.5296875 0.218359375 0.528125 0.227734375 0.534765625 0.24140625 0.562890625 0.24140625 0.5859375 0.246484375 0.5875 0.237109375 0.58359375 0.224609375
1 0.483203125 0.24375 0.48671875 0.234765625 0.48515625 0.216015625 0.476953125 0.21171875 0.439453125 0.21484375 0.43046875 0.223828125 0.4265625 0.237890625 0.42890625 0.246484375 0.457421875 0.2421875 0.483203125 0.24375
1 0.38671875 0.244140625 0.38515625 0.235546875 0.381640625 0.23203125 0.375390625 0.23203125 0.348828125 0.23828125 0.3328125 0.262890625 0.33125 0.272265625 0.334375 0.273828125 0.380078125 0.26328125 0.38671875 0.244140625
1 0.56015625 0.186328125 0.553515625 0.18203125 0.530078125 0.18046875 0.521875 0.194140625 0.524609375 0.20078125 0.56640625 0.204296875 0.56640625 0.196484375 0.56015625 0.186328125
1 0.4078125 0.199609375 0.409375 0.187890625 0.405078125 0.18359375 0.398046875 0.18359375 0.377734375 0.18828125 0.36484375 0.201953125 0.3625 0.212109375 0.36796875 0.212109375 0.402734375 0.20546875 0.4078125 0.199609375
1 0.48046875 0.169140625 0.472265625 0.165625 0.451953125 0.16875 0.44609375 0.174609375 0.44296875 0.184765625 0.45234375 0.185546875 0.480078125 0.184375 0.48046875 0.169140625
1 0.5484375 0.169921875 0.537890625 0.16328125 0.520703125 0.1625 0.513671875 0.16484375 0.5109375 0.169140625 0.5109375 0.176953125 0.514453125 0.18046875 0.546875 0.180859375 0.55 0.178515625 0.5484375 0.169921875
1 0.42578125 0.172265625 0.42578125 0.164453125 0.417578125 0.16171875 0.400390625 0.16640625 0.39140625 0.176953125 0.392578125 0.18125 0.396875 0.180859375 0.422265625 0.17734375 0.42578125 0.172265625
1 0.43515625 0.144921875 0.427734375 0.14296875 0.415234375 0.14609375 0.409375 0.153515625 0.4140625 0.156640625 0.433984375 0.153125 0.43515625 0.144921875
1 0.48125 0.148046875 0.476953125 0.14453125 0.455078125 0.1453125 0.45 0.156640625 0.46328125 0.157421875 0.479296875 0.15625 0.48125 0.148046875
1 0.5609375 0.158203125 0.551171875 0.15078125 0.531640625 0.15 0.52421875 0.155859375 0.526171875 0.16171875 0.55859375 0.166015625 0.56171875 0.165234375 0.5609375 0.158203125
1 0.526171875 0.13984375 0.508203125 0.1390625 0.50234375 0.143359375 0.503515625 0.15 0.52578125 0.151171875 0.5296875 0.149609375 0.526171875 0.13984375
1 0.20078125 0.782421875 0.181640625 0.75859375 0.164453125 0.74765625 0.165625 0.769140625 0.178125 0.791015625 0.196484375 0.809375 0.211328125 0.8203125 0.2203125 0.823046875 0.215625 0.805078125 0.20078125 0.782421875
1 0.17734375 0.701171875 0.163671875 0.6875 0.151953125 0.68359375 0.1515625 0.705859375 0.1640625 0.735546875 0.179296875 0.75234375 0.187890625 0.75859375 0.1984375 0.761328125 0.19140625 0.729296875 0.17734375 0.701171875
1 0.16171875 0.637109375 0.151953125 0.625 0.140234375 0.6203125 0.1375 0.623046875 0.1375 0.639453125 0.1421875 0.667578125 0.151171875 0.68125 0.1734375 0.693359375 0.171875 0.670703125 0.16171875 0.637109375
1 0.17421875 0.605859375 0.1671875 0.562890625 0.162109375 0.55546875 0.147265625 0.55078125 0.14296875 0.553515625 0.140625 0.575390625 0.14453125 0.613671875 0.159765625 0.6328125 0.1734375 0.637109375 0.17578125 0.633203125 0.17421875 0.605859375
1 0.178125 0.482421875 0.172265625 0.47109375 0.162890625 0.46875 0.15390625 0.474609375 0.14765625 0.497265625 0.14765625 0.541015625 0.149609375 0.5453125 0.156640625 0.5484375 0.171875 0.548828125 0.175 0.540234375 0.178125 0.482421875
1 0.19296875 0.457421875 0.196875 0.428515625 0.196875 0.416796875 0.191015625 0.41171875 0.175 0.416015625 0.16328125 0.443359375 0.1625 0.467578125 0.173046875 0.47109375 0.17734375 0.480859375 0.1828125 0.481640625 0.1875 0.476953125 0.19296875 0.457421875
1 0.2125 0.389453125 0.21953125 0.363671875 0.21875 0.352734375 0.216015625 0.35 0.200390625 0.35390625 0.19375 0.359765625 0.18046875 0.387109375 0.1765625 0.411328125 0.19765625 0.412890625 0.2046875 0.408984375 0.2125 0.389453125
1 0.23984375 0.326953125 0.239453125 0.3109375 0.232421875 0.3109375 0.218359375 0.31796875 0.21171875 0.325390625 0.2015625 0.348046875 0.202734375 0.353125 0.216015625 0.35078125 0.21953125 0.361328125 0.221875 0.361328125 0.22734375 0.358203125 0.23984375 0.326953125
1 0.243359375 0.31328125 0.24765625 0.309765625 0.25546875 0.291796875 0.255078125 0.28046875 0.241796875 0.28046875 0.22890625 0.291015625 0.21875 0.305859375 0.21796875 0.315234375 0.2203125 0.317578125 0.231640625 0.31171875 0.243359375 0.31328125
1 0.11875 0.588671875 0.113671875 0.57890625 0.105859375 0.5765625 0.1046875 0.606640625 0.10859375 0.631640625 0.1171875 0.652734375 0.13046875 0.662109375 0.1265625 0.623046875 0.11875 0.588671875
1 0.134375 0.483203125 0.130078125 0.47578125 0.123828125 0.47578125 0.11875 0.479296875 0.115625 0.488671875 0.1109375 0.523828125 0.11484375 0.541015625 0.118359375 0.54453125 0.12734375 0.544921875 0.13203125 0.537890625 0.134375 0.483203125
1 0.15 0.440234375 0.159375 0.401171875 0.158203125 0.37890625 0.14609375 0.387890625 0.1359375 0.411328125 0.13046875 0.434765625 0.13046875 0.444140625 0.13515625 0.448828125 0.144921875 0.44609375 0.15 0.440234375
1 0.216015625 0.2890625 0.200390625 0.29375 0.1953125 0.298828125 0.178125 0.325390625 0.1765625 0.337890625 0.17890625 0.337890625 0.2 0.325390625 0.216015625 0.2890625
1 0.2671875 0.239453125 0.27578125 0.220703125 0.276171875 0.2109375 0.268359375 0.21171875 0.267578125 0.21640625 0.25390625 0.223828125 0.2390625 0.244921875 0.2375 0.255859375 0.240625 0.256640625 0.256640625 0.24921875 0.2671875 0.239453125
1 0.09765625 0.608984375 0.09140625 0.587109375 0.086328125 0.58203125 0.0828125 0.587109375 0.0828125 0.601171875 0.08671875 0.630859375 0.090625 0.637890625 0.1 0.644140625 0.10234375 0.639453125 0.09765625 0.608984375
1 0.1 0.453515625 0.097265625 0.45 0.090625 0.451953125 0.084375 0.474609375 0.08359375 0.494140625 0.086328125 0.4984375 0.0921875 0.498046875 0.09921875 0.475390625 0.1 0.453515625
1 0.13984375 0.396484375 0.14609375 0.364453125 0.144921875 0.3578125 0.13515625 0.365234375 0.1296875 0.376171875 0.121875 0.400390625 0.12265625 0.418359375 0.1328125 0.412890625 0.13984375 0.396484375
1 0.1796875 0.316015625 0.1828125 0.305859375 0.180859375 0.30390625 0.172265625 0.30703125 0.1625 0.317578125 0.15078125 0.341796875 0.15 0.346484375 0.15390625 0.348046875 0.1703125 0.336328125 0.1796875 0.316015625
1 0.16171875 0.781640625 0.14765625 0.762109375 0.135546875 0.75 0.130078125 0.74921875 0.1328125 0.764453125 0.1421875 0.783984375 0.156640625 0.79921875 0.16953125 0.805859375 0.1703125 0.799609375 0.16171875 0.781640625
2 0.862890625 0.57421875 0.85859375 0.578515625 0.853125 0.594140625 0.85 0.613671875 0.8515625 0.623828125 0.85859375 0.612109375 0.862890625 0.57421875
3 0.709375 0.197265625 0.7171875 0.196484375 0.71953125 0.180859375 0.700390625 0.15234375 0.661328125 0.12578125 0.625390625 0.1125 0.580859375 0.1046875 0.5734375 0.109765625 0.57890625 0.122265625 0.605078125 0.14609375 0.631640625 0.15859375 0.662890625 0.18359375 0.682421875 0.21015625 0.688671875 0.21171875 0.68984375 0.208203125 0.678125 0.184765625 0.687109375 0.184375 0.71484375 0.220703125 0.715625 0.215234375 0.709375 0.197265625
1 0.309375 0.216015625 0.307421875 0.2125 0.288671875 0.21875 0.28125 0.227734375 0.280859375 0.23203125 0.293359375 0.22890625 0.29921875 0.236328125 0.30703125 0.226171875 0.309375 0.216015625
1 0.225 0.255859375 0.227734375 0.24140625 0.220703125 0.24140625 0.20859375 0.253515625 0.1984375 0.271484375 0.20078125 0.274609375 0.216015625 0.265625 0.225 0.255859375
1 0.16328125 0.316796875 0.1703125 0.298828125 0.168359375 0.2953125 0.15859375 0.300390625 0.1484375 0.316015625 0.14375 0.331640625 0.14609375 0.333984375 0.155078125 0.328125 0.16328125 0.316796875
1 0.12734375 0.388671875 0.13359375 0.369140625 0.131640625 0.3625 0.124609375 0.3640625 0.11875 0.370703125 0.11171875 0.395703125 0.11171875 0.404296875 0.11640625 0.405078125 0.12109375 0.401953125 0.12734375 0.388671875