1 0.2864364393442623 0.5561055073770491 0.2946463680327869 0.5793570139344263 0.32808681229508196 0.6551604098360656 0.3324921409836066 0.6581848483606557 0.34723725163934427 0.6586997590163934 0.3654306901639344 0.6544140573770492 0.3668453893442623 0.6491323434426229 0.348529731147541 0.6099446737704919 0.32308077131147545 0.5401615483606557 0.31794208852459016 0.5346509852459016 0.3040733631147541 0.5325263352459016 0.2933096918032787 0.5354311467213114 0.2863558229508197 0.5466707172131148 0.2864364393442623 0.5561055073770491
1 0.7693687213114754 0.5368823172131147 0.7792794106557377 0.546660381147541 0.7883475237704919 0.5453367032786886 0.7955536450819672 0.5386168860655738 0.8008691680327868 0.5273201040983606 0.815541475409836 0.43597323524590165 0.8117888852459016 0.42600013114754093 0.7969917647540984 0.4152312573770492 0.7912289491803278 0.4158501868852459 0.7890236836065574 0.4202841221311475 0.7802962336065574 0.48231240655737706 0.7703413303278689 0.5090304409836066 0.7685833573770492 0.5241422295081968 0.7693687213114754 0.5368823172131147
1 0.27765957295081967 0.6665222000000001 0.3063670221311475 0.7134543040983606 0.3180304819672131 0.7200128893442622 0.3320136319672131 0.7188608483606557 0.3342761106557377 0.7127885680327869 0.3312282680327869 0.7061207606557377 0.29032945 0.6325174278688525 0.28595272704918034 0.6286738163934426 0.2753320868852459 0.6274827639344261 0.2669401155737705 0.6329309114754098 0.27765957295081967 0.6665222000000001
1 0.27110358032786885 0.7368280303278689 0.309921962295082 0.7878039893442623 0.3171514868852459 0.7921573090163935 0.33395883278688526 0.7923341483606557 0.2906545057377049 0.7288989606557378 0.2793863295081967 0.7227642647540984 0.2678606975409836 0.724002124590164 0.27110358032786885 0.7368280303278689
1 0.14410579836065573 0.6626785704918032 0.1530256786885246 0.6773430655737704 0.16124601229508195 0.6768099540983606 0.17096686475409836 0.6685376106557377 0.16580477786885245 0.6519539114754098 0.1576182524590164 0.6397755409836066 0.14758793524590164 0.6451664770491804 0.14241544344262294 0.6523673950819673 0.14410579836065573 0.6626785704918032
1 0.13828838032786886 0.5944011663934426 0.14641769344262295 0.608217881967213 0.16540690163934427 0.5928876508196722 0.1649023967213115 0.5838481434426229 0.15618275983606558 0.5634494393442623 0.1520582893442623 0.564125581147541 0.1367410557377049 0.5799941270491804 0.13828838032786886 0.5944011663934426
1 0.11222567704918032 0.6361399680327869 0.1183213606557377 0.6494755819672131 0.12360307459016392 0.650890281147541 0.13182861147540983 0.6384648614754098 0.12892380081967214 0.6277011901639344 0.1215564475409836 0.6155514262295082 0.11220227295081968 0.6250668319672131 0.11222567704918032 0.6361399680327869
1 0.7199504573770492 0.8246772237704918 0.7235938254098361 0.8260347106557376 0.7441069549180328 0.8140383827868853 0.7502130442622951 0.8035893786885246 0.7512662688524591 0.785172293442623 0.739654818852459 0.7888676721311475 0.7257808909836065 0.7986353303278688 0.7206604081967213 0.8160902122950819 0.7199504573770492 0.8246772237704918
1 0.6216159114754098 0.8339559680327869 0.6392658327868852 0.8452345491803279 0.6566400991803278 0.8409202418032786 0.6647226049180328 0.8325906852459016 0.6484873827868853 0.8160303901639344 0.6194158483606557 0.8264975942622951 0.6216159114754098 0.8339559680327869
1 0.6720977532786885 0.8914905122950819 0.6794989147540984 0.8909287942622951 0.6933156303278688 0.8827994811475409 0.6943922581967213 0.8754555319672132 0.6841669016393442 0.8746883688524589 0.6715646418032787 0.8832701778688525 0.6720977532786885 0.8914905122950819
1 0.4919890614754099 0.11875047049180328 0.49715635081967213 0.12344186065573771 0.5168164983606557 0.1241284081967213 0.5305187893442623 0.11927578606557376 0.5298998598360656 0.11351297049180328 0.5113501491803278 0.09277099262295081 0.48168829098360655 0.09665620819672131 0.4919890614754099 0.11875047049180328
1 0.40473805655737705 0.10422119344262296 0.40908617295081967 0.10888397786885246 0.4247362754098361 0.10696997622950818 0.4384957786885246 0.10047900901639344 0.4297189295081968 0.08171865 0.4124304819672131 0.08357543934426229 0.4039812991803279 0.09066193278688524 0.40473805655737705 0.10422119344262296
1 0.5169231270491803 0.07410165491803279 0.5435605467213115 0.07462176803278689 0.5401460270491804 0.06671089836065575 0.5273253237704918 0.05806147213114755 0.5109704737704918 0.05667017622950819 0.5051218393442624 0.05974662459016394 0.5169231270491803 0.07410165491803279
1 0.35912703770491805 0.08335438524590165 0.3757107368852459 0.07819229836065573 0.3794971360655738 0.07545392131147541 0.37820206393442624 0.06556663524590163 0.3746159073770492 0.06257080327868852 0.3613375057377049 0.06702814180327869 0.35602198278688524 0.0783249237704918 0.35912703770491805 0.08335438524590165
1 0.3952954713114754 0.05755174672131148 0.40588750491803277 0.059561972131147535 0.4106595114754098 0.0638294737704918 0.41441730409836064 0.06191026885245902 0.418123087704918 0.049737101639344264 0.4138607893442623 0.04261679836065574 0.3974201213114754 0.04368302131147541 0.39318122622950824 0.04763585491803279 0.3952954713114754 0.05755174672131148
1 0.439478793442623 0.04884251557377049 0.4446174762295082 0.05435307868852459 0.45857202049180323 0.054020210655737706 0.4690262262295082 0.04823399098360656 0.46476392786885246 0.041113688524590165 0.45911553688524587 0.03845592704918033 0.4392551467213115 0.043503589344262295 0.439478793442623 0.04884251557377049
1 0.47276061639344263 0.03524165081967213 0.48275712377049185 0.04256219672131147 0.4950161098360656 0.04381046147540984 0.502107806557377 0.04036733606557377 0.502250836885246 0.03627147213114754 0.49225432950819675 0.028950926229508196 0.4725083631147541 0.030721897540983603 0.47276061639344263 0.03524165081967213
1 0.29811555901639347 0.13945601229508198 0.30303059590163933 0.13962764918032786 0.31809037377049176 0.13113165901639345 0.3220484098360656 0.12347824508196723 0.3153571991803279 0.11545295081967212 0.30804185655737704 0.11355715000000001 0.29213429918032785 0.1228437073770492 0.29035292295081966 0.12688235901639344 0.29811555901639347 0.13945601229508198
1 0.19634827540983607 0.24703549344262296 0.20165859590163934 0.24763102049180327 0.2138941786885246 0.23780614918032786 0.2348416024590164 0.20162992049180328 0.24103350983606556 0.18872339836065574 0.23908569999999998 0.18578477786885247 0.22911259508196719 0.1895373680327869 0.22105869508196718 0.19704775163934427 0.19694380163934425 0.24172517377049182 0.19634827540983607 0.24703549344262296
1 0.2977644901639344 0.1025360237704918 0.30104118114754097 0.10265044836065573 0.32522628442622953 0.0911924344262295 0.329946281147541 0.08520597213114754 0.3312231524590164 0.0721278131147541 0.3250936590163934 0.07150368114754099 0.3117580450819672 0.07759936475409837 0.301979981147541 0.08751005409836066 0.2970883475409836 0.09841155327868853 0.2977644901639344 0.1025360237704918
1 0.3560037819672131 0.055359479508196724 0.37004414426229504 0.05256909262295082 0.37464971639344263 0.04985932131147541 0.37484995983606556 0.04412511147540984 0.3579854016393443 0.04558661803278689 0.3553276401639344 0.05123500901639345 0.3560037819672131 0.055359479508196724
1 0.40794443360655736 0.8461785172131147 0.4358145098360656 0.8701165713114754 0.4496546286885246 0.8730603942622951 0.45996580409836063 0.8713700385245902 0.459289662295082 0.8672455688524591 0.43353903360655743 0.8413310983606557 0.4189083475409836 0.8375394967213114 0.40489659098360653 0.8395107106557377 0.40794443360655736 0.8461785172131147
1 0.40112319016393444 0.8771068409836066 0.41950646639344263 0.8908715475409836 0.42837433688524584 0.8952820795081966 0.4452102885245902 0.8946397459016393 0.4258127991803279 0.8746883344262295 0.40477176147540983 0.8665720196721312 0.39652282131147537 0.8679243032786884 0.40112319016393444 0.8771068409836066
1 0.5290181680327869 0.9020773262295081 0.5388482409836066 0.9024206000000001 0.548426062295082 0.8982441204918034 0.5362294918032787 0.8834652008196722 0.5148737860655738 0.884359786885246 0.512301843442623 0.8875506590163934 0.5290181680327869 0.9020773262295081
1 0.5553643229508197 0.9226814762295082 0.5676805213114754 0.9222913959016392 0.5723433057377049 0.9179432795081968 0.5672332278688524 0.911613543442623 0.5466394836065573 0.9141750803278689 0.5553643229508197 0.9226814762295082
1 0.5262355762295081 0.9347870262295083 0.5375609647540984 0.9392833762295083 0.5520252163934426 0.936097706557377 0.5420287090163934 0.9287771606557378 0.5255880401639345 0.9298433836065574 0.5262355762295081 0.9347870262295083
1 0.5021753024590164 0.919183731147541 0.5206495999999999 0.9185986106557378 0.5179970409836065 0.9123546926229508 0.5059669040983606 0.9045530450819672 0.491193187704918 0.9048573073770492 0.4869828991803279 0.9079909680327869 0.5021753024590164 0.919183731147541
1 0.47734266311475415 0.9256981024590165 0.4886394450819672 0.931013625409836 0.5021987057377049 0.9302568672131147 0.49386915 0.9221743614754099 0.47663791475409834 0.9223928049180329 0.47734266311475415 0.9256981024590165
1 0.49493537295081963 0.9386150295081966 0.5038318491803279 0.9422063885245902 0.5169386139344263 0.9426640868852458 0.5199058401639344 0.9398971032786885 0.5074518139344263 0.9324907393442623 0.4934686639344263 0.933642780327869 0.49493537295081963 0.9386150295081966
1 0.566489468852459 0.9329120360655737 0.5834398450819672 0.9289930114754099 0.5766914221311475 0.9226060631147541 0.5627082721311476 0.9237581049180328 0.5584979836065573 0.9268917647540984 0.566489468852459 0.9329120360655737
3 0.7721616655737705 0.8679191532786885 0.7795628270491803 0.8673574352459017 0.8071442491803279 0.8408448459016393 0.8336542459016394 0.8097838967213116 0.8725194524590163 0.7537290770491804 0.91227145 0.6722798999999999 0.9373069426229509 0.5894966393442622 0.9481876483606557 0.512780456557377 0.9492850868852458 0.45786727213114753 0.9465337114754099 0.41922311967213116 0.9225436655737704 0.307662181147541 0.9150384852459017 0.2877159721311475 0.9089662040983607 0.2854534942622951 0.9050705836065575 0.2795762540983607 0.8950116606557378 0.285786362295082 0.8910874336065574 0.2807282950819672 0.8861437901639345 0.28137583114754094 0.876480150819672 0.2880098286885246 0.886965555737705 0.3400468081967213 0.8775047516393443 0.3995889680327869 0.8810284934426229 0.4161154549180328 0.8757961786885247 0.49548939918032786 0.8656202213114753 0.5755108786885246 0.8666578377049181 0.5927707204918033 0.8620184565573771 0.6081919729508196 0.8625515680327869 0.6164123073770492 0.8673807868852458 0.619041462295082 0.8677994737704917 0.6305384877049179 0.8574258827868853 0.6457594975409836 0.8484513836065574 0.6913757196721312 0.8376773073770492 0.7180651483606557 0.8254547229508197 0.7627477729508196 0.8043070557377049 0.8046582114754098 0.8048401672131147 0.8128785459016393 0.7980865418032786 0.818383906557377 0.7722760901639344 0.8646424614754098 0.7721616655737705 0.8679191532786885
3 0.6102334147540984 0.05603565573770492 0.7559395450819673 0.11115430327868853 0.7832765098360656 0.12687202295081967 0.7930207655737704 0.12967281475409834 0.8015271614754099 0.12094797540983607 0.8055086008196721 0.1243676975409836 0.8126575098360657 0.11928622622950821 0.811219406557377 0.11349480491803278 0.7997561901639344 0.10120200983606557 0.7655901868852459 0.06966255163934426 0.7091348803278689 0.042265764754098364 0.6515743401639345 0.023032099180327868 0.6002811204918033 0.012219011475409837 0.5529121286885247 0.0064639909836065575 0.5225169163934427 0.007863081967213114 0.6102334147540984 0.05603565573770492
3 0.14779856639344263 0.7448247008196721 0.18429725819672133 0.8035112860655738 0.23675551721311475 0.8631652778688524 0.2558435418032787 0.8802352819672131 0.28148494836065574 0.8975341344262294 0.360734062295082 0.9298277581967214 0.4209237581967213 0.9442322049180327 0.4524762147540984 0.9449239549180328 0.40130262213114754 0.9189418672131148 0.3965878286885246 0.9130360204918033 0.37080339098360654 0.899833031147541 0.3597640639344262 0.8871449532786886 0.3475908959016394 0.8834391696721312 0.3308173590163934 0.8705508483606557 0.30574287295081964 0.8487608483606558 0.30427616393442625 0.8437885991803278 0.30727199672131145 0.840202443442623 0.289450437704918 0.8338388983606557 0.2859501 0.8283855475409836 0.2865742319672131 0.8222560549180328 0.2832117229508197 0.8245991483606557 0.2618092106557377 0.8033474622950819 0.25133160081967215 0.7980605459016393 0.24269257950819673 0.7870966311475409 0.2361964098360656 0.7852294368852459 0.18025601393442622 0.7430875385245901 0.17952265983606555 0.7406014139344262 0.18658575 0.7379774614754098 0.17978011475409836 0.7332288590163935 0.17237895327868852 0.7337905762295083 0.16780719016393442 0.7237888655737705 0.15413870819672132 0.715930006557377 0.14348946147540984 0.7155581262295082 0.13846 0.7186631803278689 0.14779856639344263 0.7448247008196721