2 0.3671058978583196 0.4126201985172982 0.3618941886326194 0.39921174299835255 0.35538175947281714 0.3943042759472817 0.3603972537067545 0.3915198484349259 0.36504898846787476 0.3950251820428336 0.36541274794069195 0.38873542092257 0.35843514579901153 0.3834774200988468 0.3499275444810544 0.38508899505766064 0.35088434349258646 0.3741408863261944 0.3469270626029654 0.3726175 0.33779335667215815 0.3934488912685338 0.3367086911037891 0.40940588138385503 0.34239879983525534 0.4173402825370675 0.351722107907743 0.4156140675453048 0.3524099489291598 0.4205083080724877 0.36124163179571667 0.4300807355848435 0.3671058978583196 0.4126201985172982
1 0.38274763838550246 0.4499332701812191 0.3859024382207578 0.4457467092257002 0.3783847009884679 0.42184870593080726 0.38084504695222404 0.41568019769357495 0.37700901976935747 0.41206022405271825 0.3665260840197694 0.41145395799011536 0.3615921647446458 0.42961556260296546 0.35195800164744645 0.414333186985173 0.3421695197693575 0.4157088682042834 0.33461210461285007 0.4092846285008237 0.32913143657331134 0.4117185222405272 0.32917333360790774 0.44456946210873144 0.34383621746293247 0.4512428220757826 0.3707545420098847 0.447459697693575 0.3765725172981878 0.4503852182866557 0.38274763838550246 0.4499332701812191
1 0.18756664909390447 0.5260255477759472 0.18687880889621086 0.5211313064250412 0.19843979571663922 0.5086928764415156 0.19909235255354202 0.4778238838550248 0.1776127981878089 0.4463221738056013 0.15780655436573313 0.44744212273476114 0.15277783443163098 0.45605113838550243 0.15555564909390446 0.46397892586490935 0.1540190370675453 0.473760794892916 0.1470745 0.4539413253706755 0.1420590057660626 0.4567257528830313 0.1365518863261944 0.47080882289950576 0.1399514118616145 0.5127537907742998 0.14621472075782538 0.5247667257001648 0.15520072240527183 0.5176810963756178 0.16358707001647446 0.5181661087314663 0.1739487528830313 0.5208689612850083 0.18254454200988468 0.5317222693574959 0.18756664909390447 0.5260255477759472
2 0.35052719686985173 0.37751835337726525 0.35242095551894564 0.3643590172981878 0.3600930115321252 0.37159896457990116 0.3642927990115321 0.3689291771004942 0.35923540774299834 0.3388626647446458 0.3620529003294893 0.3293166894563427 0.3538142570016474 0.31508591433278416 0.3460011095551894 0.3186794357495882 0.3417880963756178 0.32717381136738055 0.3443454629324547 0.3808825947281714 0.35052719686985173 0.37751835337726525
2 0.51370823723229 0.3371165667215815 0.5124736482701813 0.3164946161449753 0.5188097001647446 0.29647231878088964 0.5161465255354202 0.28936023723228993 0.5084678566721582 0.2850325840197694 0.5005400691927513 0.28781039868204283 0.4907185222405272 0.30374754942339377 0.49750874135090606 0.340225075782537 0.5030974357495881 0.3415191820428336 0.5068320494233938 0.3384988616144975 0.5100882635914333 0.34095259472817135 0.51370823723229 0.3371165667215815
2 0.6107465016474464 0.3883605658978583 0.6035462322899505 0.3785588583196046 0.605561244645799 0.3633029349258649 0.5994588665568369 0.33171964909390445 0.6008874522240527 0.31820978006589784 0.5820446202635914 0.3054693261943987 0.5750273401976936 0.31768508978583193 0.5745423278418451 0.3260714373970346 0.579039744645799 0.3462348278418451 0.5869410799011532 0.35510618863261945 0.5891324686985173 0.3647800304777595 0.5864362289950577 0.3722294184514003 0.577214334431631 0.3805959283360791 0.5757989752883031 0.3882812100494234 0.5923622306425042 0.37888293904448106 0.600142313014827 0.3898508871499176 0.6107465016474464 0.3883605658978583
2 0.48076249670510707 0.3276058756177924 0.480087881383855 0.316887046952224 0.48512321499176275 0.30536573723228994 0.4826408105436573 0.26994642421746295 0.47682283525535424 0.26702090444810545 0.4629227545304777 0.283531255354201 0.46924118698517303 0.3225705428336079 0.4708593747940692 0.3281658500823723 0.4751671886326195 0.32922406342668864 0.48076249670510707 0.3276058756177924
2 0.5849480815485997 0.2580635304777595 0.5712353838550247 0.24335435584843493 0.5694011425041186 0.23030304612850083 0.5594098327841845 0.21839813838550245 0.5555671919275124 0.21769045881383853 0.5522712990115322 0.23271048929159802 0.5549080222405272 0.2514717454695222 0.5581642364085667 0.2539254794069193 0.5658627438220758 0.24951625041186162 0.5783011746293246 0.2610772380560132 0.5829595222405272 0.26167027759472816 0.5849480815485997 0.2580635304777595
2 0.6740100485996705 0.282146697693575 0.66623657907743 0.2682664563426689 0.664887349258649 0.24682879901153215 0.6605927611202635 0.2399459975288303 0.647332010708402 0.23141194481054367 0.6406718772652389 0.24025024052718286 0.6414743583196046 0.2459601878088962 0.6557602561779242 0.26474789621087313 0.657951644151565 0.27442173805601316 0.6712057817133443 0.28586808566721583 0.6740100485996705 0.282146697693575
2 0.2864435049423394 0.38319745551894563 0.2908439011532125 0.3434835535420099 0.29552208813838554 0.3353397116968699 0.2888950197693575 0.32961653789126855 0.2880925387149918 0.3239065906095552 0.2842498978583196 0.3231989110378913 0.2737008327841845 0.3517155840197693 0.2755086227347611 0.376416068369028 0.2809628377265239 0.3856313500823723 0.2864435049423394 0.38319745551894563
2 0.43840747858319606 0.3576812199341022 0.4324197405271829 0.3269136408566721 0.43711115321252053 0.31294521087314664 0.430625176276771 0.296388568369028 0.42097117380560134 0.28984307495881384 0.41628637397034596 0.30089921087314664 0.41750773723228995 0.3273457495881384 0.42431118204283363 0.3579986878088962 0.4289629168039539 0.36150402141680393 0.43840747858319606 0.3576812199341022
2 0.3812947759472817 0.37153061532125203 0.3852785082372323 0.3614048261943987 0.39015291021416804 0.36945386738056013 0.39516179159802306 0.36958173393739707 0.40172712355848433 0.3511908492586491 0.4002963196046128 0.31437601565074136 0.3910942644151565 0.31400564332784187 0.3799984505766063 0.32679460708401975 0.37548341350906095 0.3656928014827018 0.37733088138385507 0.3729195230642504 0.3812947759472817 0.37153061532125203
2 0.31944876276771 0.3664975016474465 0.3230753492586491 0.3597491795716639 0.3232561194398682 0.33144194810543653 0.31884689126853377 0.3237434398682043 0.3082625420098847 0.31649687973640855 0.3027752611202636 0.32184306836902804 0.30263416886326194 0.33267653706754535 0.3105222792421746 0.3473724859967051 0.3105972413509061 0.36566195551894565 0.3142039884678748 0.36765051565074136 0.31944876276771 0.3664975016474465
2 0.7712908196046128 0.3291975222405272 0.7646902026359143 0.3118251729818781 0.7650605749588139 0.30262311779242174 0.7575163855024712 0.2903742899505766 0.740304967874794 0.2774045560131796 0.7384112084019769 0.290563892092257 0.7505939069192751 0.3121426416803954 0.751484575782537 0.33031747116968696 0.7564868434925865 0.33335763179571665 0.7598907627677101 0.3220656021416804 0.7667404991762767 0.3323324835255354 0.7712908196046128 0.3291975222405272
2 0.2848870535420099 0.40171620593080726 0.28293817215815487 0.38784919028006587 0.276317715815486 0.3792137224052718 0.27130222240527185 0.38199814991762765 0.26251904942339377 0.4023643682042834 0.26546001482701814 0.44104650906095555 0.26753676276771005 0.4499046441515651 0.27218849752883034 0.4534099769357496 0.2848870535420099 0.40171620593080726
1 0.14063268369028006 0.6744467281713344 0.1501786598023064 0.6772642215815485 0.15333345963756176 0.6730776598023064 0.1485935370675453 0.6571074439868204 0.12817219522240528 0.6212979192751236 0.11708960708401978 0.6282622957166392 0.11261424876441516 0.649686726523888 0.11955878583196046 0.6695061968698517 0.12861974876441515 0.6807100378912685 0.14063268369028006 0.6744467281713344
1 0.11477914085667217 0.5171233410214168 0.1181830601317957 0.5058313113673806 0.11590348352553542 0.4836925881383855 0.10546022652388798 0.46561255848434924 0.09190406589785831 0.4845700304777595 0.08824441433278418 0.5058798220757825 0.09309897693574959 0.522665744645799 0.10207836490939044 0.5184924093904448 0.10742455354200989 0.5239796894563427 0.11477914085667217 0.5171233410214168
1 0.11779062932454695 0.47344554530477756 0.11981886738056013 0.4523650345963756 0.11251057166392091 0.4388353261943987 0.0999112100494234 0.4468446894563427 0.09054161037891269 0.46895696128500824 0.0928410255354201 0.48235880313014823 0.10428737314662273 0.46910466639209225 0.11288316309719933 0.4799579736408567 0.11779062932454695 0.47344554530477756
2 0.25289811202635915 0.38125740527182866 0.25282314991762767 0.36296793492586493 0.25997490856672156 0.3428309975288303 0.25941493410214167 0.3329278756177924 0.25488445304777596 0.3273259546952224 0.25057002553542007 0.3291800354200989 0.2463371729818781 0.34641129324546954 0.24671637808896213 0.38462164662273474 0.25289811202635915 0.38125740527182866
2 0.2651072619439868 0.3911869794069193 0.2683810963756178 0.33457912767710046 0.2626645354200989 0.338293902800659 0.2542120568369028 0.3669318294892916 0.25554806095551896 0.3941940741350906 0.2599705148270181 0.3960679942339374 0.2651072619439868 0.3911869794069193
1 0.13446191268533772 0.46777527594728174 0.14522041927512355 0.44962689785831955 0.14722220510708403 0.44019556260296544 0.14432313673805602 0.43436436161449754 0.12960734925864908 0.45098935337726526 0.12909588467874794 0.4710248772652389 0.13446191268533772 0.46777527594728174
1 0.19017248187808897 0.45578657413509055 0.1880075453047776 0.4344635568369028 0.1845220510708402 0.4303784093904448 0.1627536993410214 0.4234559308072488 0.1578396194398682 0.4328806532125206 0.1581570881383855 0.4469769489291598 0.1767970914332784 0.4464368138385502 0.18527824052718286 0.4564744143327842 0.19017248187808897 0.45578657413509055
2 0.8210842191103789 0.35796770922570015 0.8150964810543657 0.32720013014827015 0.8062780238879736 0.31180311532125204 0.7997589827018122 0.3098079423393739 0.8029622932454695 0.33556002635914334 0.8182799522240527 0.36168909637561775 0.8210842191103789 0.35796770922570015
1 0.949247208401977 0.3998465024711697 0.9435019769357496 0.36488574958813835 0.9399084555189456 0.35707260131795715 0.9311847998352554 0.35122817462932454 0.9367955518945634 0.3941101029654036 0.9405037141680395 0.4027389571663921 0.9458565156507414 0.4053139439868204 0.949247208401977 0.3998465024711697
1 0.9592032347611203 0.375988176276771 0.9527437100494234 0.34778235831960463 0.9453273863261945 0.33052464909390444 0.9407836787479408 0.33074731630971993 0.948039071663921 0.36757537644151567 0.9552393401976935 0.3773770840197694 0.9592032347611203 0.375988176276771
1 0.8894712866556838 0.25269741433278414 0.8872798986820429 0.24302357248764417 0.8792639225700165 0.23333650494233937 0.8689088533772653 0.22772135831960463 0.8751589365733113 0.24555888056013178 0.8872534464579902 0.2546727479406919 0.8894712866556838 0.25269741433278414
1 0.7970186268533772 0.23408168780889618 0.7963307858319605 0.22918744645799013 0.7727480313014827 0.20047677759472818 0.7327034357495882 0.1878046729818781 0.7126480724876442 0.19603008978583195 0.7182169283360791 0.20606107825370676 0.7318348245469523 0.2112176639209226 0.7367158393739703 0.21635441103789124 0.7709358476112026 0.2290132899505766 0.7817693163097199 0.22915438220757825 0.7915379596375618 0.23651558237232287 0.7970186268533772 0.23408168780889618
1 0.813345989291598 0.22596429736408566 0.8003343583196046 0.21032477594728172 0.7843972067545304 0.20050322899505765 0.7736783780889621 0.20117784431630972 0.7934251054365733 0.2262685403624382 0.8004027067545305 0.23152654036243822 0.81367668369028 0.2342360057660626 0.813345989291598 0.22596429736408566
1 0.8317368731466227 0.2325296301482702 0.8300040453047776 0.22611861532125205 0.813742813014827 0.20511306672158156 0.8007113434925865 0.19821042668863262 0.7889475280065897 0.19736826853377265 0.7909162487644151 0.20249840197693575 0.8056871589785831 0.21289976276771003 0.8172966573311367 0.23039997775947282 0.8294043929159802 0.23368925700164744 0.8317368731466227 0.2325296301482702
0 0.06099757001647447 0.3978295370675453 0.07241746540362438 0.39622457578253706 0.08000133278418452 0.39099964085667216 0.08759181383855025 0.38286241186161446 0.09017341268533773 0.37459731630971993 0.10288741433278419 0.36740365980230644 0.10501045387149918 0.35587573723228993 0.11631570922570016 0.3534550691927512 0.11821608072487644 0.3373834390444811 0.13919517792421746 0.3327713822075783 0.16067251317957168 0.31394838962108734 0.16396179242174627 0.3018406540362438 0.18681480889621088 0.2928061425041186 0.20222505024711698 0.27816309802306427 0.2211141729818781 0.2705174942339374 0.22393827841845138 0.2580592248764415 0.23047054612850082 0.25422981054365734 0.2538835378912685 0.25509842092257 0.3189504802306425 0.2268220345963756 0.3699960889621087 0.21715258731466228 0.3851505980230643 0.2125273039538715 0.3911030518945634 0.20753164909390445 0.42560524382207576 0.1985235906095552 0.5248789686985174 0.1887306705107084 0.5458448401976935 0.1899432018121911 0.5487505205930807 0.19286210873146623 0.5799766598023065 0.19013719769357496 0.5785061771004942 0.17079612767710048 0.5688720140032949 0.1555137520593081 0.5662419036243822 0.13384020181219108 0.5717027322899505 0.14014318863261943 0.5726198533772652 0.1466688434925865 0.5789030016474465 0.14994489621087315 0.5998843179571663 0.1956575428336079 0.624699442339374 0.1946654596375618 0.6457799530477759 0.19669369769357495 0.6513620345963756 0.20090009802306424 0.6729143319604612 0.20036657578253708 0.6824867594728171 0.19153489291598022 0.6881967075782538 0.1907324118616145 0.6893827866556838 0.18141571663920922 0.6925111350906096 0.18887833113673805 0.6957739621087314 0.1884197701812191 0.692321532125206 0.16977315403624382 0.6854519579901154 0.16824315485996705 0.6917483319604613 0.16569462026359144 0.6908312108731466 0.15916896540362438 0.6838403830313015 0.15973555271828666 0.67986326276771 0.1669490485996705 0.6783531029654036 0.16508174135090609 0.6782516886326194 0.1584414464579901 0.6822155823723228 0.157052539538715 0.6766335008237233 0.1528461392092257 0.6757296062602965 0.14049589703459636 0.6811088591433279 0.1314217075782537 0.6726210963756177 0.12429640115321251 0.6676386680395386 0.11251935914332784 0.652382744645799 0.1105043467874794 0.6312404975288303 0.0843620510708402 0.6118244654036245 0.06754306342668864 0.5905146738056013 0.0638834118616145 0.5775780049423394 0.0665333607907743 0.5729262701812191 0.06302802718286656 0.553477172981878 0.06077050906095552 0.5102579382207578 0.061021847611202634 0.4389475255354201 0.06854841680395386 0.3699431408566722 0.08656453542009886 0.31864179983525537 0.10625174464579902 0.27280790032948926 0.129329647446458 0.21412551976935748 0.16752238220757826 0.18273183690280068 0.1927299373970346 0.13089257907743 0.24410184678747943 0.10215545799011533 0.2793337767710049 0.07409956425041186 0.3223722413509061 0.05776780807248764 0.38372662850082373 0.05735775782537068 0.4104024472817133 0.06099757001647447 0.3978295370675453
2 0.6576321342668863 0.8255463517298187 0.6651079752883031 0.8165934151565074 0.6685118945634267 0.8053013863261944 0.6519883171334432 0.7972258929159802 0.6462783690280066 0.798028373970346 0.6244571136738056 0.8144042462932455 0.6232511952224052 0.832457823723229 0.6157819678747941 0.8384984654036244 0.6200765560131796 0.8453812660626029 0.624384370675453 0.8464394794069193 0.6576321342668863 0.8255463517298187