1 0.2578125 0.480078125 0.2625 0.373046875 0.265625 0.344140625 0.271875 0.334765625 0.26796875 0.316015625 0.262890625 0.3125 0.247265625 0.315625 0.228515625 0.3265625 0.21796875 0.337890625 0.209375 0.362890625 0.20078125 0.444140625 0.2015625 0.483203125 0.205078125 0.49375 0.21875 0.494921875 0.248828125 0.48828125 0.2578125 0.480078125
1 0.45546875 0.753515625 0.45625 0.726953125 0.440625 0.608203125 0.43984375 0.561328125 0.434375 0.537890625 0.426953125 0.52890625 0.405078125 0.5203125 0.360546875 0.51875 0.342578125 0.521875 0.334765625 0.52578125 0.328125 0.533984375 0.325 0.569140625 0.33359375 0.634765625 0.34140625 0.666015625 0.34296875 0.691796875 0.353125 0.732421875 0.363671875 0.74765625 0.377734375 0.753125 0.412890625 0.759375 0.44609375 0.759765625 0.452734375 0.7578125 0.45546875 0.753515625
1 0.7421875 0.740234375 0.753125 0.723828125 0.7625 0.698046875 0.77421875 0.644921875 0.7765625 0.619140625 0.773828125 0.60703125 0.755078125 0.60546875 0.741796875 0.6078125 0.72109375 0.619921875 0.7125 0.639453125 0.7046875 0.698828125 0.69609375 0.733203125 0.6890625 0.748046875 0.68828125 0.758203125 0.69296875 0.761328125 0.733984375 0.746875 0.7421875 0.740234375
1 0.30703125 0.797265625 0.29375 0.772265625 0.2640625 0.687109375 0.239453125 0.6703125 0.228515625 0.66640625 0.216015625 0.6671875 0.21484375 0.676953125 0.2203125 0.698828125 0.25 0.776953125 0.258203125 0.78671875 0.276171875 0.7984375 0.30390625 0.806640625 0.30703125 0.805078125 0.30703125 0.797265625
2 0.196484375 0.2703125 0.1921875 0.271484375 0.18515625 0.282421875 0.18515625 0.301171875 0.1953125 0.280859375 0.196484375 0.2703125
2 0.75390625 0.243359375 0.738671875 0.22890625 0.73671875 0.239453125 0.7453125 0.255859375 0.75390625 0.260546875 0.75625 0.259765625 0.75390625 0.243359375
2 0.662109375 0.1828125 0.657421875 0.18203125 0.65546875 0.187109375 0.66171875 0.203515625 0.67109375 0.208203125 0.6734375 0.195703125 0.662109375 0.1828125
2 0.8875 0.483984375 0.883984375 0.47734375 0.8796875 0.482421875 0.87734375 0.508984375 0.8828125 0.524609375 0.88828125 0.505078125 0.8875 0.483984375
2 0.85 0.452734375 0.84453125 0.437109375 0.840234375 0.4359375 0.8390625 0.455078125 0.84296875 0.466796875 0.8453125 0.466796875 0.84921875 0.462890625 0.85 0.452734375
2 0.827734375 0.41796875 0.83125 0.460546875 0.8359375 0.462890625 0.8375 0.426171875 0.827734375 0.41796875
2 0.831640625 0.39375 0.828125 0.396484375 0.82734375 0.408203125 0.8296875 0.416796875 0.83671875 0.421484375 0.8390625 0.406640625 0.831640625 0.39375
2 0.786328125 0.6890625 0.7703125 0.701171875 0.765625 0.713671875 0.765625 0.729296875 0.7875 0.702734375 0.786328125 0.6890625
2 0.79609375 0.605859375 0.791015625 0.6015625 0.78359375 0.605078125 0.77734375 0.616796875 0.779296875 0.62421875 0.78984375 0.626953125 0.79765625 0.613671875 0.79609375 0.605859375