1 0.14282393904448104 0.7775386392092257 0.16616196787479406 0.7949594983525535 0.1901878377265239 0.8074861169686985 0.24173168533772652 0.8313665008237233 0.25338086079077426 0.8313400485996705 0.240027528830313 0.7991019876441516 0.2184024884678748 0.7665332322899505 0.17069466886326196 0.7390328747940692 0.13746674382207577 0.7268766285008237 0.1158879942339374 0.7146939308072487 0.11111500658978583 0.7161026771004942 0.12330209884678749 0.7477609242174629 0.14282393904448104 0.7775386392092257
1 0.2109420485996705 0.8669665840197693 0.1784769266886326 0.8316266268533773 0.11813668039538716 0.7815554373970346 0.10985835914332784 0.7783124489291597 0.12412881219110378 0.804024855848435 0.1532032413509061 0.8338973714991763 0.1962593261943987 0.8649030626029655 0.2055892471169687 0.8695415708401976 0.2109420485996705 0.8669665840197693
1 0.42606376029654036 0.952099985172982 0.43001442833607906 0.9476643047775947 0.3985325568369028 0.9349216326194398 0.3464419612850082 0.9267689579901153 0.31953686243822077 0.9288104217462932 0.3136042471169687 0.9325516490939044 0.3220104349258649 0.9408035181219111 0.3375220906095552 0.9488062677100495 0.36491220181219114 0.9551511523887974 0.42606376029654036 0.952099985172982
1 0.6295142825370675 0.9249612570016476 0.7170330238879736 0.8881839266886326 0.7458803912685338 0.8693631532125207 0.757503115321252 0.85768752553542 0.7678317322899506 0.8404232034596376 0.7576993303130148 0.8414946425041185 0.7181529728171334 0.8683776828665568 0.684060831136738 0.886045442339374 0.5972299308072488 0.917928532125206 0.5853713138385502 0.9283232792421746 0.585613820428336 0.9325164538714992 0.5957528352553542 0.9343573080724877 0.6295142825370675 0.9249612570016476
2 0.6431125626029655 0.14163577347611203 0.6459036029654036 0.13953257413509063 0.6365604555189457 0.12906947775947283 0.5945758097199341 0.10819618863261946 0.5734820733113674 0.10439983855024712 0.56032273723229 0.10629359719934102 0.5711760444810544 0.11488938714991763 0.6010265024711696 0.12740277924217464 0.61500815815486 0.12853595469522242 0.6431125626029655 0.14163577347611203
2 0.6069566762767711 0.9434182710049422 0.5798222973640856 0.9470911490939045 0.5601505329489291 0.9538923747940692 0.5917139794069193 0.9512578714991764 0.6069566762767711 0.9434182710049422
2 0.5063866260296541 0.9783613599670511 0.5428377001647446 0.9735024028006589 0.5492354884678748 0.9694106433278418 0.4766640345963756 0.9708568484349259 0.4722481935749588 0.9756430617792422 0.5063866260296541 0.9783613599670511
2 0.3814602784184514 0.0857311194398682 0.3507257644151565 0.09430485090609556 0.3531794983525535 0.09756106507413509 0.3697229143327842 0.09822245387149918 0.4143310568369028 0.09450989868204283 0.42632415238879734 0.09203632619439868 0.4285287668863262 0.08818707248764415 0.3814602784184514 0.0857311194398682
2 0.28253926112026356 0.17996507331136738 0.25795341680395384 0.1773415766062603 0.24584568121911038 0.1806308558484349 0.2178074069192751 0.1966539752883031 0.2126904991762768 0.20050984266886326 0.21188801812191105 0.2062197899505766 0.21631708566721583 0.20725816392092258 0.2693997644151565 0.1905957133443163 0.28253926112026356 0.17996507331136738
2 0.2602506128500824 0.2142644373970346 0.24951855848434926 0.20776523476112024 0.20155940115321253 0.22348411202635912 0.181098381383855 0.24181987314662273 0.17880557907743 0.2581340098846787 0.19708843657331138 0.25529667792421745 0.21860105601317958 0.23835643739703458 0.25060322322899503 0.2237222248764415 0.2602506128500824 0.2142644373970346
1 0.9492560848434927 0.3988546853377265 0.9413768072487644 0.36613822487644154 0.9280499275123559 0.3455493393739703 0.9205807001647447 0.339508697693575 0.9196701919275123 0.3489466457990115 0.9303669621087315 0.3912090815485997 0.9508191499176277 0.4202857298187809 0.9492560848434927 0.3988546853377265