1 0.780859375 0.5984375 0.784375 0.593359375 0.78828125 0.573828125 0.78828125 0.544921875 0.7796875 0.501953125 0.772265625 0.4875 0.751953125 0.484375 0.713671875 0.4859375 0.70390625 0.500390625 0.69140625 0.510546875 0.690625 0.567578125 0.70078125 0.593359375 0.7015625 0.614453125 0.70859375 0.615234375 0.723046875 0.6078125 0.780859375 0.5984375
1 0.76328125 0.777734375 0.784375 0.741796875 0.7921875 0.706640625 0.789453125 0.696875 0.776171875 0.7 0.748046875 0.71328125 0.730859375 0.7328125 0.72265625 0.737890625 0.721875 0.756640625 0.71796875 0.765234375 0.71015625 0.771484375 0.70234375 0.788671875 0.6984375 0.808203125 0.70234375 0.808984375 0.750390625 0.78828125 0.76328125 0.777734375
1 0.6765625 0.223828125 0.659765625 0.20703125 0.617578125 0.1953125 0.6 0.200390625 0.6078125 0.219921875 0.621484375 0.23359375 0.684375 0.249609375 0.6859375 0.241796875 0.6765625 0.223828125
1 0.76171875 0.291796875 0.744921875 0.27421875 0.711328125 0.2625 0.70703125 0.269140625 0.70859375 0.279296875 0.72578125 0.309765625 0.739453125 0.3234375 0.7734375 0.336328125 0.77265625 0.319140625 0.76171875 0.291796875
1 0.8671875 0.433203125 0.86015625 0.415234375 0.846484375 0.40546875 0.841015625 0.4046875 0.8359375 0.433984375 0.83828125 0.468359375 0.840234375 0.471875 0.8640625 0.481640625 0.86875 0.458984375 0.8671875 0.433203125
1 0.43359375 0.200390625 0.4375 0.183984375 0.430078125 0.178125 0.419921875 0.178125 0.387109375 0.18515625 0.359375 0.207421875 0.35625 0.224609375 0.3625 0.226953125 0.416796875 0.21640625 0.43359375 0.200390625
1 0.50234375 0.169921875 0.5015625 0.157421875 0.491015625 0.1484375 0.466015625 0.14765625 0.450390625 0.15 0.43359375 0.161328125 0.4328125 0.173828125 0.436328125 0.17890625 0.45703125 0.178515625 0.498046875 0.17578125 0.50234375 0.169921875
1 0.334375 0.255078125 0.3453125 0.236328125 0.34609375 0.226171875 0.334765625 0.221875 0.316796875 0.221875 0.298828125 0.2296875 0.26875 0.258984375 0.2515625 0.291015625 0.2515625 0.297265625 0.2578125 0.298046875 0.307421875 0.28046875 0.334375 0.255078125
1 0.198046875 0.38671875 0.20859375 0.379296875 0.24296875 0.330078125 0.24609375 0.317578125 0.240234375 0.3046875 0.231640625 0.30390625 0.212890625 0.31015625 0.17421875 0.339453125 0.16796875 0.349609375 0.1640625 0.370703125 0.1625 0.388671875 0.1671875 0.389453125 0.184765625 0.38359375 0.198046875 0.38671875
1 0.4609375 0.641015625 0.46171875 0.618359375 0.4578125 0.608203125 0.4578125 0.573046875 0.4546875 0.566796875 0.45703125 0.558203125 0.45390625 0.551171875 0.45546875 0.543359375 0.45 0.533203125 0.44921875 0.502734375 0.44296875 0.494921875 0.43984375 0.478515625 0.4359375 0.477734375 0.43359375 0.468359375 0.42734375 0.465234375 0.42421875 0.439453125 0.410546875 0.43125 0.340234375 0.43515625 0.294140625 0.43984375 0.282421875 0.44375 0.278125 0.450390625 0.275 0.485546875 0.28125 0.566796875 0.29609375 0.624609375 0.3046875 0.640234375 0.31328125 0.669140625 0.321484375 0.6734375 0.351171875 0.678125 0.4453125 0.686328125 0.45390625 0.677734375 0.4609375 0.641015625
1 0.3140625 0.200390625 0.31953125 0.188671875 0.308203125 0.1859375 0.287109375 0.19453125 0.2625 0.219140625 0.25546875 0.231640625 0.25625 0.235546875 0.297265625 0.21796875 0.3140625 0.200390625
1 0.40390625 0.163671875 0.4046875 0.156640625 0.392578125 0.14921875 0.362890625 0.15625 0.34375 0.175390625 0.34296875 0.180078125 0.35 0.181640625 0.393359375 0.171875 0.40390625 0.163671875
1 0.48125 0.136328125 0.48046875 0.130859375 0.472265625 0.1265625 0.443359375 0.12890625 0.434765625 0.13359375 0.42890625 0.141796875 0.430859375 0.14609375 0.44296875 0.145703125 0.476953125 0.1421875 0.48125 0.136328125
2 0.32890625 0.302734375 0.3296875 0.288671875 0.33515625 0.278515625 0.326953125 0.27109375 0.321484375 0.27109375 0.3140625 0.277734375 0.3046875 0.298046875 0.3 0.326171875 0.30703125 0.337890625 0.3109375 0.336328125 0.32890625 0.302734375
2 0.1671875 0.526171875 0.17109375 0.525390625 0.16875 0.503515625 0.1703125 0.456640625 0.16875 0.445703125 0.165234375 0.44296875 0.1578125 0.459765625 0.15859375 0.520703125 0.16171875 0.527734375 0.165234375 0.51875 0.1671875 0.526171875
2 0.15234375 0.530859375 0.153125 0.506640625 0.1453125 0.490234375 0.141796875 0.48828125 0.13984375 0.521484375 0.1421875 0.565234375 0.14453125 0.570703125 0.15078125 0.573828125 0.15625 0.569140625 0.15234375 0.530859375
2 0.60078125 0.257421875 0.58828125 0.236328125 0.579296875 0.2328125 0.57265625 0.244140625 0.571875 0.256640625 0.5796875 0.288671875 0.583984375 0.2921875 0.58984375 0.291796875 0.590625 0.273828125 0.60078125 0.257421875
2 0.55078125 0.268359375 0.55 0.231640625 0.545703125 0.2265625 0.528515625 0.22421875 0.5125 0.239453125 0.50859375 0.274609375 0.532421875 0.28203125 0.55078125 0.283203125 0.55390625 0.277734375 0.55078125 0.268359375
1 0.75625 0.374609375 0.746875 0.343359375 0.7359375 0.322265625 0.730078125 0.315625 0.716015625 0.30859375 0.686328125 0.29921875 0.680859375 0.3 0.6703125 0.309765625 0.66953125 0.327734375 0.67734375 0.373046875 0.68671875 0.391796875 0.690234375 0.396875 0.706640625 0.39453125 0.717578125 0.39921875 0.749609375 0.40390625 0.75390625 0.409765625 0.7578125 0.399609375 0.75625 0.374609375
1 0.69453125 0.904296875 0.696875 0.894921875 0.691015625 0.89453125 0.628515625 0.9171875 0.61875 0.929296875 0.619921875 0.93359375 0.62578125 0.933203125 0.679296875 0.91640625 0.69453125 0.904296875
1 0.512890625 0.93828125 0.460546875 0.93671875 0.4546875 0.941796875 0.4546875 0.949609375 0.461328125 0.95390625 0.51171875 0.956640625 0.5234375 0.951171875 0.512890625 0.93828125
3 0.9109375 0.742578125 0.92734375 0.705859375 0.9265625 0.643359375 0.93359375 0.625390625 0.93828125 0.624609375 0.94296875 0.615234375 0.9375 0.599609375 0.93359375 0.600390625 0.930078125 0.5859375 0.92421875 0.589453125 0.921484375 0.5984375 0.91875 0.594921875 0.93359375 0.544921875 0.9296875 0.508984375 0.9359375 0.506640625 0.933984375 0.5015625 0.930859375 0.5046875 0.92890625 0.501953125 0.928125 0.472265625 0.91875 0.426953125 0.9109375 0.412109375 0.90703125 0.396484375 0.887890625 0.38359375 0.8828125 0.390234375 0.875 0.413671875 0.88359375 0.445703125 0.88828125 0.486328125 0.8921875 0.633203125 0.8828125 0.687109375 0.87265625 0.723828125 0.85 0.788671875 0.83125 0.823828125 0.82890625 0.831640625 0.83203125 0.832421875 0.88125 0.783984375 0.9109375 0.742578125
3 0.837890625 0.3125 0.853125 0.298046875 0.85 0.281640625 0.8375 0.251171875 0.791796875 0.196875 0.761328125 0.178125 0.749609375 0.17734375 0.732421875 0.16953125 0.721875 0.161328125 0.720703125 0.1546875 0.715625 0.153515625 0.7171875 0.149609375 0.71328125 0.146484375 0.71328125 0.141796875 0.693359375 0.1296875 0.69296875 0.133984375 0.6984375 0.137109375 0.7203125 0.166796875 0.721875 0.183203125 0.76015625 0.226171875 0.77890625 0.252734375 0.80390625 0.273046875 0.81796875 0.294140625 0.82890625 0.319921875 0.831640625 0.3078125 0.837890625 0.3125
3 0.1671875 0.769140625 0.15234375 0.727734375 0.128125 0.623828125 0.1140625 0.591796875 0.1 0.536328125 0.09375 0.523046875 0.09375 0.513671875 0.090234375 0.50859375 0.07578125 0.529296875 0.075 0.580859375 0.090625 0.659765625 0.11015625 0.701953125 0.1140625 0.737109375 0.12421875 0.765234375 0.13828125 0.788671875 0.1375 0.797265625 0.14375 0.808203125 0.184765625 0.84453125 0.188671875 0.84453125 0.192578125 0.84921875 0.196484375 0.8453125 0.20078125 0.855078125 0.20078125 0.837890625 0.1671875 0.769140625
3 0.12890625 0.493359375 0.134375 0.472265625 0.14375 0.458984375 0.1515625 0.435546875 0.1703125 0.341796875 0.16875 0.319921875 0.1734375 0.308984375 0.171875 0.290234375 0.17578125 0.273046875 0.173046875 0.26796875 0.1515625 0.288671875 0.12109375 0.344921875 0.1109375 0.376953125 0.1 0.399609375 0.09140625 0.436328125 0.08828125 0.478515625 0.08984375 0.514453125 0.09296875 0.516796875 0.09609375 0.529296875 0.0953125 0.537890625 0.1078125 0.566015625 0.1125 0.592578125 0.11953125 0.597265625 0.12578125 0.594140625 0.12890625 0.493359375
3 0.310546875 0.1578125 0.325390625 0.14921875 0.344921875 0.128125 0.408203125 0.08828125 0.41328125 0.082421875 0.403515625 0.08046875 0.392578125 0.08359375 0.387109375 0.08828125 0.337890625 0.10625 0.333984375 0.11171875 0.287890625 0.1375 0.267578125 0.15703125 0.262890625 0.1546875 0.2640625 0.166796875 0.2578125 0.176953125 0.25859375 0.180859375 0.25390625 0.184765625 0.262890625 0.18359375 0.26875 0.188671875 0.265625 0.192578125 0.271875 0.193359375 0.297265625 0.1734375 0.310546875 0.1578125