1 0.4578125 0.719921875 0.45703125 0.706640625 0.45078125 0.690234375 0.4546875 0.683203125 0.446875 0.680078125 0.4359375 0.653515625 0.423828125 0.64453125 0.389453125 0.63984375 0.371484375 0.640625 0.365625 0.650390625 0.365625 0.674609375 0.36875 0.685546875 0.38125 0.706640625 0.38359375 0.717578125 0.407421875 0.72578125 0.4453125 0.727734375 0.455078125 0.72578125 0.4578125 0.719921875
1 0.52890625 0.826953125 0.52578125 0.816015625 0.53203125 0.812109375 0.521875 0.807421875 0.51796875 0.798046875 0.508203125 0.7875 0.498046875 0.784375 0.457421875 0.78359375 0.44765625 0.788671875 0.44140625 0.800390625 0.44140625 0.810546875 0.455078125 0.83671875 0.479296875 0.83984375 0.5140625 0.839453125 0.5265625 0.836328125 0.52890625 0.826953125
1 0.384765625 0.85859375 0.344140625 0.846875 0.3328125 0.848046875 0.3359375 0.861328125 0.349609375 0.87890625 0.373828125 0.8890625 0.4046875 0.892578125 0.4 0.875390625 0.384765625 0.85859375
1 0.55 0.905859375 0.537890625 0.89609375 0.522265625 0.89296875 0.490234375 0.89375 0.475 0.898828125 0.475 0.905859375 0.482421875 0.91484375 0.5109375 0.915234375 0.546484375 0.9140625 0.55 0.905859375
1 0.784375 0.702734375 0.78671875 0.696484375 0.7859375 0.670703125 0.781640625 0.6640625 0.758203125 0.6734375 0.74375 0.684765625 0.73828125 0.702734375 0.74453125 0.709765625 0.7421875 0.724609375 0.7453125 0.725390625 0.776171875 0.71171875 0.784375 0.702734375
1 0.334375 0.509765625 0.321484375 0.4828125 0.294140625 0.4828125 0.2859375 0.493359375 0.28125 0.509765625 0.28515625 0.551953125 0.297265625 0.55703125 0.32421875 0.558203125 0.33359375 0.554296875 0.334375 0.509765625
1 0.796875 0.466015625 0.785546875 0.459375 0.775390625 0.45859375 0.769140625 0.46171875 0.76484375 0.468359375 0.7640625 0.482421875 0.7734375 0.506640625 0.776171875 0.509375 0.8015625 0.508984375 0.80390625 0.489453125 0.796875 0.466015625
1 0.77578125 0.831640625 0.773046875 0.83046875 0.748828125 0.84453125 0.73359375 0.855859375 0.73203125 0.859765625 0.73515625 0.859765625 0.773828125 0.83828125 0.77578125 0.831640625
1 0.321875 0.296484375 0.319921875 0.2859375 0.310546875 0.2859375 0.2984375 0.291796875 0.2890625 0.316796875 0.2890625 0.323046875 0.29140625 0.323828125 0.31640625 0.316015625 0.321875 0.296484375
1 0.20625 0.341015625 0.204296875 0.33203125 0.195703125 0.33515625 0.184375 0.351953125 0.18046875 0.369140625 0.18515625 0.369921875 0.2 0.360546875 0.20625 0.341015625
1 0.340625 0.235546875 0.331640625 0.23359375 0.323046875 0.23671875 0.3125 0.251171875 0.31171875 0.256640625 0.31484375 0.258203125 0.336328125 0.2515625 0.340625 0.235546875
1 0.34921875 0.216796875 0.348046875 0.20703125 0.341015625 0.20703125 0.33125 0.213671875 0.328125 0.223828125 0.33203125 0.224609375 0.343359375 0.221875 0.34921875 0.216796875
1 0.483984375 0.18671875 0.471484375 0.18828125 0.46640625 0.195703125 0.470703125 0.2 0.490625 0.199609375 0.4953125 0.196484375 0.483984375 0.18671875
2 0.851171875 0.6234375 0.84765625 0.625390625 0.8390625 0.643359375 0.8375 0.655859375 0.840625 0.660546875 0.84921875 0.641015625 0.851171875 0.6234375
1 0.1375 0.512109375 0.126171875 0.50390625 0.118359375 0.5046875 0.1109375 0.512890625 0.109375 0.527734375 0.114453125 0.53359375 0.13359375 0.537890625 0.13828125 0.530078125 0.1375 0.512109375
1 0.128125 0.474609375 0.122265625 0.465625 0.113671875 0.46640625 0.10390625 0.476953125 0.09921875 0.494921875 0.10859375 0.498828125 0.12734375 0.492578125 0.128125 0.474609375
1 0.85390625 0.498828125 0.846484375 0.4859375 0.839453125 0.48515625 0.83359375 0.501953125 0.83515625 0.530859375 0.838671875 0.53515625 0.84921875 0.534765625 0.8546875 0.525390625 0.85390625 0.498828125
1 0.661328125 0.240625 0.647265625 0.2359375 0.6375 0.238671875 0.63671875 0.244921875 0.643359375 0.25625 0.671875 0.262890625 0.671875 0.255078125 0.661328125 0.240625
1 0.64765625 0.231640625 0.633203125 0.22578125 0.621484375 0.22734375 0.621875 0.236328125 0.6359375 0.243359375 0.648828125 0.23671875 0.64765625 0.231640625
1 0.605078125 0.20234375 0.588671875 0.19921875 0.5859375 0.202734375 0.5859375 0.208984375 0.590234375 0.21328125 0.60859375 0.215234375 0.609375 0.208203125 0.605078125 0.20234375
0 0.9484375 0.439453125 0.93046875 0.354296875 0.90703125 0.291796875 0.8859375 0.258984375 0.858984375 0.23125 0.817578125 0.19609375 0.800390625 0.184375 0.784765625 0.178125 0.784375 0.187890625 0.8203125 0.244921875 0.821875 0.259765625 0.8546875 0.350390625 0.860546875 0.36015625 0.8734375 0.366796875 0.87890625 0.376953125 0.8828125 0.388671875 0.878125 0.390234375 0.87734375 0.396484375 0.8859375 0.401953125 0.89453125 0.427734375 0.89375 0.435546875 0.903125 0.441015625 0.903125 0.455078125 0.9109375 0.462890625 0.915625 0.486328125 0.92109375 0.493359375 0.93671875 0.548828125 0.9453125 0.551171875 0.95234375 0.515234375 0.9484375 0.439453125