2 0.37265625 0.627734375 0.38125 0.619921875 0.37890625 0.612109375 0.384375 0.584765625 0.39765625 0.547265625 0.4 0.505078125 0.4078125 0.491015625 0.41015625 0.478515625 0.41015625 0.461328125 0.4046875 0.448046875 0.39765625 0.440234375 0.39296875 0.411328125 0.388671875 0.40625 0.378515625 0.40234375 0.369921875 0.40390625 0.36015625 0.416015625 0.3578125 0.436328125 0.34375 0.450390625 0.3375 0.463671875 0.33359375 0.484765625 0.33515625 0.494921875 0.34140625 0.504296875 0.33984375 0.555078125 0.35 0.574609375 0.35078125 0.608984375 0.35625 0.641796875 0.359765625 0.64609375 0.365625 0.645703125 0.3703125 0.639453125 0.37265625 0.627734375
2 0.6875 0.703515625 0.698828125 0.6796875 0.708203125 0.68203125 0.7171875 0.691015625 0.7078125 0.709765625 0.71015625 0.718359375 0.71484375 0.721484375 0.71484375 0.717578125 0.721875 0.709765625 0.72578125 0.691796875 0.75546875 0.616796875 0.7578125 0.589453125 0.7546875 0.580859375 0.7453125 0.571484375 0.74609375 0.551171875 0.74375 0.544140625 0.738671875 0.540625 0.73359375 0.544140625 0.72890625 0.555078125 0.72890625 0.573046875 0.7171875 0.586328125 0.70625 0.605859375 0.6921875 0.658984375 0.690625 0.675390625 0.68203125 0.694140625 0.665625 0.714453125 0.66640625 0.719140625 0.673828125 0.7265625 0.67890625 0.726171875 0.68671875 0.713671875 0.6875 0.703515625
2 0.2265625 0.519921875 0.2328125 0.472265625 0.23203125 0.447265625 0.2265625 0.430859375 0.219921875 0.42890625 0.209375 0.439453125 0.20234375 0.535546875 0.20703125 0.563671875 0.2203125 0.578515625 0.22265625 0.591015625 0.228125 0.595703125 0.2296875 0.573828125 0.2265625 0.519921875
2 0.2640625 0.523828125 0.266796875 0.52109375 0.274609375 0.5234375 0.2796875 0.516796875 0.28203125 0.458984375 0.2953125 0.405078125 0.29453125 0.390234375 0.290234375 0.38359375 0.284375 0.380859375 0.28671875 0.356640625 0.282421875 0.3515625 0.276171875 0.35234375 0.2703125 0.358203125 0.2640625 0.384765625 0.253125 0.397265625 0.24296875 0.426953125 0.25078125 0.476171875 0.2515625 0.555078125 0.255859375 0.56171875 0.26015625 0.562109375 0.265625 0.549609375 0.2640625 0.523828125
2 0.20859375 0.422265625 0.2015625 0.398046875 0.20078125 0.380859375 0.196484375 0.38046875 0.18125 0.410546875 0.1734375 0.458984375 0.184375 0.490234375 0.18828125 0.537890625 0.192578125 0.53515625 0.1953125 0.545703125 0.2 0.545703125 0.20078125 0.488671875 0.20859375 0.422265625
2 0.253125 0.341015625 0.248828125 0.3375 0.2375 0.345703125 0.2296875 0.358984375 0.209375 0.423046875 0.212109375 0.43359375 0.225 0.432421875 0.2265625 0.451171875 0.23515625 0.454296875 0.25390625 0.351953125 0.253125 0.341015625
2 0.8421875 0.419921875 0.8234375 0.375390625 0.82109375 0.362890625 0.814453125 0.35703125 0.81015625 0.361328125 0.81015625 0.371484375 0.81953125 0.439453125 0.82421875 0.454296875 0.8265625 0.500390625 0.83671875 0.511328125 0.8390625 0.508203125 0.8421875 0.419921875
2 0.790625 0.305859375 0.780859375 0.29375 0.765234375 0.28828125 0.7640625 0.294140625 0.7796875 0.326171875 0.79453125 0.346484375 0.8046875 0.352734375 0.8046875 0.343359375 0.790625 0.305859375
2 0.84296875 0.373046875 0.83359375 0.337109375 0.82109375 0.308984375 0.812109375 0.3015625 0.8140625 0.326953125 0.821875 0.360546875 0.8328125 0.396484375 0.840625 0.407421875 0.84375 0.400390625 0.84296875 0.373046875
1 0.7421875 0.327734375 0.72734375 0.301953125 0.725 0.291015625 0.70625 0.271484375 0.706640625 0.2640625 0.71796875 0.262890625 0.709375 0.253515625 0.70625 0.237109375 0.69921875 0.226953125 0.662109375 0.20546875 0.640234375 0.20078125 0.626171875 0.20234375 0.62109375 0.212109375 0.6265625 0.269140625 0.6359375 0.301953125 0.64296875 0.312109375 0.717578125 0.3375 0.7375 0.340234375 0.7421875 0.337109375 0.7421875 0.327734375
1 0.94375 0.557421875 0.9375 0.515234375 0.933203125 0.50703125 0.916796875 0.49609375 0.90546875 0.516796875 0.89765625 0.570703125 0.90078125 0.593359375 0.90703125 0.595703125 0.9171875 0.614453125 0.9265625 0.620703125 0.93671875 0.600390625 0.94375 0.557421875
2 0.49375 0.909765625 0.460546875 0.896875 0.443359375 0.90078125 0.43828125 0.905859375 0.441796875 0.91171875 0.455859375 0.9140625 0.459765625 0.92109375 0.46953125 0.920703125 0.483984375 0.91796875 0.49375 0.909765625
2 0.57890625 0.910546875 0.569921875 0.90625 0.557421875 0.90703125 0.53203125 0.918359375 0.53046875 0.923828125 0.533984375 0.92734375 0.55078125 0.930078125 0.578515625 0.91484375 0.57890625 0.910546875
2 0.660546875 0.86796875 0.670703125 0.8625 0.675 0.854296875 0.670703125 0.8515625 0.658984375 0.853125 0.635546875 0.86796875 0.61796875 0.893359375 0.6171875 0.896484375 0.6203125 0.898046875 0.638671875 0.88828125 0.660546875 0.86796875
2 0.71328125 0.860546875 0.71328125 0.856640625 0.699609375 0.85703125 0.673828125 0.8734375 0.6640625 0.891015625 0.66328125 0.894921875 0.66796875 0.894921875 0.705078125 0.86796875 0.71328125 0.860546875
2 0.64921875 0.905859375 0.633203125 0.90546875 0.613671875 0.915625 0.61015625 0.918359375 0.61015625 0.923828125 0.61640625 0.925390625 0.639453125 0.9171875 0.64921875 0.905859375
2 0.416796875 0.134375 0.42890625 0.125390625 0.412109375 0.11953125 0.392578125 0.1296875 0.3984375 0.138671875 0.39609375 0.151953125 0.40078125 0.152734375 0.40859375 0.147265625 0.416796875 0.134375
2 0.454296875 0.13125 0.462890625 0.1421875 0.4703125 0.141796875 0.46484375 0.136328125 0.4671875 0.126171875 0.47421875 0.118359375 0.469140625 0.11171875 0.451953125 0.10859375 0.43671875 0.116015625 0.434375 0.120703125 0.43671875 0.141015625 0.439453125 0.1453125 0.44453125 0.145703125 0.450390625 0.13046875 0.454296875 0.13125