1 0.3407491647634584 0.7256698858075041 0.3374454355628059 0.750857753670473 0.3425180693311582 0.7687711810766721 0.35541559380097876 0.792676707177814 0.3544981753670473 0.796650484502447 0.36171128303425776 0.8071054779771615 0.3725317104404568 0.8146262667210441 0.401570691680261 0.8230046753670474 0.40823385889070146 0.8304028001631322 0.4161814127243067 0.8322376370309951 0.4194830970636216 0.8288143115823817 0.42957061256117457 0.8286318507340946 0.5080689314845025 0.8367092243066885 0.5713452577487765 0.8345753972267537 0.6451987300163132 0.826512336867863 0.6847555701468189 0.8092756019575856 0.7161839290375205 0.7637931084828711 0.7334288433931484 0.7162917814029364 0.7194902145187602 0.7113995636215334 0.6868434021207178 0.7113964967373573 0.6131115709624796 0.7261845668841762 0.5206117577487764 0.7316170114192496 0.4338597381729201 0.7266568156606852 0.3573178980424144 0.7173568988580751 0.34527390375203915 0.7187619029363784 0.3407491647634584 0.7256698858075041
1 0.347519147634584 0.8975859477977162 0.367448852365416 0.9055355464926591 0.4180688907014682 0.9147107553017946 0.4739470921696574 0.9192400954323001 0.5227951582381729 0.91796082137031 0.5366734779771615 0.9140493988580751 0.5420548156606851 0.8998051337683524 0.5400993597063621 0.8901454061990212 0.5333135293637847 0.8869045424143556 0.4178884738988581 0.8828586982055464 0.3283862438825449 0.8680552911908647 0.32276162479608483 0.8688495358890701 0.3218442063621534 0.8728233123980423 0.3324806386623165 0.8865799910277326 0.347519147634584 0.8975859477977162
2 0.42809354078303424 0.9329303303425774 0.4003379241435563 0.9298709053833605 0.3977088425774878 0.932193839314845 0.41018011256117454 0.9380029649265906 0.4373852781402936 0.9434466566068515 0.46532437928221865 0.9457113262642741 0.466669585644372 0.943510544045677 0.42809354078303424 0.9329303303425774
1 0.8345385889070147 0.8204164910277324 0.8529431818923328 0.7932736794453508 0.8489694045676998 0.7923562610114192 0.8069659445350734 0.8220034461663948 0.748211290375204 0.8498761027732464 0.7219204755301795 0.8731054469820554 0.7158670464926591 0.8830089673735726 0.7269328009787928 0.8822152340946167 0.8090425301794453 0.8438293189233278 0.8345385889070147 0.8204164910277324
1 0.9663857014681893 0.425182354812398 0.9659594469820555 0.40708595350734095 0.9589931998368678 0.3719930326264274 0.9488463972267537 0.35248958238172917 0.9272065644371941 0.326565735725938 0.9278163017944535 0.34386738091353997 0.9390614502446982 0.3858079755301795 0.9632674999999999 0.4278109249592169 0.9663857014681893 0.425182354812398
2 0.9451797903752038 0.33573787683523654 0.9446303613376836 0.3272398719412724 0.9389444110929852 0.3301127463295269 0.9305700913539968 0.3156226443719413 0.9206670823817293 0.30412807911908646 0.9176102128874388 0.30467801957585644 0.9266561125611746 0.3289500016313214 0.9418781052202284 0.33916120228384994 0.9451797903752038 0.33573787683523654
2 0.7768286321370309 0.14033027406199022 0.7589172495921697 0.12363836704730831 0.7473015546492658 0.12137523083197391 0.7650907862969005 0.13678326264274063 0.7768286321370309 0.14033027406199022
2 0.8067840097879283 0.15561717699836866 0.7965140326264274 0.14571212316476348 0.7851431533442088 0.14057560114192497 0.7809245611745513 0.14253156769983688 0.7970016182707993 0.16172989314845024 0.8122236109298532 0.17194109461663948 0.8157696003262642 0.17108551876019576 0.8067840097879283 0.15561717699836866
2 0.31836314192495924 0.1826546924959217 0.3022237308319739 0.17641726753670472 0.2648073637846656 0.18619556851549757 0.2442030114192496 0.20111090293637848 0.2385160383360522 0.2148660481239804 0.24279545106035888 0.21627258646003264 0.27831718270799344 0.20019706280587277 0.31157628874388255 0.1902960986949429 0.31836314192495924 0.1826546924959217
2 0.3170808009787928 0.16645343800978793 0.31995367536704733 0.1721393890701468 0.3364615872756933 0.160463896411093 0.34740621207177813 0.14750401794453508 0.31634891109298535 0.1478679176182708 0.2968459722675367 0.15257358482871125 0.27440780424143557 0.16455420146818922 0.27349038580750407 0.1685279787928222 0.2799705807504078 0.17127972349102774 0.2939710530179445 0.16865217536704732 0.30393590456769987 0.17262697471451877 0.3170808009787928 0.16645343800978793
2 0.4705396288743882 0.09640559543230016 0.4322078882544862 0.0883931313213703 0.41087113458401303 0.09016408075040783 0.3964423637846656 0.09645976998368679 0.40377813458401307 0.10275750326264274 0.42884436052202285 0.09933622267536704 0.4652814665579119 0.10105146411092986 0.4701113303425775 0.10007373654159869 0.4705396288743882 0.09640559543230016
2 0.4669338425774877 0.08301639477977162 0.43771137765089724 0.0754327414355628 0.4061644453507341 0.08154341272430668 0.4023736411092985 0.08527237438825448 0.41600663458401305 0.0896754730831974 0.4476143874388255 0.08692730668841762 0.4609417446982056 0.0908412854812398 0.46632205954322997 0.0874792911908646 0.4669338425774877 0.08301639477977162