2 0.635546875 0.49453125 0.63984375 0.529296875 0.643359375 0.5328125 0.64921875 0.529296875 0.65078125 0.487890625 0.658984375 0.4875 0.6609375 0.484765625 0.66015625 0.457421875 0.65703125 0.447265625 0.636328125 0.4234375 0.631640625 0.42421875 0.61796875 0.436328125 0.615625 0.444921875 0.61484375 0.471484375 0.61953125 0.478515625 0.62109375 0.491796875 0.615625 0.518359375 0.60703125 0.537890625 0.612890625 0.5453125 0.61875 0.544921875 0.6234375 0.537109375 0.635546875 0.49453125
2 0.62109375 0.753515625 0.6125 0.744921875 0.63203125 0.708203125 0.6328125 0.700390625 0.6328125 0.692578125 0.623828125 0.67265625 0.615234375 0.67265625 0.609375 0.676953125 0.60625 0.686328125 0.59453125 0.697265625 0.58984375 0.707421875 0.590625 0.722265625 0.58046875 0.761328125 0.588671875 0.765625 0.59921875 0.766015625 0.608203125 0.76328125 0.62109375 0.753515625
2 0.534375 0.620703125 0.53515625 0.604296875 0.540625 0.586328125 0.54765625 0.576171875 0.553125 0.547265625 0.5484375 0.532421875 0.53828125 0.522265625 0.5390625 0.508984375 0.533984375 0.503125 0.523828125 0.50234375 0.5171875 0.508984375 0.515625 0.523046875 0.50546875 0.539453125 0.5 0.576953125 0.503515625 0.58515625 0.510546875 0.58515625 0.5140625 0.588671875 0.51953125 0.607421875 0.51875 0.639453125 0.53046875 0.648828125 0.5296875 0.630078125 0.534375 0.620703125
2 0.56875 0.595703125 0.5734375 0.576953125 0.575 0.531640625 0.56953125 0.504296875 0.559765625 0.4984375 0.553515625 0.5015625 0.55 0.508203125 0.54765625 0.529296875 0.55390625 0.548828125 0.546875 0.580859375 0.55234375 0.608203125 0.54921875 0.619921875 0.56171875 0.623046875 0.56796875 0.616796875 0.56875 0.595703125
2 0.45625 0.750390625 0.46171875 0.736328125 0.4515625 0.723046875 0.45078125 0.710546875 0.447265625 0.70703125 0.438671875 0.70625 0.434375 0.708984375 0.43359375 0.716015625 0.42578125 0.727734375 0.434375 0.747265625 0.43984375 0.751953125 0.440625 0.769140625 0.443359375 0.77265625 0.4515625 0.773046875 0.45625 0.767578125 0.45625 0.750390625
2 0.37734375 0.757421875 0.37734375 0.749609375 0.347265625 0.734375 0.323046875 0.7375 0.321875 0.743359375 0.328125 0.748046875 0.32890625 0.755078125 0.334765625 0.76171875 0.34296875 0.759765625 0.34921875 0.773046875 0.3578125 0.780859375 0.36171875 0.793359375 0.36953125 0.799609375 0.36796875 0.768359375 0.37734375 0.757421875
2 0.47578125 0.837109375 0.475 0.824609375 0.463671875 0.8140625 0.451953125 0.8125 0.44765625 0.816015625 0.44921875 0.823828125 0.44375 0.836328125 0.451953125 0.846875 0.46953125 0.853515625 0.47109375 0.841015625 0.47578125 0.837109375
2 0.50078125 0.824609375 0.503125 0.816015625 0.495703125 0.80625 0.490234375 0.8046875 0.48203125 0.806640625 0.47578125 0.829296875 0.4765625 0.839453125 0.48671875 0.843359375 0.50390625 0.833984375 0.50078125 0.824609375
2 0.56015625 0.818359375 0.554296875 0.8078125 0.542578125 0.80703125 0.52734375 0.818359375 0.52109375 0.831640625 0.526953125 0.834375 0.54921875 0.834765625 0.5578125 0.829296875 0.56015625 0.818359375
2 0.6828125 0.742578125 0.682421875 0.7328125 0.660546875 0.73984375 0.6484375 0.752734375 0.62265625 0.787890625 0.63203125 0.790234375 0.66640625 0.761328125 0.6828125 0.742578125
2 0.703515625 0.71328125 0.691796875 0.709375 0.68203125 0.716796875 0.67890625 0.727734375 0.66953125 0.737890625 0.675 0.749609375 0.696875 0.728515625 0.703515625 0.71328125
2 0.72890625 0.672265625 0.7296875 0.658984375 0.73515625 0.646484375 0.730078125 0.62578125 0.72265625 0.631640625 0.71484375 0.646484375 0.70546875 0.653515625 0.6984375 0.666796875 0.70234375 0.680078125 0.69609375 0.710546875 0.70234375 0.712890625 0.71875 0.694921875 0.72890625 0.672265625
2 0.3046875 0.360546875 0.294921875 0.3390625 0.28828125 0.342578125 0.28671875 0.352734375 0.27890625 0.361328125 0.27421875 0.376953125 0.27734375 0.427734375 0.29140625 0.429296875 0.29765625 0.383984375 0.3046875 0.360546875
2 0.24609375 0.440234375 0.25 0.429296875 0.25703125 0.364453125 0.251171875 0.3546875 0.2453125 0.359765625 0.23515625 0.380078125 0.2375 0.404296875 0.2328125 0.448046875 0.240234375 0.45703125 0.24375 0.457421875 0.246875 0.451953125 0.24609375 0.440234375
2 0.2640625 0.401171875 0.2703125 0.369140625 0.266796875 0.35625 0.259375 0.361328125 0.25390625 0.387109375 0.253125 0.416796875 0.26015625 0.424609375 0.2640625 0.420703125 0.2640625 0.401171875
3 0.4203125 0.238671875 0.42109375 0.219140625 0.427734375 0.2109375 0.451953125 0.2140625 0.463671875 0.22109375 0.470703125 0.21328125 0.477734375 0.21171875 0.537890625 0.2109375 0.583203125 0.19296875 0.58515625 0.188671875 0.58125 0.180859375 0.588671875 0.17890625 0.598046875 0.16484375 0.61796875 0.153515625 0.615625 0.134765625 0.60390625 0.119140625 0.6015625 0.105859375 0.596484375 0.10625 0.592578125 0.09765625 0.577734375 0.09375 0.496484375 0.08828125 0.463671875 0.0953125 0.439453125 0.0953125 0.411328125 0.10625 0.386328125 0.10390625 0.357421875 0.11875 0.341015625 0.1375 0.324609375 0.1453125 0.3171875 0.155078125 0.30859375 0.175390625 0.31015625 0.183984375 0.32109375 0.196484375 0.31328125 0.208203125 0.3125 0.223828125 0.321484375 0.2328125 0.342578125 0.23203125 0.366015625 0.228125 0.391796875 0.2171875 0.405078125 0.215625 0.4078125 0.255078125 0.41015625 0.255078125 0.4140625 0.244140625 0.4203125 0.238671875
1 0.2484375 0.308203125 0.291796875 0.27109375 0.31484375 0.247265625 0.3171875 0.233203125 0.309765625 0.225 0.293359375 0.22578125 0.283203125 0.23046875 0.251171875 0.25546875 0.23046875 0.276953125 0.20234375 0.319140625 0.203125 0.337109375 0.21484375 0.338671875 0.237890625 0.32734375 0.2484375 0.308203125
2 0.298046875 0.8265625 0.293359375 0.81875 0.287109375 0.81640625 0.28203125 0.823046875 0.284375 0.827734375 0.300390625 0.8421875 0.31875 0.849609375 0.315625 0.841015625 0.298046875 0.8265625
2 0.2984375 0.639453125 0.30234375 0.627734375 0.3 0.609765625 0.288671875 0.58828125 0.273828125 0.58671875 0.26875 0.600390625 0.2703125 0.616796875 0.28984375 0.666796875 0.28984375 0.676171875 0.30234375 0.682421875 0.3078125 0.674609375 0.2984375 0.639453125
2 0.37265625 0.613671875 0.36328125 0.587890625 0.356640625 0.5828125 0.339453125 0.58046875 0.3375 0.586328125 0.340625 0.604296875 0.33671875 0.620703125 0.3578125 0.676953125 0.365625 0.680859375 0.36171875 0.662890625 0.365234375 0.65625 0.37265625 0.666796875 0.37421875 0.676953125 0.38515625 0.680859375 0.3703125 0.644921875 0.37265625 0.613671875
2 0.26875 0.504296875 0.26328125 0.491796875 0.2609375 0.474609375 0.254296875 0.4703125 0.2453125 0.485546875 0.240625 0.512109375 0.244140625 0.515625 0.255859375 0.51484375 0.26015625 0.518359375 0.2671875 0.512109375 0.26875 0.504296875
2 0.25390625 0.580078125 0.2453125 0.563671875 0.24609375 0.546484375 0.23828125 0.532421875 0.230859375 0.528125 0.221875 0.551171875 0.225 0.583203125 0.234765625 0.596875 0.24453125 0.600390625 0.25390625 0.590234375 0.25390625 0.580078125
2 0.365625 0.500390625 0.3703125 0.466796875 0.36796875 0.458984375 0.362109375 0.45390625 0.353125 0.455859375 0.34140625 0.478515625 0.34140625 0.499609375 0.344921875 0.50546875 0.34765625 0.505078125 0.361328125 0.50390625 0.365625 0.500390625
2 0.38359375 0.479296875 0.379296875 0.475 0.372265625 0.4765625 0.36796875 0.482421875 0.3640625 0.501953125 0.36640625 0.517578125 0.3734375 0.519921875 0.39453125 0.510546875 0.38359375 0.479296875
2 0.306640625 0.478125 0.298046875 0.47734375 0.28828125 0.487109375 0.2890625 0.505859375 0.298828125 0.5171875 0.3140625 0.519921875 0.31640625 0.486328125 0.306640625 0.478125
2 0.3390625 0.508984375 0.33671875 0.490234375 0.327734375 0.4828125 0.320703125 0.484375 0.31640625 0.491015625 0.31796875 0.521484375 0.319921875 0.52578125 0.32578125 0.526953125 0.33671875 0.522265625 0.3390625 0.508984375
2 0.398046875 0.61640625 0.4015625 0.608984375 0.3921875 0.526171875 0.38984375 0.518359375 0.384765625 0.51484375 0.37421875 0.522265625 0.371875 0.542578125 0.3609375 0.566796875 0.365625 0.576953125 0.36640625 0.595703125 0.38125 0.631640625 0.384375 0.623828125 0.398046875 0.61640625
2 0.42421875 0.571484375 0.42265625 0.533984375 0.412890625 0.5140625 0.395703125 0.5109375 0.3921875 0.513671875 0.3921875 0.524609375 0.39609375 0.557421875 0.40703125 0.580078125 0.409375 0.593359375 0.41640625 0.596484375 0.42109375 0.591015625 0.42421875 0.571484375