1 0.58125 0.756640625 0.58125 0.739453125 0.5671875 0.720703125 0.565625 0.690234375 0.547265625 0.6734375 0.494921875 0.675 0.47109375 0.694921875 0.47734375 0.701953125 0.47421875 0.716796875 0.4765625 0.737890625 0.478515625 0.74140625 0.490625 0.744140625 0.49453125 0.753515625 0.49453125 0.765234375 0.50625 0.768359375 0.568359375 0.765625 0.58125 0.756640625
2 0.3703125 0.701171875 0.365625 0.691015625 0.36328125 0.671484375 0.35546875 0.659765625 0.348046875 0.65625 0.33984375 0.676953125 0.3453125 0.702734375 0.353125 0.716796875 0.3578125 0.719140625 0.36875 0.711328125 0.3703125 0.701171875
2 0.4734375 0.639453125 0.47109375 0.631640625 0.4640625 0.627734375 0.4640625 0.618359375 0.457421875 0.615625 0.45390625 0.627734375 0.44453125 0.637109375 0.44453125 0.648046875 0.4515625 0.658984375 0.45546875 0.678515625 0.4640625 0.682421875 0.4703125 0.673046875 0.4734375 0.639453125
2 0.7421875 0.656640625 0.7421875 0.647265625 0.737890625 0.6390625 0.7203125 0.663671875 0.71640625 0.698828125 0.71875 0.701953125 0.72578125 0.695703125 0.7421875 0.656640625
2 0.36328125 0.551953125 0.3578125 0.541015625 0.353515625 0.53671875 0.348046875 0.53671875 0.34375 0.555859375 0.34453125 0.569921875 0.3484375 0.600390625 0.35390625 0.601953125 0.36171875 0.592578125 0.36328125 0.551953125
2 0.321484375 0.52109375 0.31796875 0.523828125 0.31484375 0.536328125 0.31484375 0.554296875 0.31953125 0.576171875 0.3296875 0.578515625 0.33203125 0.537109375 0.321484375 0.52109375
1 0.41328125 0.508984375 0.405859375 0.5046875 0.370703125 0.50703125 0.35625 0.533203125 0.359375 0.546484375 0.36484375 0.553515625 0.36171875 0.573046875 0.42109375 0.577734375 0.4234375 0.529296875 0.41328125 0.508984375
2 0.465625 0.505078125 0.46015625 0.485546875 0.450390625 0.4796875 0.440625 0.496484375 0.43828125 0.517578125 0.44765625 0.541015625 0.453125 0.544140625 0.4640625 0.524609375 0.465625 0.505078125
2 0.2609375 0.508984375 0.256640625 0.50234375 0.251171875 0.503125 0.24453125 0.514453125 0.246875 0.543359375 0.25390625 0.544921875 0.2609375 0.516015625 0.2609375 0.508984375
2 0.37265625 0.458984375 0.368359375 0.45703125 0.36015625 0.469921875 0.359375 0.479296875 0.3734375 0.486328125 0.37578125 0.469921875 0.37265625 0.458984375
1 0.37265625 0.487109375 0.365234375 0.48046875 0.36015625 0.483203125 0.35703125 0.490234375 0.35859375 0.509765625 0.36171875 0.514453125 0.3734375 0.502734375 0.37265625 0.487109375
1 0.263671875 0.69609375 0.25859375 0.691796875 0.254296875 0.68046875 0.24375 0.682421875 0.246875 0.700390625 0.251171875 0.70625 0.259765625 0.7078125 0.266796875 0.71484375 0.275390625 0.71328125 0.285546875 0.7203125 0.290625 0.719921875 0.285546875 0.69609375 0.263671875 0.69609375
2 0.259375 0.659765625 0.254296875 0.65703125 0.2546875 0.671484375 0.2515625 0.678515625 0.261328125 0.69609375 0.271875 0.697265625 0.27109375 0.682421875 0.259375 0.659765625
2 0.77265625 0.662890625 0.769140625 0.64453125 0.7625 0.652734375 0.75390625 0.686328125 0.75390625 0.698828125 0.76015625 0.694921875 0.77265625 0.662890625
2 0.748046875 0.703125 0.75078125 0.701953125 0.76171875 0.663671875 0.761328125 0.646875 0.746875 0.666015625 0.7375 0.701171875 0.73671875 0.705859375 0.7390625 0.705859375 0.745703125 0.69921875 0.748046875 0.703125
1 0.770703125 0.7234375 0.776953125 0.728125 0.793359375 0.7125 0.800390625 0.7109375 0.8125 0.694921875 0.8140625 0.675390625 0.807421875 0.6703125 0.795703125 0.671875 0.767578125 0.69375 0.755859375 0.6984375 0.740625 0.721484375 0.73984375 0.727734375 0.7421875 0.729296875 0.755859375 0.72265625 0.770703125 0.7234375
3 0.77578125 0.401953125 0.77421875 0.375390625 0.76640625 0.335546875 0.74765625 0.289453125 0.737890625 0.27890625 0.727734375 0.275 0.711328125 0.25546875 0.704296875 0.2515625 0.676953125 0.25234375 0.655078125 0.2375 0.644921875 0.23671875 0.633203125 0.22421875 0.614453125 0.2109375 0.592578125 0.20859375 0.579296875 0.20390625 0.558203125 0.20625 0.537890625 0.203125 0.517578125 0.209375 0.5046875 0.216796875 0.5015625 0.227734375 0.509765625 0.2390625 0.519140625 0.24375 0.533203125 0.25703125 0.570703125 0.2734375 0.587890625 0.28984375 0.604296875 0.29921875 0.641796875 0.3296875 0.675390625 0.34375 0.687109375 0.365625 0.722265625 0.3828125 0.73046875 0.392578125 0.73046875 0.400390625 0.73671875 0.409765625 0.745703125 0.4140625 0.75234375 0.413671875 0.771484375 0.409375 0.77578125 0.401953125
3 0.161328125 0.45546875 0.169140625 0.45390625 0.173046875 0.43671875 0.192578125 0.43828125 0.19609375 0.432421875 0.1953125 0.424609375 0.20078125 0.426953125 0.20234375 0.407421875 0.20546875 0.404296875 0.20390625 0.380078125 0.208203125 0.3828125 0.21015625 0.376953125 0.203125 0.373046875 0.20390625 0.349609375 0.215234375 0.33515625 0.298046875 0.3046875 0.334765625 0.29609375 0.344140625 0.29140625 0.352734375 0.28203125 0.364453125 0.28203125 0.379296875 0.2734375 0.392578125 0.25703125 0.408203125 0.24609375 0.462890625 0.23203125 0.476953125 0.2328125 0.494921875 0.22890625 0.49921875 0.225390625 0.5015625 0.216015625 0.471484375 0.2140625 0.436328125 0.22109375 0.397265625 0.22109375 0.387109375 0.21796875 0.362109375 0.2296875 0.348828125 0.22421875 0.341015625 0.2296875 0.320703125 0.234375 0.306640625 0.24140625 0.271484375 0.246875 0.258984375 0.26015625 0.251953125 0.26328125 0.240234375 0.26171875 0.233984375 0.265625 0.216015625 0.28671875 0.208203125 0.28046875 0.196484375 0.28203125 0.169921875 0.3109375 0.165625 0.309765625 0.165234375 0.3046875 0.15546875 0.314453125 0.14375 0.336328125 0.13984375 0.351171875 0.13203125 0.359765625 0.12421875 0.384765625 0.121875 0.412109375 0.11640625 0.419140625 0.117578125 0.42421875 0.121484375 0.421875 0.12421875 0.426171875 0.126171875 0.45390625 0.13203125 0.451953125 0.12890625 0.443359375 0.132421875 0.440625 0.1421875 0.443359375 0.1359375 0.449609375 0.1359375 0.454296875 0.140625 0.458984375 0.13671875 0.466796875 0.141796875 0.47109375 0.146484375 0.46953125 0.146875 0.458984375 0.1515625 0.459765625 0.15 0.469921875 0.15234375 0.475390625 0.14375 0.482421875 0.153125 0.483984375 0.15625 0.452734375 0.161328125 0.45546875
2 0.37421875 0.410546875 0.370703125 0.409375 0.36328125 0.428515625 0.3671875 0.447265625 0.3734375 0.448046875 0.38203125 0.424609375 0.37421875 0.410546875
2 0.3625 0.445703125 0.36171875 0.423046875 0.358203125 0.41640625 0.353515625 0.41640625 0.34921875 0.422265625 0.3484375 0.452734375 0.35390625 0.456640625 0.36015625 0.451953125 0.3625 0.445703125
0 0.843359375 0.384375 0.851171875 0.3875 0.85546875 0.384765625 0.84765625 0.369140625 0.84375 0.333984375 0.83359375 0.300390625 0.8078125 0.241796875 0.795703125 0.221875 0.765234375 0.203125 0.752734375 0.2015625 0.731640625 0.18984375 0.719921875 0.18671875 0.710546875 0.178125 0.671484375 0.16328125 0.646484375 0.15625 0.626171875 0.15703125 0.601171875 0.15234375 0.58671875 0.157421875 0.59140625 0.162890625 0.605859375 0.20546875 0.618359375 0.21015625 0.628515625 0.21875 0.639453125 0.21953125 0.643359375 0.2296875 0.676171875 0.25078125 0.704296875 0.25 0.718359375 0.2578125 0.730078125 0.2734375 0.733984375 0.27265625 0.7515625 0.290234375 0.753125 0.297265625 0.7578125 0.298828125 0.7703125 0.324609375 0.78125 0.332421875 0.7890625 0.351953125 0.7984375 0.360546875 0.8 0.382421875 0.807421875 0.3890625 0.82890625 0.391015625 0.837890625 0.3890625 0.843359375 0.384375
0 0.92265625 0.394921875 0.91171875 0.362109375 0.909375 0.345703125 0.884375 0.284765625 0.858984375 0.26015625 0.85625 0.262890625 0.86640625 0.282421875 0.86875 0.294140625 0.8765625 0.305859375 0.8890625 0.343359375 0.89921875 0.392578125 0.903125 0.396484375 0.8984375 0.400390625 0.90546875 0.412109375 0.9046875 0.431640625 0.9015625 0.436328125 0.909375 0.451171875 0.916015625 0.4546875 0.9265625 0.468359375 0.9265625 0.421484375 0.92265625 0.394921875
0 0.348046875 0.22421875 0.355078125 0.22421875 0.362890625 0.22890625 0.36875 0.221484375 0.3765625 0.184765625 0.367578125 0.18203125 0.323046875 0.19765625 0.308984375 0.19609375 0.302734375 0.1984375 0.28515625 0.220703125 0.27734375 0.238671875 0.2765625 0.243359375 0.28359375 0.244921875 0.305859375 0.24140625 0.348046875 0.22421875
0 0.08515625 0.491015625 0.090625 0.488671875 0.0875 0.471484375 0.09140625 0.469140625 0.0921875 0.482421875 0.094921875 0.48359375 0.1046875 0.463671875 0.1015625 0.455078125 0.10703125 0.452734375 0.11015625 0.423828125 0.11640625 0.420703125 0.1171875 0.398828125 0.125 0.369921875 0.13359375 0.353515625 0.1390625 0.350390625 0.140625 0.343359375 0.146875 0.341796875 0.14296875 0.337109375 0.14921875 0.321484375 0.161328125 0.3046875 0.168359375 0.3 0.176953125 0.3 0.197265625 0.278125 0.212109375 0.27421875 0.216796875 0.278125 0.22109375 0.276953125 0.225 0.271484375 0.2296875 0.251171875 0.2421875 0.228515625 0.240234375 0.225 0.153515625 0.253125 0.133984375 0.26640625 0.1171875 0.283203125 0.09609375 0.332421875 0.07890625 0.395703125 0.075 0.462109375 0.08046875 0.462890625 0.07734375 0.477734375 0.083203125 0.47421875 0.08515625 0.478515625 0.082421875 0.48359375 0.07734375 0.484765625 0.0796875 0.505859375 0.08515625 0.498046875 0.08515625 0.491015625