1 0.2234375 0.661328125 0.225 0.626953125 0.21640625 0.574609375 0.208984375 0.56328125 0.184765625 0.55703125 0.1765625 0.578515625 0.1734375 0.609765625 0.1796875 0.653515625 0.190234375 0.67265625 0.212890625 0.6859375 0.2234375 0.686328125 0.2265625 0.683203125 0.2234375 0.661328125
1 0.18203125 0.668359375 0.159375 0.627734375 0.153125 0.608203125 0.141796875 0.59375 0.136328125 0.59140625 0.128515625 0.59296875 0.125 0.601953125 0.12890625 0.620703125 0.153125 0.671484375 0.163671875 0.6875 0.18515625 0.691015625 0.18671875 0.683203125 0.18203125 0.668359375
1 0.1140625 0.601953125 0.10625 0.586328125 0.092578125 0.578125 0.08515625 0.584765625 0.08828125 0.608203125 0.0953125 0.619921875 0.11875 0.639453125 0.1203125 0.626171875 0.1140625 0.601953125
1 0.091796875 0.5421875 0.085546875 0.5421875 0.078125 0.555078125 0.07890625 0.574609375 0.086328125 0.5828125 0.096484375 0.57890625 0.10546875 0.583203125 0.10078125 0.551953125 0.091796875 0.5421875
1 0.126953125 0.5484375 0.141796875 0.5515625 0.14921875 0.537109375 0.146875 0.503515625 0.137890625 0.49140625 0.121484375 0.49296875 0.1046875 0.518359375 0.1015625 0.531640625 0.10234375 0.545703125 0.10546875 0.553515625 0.11484375 0.559765625 0.120703125 0.55078125 0.126953125 0.5484375
1 0.128515625 0.484375 0.133984375 0.484375 0.137890625 0.4890625 0.15078125 0.475390625 0.1546875 0.442578125 0.146484375 0.43359375 0.137109375 0.43046875 0.126953125 0.434375 0.11328125 0.453515625 0.10390625 0.482421875 0.10625 0.493359375 0.11171875 0.494140625 0.116015625 0.4890625 0.128515625 0.484375
1 0.16484375 0.408203125 0.155078125 0.3953125 0.148046875 0.39375 0.137109375 0.39921875 0.12421875 0.414453125 0.11796875 0.433203125 0.122265625 0.43671875 0.139453125 0.43046875 0.15703125 0.437109375 0.1640625 0.419921875 0.16484375 0.408203125
1 0.216015625 0.7515625 0.165234375 0.7078125 0.145703125 0.69921875 0.14296875 0.701953125 0.14921875 0.722265625 0.161328125 0.7375 0.192578125 0.759375 0.215234375 0.7796875 0.23203125 0.781640625 0.23125 0.772265625 0.216015625 0.7515625
1 0.2015625 0.788671875 0.180078125 0.7640625 0.165234375 0.7546875 0.16484375 0.764453125 0.18203125 0.798046875 0.194140625 0.81328125 0.2203125 0.828515625 0.2203125 0.823828125 0.2015625 0.788671875
1 0.251171875 0.81875 0.229296875 0.8046875 0.21484375 0.800390625 0.225 0.817578125 0.258203125 0.85390625 0.286328125 0.86953125 0.303125 0.874609375 0.30234375 0.870703125 0.251171875 0.81875
1 0.6859375 0.407421875 0.68515625 0.376171875 0.68203125 0.369921875 0.669921875 0.359375 0.627734375 0.35234375 0.608203125 0.35625 0.6078125 0.376953125 0.59921875 0.416015625 0.6 0.445703125 0.606640625 0.45 0.623046875 0.446875 0.666015625 0.453125 0.6796875 0.459765625 0.68359375 0.454296875 0.6859375 0.407421875
1 0.750390625 0.50234375 0.765234375 0.51015625 0.76875 0.498828125 0.771875 0.439453125 0.763671875 0.42578125 0.735546875 0.4140625 0.723828125 0.415625 0.71484375 0.426953125 0.7078125 0.513671875 0.710546875 0.52109375 0.71796875 0.522265625 0.728515625 0.49921875 0.750390625 0.50234375
1 0.7484375 0.623828125 0.76171875 0.578515625 0.7671875 0.569921875 0.76796875 0.535546875 0.7734375 0.526171875 0.76875 0.523828125 0.76640625 0.508984375 0.757421875 0.50703125 0.751953125 0.50234375 0.729296875 0.49921875 0.7203125 0.516796875 0.7046875 0.576171875 0.68828125 0.619921875 0.68984375 0.636328125 0.70390625 0.639453125 0.741015625 0.6359375 0.7484375 0.623828125
1 0.796484375 0.68984375 0.819921875 0.6796875 0.82734375 0.665234375 0.8296875 0.645703125 0.808984375 0.63515625 0.796484375 0.6328125 0.769140625 0.640625 0.726953125 0.6609375 0.71328125 0.676953125 0.7 0.708203125 0.701953125 0.715625 0.72578125 0.722265625 0.784765625 0.68984375 0.796484375 0.68984375
1 0.741796875 0.75703125 0.762109375 0.7453125 0.802734375 0.72890625 0.82109375 0.705859375 0.82578125 0.691015625 0.825 0.682421875 0.816796875 0.6796875 0.798046875 0.68984375 0.785546875 0.690625 0.728515625 0.72109375 0.708984375 0.73671875 0.69609375 0.753515625 0.69375 0.771484375 0.7 0.776953125 0.714453125 0.76640625 0.741796875 0.75703125
1 0.687890625 0.82109375 0.711328125 0.8109375 0.760546875 0.78125 0.775 0.766015625 0.7828125 0.751953125 0.78203125 0.745703125 0.776953125 0.7421875 0.770703125 0.74296875 0.729296875 0.7609375 0.658203125 0.8 0.644921875 0.81171875 0.627734375 0.81953125 0.61953125 0.830859375 0.626171875 0.83671875 0.65 0.837890625 0.679296875 0.82890625 0.687890625 0.82109375
1 0.698828125 0.859375 0.7421875 0.819140625 0.75546875 0.800390625 0.746484375 0.8 0.729296875 0.80546875 0.705859375 0.81875 0.6375 0.874609375 0.639453125 0.8796875 0.64765625 0.879296875 0.678515625 0.87109375 0.698828125 0.859375
1 0.73125 0.341015625 0.7265625 0.326171875 0.7125 0.301171875 0.705078125 0.29140625 0.698828125 0.28828125 0.662109375 0.2796875 0.659375 0.286328125 0.66171875 0.296484375 0.6765625 0.324609375 0.68125 0.343359375 0.703125 0.349609375 0.716796875 0.34765625 0.73125 0.341015625
1 0.8125 0.398046875 0.80703125 0.383984375 0.795703125 0.37109375 0.765234375 0.34921875 0.737109375 0.3421875 0.70546875 0.351953125 0.7046875 0.363671875 0.70859375 0.381640625 0.721484375 0.39765625 0.741015625 0.4125 0.750390625 0.41484375 0.758203125 0.409375 0.766796875 0.409375 0.795703125 0.41328125 0.80625 0.417578125 0.8125 0.412109375 0.8125 0.398046875
1 0.71875 0.278515625 0.71171875 0.253515625 0.676171875 0.2390625 0.665234375 0.24296875 0.65625 0.260546875 0.659375 0.277734375 0.694921875 0.28671875 0.7109375 0.295703125 0.71171875 0.283203125 0.71875 0.278515625
2 0.6390625 0.221484375 0.630078125 0.21015625 0.623828125 0.209375 0.62265625 0.216796875 0.6296875 0.236328125 0.634765625 0.24140625 0.63984375 0.241796875 0.6421875 0.233984375 0.6390625 0.221484375
3 0.13046875 0.376171875 0.153125 0.341015625 0.1640625 0.329296875 0.1890625 0.278515625 0.21171875 0.215234375 0.2296875 0.181640625 0.23125 0.176171875 0.227734375 0.17265625 0.208984375 0.17890625 0.16015625 0.216796875 0.14609375 0.235546875 0.128125 0.273828125 0.12109375 0.301171875 0.1 0.358203125 0.090625 0.416015625 0.08828125 0.454296875 0.0921875 0.476171875 0.0984375 0.483203125 0.1078125 0.466015625 0.13046875 0.376171875
3 0.304296875 0.16953125 0.315625 0.159765625 0.325 0.144921875 0.34453125 0.129296875 0.34609375 0.123828125 0.329296875 0.12421875 0.292578125 0.1421875 0.2765625 0.155078125 0.26640625 0.173046875 0.25625 0.182421875 0.253125 0.190234375 0.2578125 0.191796875 0.269140625 0.18984375 0.304296875 0.16953125
1 0.81484375 0.327734375 0.79453125 0.294921875 0.769140625 0.26953125 0.751953125 0.2625 0.75 0.272265625 0.75234375 0.280859375 0.765625 0.302734375 0.7875 0.324609375 0.797265625 0.33984375 0.81640625 0.347265625 0.81796875 0.339453125 0.81484375 0.327734375
1 0.18671875 0.399609375 0.19140625 0.365234375 0.18515625 0.344921875 0.181640625 0.34296875 0.17109375 0.351953125 0.16171875 0.375390625 0.16015625 0.398828125 0.16484375 0.408203125 0.16484375 0.416796875 0.16875 0.416796875 0.180859375 0.41015625 0.18671875 0.399609375
1 0.1625 0.369921875 0.16953125 0.354296875 0.18359375 0.341015625 0.1875 0.323046875 0.184765625 0.31796875 0.176953125 0.31796875 0.165625 0.327734375 0.153125 0.341796875 0.13125 0.376171875 0.128125 0.397265625 0.134375 0.399609375 0.14609375 0.392578125 0.1625 0.369921875
1 0.2109375 0.285546875 0.211328125 0.2765625 0.1921875 0.286328125 0.18046875 0.308203125 0.1796875 0.316015625 0.18671875 0.320703125 0.18671875 0.329296875 0.1890625 0.330078125 0.19921875 0.318359375 0.2109375 0.285546875
1 0.283984375 0.23828125 0.295703125 0.23125 0.3046875 0.221484375 0.3046875 0.216015625 0.273828125 0.21875 0.258203125 0.2265625 0.22734375 0.249609375 0.22421875 0.257421875 0.23203125 0.259765625 0.256640625 0.24609375 0.283984375 0.23828125
1 0.435546875 0.18984375 0.451171875 0.1828125 0.45390625 0.175390625 0.440234375 0.16796875 0.392578125 0.17421875 0.352734375 0.18984375 0.34375 0.199609375 0.346875 0.204296875 0.407421875 0.19140625 0.435546875 0.18984375
1 0.57421875 0.167578125 0.57109375 0.161328125 0.561328125 0.153125 0.537890625 0.15 0.476171875 0.1515625 0.470703125 0.153125 0.468359375 0.1578125 0.453515625 0.16171875 0.44921875 0.169140625 0.455859375 0.17421875 0.534765625 0.171875 0.55390625 0.175390625 0.572265625 0.1734375 0.57421875 0.167578125
1 0.680078125 0.18828125 0.645703125 0.1734375 0.616796875 0.16953125 0.601171875 0.16953125 0.59609375 0.173046875 0.600390625 0.1796875 0.612109375 0.184375 0.640234375 0.1890625 0.673828125 0.20078125 0.6859375 0.200390625 0.68515625 0.192578125 0.680078125 0.18828125
1 0.710546875 0.2015625 0.70859375 0.206640625 0.71484375 0.212890625 0.71640625 0.205859375 0.710546875 0.2015625
1 0.755078125 0.21640625 0.722265625 0.2015625 0.71796875 0.203515625 0.71875 0.210546875 0.724609375 0.21953125 0.77734375 0.244140625 0.77265625 0.229296875 0.755078125 0.21640625
1 0.82109375 0.298046875 0.805859375 0.2828125 0.793359375 0.27890625 0.79453125 0.293359375 0.80546875 0.313671875 0.828515625 0.3421875 0.838671875 0.34921875 0.84375 0.348828125 0.8421875 0.335546875 0.82109375 0.298046875