1 0.25625 0.458984375 0.259375 0.436328125 0.25546875 0.426171875 0.2359375 0.404296875 0.208203125 0.3796875 0.203515625 0.37890625 0.19375 0.387890625 0.18515625 0.404296875 0.18203125 0.426171875 0.20390625 0.462890625 0.21640625 0.472265625 0.226953125 0.4890625 0.2359375 0.490234375 0.24453125 0.481640625 0.25625 0.458984375
1 0.1765625 0.514453125 0.16953125 0.440234375 0.1703125 0.403515625 0.166015625 0.39921875 0.159765625 0.4015625 0.14921875 0.415234375 0.146875 0.445703125 0.1515625 0.512890625 0.15546875 0.526953125 0.1625 0.529296875 0.1734375 0.521484375 0.1765625 0.514453125
1 0.2984375 0.325390625 0.30703125 0.308203125 0.3109375 0.282421875 0.305859375 0.28046875 0.257421875 0.2875 0.236328125 0.2984375 0.2234375 0.315234375 0.215625 0.333984375 0.218359375 0.3421875 0.22421875 0.341796875 0.288671875 0.33671875 0.2984375 0.325390625
1 0.321875 0.239453125 0.3203125 0.233984375 0.308984375 0.2234375 0.291015625 0.21484375 0.281640625 0.21796875 0.25390625 0.241796875 0.275390625 0.2671875 0.2875 0.269140625 0.312890625 0.2515625 0.321875 0.239453125
1 0.46796875 0.165234375 0.4765625 0.142578125 0.47578125 0.137890625 0.449609375 0.13671875 0.435546875 0.14140625 0.41640625 0.172265625 0.419140625 0.178125 0.43203125 0.177734375 0.459765625 0.17578125 0.46796875 0.165234375
1 0.12578125 0.490234375 0.117578125 0.48203125 0.102734375 0.4796875 0.09765625 0.488671875 0.0984375 0.515234375 0.117578125 0.5296875 0.12265625 0.529296875 0.1265625 0.508984375 0.12578125 0.490234375
1 0.08515625 0.471484375 0.082421875 0.46640625 0.073046875 0.465625 0.06953125 0.471484375 0.06875 0.490234375 0.072265625 0.496875 0.08046875 0.498046875 0.08359375 0.493359375 0.08515625 0.471484375
1 0.178125 0.678515625 0.13046875 0.623828125 0.126171875 0.6234375 0.128125 0.642578125 0.13359375 0.656640625 0.17265625 0.701171875 0.180859375 0.70859375 0.1859375 0.708984375 0.18515625 0.691015625 0.178125 0.678515625
1 0.48125 0.812109375 0.48125 0.808203125 0.457421875 0.78671875 0.428515625 0.76640625 0.387890625 0.72578125 0.381640625 0.7234375 0.367578125 0.72578125 0.35078125 0.733984375 0.34921875 0.741796875 0.407421875 0.80078125 0.441015625 0.8234375 0.46328125 0.823828125 0.473828125 0.8203125 0.48125 0.812109375
3 0.392578125 0.83203125 0.39453125 0.827734375 0.3921875 0.816796875 0.405078125 0.80703125 0.40625 0.802734375 0.399609375 0.79765625 0.385546875 0.7953125 0.379296875 0.78984375 0.3703125 0.776953125 0.36640625 0.762890625 0.354296875 0.75078125 0.326953125 0.74140625 0.315625 0.725390625 0.283203125 0.6921875 0.258984375 0.68359375 0.232421875 0.66796875 0.223828125 0.67109375 0.203515625 0.6703125 0.19921875 0.681640625 0.2015625 0.726953125 0.225 0.773046875 0.271484375 0.815625 0.298828125 0.83515625 0.319140625 0.8359375 0.345703125 0.846875 0.35390625 0.847265625 0.367578125 0.8390625 0.392578125 0.83203125
1 0.393359375 0.84609375 0.373828125 0.83984375 0.368359375 0.83984375 0.359375 0.845703125 0.35625 0.850390625 0.35703125 0.858203125 0.367578125 0.8734375 0.387890625 0.88046875 0.40078125 0.881640625 0.40234375 0.871484375 0.393359375 0.84609375
1 0.8390625 0.523828125 0.8375 0.444921875 0.831640625 0.434375 0.819921875 0.4296875 0.81640625 0.433203125 0.81875 0.491015625 0.815625 0.540234375 0.821484375 0.54765625 0.83203125 0.548828125 0.83671875 0.543359375 0.8390625 0.523828125
1 0.72578125 0.830078125 0.753125 0.792578125 0.755078125 0.784375 0.733984375 0.79140625 0.728125 0.796484375 0.6984375 0.839453125 0.698828125 0.8421875 0.703125 0.841796875 0.717578125 0.83671875 0.72578125 0.830078125
1 0.825 0.314453125 0.812109375 0.30390625 0.79609375 0.321484375 0.79296875 0.333984375 0.8078125 0.360546875 0.812109375 0.36484375 0.81640625 0.364453125 0.83359375 0.332421875 0.825 0.314453125
1 0.77734375 0.240234375 0.762890625 0.22578125 0.750390625 0.22265625 0.775 0.280078125 0.788671875 0.2921875 0.79765625 0.295703125 0.79765625 0.285546875 0.77734375 0.240234375
1 0.8265625 0.251953125 0.808203125 0.23125 0.797265625 0.22734375 0.784375 0.228515625 0.784375 0.232421875 0.805078125 0.25625 0.82265625 0.258984375 0.82734375 0.257421875 0.8265625 0.251953125
1 0.78125 0.216015625 0.769921875 0.19921875 0.759765625 0.1953125 0.74609375 0.204296875 0.760546875 0.22265625 0.77421875 0.226171875 0.78125 0.219921875 0.78125 0.216015625
1 0.716796875 0.1515625 0.701171875 0.1421875 0.690625 0.141015625 0.715234375 0.1703125 0.734375 0.179296875 0.7359375 0.174609375 0.716796875 0.1515625
2 0.24375 0.548046875 0.235546875 0.546875 0.23515625 0.554296875 0.2421875 0.565234375 0.248046875 0.57109375 0.2515625 0.570703125 0.2515625 0.562109375 0.24375 0.548046875
2 0.2140625 0.489453125 0.21328125 0.476953125 0.208203125 0.46875 0.20234375 0.476953125 0.20234375 0.488671875 0.2046875 0.506640625 0.20859375 0.510546875 0.209375 0.498828125 0.2140625 0.489453125
0 0.15625 0.345703125 0.16953125 0.321484375 0.17265625 0.304296875 0.20078125 0.251171875 0.2140625 0.230859375 0.225 0.222265625 0.246875 0.189453125 0.271875 0.169140625 0.28359375 0.148046875 0.305078125 0.12890625 0.290234375 0.1328125 0.272265625 0.14453125 0.249609375 0.15234375 0.193359375 0.18828125 0.142578125 0.23125 0.10546875 0.273046875 0.09140625 0.309765625 0.08984375 0.341015625 0.07734375 0.392578125 0.07890625 0.401953125 0.084375 0.402734375 0.146875 0.376953125 0.15625 0.345703125
1 0.4921875 0.111328125 0.491015625 0.10546875 0.462109375 0.10546875 0.44765625 0.121484375 0.450390625 0.12890625 0.4734375 0.129296875 0.4859375 0.125390625 0.4921875 0.111328125