1 0.61328125 0.686328125 0.6203125 0.656640625 0.6203125 0.644921875 0.603125 0.620703125 0.578125 0.573046875 0.56328125 0.554296875 0.537890625 0.53203125 0.510546875 0.525 0.441015625 0.52578125 0.351953125 0.54140625 0.334765625 0.54609375 0.3265625 0.551953125 0.325 0.570703125 0.34609375 0.633984375 0.373046875 0.659375 0.38203125 0.647265625 0.384375 0.630859375 0.391796875 0.62734375 0.396484375 0.62890625 0.4015625 0.635546875 0.40234375 0.648828125 0.4203125 0.684765625 0.4234375 0.697265625 0.430078125 0.70234375 0.491015625 0.7078125 0.573046875 0.70390625 0.583984375 0.70625 0.587890625 0.7109375 0.59296875 0.710546875 0.60390625 0.702734375 0.61328125 0.686328125
1 0.83359375 0.361328125 0.81875 0.321484375 0.741796875 0.25625 0.729296875 0.2484375 0.692578125 0.2375 0.658203125 0.23671875 0.625390625 0.23046875 0.615625 0.233984375 0.60859375 0.251953125 0.609375 0.262890625 0.61328125 0.269921875 0.635546875 0.2859375 0.657421875 0.2953125 0.673046875 0.3109375 0.701953125 0.3265625 0.70546875 0.319921875 0.711328125 0.3171875 0.757421875 0.3328125 0.798046875 0.35234375 0.808984375 0.365625 0.82421875 0.369140625 0.831640625 0.3671875 0.83359375 0.361328125
2 0.72109375 0.358203125 0.72421875 0.329296875 0.70625 0.307421875 0.70078125 0.290234375 0.694140625 0.284375 0.689453125 0.284375 0.68515625 0.291015625 0.68515625 0.308203125 0.68203125 0.313671875 0.703125 0.329296875 0.70546875 0.333203125 0.70390625 0.345703125 0.709375 0.358984375 0.714453125 0.365625 0.7265625 0.372265625 0.7265625 0.365234375 0.72109375 0.358203125
2 0.609375 0.419921875 0.63515625 0.389453125 0.63828125 0.372265625 0.60703125 0.345703125 0.584765625 0.315625 0.572265625 0.31328125 0.56640625 0.319921875 0.56015625 0.336328125 0.5625 0.351171875 0.559375 0.385546875 0.566015625 0.39765625 0.58203125 0.407421875 0.59609375 0.442578125 0.60078125 0.444921875 0.6046875 0.443359375 0.609375 0.419921875
2 0.40859375 0.409765625 0.40625 0.392578125 0.419921875 0.378125 0.42578125 0.376171875 0.43125 0.365234375 0.391015625 0.3390625 0.3875 0.333984375 0.390625 0.322265625 0.382421875 0.31953125 0.37578125 0.323828125 0.369140625 0.334375 0.34375 0.352734375 0.33984375 0.362890625 0.3390625 0.380859375 0.340625 0.387890625 0.3578125 0.405078125 0.361328125 0.42109375 0.38984375 0.424609375 0.40625 0.415234375 0.40859375 0.409765625
2 0.34296875 0.284765625 0.3421875 0.276953125 0.3265625 0.266796875 0.326171875 0.253125 0.302734375 0.26953125 0.28828125 0.284765625 0.28046875 0.298046875 0.2796875 0.308984375 0.26953125 0.323828125 0.272265625 0.32734375 0.277734375 0.3265625 0.283203125 0.31953125 0.308203125 0.3203125 0.314453125 0.32578125 0.32421875 0.326953125 0.34140625 0.305859375 0.34296875 0.284765625
2 0.630859375 0.78984375 0.643359375 0.7890625 0.651953125 0.79609375 0.6640625 0.787109375 0.65703125 0.770703125 0.6578125 0.762890625 0.670703125 0.7578125 0.679296875 0.74296875 0.683203125 0.74375 0.6921875 0.738671875 0.6875 0.725390625 0.6828125 0.722265625 0.686328125 0.71953125 0.69453125 0.721484375 0.694140625 0.70546875 0.690234375 0.703125 0.687109375 0.70546875 0.675390625 0.69453125 0.662890625 0.7 0.647265625 0.69765625 0.634375 0.706640625 0.62109375 0.725390625 0.626953125 0.73359375 0.6328125 0.735546875 0.634375 0.744921875 0.63125 0.751953125 0.61796875 0.762109375 0.609375 0.776953125 0.61484375 0.788671875 0.59921875 0.807421875 0.6078125 0.808984375 0.616015625 0.80625 0.630859375 0.78984375
2 0.73671875 0.676953125 0.7546875 0.663671875 0.75390625 0.635546875 0.7625 0.594140625 0.75390625 0.573046875 0.745703125 0.56875 0.73515625 0.576953125 0.7390625 0.585546875 0.734375 0.591796875 0.72265625 0.629296875 0.721875 0.645703125 0.7265625 0.651171875 0.728125 0.662890625 0.725 0.676953125 0.71328125 0.698828125 0.7140625 0.703515625 0.71875 0.706640625 0.728125 0.701953125 0.73671875 0.676953125
2 0.6875 0.670703125 0.69765625 0.662109375 0.70078125 0.640234375 0.69609375 0.626953125 0.7109375 0.613671875 0.7109375 0.608203125 0.706640625 0.6046875 0.698046875 0.60625 0.69296875 0.612109375 0.690625 0.624609375 0.674609375 0.6328125 0.66875 0.641796875 0.65 0.693359375 0.655078125 0.69921875 0.659375 0.699609375 0.674609375 0.6953125 0.6875 0.670703125
2 0.6984375 0.741015625 0.69921875 0.707421875 0.70625 0.682421875 0.7046875 0.662109375 0.71328125 0.648046875 0.710546875 0.640625 0.6984375 0.644140625 0.696875 0.660546875 0.68359375 0.674609375 0.6734375 0.700390625 0.6765625 0.705859375 0.6765625 0.726953125 0.671875 0.741796875 0.68046875 0.748046875 0.691015625 0.74765625 0.6984375 0.741015625
2 0.3328125 0.661328125 0.33125 0.619921875 0.325 0.597265625 0.32578125 0.580859375 0.322265625 0.5765625 0.314453125 0.5765625 0.29765625 0.601953125 0.296875 0.619921875 0.3015625 0.655859375 0.31328125 0.673828125 0.321875 0.716796875 0.326171875 0.72265625 0.33046875 0.722265625 0.34609375 0.690234375 0.3328125 0.661328125
2 0.25390625 0.698828125 0.2359375 0.669921875 0.228125 0.648046875 0.223046875 0.640625 0.219140625 0.63984375 0.21484375 0.645703125 0.21484375 0.653515625 0.21875 0.666796875 0.215625 0.680078125 0.2203125 0.686328125 0.215625 0.691015625 0.234375 0.703515625 0.24375 0.726171875 0.25234375 0.730859375 0.25703125 0.725390625 0.25390625 0.698828125
1 0.152734375 0.34921875 0.169921875 0.34140625 0.185546875 0.3390625 0.213671875 0.31796875 0.2265625 0.299609375 0.23203125 0.283203125 0.23046875 0.277734375 0.220703125 0.27578125 0.202734375 0.28203125 0.181640625 0.28125 0.152734375 0.3046875 0.12421875 0.340234375 0.11953125 0.358984375 0.1203125 0.367578125 0.12421875 0.369140625 0.137890625 0.35703125 0.152734375 0.34921875
1 0.227734375 0.27578125 0.233203125 0.28046875 0.237890625 0.28046875 0.312109375 0.25546875 0.344140625 0.23515625 0.3578125 0.217578125 0.349609375 0.2109375 0.336328125 0.209375 0.301953125 0.2171875 0.262890625 0.21875 0.248046875 0.23125 0.226171875 0.2421875 0.18359375 0.277734375 0.186328125 0.28046875 0.20234375 0.281640625 0.219140625 0.27578125 0.227734375 0.27578125
1 0.70625 0.226953125 0.692578125 0.20703125 0.662109375 0.19453125 0.639453125 0.17890625 0.588671875 0.16953125 0.563671875 0.16640625 0.530859375 0.1703125 0.476171875 0.16953125 0.435546875 0.18359375 0.42421875 0.195703125 0.427734375 0.2015625 0.442578125 0.20859375 0.550390625 0.2125 0.613671875 0.22265625 0.657421875 0.23515625 0.7 0.235546875 0.70625 0.232421875 0.70625 0.226953125
1 0.302734375 0.2140625 0.375390625 0.19765625 0.385546875 0.196875 0.394140625 0.2 0.412890625 0.196875 0.421484375 0.19296875 0.432421875 0.18203125 0.462109375 0.16875 0.46796875 0.161328125 0.423828125 0.1609375 0.402734375 0.15703125 0.364453125 0.16484375 0.284765625 0.2 0.27109375 0.208203125 0.26953125 0.212890625 0.27578125 0.216796875 0.283203125 0.2125 0.302734375 0.2140625
1 0.69453125 0.191796875 0.683203125 0.1796875 0.652734375 0.1640625 0.605078125 0.14765625 0.576953125 0.14296875 0.509765625 0.1421875 0.468359375 0.146875 0.45078125 0.153515625 0.469140625 0.15859375 0.474609375 0.16640625 0.481640625 0.16953125 0.532421875 0.1703125 0.560546875 0.16640625 0.627734375 0.17578125 0.643359375 0.18046875 0.672265625 0.1984375 0.68515625 0.200390625 0.694140625 0.196875 0.69453125 0.191796875
1 0.909375 0.330859375 0.894140625 0.3125 0.877734375 0.30625 0.8765625 0.311328125 0.88671875 0.333984375 0.91484375 0.364453125 0.91484375 0.345703125 0.909375 0.330859375
1 0.8015625 0.786328125 0.81640625 0.766796875 0.8171875 0.746484375 0.812890625 0.7375 0.804296875 0.73828125 0.747265625 0.771875 0.723828125 0.78203125 0.7 0.804296875 0.6890625 0.826171875 0.694921875 0.828125 0.705859375 0.82578125 0.718359375 0.8296875 0.722265625 0.8359375 0.7265625 0.835546875 0.767578125 0.8125 0.8015625 0.786328125
1 0.85546875 0.773828125 0.85859375 0.766015625 0.855859375 0.759375 0.815234375 0.78984375 0.7890625 0.814453125 0.78046875 0.827734375 0.796875 0.832421875 0.8296875 0.808203125 0.85546875 0.773828125
1 0.666796875 0.8734375 0.68515625 0.858984375 0.6921875 0.850390625 0.69140625 0.843359375 0.681640625 0.83359375 0.664453125 0.8296875 0.596484375 0.84765625 0.514453125 0.8625 0.50390625 0.872265625 0.50546875 0.881640625 0.511328125 0.88515625 0.537109375 0.88671875 0.5703125 0.898046875 0.637109375 0.884375 0.666796875 0.8734375
1 0.480078125 0.8859375 0.419140625 0.8546875 0.298046875 0.81953125 0.288671875 0.8171875 0.28359375 0.819140625 0.2859375 0.825390625 0.302734375 0.84296875 0.365234375 0.88359375 0.420703125 0.89765625 0.4734375 0.899609375 0.48515625 0.894921875 0.480078125 0.8859375
1 0.301953125 0.85546875 0.269921875 0.83125 0.225390625 0.790625 0.190234375 0.76796875 0.177734375 0.76171875 0.175 0.762890625 0.19453125 0.795703125 0.239453125 0.83828125 0.276171875 0.86015625 0.301953125 0.86875 0.30859375 0.868359375 0.31015625 0.864453125 0.301953125 0.85546875
1 0.608203125 0.92109375 0.6109375 0.916015625 0.576953125 0.90625 0.505078125 0.909375 0.438671875 0.90703125 0.43515625 0.909765625 0.445703125 0.9203125 0.496484375 0.934375 0.53203125 0.935546875 0.587890625 0.928125 0.608203125 0.92109375
1 0.435546875 0.92109375 0.393359375 0.9015625 0.337890625 0.8796875 0.278125 0.862109375 0.280078125 0.8671875 0.304296875 0.8875 0.347265625 0.9109375 0.388671875 0.92421875 0.4359375 0.930859375 0.44140625 0.926171875 0.435546875 0.92109375
1 0.729296875 0.8890625 0.768359375 0.86328125 0.79296875 0.831640625 0.780078125 0.8296875 0.765234375 0.83203125 0.721484375 0.859375 0.668359375 0.8859375 0.65078125 0.901953125 0.651953125 0.90703125 0.6578125 0.906640625 0.689453125 0.90625 0.729296875 0.8890625
1 0.778515625 0.87578125 0.7953125 0.855859375 0.790234375 0.8546875 0.773046875 0.8625 0.722265625 0.89375 0.71796875 0.901171875 0.73046875 0.901953125 0.741796875 0.8984375 0.778515625 0.87578125
1 0.555078125 0.953125 0.5578125 0.948828125 0.532421875 0.94296875 0.43359375 0.941796875 0.442578125 0.9484375 0.473828125 0.95625 0.5171875 0.957421875 0.546484375 0.95546875 0.555078125 0.953125
1 0.688671875 0.91796875 0.69140625 0.911328125 0.673828125 0.9109375 0.653515625 0.91875 0.587109375 0.934375 0.57578125 0.941796875 0.6140625 0.942578125 0.653515625 0.93359375 0.688671875 0.91796875
1 0.433203125 0.95078125 0.364453125 0.92578125 0.303515625 0.90859375 0.2984375 0.909765625 0.346484375 0.9390625 0.368359375 0.9484375 0.43359375 0.957421875 0.4375 0.953515625 0.433203125 0.95078125
1 0.625390625 0.95546875 0.63828125 0.949609375 0.608203125 0.94765625 0.569921875 0.95078125 0.51953125 0.961328125 0.522265625 0.9671875 0.53828125 0.969140625 0.584765625 0.96484375 0.625390625 0.95546875
1 0.292578125 0.8859375 0.265234375 0.86796875 0.212109375 0.8234375 0.1875 0.809765625 0.18828125 0.820703125 0.2015625 0.831640625 0.225390625 0.859375 0.266015625 0.884375 0.293359375 0.89609375 0.2984375 0.895703125 0.2984375 0.891796875 0.292578125 0.8859375
1 0.8640625 0.310546875 0.859375 0.299609375 0.843359375 0.28515625 0.837109375 0.2828125 0.828515625 0.284375 0.809765625 0.271875 0.8015625 0.273828125 0.8046875 0.286328125 0.816796875 0.303125 0.823828125 0.30703125 0.835546875 0.3046875 0.841796875 0.3109375 0.851953125 0.31328125 0.858203125 0.321875 0.866796875 0.3203125 0.87734375 0.333984375 0.88125 0.334765625 0.878125 0.323828125 0.8640625 0.310546875
1 0.202734375 0.24765625 0.223046875 0.234375 0.24609375 0.213671875 0.253125 0.198828125 0.237890625 0.1984375 0.200390625 0.2203125 0.17421875 0.247265625 0.16875 0.255078125 0.1703125 0.257421875 0.191796875 0.246875 0.202734375 0.24765625
1 0.1140625 0.348046875 0.125 0.324609375 0.123828125 0.31953125 0.109765625 0.31875 0.0921875 0.340234375 0.0859375 0.355859375 0.0859375 0.366796875 0.090625 0.367578125 0.105859375 0.35859375 0.1140625 0.348046875
1 0.1796875 0.280859375 0.18984375 0.266015625 0.192578125 0.2484375 0.184765625 0.24921875 0.169140625 0.25703125 0.1453125 0.282421875 0.12421875 0.312890625 0.1234375 0.318359375 0.13046875 0.322265625 0.165234375 0.28984375 0.1796875 0.280859375
1 0.1421875 0.733203125 0.114453125 0.7046875 0.105859375 0.7015625 0.1265625 0.744921875 0.1453125 0.772265625 0.166796875 0.79375 0.176171875 0.8 0.18203125 0.800390625 0.171875 0.776953125 0.1421875 0.733203125
2 0.7765625 0.511328125 0.7703125 0.493359375 0.77109375 0.480859375 0.764453125 0.4765625 0.75859375 0.482421875 0.76015625 0.494921875 0.753125 0.515234375 0.74921875 0.558203125 0.7453125 0.569140625 0.752734375 0.57265625 0.762109375 0.58515625 0.7734375 0.586328125 0.790625 0.533984375 0.7765625 0.511328125
2 0.41875 0.783203125 0.42265625 0.772265625 0.41015625 0.757421875 0.40859375 0.744921875 0.404296875 0.75078125 0.4 0.744921875 0.39921875 0.737109375 0.38671875 0.713671875 0.38359375 0.694140625 0.3765625 0.688671875 0.371484375 0.67890625 0.359765625 0.67734375 0.353125 0.682421875 0.3515625 0.689453125 0.359375 0.737890625 0.35703125 0.749609375 0.36171875 0.761328125 0.35625 0.769921875 0.35625 0.778515625 0.364453125 0.78515625 0.369140625 0.77734375 0.392578125 0.77890625 0.403515625 0.7890625 0.41640625 0.793359375 0.4203125 0.789453125 0.41875 0.783203125
2 0.427734375 0.7421875 0.4296875 0.737109375 0.421875 0.719140625 0.41640625 0.680859375 0.39921875 0.651171875 0.40078125 0.632421875 0.396484375 0.628125 0.388671875 0.62734375 0.38125 0.635546875 0.384375 0.648046875 0.38046875 0.654296875 0.37890625 0.666796875 0.384375 0.713671875 0.396875 0.745703125 0.401171875 0.75078125 0.40859375 0.752734375 0.415234375 0.74609375 0.427734375 0.7421875
2 0.253515625 0.1765625 0.250390625 0.1765625 0.240625 0.187890625 0.23359375 0.200390625 0.23671875 0.201171875 0.24609375 0.194140625 0.253515625 0.1765625
2 0.084375 0.564453125 0.0890625 0.598046875 0.09375 0.607421875 0.0984375 0.609765625 0.086328125 0.55546875 0.084375 0.564453125
2 0.1265625 0.580078125 0.125390625 0.57734375 0.123046875 0.5796875 0.118359375 0.578125 0.1171875 0.598828125 0.13046875 0.662890625 0.1375 0.676171875 0.1453125 0.679296875 0.1421875 0.644921875 0.1265625 0.580078125