3 0.41875 0.545703125 0.42109375 0.535546875 0.41875 0.501171875 0.412109375 0.4921875 0.394140625 0.48125 0.378515625 0.484375 0.3609375 0.502734375 0.35703125 0.516796875 0.35703125 0.531640625 0.36171875 0.543359375 0.375 0.563671875 0.38515625 0.569140625 0.412109375 0.5546875 0.41875 0.545703125
3 0.442578125 0.25859375 0.44765625 0.248046875 0.44765625 0.231640625 0.434765625 0.228125 0.415234375 0.23125 0.404296875 0.23671875 0.3953125 0.248828125 0.3953125 0.258984375 0.39921875 0.268359375 0.4046875 0.271484375 0.427734375 0.26640625 0.442578125 0.25859375
3 0.66875 0.243359375 0.654296875 0.23203125 0.640234375 0.22734375 0.630078125 0.228125 0.628125 0.237890625 0.63359375 0.251171875 0.643359375 0.26015625 0.652734375 0.26328125 0.670703125 0.28046875 0.675 0.280078125 0.68046875 0.262109375 0.66875 0.243359375
3 0.73359375 0.435546875 0.715234375 0.415625 0.694921875 0.41484375 0.6875 0.422265625 0.68515625 0.434765625 0.68984375 0.466015625 0.700390625 0.4859375 0.712890625 0.49140625 0.72265625 0.491796875 0.73515625 0.469140625 0.73359375 0.435546875
3 0.4375 0.829296875 0.428515625 0.81171875 0.398046875 0.80078125 0.378515625 0.8 0.371875 0.804296875 0.3734375 0.821484375 0.389453125 0.8359375 0.402734375 0.840625 0.43046875 0.841796875 0.43671875 0.838671875 0.4375 0.829296875
3 0.36875 0.823046875 0.3640625 0.796484375 0.35390625 0.779296875 0.3515625 0.745703125 0.3390625 0.722265625 0.3375 0.698828125 0.34296875 0.670703125 0.3359375 0.634765625 0.3484375 0.573828125 0.34375 0.508984375 0.35234375 0.487890625 0.35625 0.398828125 0.36484375 0.380078125 0.36171875 0.369140625 0.36484375 0.365234375 0.36796875 0.348046875 0.36640625 0.337109375 0.36953125 0.331640625 0.36640625 0.312890625 0.357421875 0.31171875 0.35234375 0.306640625 0.35390625 0.301953125 0.346875 0.282421875 0.34453125 0.282421875 0.341015625 0.29609375 0.3390625 0.284765625 0.33046875 0.267578125 0.325390625 0.28203125 0.321875 0.279296875 0.31953125 0.266015625 0.314453125 0.25859375 0.310546875 0.28203125 0.30234375 0.278515625 0.298828125 0.26796875 0.294140625 0.28203125 0.28203125 0.283203125 0.27890625 0.305859375 0.26640625 0.314453125 0.2640625 0.326171875 0.25859375 0.330859375 0.2484375 0.373046875 0.24296875 0.376953125 0.240625 0.386328125 0.23359375 0.392578125 0.228125 0.404296875 0.2109375 0.419921875 0.20859375 0.448046875 0.2046875 0.462890625 0.20078125 0.466796875 0.20078125 0.479296875 0.19296875 0.505859375 0.18515625 0.521484375 0.1828125 0.541015625 0.180859375 0.5453125 0.176953125 0.53671875 0.1734375 0.541796875 0.175 0.553515625 0.172265625 0.55546875 0.168359375 0.5515625 0.1609375 0.561328125 0.1546875 0.591796875 0.14765625 0.596484375 0.14921875 0.600390625 0.14453125 0.604296875 0.14375 0.625390625 0.153125 0.669140625 0.15234375 0.676953125 0.16328125 0.700390625 0.16875 0.734765625 0.1765625 0.745703125 0.178125 0.761328125 0.18984375 0.775390625 0.206640625 0.7890625 0.260546875 0.82109375 0.312890625 0.84453125 0.34609375 0.852734375 0.3625 0.842578125 0.36875 0.823046875
3 0.7828125 0.793359375 0.78984375 0.780859375 0.79140625 0.769140625 0.7953125 0.765234375 0.796875 0.748046875 0.809375 0.725390625 0.80546875 0.708203125 0.8140625 0.698046875 0.80625 0.698828125 0.8078125 0.687109375 0.81171875 0.677734375 0.82421875 0.665234375 0.82421875 0.655859375 0.828515625 0.64921875 0.83203125 0.649609375 0.84296875 0.615234375 0.85625 0.595703125 0.853125 0.590234375 0.85390625 0.556640625 0.8453125 0.513671875 0.81875 0.436328125 0.81875 0.424609375 0.80703125 0.394921875 0.8 0.360546875 0.7921875 0.350390625 0.7703125 0.302734375 0.76015625 0.291796875 0.759375 0.281640625 0.740234375 0.2625 0.719921875 0.24921875 0.712890625 0.24765625 0.702734375 0.23515625 0.698046875 0.234375 0.694140625 0.2390625 0.687890625 0.234375 0.681640625 0.234375 0.671875 0.241796875 0.67890625 0.263671875 0.676171875 0.26640625 0.669140625 0.26328125 0.66171875 0.266796875 0.6625 0.272265625 0.66953125 0.278515625 0.66484375 0.282421875 0.66953125 0.290234375 0.66328125 0.301171875 0.66484375 0.316796875 0.67421875 0.336328125 0.68515625 0.345703125 0.70234375 0.369921875 0.7109375 0.404296875 0.706640625 0.41328125 0.694140625 0.41328125 0.68984375 0.416015625 0.6859375 0.434765625 0.68984375 0.464453125 0.696875 0.479296875 0.7015625 0.501953125 0.70234375 0.619921875 0.70078125 0.652734375 0.69453125 0.691015625 0.696875 0.698828125 0.68203125 0.737890625 0.68125 0.765234375 0.678125 0.770703125 0.67890625 0.776171875 0.68203125 0.776953125 0.67890625 0.778515625 0.678125 0.788671875 0.7015625 0.792578125 0.7 0.802734375 0.68984375 0.819921875 0.690625 0.835546875 0.694140625 0.840625 0.7 0.840234375 0.759765625 0.8125 0.7828125 0.793359375
2 0.50703125 0.716796875 0.51484375 0.710546875 0.51484375 0.704296875 0.50234375 0.669921875 0.492578125 0.6671875 0.4875 0.671484375 0.48046875 0.687109375 0.478125 0.708203125 0.48515625 0.724609375 0.48515625 0.741015625 0.49921875 0.743359375 0.503125 0.741015625 0.50703125 0.716796875
2 0.60546875 0.442578125 0.6125 0.428515625 0.61015625 0.416796875 0.6046875 0.408203125 0.60546875 0.397265625 0.601171875 0.39140625 0.596484375 0.390625 0.59140625 0.395703125 0.586328125 0.4125 0.58046875 0.405859375 0.571875 0.443359375 0.57734375 0.482421875 0.59375 0.498828125 0.60234375 0.484765625 0.60546875 0.442578125
2 0.5671875 0.741796875 0.5671875 0.737890625 0.557421875 0.7296875 0.533203125 0.7390625 0.5296875 0.744140625 0.52421875 0.771484375 0.528515625 0.77421875 0.54609375 0.774609375 0.553125 0.767578125 0.5671875 0.741796875
0 0.66640625 0.830859375 0.67109375 0.816796875 0.646484375 0.82265625 0.634375 0.839453125 0.634765625 0.84375 0.64140625 0.844140625 0.661328125 0.8359375 0.66640625 0.830859375
2 0.508984375 0.15703125 0.501953125 0.15390625 0.4953125 0.158203125 0.49375 0.166015625 0.501953125 0.175 0.50625 0.174609375 0.5140625 0.164453125 0.508984375 0.15703125
2 0.55234375 0.152734375 0.543359375 0.14765625 0.5375 0.154296875 0.5421875 0.165234375 0.54609375 0.166796875 0.55078125 0.162109375 0.55234375 0.152734375
2 0.567578125 0.14765625 0.562890625 0.14765625 0.55859375 0.151953125 0.55859375 0.157421875 0.566015625 0.16796875 0.56953125 0.167578125 0.571875 0.153515625 0.567578125 0.14765625
3 0.604296875 0.1578125 0.590234375 0.15390625 0.584375 0.156640625 0.584375 0.160546875 0.591015625 0.1671875 0.6046875 0.170703125 0.609375 0.164453125 0.604296875 0.1578125
3 0.46484375 0.178515625 0.4671875 0.169140625 0.463671875 0.16484375 0.443359375 0.16484375 0.43203125 0.173046875 0.43203125 0.184765625 0.435546875 0.1875 0.44453125 0.187109375 0.458984375 0.18359375 0.46484375 0.178515625