2 0.2566795874785592 0.3597016912521441 0.2619905591766724 0.35375044854202403 0.26142928902229845 0.3490473885077187 0.25466548799313893 0.3461011140651801 0.1993513113207547 0.36224246998284737 0.1745735471698113 0.38592179845626073 0.1693679116638079 0.40061858147512863 0.17376701543739279 0.4027522984562607 0.1994160308747856 0.39554684562607206 0.2300660360205832 0.37061933447684386 0.2566795874785592 0.3597016912521441
1 0.28847690051457975 0.22054722641509436 0.2993824905660378 0.21822917152658663 0.3312077032590051 0.20708054888507718 0.38420382590051455 0.18003360205831906 0.4338240746140652 0.165979320754717 0.44447235077186964 0.15626321955403086 0.44212796226415096 0.143171243567753 0.4373195668953688 0.134986974271012 0.42358731903945107 0.12606914837049743 0.40466974442538595 0.11956868696397942 0.349229922813036 0.1392439219554031 0.29509095283018866 0.16916416723842195 0.2847789922813036 0.19283746998284734 0.2822217015437393 0.21793124185248713 0.28847690051457975 0.22054722641509436
1 0.49931631303602053 0.17090956432246998 0.5010994313893653 0.17929848027444253 0.4929414957118353 0.1862932615780446 0.4928158516295026 0.1898271397941681 0.5002402324185249 0.19175621097770154 0.5091761355060035 0.22142137221269298 0.5198101303602058 0.2384504922813036 0.5289649622641509 0.24439570926243567 0.5280004271012007 0.24810789965694682 0.5367196329331047 0.2458161783876501 0.5413233825042881 0.25097517238421957 0.5542633799313894 0.24997827615780446 0.5607495591766724 0.257805922813036 0.5690128310463122 0.25955668181818187 0.5719651312178388 0.26725868439108064 0.585922332761578 0.26692236878216125 0.5829700325900514 0.2592203662092624 0.588155359348199 0.2568030017152659 0.6095369416809605 0.258395756432247 0.6146229588336192 0.2616986552315609 0.6284018481989708 0.26052344768439106 0.6527093962264151 0.267631819897084 0.6737343542024014 0.2675467924528302 0.6874402675814751 0.2742782332761578 0.7219928276157804 0.2800857538593482 0.7261872855917667 0.2791941946826758 0.7272774648370498 0.27194812607204116 0.7077339005145797 0.2274402298456261 0.6833616320754717 0.18702748113207546 0.6643650548885077 0.1739678653516295 0.5706484322469983 0.15793943653516296 0.5445901252144082 0.15909433619210978 0.5307585677530018 0.15589677358490564 0.5061267555746141 0.16376280617495712 0.49931631303602053 0.17090956432246998
1 0.5808813910806174 0.1277069794168096 0.6461486758147513 0.14189136449399659 0.7185890531732418 0.1650725780445969 0.7238007144082332 0.16484159777015436 0.7247652495711835 0.16112940737564324 0.7213306818181818 0.15528350000000002 0.7042165343053174 0.14489253773584906 0.6803062255574615 0.1149031114922813 0.6662700222984563 0.10868027272727272 0.575195717838765 0.08858303001715266 0.5513764639794168 0.0940843653516295 0.5566204854202401 0.11050557375643226 0.5808813910806174 0.1277069794168096
1 0.777680140651801 0.18320013293310464 0.8215982032590051 0.2124439511149228 0.8288442718696398 0.21353413036020583 0.8286132915951973 0.2083224691252144 0.8025895746140651 0.17045272898799313 0.7812019665523156 0.1543941706689537 0.7223094991423671 0.12482608919382505 0.6903992590051458 0.11494975385934819 0.6858745111492281 0.11634991509433963 0.6893880814751286 0.1287549768439108 0.7128627641509434 0.15050746483704974 0.777680140651801 0.18320013293310464
1 0.3978472495711835 0.0977838396226415 0.40202139965694683 0.10917169811320755 0.4100333833619211 0.11799021440823329 0.4483041595197256 0.13922807375643226 0.5218753319039451 0.13060438164665522 0.5323979648370497 0.12442215866209262 0.5373726200686106 0.10451371440823327 0.5141815857632933 0.09234565866209263 0.48971603344768444 0.07211897598627788 0.4852379279588336 0.06342610463121784 0.46970225300171525 0.05839878044596913 0.4362722332761578 0.06199737907375643 0.41667377101200687 0.06879353945111492 0.4113364648370497 0.07255839794168097 0.3978472495711835 0.0977838396226415
1 0.24585143310463123 0.2427594433962264 0.263897756432247 0.2327860283018868 0.27253795969125216 0.2239351526586621 0.28026027015437394 0.20870343396226415 0.28599481560891943 0.1820575231560892 0.28405971869639796 0.17501610034305318 0.2717803001715266 0.1749957924528302 0.23558231818181818 0.1861970831903945 0.20698702744425387 0.20016633619210977 0.19110678130360206 0.22239283533447685 0.18130342195540308 0.2463964279588336 0.18237329331046312 0.25142977787307036 0.20222906946826757 0.2520316629502573 0.24585143310463123 0.2427594433962264
1 0.3165943825042882 0.09708041423670669 0.3364968010291595 0.0875892667238422 0.34030830102915954 0.08283353859348198 0.340050987135506 0.07543549228130361 0.3353215934819897 0.07381037735849057 0.30397864922813034 0.08310290480274443 0.25685476758147513 0.10890166809605488 0.21840345025728988 0.14250174442538593 0.2100205600343053 0.15875066638078902 0.2247903190394511 0.15604965351629502 0.2570451312178388 0.1386721655231561 0.3165943825042882 0.09708041423670669
1 0.08578583962264151 0.6673937006861064 0.10058795797598628 0.6813448765008576 0.10562130789022298 0.6802750042881647 0.10775502487135506 0.6758759005145797 0.07722307204116638 0.5569842744425386 0.07308953773584906 0.5210375797598628 0.07537523241852488 0.5152909819897085 0.06859335420240137 0.4689472984562607 0.06620232332761578 0.46594835591766726 0.06002612607204117 0.46989152572898796 0.04676789022298456 0.500328629502573 0.05200365608919382 0.5579608619210977 0.061150231560891936 0.605117102915952 0.07563411234991424 0.648508486277873 0.08293284905660378 0.65397143567753 0.08578583962264151 0.6673937006861064
1 0.10047792452830188 0.2951409639794168 0.10004229931389365 0.28690402658662095 0.08375276072041167 0.30307997255574615 0.06280457461406519 0.36540098284734135 0.05990271183533448 0.41774857718696395 0.06440715180102916 0.428627833619211 0.07139590651801028 0.42231996740994854 0.07561067238421955 0.4091489897084048 0.08166948198970841 0.3675286732418525 0.10047792452830188 0.2951409639794168
2 0.909008524871355 0.3473030823327616 0.9097277984562606 0.3651244511149228 0.9180234305317325 0.3835273987993139 0.9294376234991424 0.3815396337907375 0.9311357144082332 0.3689035917667238 0.9222058370497426 0.3537042332761578 0.909008524871355 0.3473030823327616
1 0.9265043018867924 0.724550782161235 0.927872103773585 0.7124233421955403 0.8987215694682675 0.7361553387650086 0.865356269296741 0.7730583130360206 0.8398509759862779 0.8201272958833619 0.8447323473413378 0.8204049176672384 0.8711149185248714 0.8042756140651801 0.8982310454545455 0.7792224579759863 0.9150758276157804 0.753283768439108 0.9265043018867924 0.724550782161235
2 0.942492114922813 0.6553929957118353 0.9364739210977702 0.6724544751286449 0.9385346620926244 0.6759620197255575 0.9486480034305317 0.663729243567753 0.9556043979416808 0.6407691886792453 0.9507493602058319 0.6426779519725557 0.942492114922813 0.6553929957118353
1 0.7652197538593482 0.9083260711835335 0.7950835351629503 0.8879496415094339 0.8106861595197256 0.8706045137221269 0.8129191869639795 0.8604851466552316 0.7992922753001716 0.8603128602058319 0.7992862495711835 0.8458470574614065 0.775671640651801 0.8543736698113208 0.7313480823327615 0.8892219288164667 0.7230908361921098 0.9019369725557461 0.7233744837049743 0.9115214039451115 0.7412485214408233 0.9151749005145797 0.7652197538593482 0.9083260711835335
1 0.6498620051457976 0.9389836689536877 0.6435804725557461 0.9341812984562607 0.6326748816466552 0.9364993533447684 0.5756829210977702 0.952997333619211 0.5358517504288165 0.969793243567753 0.5414463696397942 0.9734264322469983 0.6052547984562607 0.9642474965694682 0.6479329339622641 0.9464080488850771 0.6498620051457976 0.9389836689536877
1 0.4017163524871355 0.9636712804459692 0.3956921337907376 0.9662669571183533 0.4151709785591767 0.9774704777015438 0.4732651706689537 0.9826580351629504 0.4837614691252144 0.9742894271012006 0.4889731312178387 0.9740584476843911 0.4905982461406518 0.9693290540308749 0.4017163524871355 0.9636712804459692
1 0.5276998404802744 0.9912538276157804 0.5655552975986278 0.9919753310463121 0.589883154373928 0.9868042855917667 0.5962113293310464 0.9815136217838764 0.5949894794168097 0.9778277658662093 0.5422852615780446 0.9732481200686106 0.5334870531732419 0.9689806861063466 0.5077853696397941 0.9718133687821612 0.4814960823327616 0.9677566063464837 0.47092078130360204 0.9695660600343053 0.4741507041166381 0.9723866903945112 0.47494295368782163 0.9823014116638079 0.5276998404802744 0.9912538276157804