1 0.58125 0.544140625 0.58515625 0.529296875 0.5875 0.495703125 0.584375 0.399609375 0.59140625 0.391796875 0.584375 0.384765625 0.5765625 0.368359375 0.566015625 0.36171875 0.534765625 0.35390625 0.490234375 0.35390625 0.468359375 0.36015625 0.4484375 0.384765625 0.45546875 0.393359375 0.44609375 0.484765625 0.44609375 0.529296875 0.453515625 0.54765625 0.5234375 0.555078125 0.574609375 0.5515625 0.58125 0.544140625
1 0.241796875 0.36171875 0.2515625 0.349609375 0.26328125 0.315234375 0.28125 0.282421875 0.28671875 0.262890625 0.284765625 0.2546875 0.255859375 0.2640625 0.2359375 0.283984375 0.2140625 0.320703125 0.20390625 0.351953125 0.20078125 0.369140625 0.203515625 0.37421875 0.20859375 0.374609375 0.231640625 0.36796875 0.241796875 0.36171875
1 0.790625 0.751171875 0.80625 0.717578125 0.803515625 0.69765625 0.785546875 0.7015625 0.765625 0.713671875 0.75390625 0.737890625 0.74453125 0.769140625 0.74453125 0.780078125 0.74921875 0.780859375 0.773046875 0.76953125 0.790625 0.751171875
1 0.8359375 0.458984375 0.821875 0.391796875 0.8125 0.374609375 0.801171875 0.3625 0.780859375 0.3515625 0.768359375 0.35 0.76484375 0.358203125 0.765625 0.379296875 0.78671875 0.447265625 0.79140625 0.475390625 0.801171875 0.48515625 0.82109375 0.488671875 0.83203125 0.484765625 0.8359375 0.458984375
1 0.8390625 0.359765625 0.812890625 0.32578125 0.787109375 0.30703125 0.770703125 0.303125 0.757421875 0.29609375 0.7546875 0.298046875 0.7515625 0.311328125 0.753125 0.325390625 0.758203125 0.33359375 0.769140625 0.340625 0.779296875 0.33984375 0.789453125 0.34453125 0.804296875 0.35390625 0.833984375 0.38125 0.84921875 0.385546875 0.84765625 0.366015625 0.8390625 0.359765625
1 0.775390625 0.640625 0.7859375 0.633984375 0.7859375 0.627734375 0.79609375 0.604296875 0.7921875 0.593359375 0.79375 0.560546875 0.79609375 0.557421875 0.7921875 0.554296875 0.78828125 0.541796875 0.78203125 0.498828125 0.77109375 0.460546875 0.758984375 0.45390625 0.726953125 0.45234375 0.7203125 0.456640625 0.70546875 0.487109375 0.698828125 0.49375 0.680078125 0.4984375 0.675 0.505078125 0.67109375 0.519140625 0.67265625 0.551953125 0.6671875 0.584765625 0.685546875 0.59921875 0.698828125 0.59609375 0.703125 0.600390625 0.70390625 0.613671875 0.696875 0.623828125 0.696484375 0.63671875 0.719140625 0.634375 0.721484375 0.6296875 0.72265625 0.639453125 0.72890625 0.644140625 0.726953125 0.65625 0.75078125 0.655859375 0.769921875 0.64921875 0.775390625 0.640625
1 0.1921875 0.587109375 0.196484375 0.58046875 0.201171875 0.5828125 0.2046875 0.580078125 0.21171875 0.541015625 0.20703125 0.516015625 0.193359375 0.4984375 0.183984375 0.49453125 0.165234375 0.503125 0.1625 0.507421875 0.14765625 0.541796875 0.1421875 0.567578125 0.1484375 0.608984375 0.157421875 0.625 0.1734375 0.631640625 0.17734375 0.615234375 0.1921875 0.587109375
2 0.21875 0.462890625 0.2171875 0.455078125 0.208203125 0.44296875 0.20390625 0.447265625 0.19921875 0.467578125 0.2015625 0.506640625 0.206640625 0.51328125 0.20859375 0.505078125 0.20859375 0.514453125 0.21640625 0.525390625 0.215625 0.478515625 0.21875 0.462890625
2 0.173046875 0.48046875 0.17578125 0.476953125 0.1765625 0.470703125 0.173828125 0.46640625 0.172265625 0.46640625 0.1703125 0.468359375 0.16875 0.471484375 0.16875 0.482421875 0.16953125 0.482421875 0.169921875 0.48125 0.173046875 0.48046875
2 0.17734375 0.498046875 0.18125 0.494140625 0.18125 0.489453125 0.18203125 0.488671875 0.18203125 0.476171875 0.18125 0.475390625 0.18125 0.473046875 0.177734375 0.4703125 0.176171875 0.4703125 0.17421875 0.473046875 0.1734375 0.478515625 0.171875 0.480859375 0.17109375 0.485546875 0.1703125 0.486328125 0.1703125 0.498046875 0.172265625 0.50078125 0.17421875 0.500390625 0.176953125 0.49921875 0.17734375 0.498046875
1 0.225390625 0.75546875 0.2328125 0.757421875 0.2328125 0.748046875 0.221875 0.705859375 0.2046875 0.658203125 0.189453125 0.64453125 0.173046875 0.6390625 0.17109375 0.651171875 0.175 0.678515625 0.1890625 0.728515625 0.2171875 0.750390625 0.21796875 0.753515625 0.213671875 0.7546875 0.213671875 0.7578125 0.223828125 0.765625 0.23203125 0.765234375 0.225 0.760546875 0.225390625 0.75546875
3 0.23125 0.813671875 0.20390625 0.780078125 0.1796875 0.735546875 0.1390625 0.694921875 0.13671875 0.690234375 0.140625 0.685546875 0.13984375 0.676953125 0.121875 0.637890625 0.11015625 0.623828125 0.09921875 0.593359375 0.08984375 0.591015625 0.08046875 0.570703125 0.070703125 0.56015625 0.065625 0.567578125 0.06328125 0.587109375 0.06640625 0.616796875 0.0765625 0.659765625 0.10078125 0.723828125 0.140234375 0.76875 0.187109375 0.809375 0.235546875 0.8421875 0.26875 0.858203125 0.26796875 0.851171875 0.23125 0.813671875
3 0.14921875 0.623828125 0.140625 0.557421875 0.13046875 0.530078125 0.121875 0.522265625 0.11796875 0.506640625 0.106640625 0.49296875 0.102734375 0.49296875 0.098828125 0.4984375 0.08984375 0.499609375 0.084375 0.514453125 0.08671875 0.555859375 0.09375 0.586328125 0.10078125 0.594140625 0.11015625 0.623828125 0.12578125 0.642578125 0.13203125 0.656640625 0.15078125 0.662890625 0.15625 0.649609375 0.14921875 0.623828125
3 0.17109375 0.369140625 0.17890625 0.359765625 0.18359375 0.344921875 0.19609375 0.325390625 0.19921875 0.308203125 0.1984375 0.290234375 0.188671875 0.28125 0.184765625 0.28203125 0.16875 0.300390625 0.140625 0.358203125 0.13671875 0.374609375 0.13828125 0.399609375 0.144921875 0.40625 0.15 0.405859375 0.159375 0.396484375 0.17109375 0.369140625
3 0.22734375 0.244140625 0.262890625 0.22265625 0.26875 0.212890625 0.28125 0.201953125 0.28125 0.192578125 0.285546875 0.18828125 0.276953125 0.190625 0.266796875 0.1875 0.255078125 0.2 0.25234375 0.198046875 0.25546875 0.190234375 0.253515625 0.18828125 0.223828125 0.2171875 0.21171875 0.221484375 0.196875 0.243359375 0.18671875 0.269140625 0.1859375 0.282421875 0.196875 0.289453125 0.21640625 0.269921875 0.22734375 0.244140625
3 0.268359375 0.1921875 0.273828125 0.1921875 0.278515625 0.196875 0.323046875 0.16171875 0.357421875 0.140625 0.36484375 0.133984375 0.3765625 0.114453125 0.380859375 0.1140625 0.383984375 0.10859375 0.389453125 0.1078125 0.39453125 0.101953125 0.385546875 0.1 0.350390625 0.109375 0.313671875 0.13046875 0.302734375 0.140625 0.294921875 0.14140625 0.278515625 0.153125 0.267578125 0.15703125 0.26328125 0.164453125 0.26484375 0.169140625 0.25703125 0.173828125 0.24140625 0.199609375 0.25703125 0.201171875 0.262890625 0.2 0.268359375 0.1921875
3 0.82265625 0.290234375 0.8125 0.255078125 0.80234375 0.233984375 0.78828125 0.214453125 0.770703125 0.19609375 0.751171875 0.18359375 0.733203125 0.17890625 0.714453125 0.18359375 0.7125 0.198828125 0.70625 0.207421875 0.7109375 0.214453125 0.721875 0.222265625 0.726953125 0.23203125 0.751953125 0.246875 0.76875 0.261328125 0.77421875 0.273828125 0.77421875 0.287109375 0.785546875 0.2984375 0.803515625 0.31015625 0.82109375 0.311328125 0.82421875 0.308984375 0.82265625 0.290234375
3 0.871875 0.698828125 0.890625 0.644140625 0.89296875 0.627734375 0.890234375 0.62578125 0.882421875 0.62890625 0.87421875 0.638671875 0.8640625 0.662109375 0.8515625 0.679296875 0.84375 0.709765625 0.82734375 0.744921875 0.827734375 0.75 0.8359375 0.751953125 0.84375 0.744140625 0.871875 0.698828125
1 0.77265625 0.835546875 0.7734375 0.827734375 0.764453125 0.82734375 0.735546875 0.84375 0.7140625 0.866796875 0.71875 0.866796875 0.764453125 0.84375 0.77265625 0.835546875
1 0.49140625 0.125390625 0.4953125 0.114453125 0.491015625 0.109375 0.462890625 0.11015625 0.4484375 0.124609375 0.450390625 0.1296875 0.46171875 0.130078125 0.487109375 0.128125 0.49140625 0.125390625
1 0.3203125 0.207421875 0.3265625 0.201953125 0.328125 0.187890625 0.316015625 0.18828125 0.287109375 0.20390625 0.26953125 0.223828125 0.26015625 0.245703125 0.2640625 0.250390625 0.305859375 0.23203125 0.3203125 0.207421875
1 0.36171875 0.155859375 0.3671875 0.141796875 0.357421875 0.1421875 0.329296875 0.16015625 0.31640625 0.176171875 0.315625 0.180859375 0.31953125 0.181640625 0.348828125 0.17265625 0.36171875 0.155859375
2 0.377734375 0.14921875 0.380078125 0.14921875 0.3828125 0.147265625 0.38515625 0.142578125 0.38671875 0.141015625 0.38671875 0.137109375 0.385546875 0.1359375 0.380859375 0.13671875 0.37578125 0.141015625 0.37578125 0.141796875 0.3734375 0.144140625 0.371875 0.147265625 0.371875 0.149609375 0.373046875 0.15078125 0.37421875 0.150390625 0.376953125 0.15 0.377734375 0.14921875
2 0.401953125 0.14140625 0.402734375 0.14140625 0.40390625 0.138671875 0.40625 0.136328125 0.40703125 0.133203125 0.405078125 0.13125 0.400390625 0.13125 0.397265625 0.1328125 0.3953125 0.134765625 0.39375 0.137890625 0.39296875 0.143359375 0.394140625 0.1453125 0.395703125 0.14609375 0.396875 0.145703125 0.398046875 0.1453125 0.401953125 0.14140625
1 0.834375 0.650390625 0.84765625 0.608984375 0.85078125 0.581640625 0.8484375 0.532421875 0.84609375 0.524609375 0.833203125 0.5171875 0.823828125 0.51796875 0.81640625 0.523046875 0.8078125 0.554296875 0.80546875 0.628515625 0.8015625 0.649609375 0.79609375 0.658203125 0.800390625 0.6625 0.80546875 0.662109375 0.828515625 0.65546875 0.834375 0.650390625