1 0.6015625 0.788671875 0.6125 0.758984375 0.615625 0.698828125 0.626953125 0.69453125 0.63359375 0.686328125 0.631640625 0.6828125 0.604296875 0.68359375 0.592578125 0.66953125 0.542578125 0.66796875 0.438671875 0.6703125 0.417578125 0.68046875 0.39609375 0.684765625 0.40625 0.701171875 0.41328125 0.752734375 0.425 0.786328125 0.431640625 0.7953125 0.473046875 0.803125 0.5328125 0.803515625 0.585546875 0.7984375 0.6015625 0.788671875
1 0.80859375 0.726171875 0.82265625 0.694921875 0.828125 0.658984375 0.83359375 0.644140625 0.829296875 0.6328125 0.816015625 0.63359375 0.783203125 0.646875 0.74921875 0.674609375 0.73203125 0.729296875 0.73203125 0.750390625 0.725 0.768359375 0.7296875 0.769140625 0.788671875 0.74140625 0.80859375 0.726171875
1 0.2828125 0.709765625 0.27734375 0.683203125 0.2765625 0.668359375 0.2796875 0.658984375 0.245703125 0.63046875 0.223046875 0.61953125 0.186328125 0.60703125 0.1828125 0.608203125 0.180859375 0.62109375 0.173046875 0.61484375 0.17265625 0.619921875 0.178125 0.627734375 0.18828125 0.681640625 0.20390625 0.717578125 0.212890625 0.72578125 0.248828125 0.74609375 0.280859375 0.76015625 0.2953125 0.762890625 0.29296875 0.737109375 0.2828125 0.709765625
1 0.50703125 0.875390625 0.473046875 0.8390625 0.458984375 0.82890625 0.432421875 0.821875 0.369921875 0.81328125 0.330859375 0.8046875 0.3234375 0.811328125 0.344921875 0.8375 0.377734375 0.86796875 0.388671875 0.8734375 0.441796875 0.88359375 0.49609375 0.885546875 0.502734375 0.88359375 0.50703125 0.875390625
1 0.368359375 0.90078125 0.280078125 0.8625 0.26796875 0.862109375 0.306640625 0.8984375 0.345703125 0.91484375 0.38515625 0.923828125 0.38671875 0.922265625 0.368359375 0.90078125
1 0.628515625 0.94609375 0.63671875 0.940234375 0.6390625 0.933984375 0.636328125 0.93125 0.624609375 0.93203125 0.552734375 0.9453125 0.54375 0.949609375 0.548828125 0.95859375 0.56484375 0.958984375 0.604296875 0.953125 0.628515625 0.94609375
1 0.44375 0.520703125 0.4484375 0.474609375 0.44765625 0.457421875 0.44453125 0.451171875 0.44375 0.398828125 0.439453125 0.39296875 0.43515625 0.396484375 0.4359375 0.392578125 0.4328125 0.389453125 0.43515625 0.373046875 0.42578125 0.357421875 0.413671875 0.34765625 0.404296875 0.346875 0.343359375 0.35234375 0.314453125 0.35859375 0.29375 0.387890625 0.29453125 0.405078125 0.29140625 0.419921875 0.2765625 0.463671875 0.278125 0.534765625 0.285546875 0.53984375 0.309765625 0.5421875 0.330078125 0.5375 0.338671875 0.5390625 0.341796875 0.54296875 0.344921875 0.53984375 0.354296875 0.53984375 0.357421875 0.54296875 0.368359375 0.5390625 0.404296875 0.54375 0.409765625 0.54140625 0.419140625 0.54765625 0.43203125 0.550390625 0.4375 0.545703125 0.44375 0.520703125
1 0.665625 0.388671875 0.66484375 0.336328125 0.65546875 0.293359375 0.628515625 0.2671875 0.592578125 0.25703125 0.545703125 0.253125 0.536328125 0.25625 0.526171875 0.26953125 0.520703125 0.2703125 0.5125 0.278515625 0.5078125 0.343359375 0.51015625 0.362890625 0.517578125 0.38203125 0.527734375 0.384375 0.530078125 0.3890625 0.532421875 0.384375 0.535546875 0.384375 0.537109375 0.38828125 0.542578125 0.384375 0.545703125 0.38828125 0.548828125 0.3859375 0.553515625 0.38984375 0.623828125 0.39609375 0.65625 0.403515625 0.66328125 0.399609375 0.665625 0.388671875
1 0.344921875 0.30390625 0.3578125 0.287109375 0.38359375 0.227734375 0.367578125 0.21953125 0.357421875 0.21953125 0.297265625 0.2375 0.259375 0.287890625 0.24921875 0.319921875 0.24921875 0.324609375 0.25234375 0.325390625 0.319140625 0.30625 0.344921875 0.30390625
1 0.86328125 0.435546875 0.84296875 0.373046875 0.838671875 0.3671875 0.813671875 0.35234375 0.798828125 0.34765625 0.7859375 0.357421875 0.7859375 0.366015625 0.7984375 0.421484375 0.80703125 0.442578125 0.81171875 0.476171875 0.819921875 0.48203125 0.844140625 0.48671875 0.86328125 0.486328125 0.86640625 0.483203125 0.86328125 0.435546875
1 0.665234375 0.1765625 0.651953125 0.16875 0.628515625 0.1625 0.611328125 0.16328125 0.60234375 0.168359375 0.60703125 0.191015625 0.616015625 0.2046875 0.7015625 0.231640625 0.68515625 0.194140625 0.665234375 0.1765625
1 0.741796875 0.1953125 0.716015625 0.18359375 0.706640625 0.17265625 0.70390625 0.173828125 0.69765625 0.185546875 0.717578125 0.21484375 0.768359375 0.240625 0.77265625 0.240234375 0.7578125 0.211328125 0.741796875 0.1953125
1 0.372265625 0.18515625 0.3890625 0.166015625 0.3953125 0.149609375 0.380078125 0.14609375 0.335546875 0.15703125 0.317578125 0.1703125 0.30078125 0.188671875 0.29453125 0.204296875 0.3 0.206640625 0.325390625 0.196875 0.372265625 0.18515625
1 0.5640625 0.149609375 0.545703125 0.13828125 0.485546875 0.13671875 0.470703125 0.14609375 0.4625 0.158984375 0.4625 0.165234375 0.466796875 0.1703125 0.56171875 0.173046875 0.56640625 0.162890625 0.5640625 0.149609375
1 0.46171875 0.114453125 0.4625 0.109765625 0.448046875 0.103125 0.424609375 0.10546875 0.396875 0.121484375 0.396484375 0.128125 0.40390625 0.127734375 0.451953125 0.12109375 0.46171875 0.114453125
1 0.583984375 0.11796875 0.564453125 0.11171875 0.538671875 0.1109375 0.528125 0.121484375 0.533203125 0.1296875 0.59765625 0.137890625 0.596875 0.131640625 0.583984375 0.11796875
1 0.054296875 0.57265625 0.053125 0.596484375 0.05703125 0.617578125 0.065625 0.640234375 0.075 0.647265625 0.0625 0.580859375 0.054296875 0.57265625
1 0.510546875 0.078125 0.49921875 0.078515625 0.501171875 0.0828125 0.50703125 0.083203125 0.51015625 0.082421875 0.510546875 0.078125
1 0.853125 0.291796875 0.837890625 0.2734375 0.823828125 0.26953125 0.83125 0.293359375 0.84765625 0.326953125 0.866796875 0.34296875 0.871875 0.344140625 0.8609375 0.305859375 0.853125 0.291796875
1 0.90625 0.433984375 0.89921875 0.398828125 0.88828125 0.371484375 0.870703125 0.359375 0.86796875 0.366015625 0.87265625 0.406640625 0.8796875 0.423828125 0.88046875 0.438671875 0.88671875 0.451953125 0.90078125 0.458984375 0.90390625 0.455859375 0.90625 0.433984375
1 0.18828125 0.270703125 0.2046875 0.239453125 0.202734375 0.23359375 0.189453125 0.2375 0.17890625 0.247265625 0.1453125 0.294921875 0.14140625 0.304296875 0.1578125 0.310546875 0.16953125 0.299609375 0.18828125 0.270703125
1 0.14921875 0.333203125 0.15390625 0.316015625 0.151953125 0.3109375 0.137890625 0.31171875 0.121875 0.333984375 0.10859375 0.366796875 0.10859375 0.380859375 0.115625 0.381640625 0.13046875 0.370703125 0.14921875 0.333203125