1 0.53359375 0.249609375 0.53046875 0.216015625 0.511328125 0.19375 0.455078125 0.19453125 0.42890625 0.219921875 0.43125 0.223828125 0.43125 0.254296875 0.43828125 0.257421875 0.530078125 0.25625 0.53359375 0.249609375
1 0.67578125 0.220703125 0.655859375 0.1984375 0.616015625 0.18671875 0.606640625 0.18671875 0.6 0.193359375 0.60234375 0.209765625 0.616015625 0.22265625 0.650390625 0.22890625 0.67890625 0.238671875 0.6796875 0.229296875 0.67578125 0.220703125
1 0.39453125 0.333203125 0.399609375 0.32578125 0.409375 0.319921875 0.4109375 0.315234375 0.409375 0.297265625 0.4140625 0.289453125 0.415625 0.278515625 0.407421875 0.2609375 0.373828125 0.2625 0.349609375 0.26875 0.340625 0.276171875 0.3140625 0.309765625 0.3015625 0.352734375 0.3015625 0.363671875 0.304296875 0.3671875 0.30859375 0.366796875 0.390625 0.357421875 0.39453125 0.333203125
1 0.20234375 0.479296875 0.219921875 0.4625 0.227734375 0.45703125 0.235546875 0.45859375 0.24140625 0.452734375 0.25546875 0.409765625 0.25625 0.384765625 0.253515625 0.38046875 0.209765625 0.375 0.201953125 0.3765625 0.19453125 0.383984375 0.19140625 0.393359375 0.17109375 0.423828125 0.15546875 0.456640625 0.15390625 0.490234375 0.161328125 0.496875 0.19296875 0.498828125 0.2 0.491015625 0.20234375 0.479296875
1 0.40234375 0.210546875 0.4 0.198828125 0.40390625 0.196484375 0.396484375 0.19375 0.388671875 0.184375 0.372265625 0.1859375 0.342578125 0.1953125 0.3296875 0.208984375 0.32265625 0.227734375 0.3234375 0.237109375 0.33125 0.238671875 0.391796875 0.2234375 0.40234375 0.210546875
1 0.26015625 0.281640625 0.2859375 0.242578125 0.2859375 0.233984375 0.282421875 0.2296875 0.266015625 0.23125 0.246875 0.244921875 0.21796875 0.285546875 0.21328125 0.298828125 0.214453125 0.30234375 0.21875 0.301953125 0.244921875 0.29140625 0.26015625 0.281640625
1 0.4890625 0.161328125 0.474609375 0.1515625 0.438671875 0.1546875 0.42421875 0.165234375 0.41796875 0.180078125 0.419921875 0.18515625 0.4328125 0.184765625 0.485546875 0.1796875 0.4890625 0.161328125
1 0.80078125 0.641796875 0.80546875 0.615234375 0.8078125 0.578515625 0.801953125 0.56640625 0.756640625 0.56953125 0.73515625 0.587890625 0.72890625 0.633203125 0.7171875 0.683203125 0.71640625 0.690234375 0.721875 0.691015625 0.7921875 0.665234375 0.80078125 0.641796875
1 0.771875 0.789453125 0.79296875 0.749609375 0.79765625 0.730859375 0.796484375 0.7234375 0.764453125 0.73671875 0.73359375 0.764453125 0.73515625 0.769921875 0.715625 0.798046875 0.70546875 0.823828125 0.70703125 0.826953125 0.758984375 0.803125 0.771875 0.789453125
1 0.80859375 0.419921875 0.796875 0.383203125 0.7875 0.364453125 0.771484375 0.353125 0.743359375 0.3453125 0.7328125 0.356640625 0.7328125 0.369140625 0.7375 0.394921875 0.75625 0.445703125 0.783984375 0.4546875 0.80859375 0.456640625 0.8109375 0.448828125 0.80859375 0.419921875
1 0.7875 0.312890625 0.77890625 0.301953125 0.749609375 0.284375 0.741015625 0.28359375 0.734765625 0.28671875 0.7390625 0.309765625 0.75703125 0.337890625 0.773828125 0.34453125 0.789453125 0.3578125 0.80078125 0.362109375 0.7953125 0.331640625 0.7875 0.312890625
2 0.31875 0.695703125 0.3140625 0.669921875 0.309375 0.659765625 0.315625 0.651953125 0.31484375 0.647265625 0.2984375 0.623828125 0.29453125 0.612890625 0.284765625 0.60859375 0.28203125 0.612109375 0.2828125 0.619921875 0.27421875 0.635546875 0.27421875 0.642578125 0.28203125 0.659765625 0.284375 0.678515625 0.290625 0.694921875 0.29921875 0.705078125 0.30234375 0.715234375 0.30703125 0.718359375 0.30703125 0.707421875 0.31875 0.695703125
2 0.6125 0.438671875 0.615234375 0.43125 0.6203125 0.432421875 0.62109375 0.422265625 0.6109375 0.405078125 0.60234375 0.398828125 0.60234375 0.388671875 0.595703125 0.38359375 0.5796875 0.398828125 0.56953125 0.416796875 0.56875 0.423828125 0.5765625 0.432421875 0.5765625 0.445703125 0.56640625 0.498046875 0.57265625 0.498046875 0.578515625 0.484375 0.58125 0.484765625 0.587109375 0.49921875 0.592578125 0.4953125 0.600390625 0.49609375 0.608203125 0.48359375 0.6125 0.488671875 0.615625 0.501953125 0.6203125 0.506640625 0.62265625 0.491796875 0.6125 0.438671875
2 0.68359375 0.488671875 0.68359375 0.469921875 0.6984375 0.437890625 0.684375 0.393359375 0.678515625 0.38515625 0.673828125 0.384375 0.66640625 0.403515625 0.665625 0.430859375 0.67109375 0.448046875 0.67109375 0.487109375 0.6765625 0.498828125 0.684375 0.501171875 0.6875 0.498046875 0.68359375 0.488671875
2 0.7265625 0.472265625 0.72421875 0.451953125 0.7265625 0.435546875 0.721875 0.393359375 0.7140625 0.368359375 0.705078125 0.3640625 0.7015625 0.369140625 0.70234375 0.379296875 0.6984375 0.387890625 0.69921875 0.405859375 0.70703125 0.427734375 0.7109375 0.456640625 0.72265625 0.483984375 0.72578125 0.480859375 0.7265625 0.472265625
1 0.4046875 0.148828125 0.40546875 0.141796875 0.396484375 0.13828125 0.373046875 0.14140625 0.3609375 0.155078125 0.3609375 0.161328125 0.36640625 0.161328125 0.400390625 0.15390625 0.4046875 0.148828125
1 0.5234375 0.930859375 0.52265625 0.912109375 0.515234375 0.896875 0.437890625 0.89453125 0.38671875 0.886328125 0.3953125 0.904296875 0.419921875 0.93203125 0.448046875 0.9390625 0.50546875 0.941015625 0.519921875 0.9375 0.5234375 0.930859375
1 0.7125 0.898828125 0.71640625 0.890234375 0.706640625 0.890625 0.648828125 0.91484375 0.6375 0.929296875 0.64375 0.930859375 0.695703125 0.9125 0.7125 0.898828125
1 0.471875 0.119140625 0.471875 0.114453125 0.467578125 0.11171875 0.441796875 0.11328125 0.42734375 0.122265625 0.428515625 0.1265625 0.43671875 0.126953125 0.467578125 0.1234375 0.471875 0.119140625
1 0.43984375 0.102734375 0.430859375 0.1015625 0.413671875 0.10703125 0.40625 0.114453125 0.4140625 0.116015625 0.436328125 0.11171875 0.43984375 0.102734375
1 0.606640625 0.1140625 0.591796875 0.1109375 0.5828125 0.112890625 0.589453125 0.12265625 0.61328125 0.127734375 0.61640625 0.125390625 0.606640625 0.1140625
1 0.535546875 0.090625 0.518359375 0.08984375 0.5140625 0.092578125 0.515234375 0.09609375 0.53828125 0.097265625 0.540625 0.094140625 0.535546875 0.090625
2 0.8625 0.510546875 0.86015625 0.493359375 0.855078125 0.4875 0.84765625 0.510546875 0.846875 0.562109375 0.84765625 0.573046875 0.8515625 0.576171875 0.85703125 0.561328125 0.8625 0.510546875
1 0.8890625 0.615234375 0.890625 0.607421875 0.89453125 0.605078125 0.89765625 0.566796875 0.891796875 0.559375 0.882421875 0.559375 0.878125 0.563671875 0.859375 0.629296875 0.85859375 0.637109375 0.86171875 0.637109375 0.878515625 0.63125 0.8890625 0.615234375
2 0.2484375 0.356640625 0.2484375 0.344921875 0.253125 0.330859375 0.251953125 0.30859375 0.246875 0.310546875 0.23203125 0.337109375 0.225 0.360546875 0.221875 0.376953125 0.23203125 0.378515625 0.240625 0.376171875 0.2484375 0.356640625
3 0.89140625 0.772265625 0.91328125 0.730078125 0.914453125 0.70625 0.909375 0.706640625 0.90625 0.718359375 0.898046875 0.72734375 0.89765625 0.720703125 0.92734375 0.662109375 0.9328125 0.644921875 0.940625 0.595703125 0.940625 0.528515625 0.937890625 0.5234375 0.9296875 0.519921875 0.926171875 0.5015625 0.92109375 0.507421875 0.9078125 0.545703125 0.90703125 0.604296875 0.89765625 0.627734375 0.88828125 0.686328125 0.87578125 0.736328125 0.8578125 0.781640625 0.8359375 0.823828125 0.83671875 0.827734375 0.8703125 0.797265625 0.89140625 0.772265625
3 0.15859375 0.741796875 0.14765625 0.701171875 0.13671875 0.651171875 0.14453125 0.631640625 0.13984375 0.579296875 0.13125 0.552734375 0.1265625 0.514453125 0.1171875 0.483984375 0.1140625 0.428515625 0.11640625 0.392578125 0.112890625 0.3828125 0.1015625 0.399609375 0.09296875 0.436328125 0.0859375 0.448046875 0.07578125 0.522265625 0.078125 0.587890625 0.08671875 0.630078125 0.10234375 0.669921875 0.1015625 0.682421875 0.0953125 0.696484375 0.09609375 0.707421875 0.11640625 0.760546875 0.146875 0.805078125 0.183984375 0.8453125 0.227734375 0.8765625 0.23125 0.876171875 0.17109375 0.771484375 0.15859375 0.741796875
3 0.89765625 0.376953125 0.88828125 0.322265625 0.8515625 0.258203125 0.843359375 0.2484375 0.814453125 0.22578125 0.804296875 0.2265625 0.791015625 0.2140625 0.765234375 0.1984375 0.76484375 0.223828125 0.81796875 0.291796875 0.84453125 0.343359375 0.86171875 0.363671875 0.875 0.394140625 0.880078125 0.3984375 0.88671875 0.398828125 0.8953125 0.393359375 0.89765625 0.376953125
3 0.7515625 0.169921875 0.737109375 0.15625 0.726953125 0.15234375 0.722265625 0.1546875 0.7203125 0.151953125 0.72265625 0.149609375 0.718359375 0.14453125 0.706640625 0.13828125 0.690234375 0.1234375 0.651953125 0.10625 0.637890625 0.09453125 0.602734375 0.08359375 0.584765625 0.07421875 0.550390625 0.06640625 0.5390625 0.068359375 0.540234375 0.07265625 0.548046875 0.0765625 0.561328125 0.0796875 0.630859375 0.11328125 0.726953125 0.1796875 0.74296875 0.194140625 0.753515625 0.209375 0.76484375 0.210546875 0.7640625 0.192578125 0.7515625 0.169921875