1 0.442698166380789 0.5565722384219554 0.45186417838765014 0.540880230703259 0.43870962607204117 0.5343916629502573 0.4336110608919383 0.5246637521440823 0.37687809348198975 0.5153833499142367 0.3508035994854202 0.5146834065180103 0.320590692109777 0.5262843121783877 0.31272200514579757 0.5330548018867924 0.30341794768439106 0.585414745283019 0.3082128807890223 0.6011994305317324 0.31853817324185246 0.6132538421955404 0.32861702744425386 0.6108445480274443 0.37239456861063464 0.619354039451115 0.3944233284734134 0.6183938867924529 0.42786375042881647 0.6126624562607204 0.44058456518010286 0.6011561723842195 0.442698166380789 0.5565722384219554
1 0.6292261569468267 0.307134615780446 0.6217537795883362 0.2938873859348199 0.57827987135506 0.2793211192109777 0.5703757006861064 0.27953207375643224 0.5561229502572899 0.28768268267581476 0.553855589193825 0.3038419665523156 0.5635263044596913 0.3192638807890223 0.6114205480274443 0.3425525377358491 0.6206811818181818 0.3443526226415094 0.6268779451114923 0.33944135677530013 0.6292261569468267 0.307134615780446
1 0.7576093001715266 0.28491078216123494 0.747049397941681 0.2605791775300172 0.7316846783876501 0.24972941423670672 0.7094567924528302 0.24497190823327616 0.707633051457976 0.24985951886792454 0.7118897418524871 0.2594237847341338 0.7094114253859348 0.2676788987993139 0.7116452469982848 0.2764131174957118 0.742047397941681 0.299796397084048 0.7570138627787307 0.29921084305317325 0.7576093001715266 0.28491078216123494
1 0.8087112898799313 0.3726019665523156 0.8007243259005146 0.35750734048027444 0.7790918765008575 0.33844977358490563 0.7573194391080617 0.3246071054888508 0.7475560454545455 0.32314613636363637 0.7487034974271012 0.34870604288164664 0.7536265917667239 0.3570893181818182 0.7771300917667239 0.380005320754717 0.7822286569468268 0.389733230703259 0.808748716981132 0.41061453859348196 0.8116016320754716 0.40942171869639793 0.8087112898799313 0.3726019665523156
1 0.690882052315609 0.5113300051457976 0.6894546226415095 0.4961998962264151 0.6804621380789022 0.48178350171526585 0.653007524871355 0.4746994957118353 0.6314696981132075 0.47313402144082334 0.6218108096054888 0.45989861921097774 0.614245755574614 0.460612333619211 0.6045651552315608 0.47445694511149233 0.5996085222984563 0.49096717324185246 0.5935754030874786 0.49503656346483704 0.5981593807890223 0.5029170789022298 0.5962902735849056 0.530511680102916 0.6032953730703259 0.5506575608919383 0.6327137152658662 0.5476390574614065 0.6428398807890223 0.5539758096054889 0.6477748018867925 0.5645455960548885 0.6727037881646655 0.5711386698113208 0.6814380068610635 0.5689048481989709 0.6844190831903945 0.5603106183533447 0.690882052315609 0.5113300051457976
2 0.7955073181818182 0.512446026586621 0.7914024442538594 0.4998533730703259 0.7615858481989708 0.4914365591766724 0.7555409013722126 0.4933194373927959 0.7557636835334477 0.5034101192109777 0.7719466234991423 0.5100505042881647 0.7942573036020584 0.5301135909090909 0.7955073181818182 0.512446026586621
1 0.8819424922813035 0.5711842024013721 0.8771830420240138 0.561959051457976 0.8664259562607204 0.5633628259005146 0.8627075094339622 0.5600189777015437 0.8560789528301886 0.5783884288164666 0.8501187435677531 0.6270299262435678 0.8580583962264151 0.6333785060034305 0.8657989228130359 0.6340094271012007 0.8723348018867925 0.6296009202401373 0.8759704545454545 0.6176391878216123 0.8819424922813035 0.5711842024013721
1 0.7868892675814751 0.6916236397941681 0.7844918010291595 0.6837312975986277 0.7596101260720411 0.685884269296741 0.7543833996569468 0.6835577692967411 0.7338530360205832 0.7127671003430532 0.7270963181818182 0.7385379622641509 0.7294937847341337 0.7464303044596912 0.7414200343053173 0.743506422813036 0.7601049459691253 0.7462647169811321 0.7673190574614065 0.742861730703259 0.7840954905660378 0.7037490171526587 0.7868892675814751 0.6916236397941681
1 0.7086184734133791 0.6807777641509434 0.705215487135506 0.6735636526586621 0.6587486740994855 0.6654051046312178 0.6417139751286449 0.6878676012006861 0.6324316295025729 0.7131475308747857 0.6316607195540308 0.7261029562607204 0.6434824639794169 0.7349535077186964 0.6795194794168096 0.7428320789022298 0.6867454185248713 0.7416156037735849 0.6940995180102916 0.732997718696398 0.7068538722126929 0.6965979322469983 0.7086184734133791 0.6807777641509434
1 0.6431670034305317 0.7388237710120069 0.6321753078902229 0.7279503516295026 0.6290759536878217 0.7146794656946827 0.6011304082332761 0.7101210874785592 0.5815227710120069 0.7233466054888508 0.5696221200686107 0.7620965480274442 0.5795964691252145 0.7714616878216123 0.6117277375643224 0.7724652632933104 0.6353811106346484 0.7608998413379073 0.6418696792452829 0.7477452890222984 0.6431670034305317 0.7388237710120069
1 0.5418599862778731 0.6981632418524871 0.5349258533447684 0.6911364305317325 0.5206139639794168 0.6883544811320754 0.515375409948542 0.6838414691252144 0.4685813087478559 0.6773666723842195 0.4473135746140652 0.6946379262435677 0.4434570831903945 0.7279620145797598 0.44802923327615785 0.7336560180102916 0.4739164288164665 0.7308248138936535 0.5169920831903945 0.7339557632933105 0.5208978293310462 0.7408307581475129 0.5252708524871356 0.740807102915952 0.5332558730703258 0.7244486912521441 0.533372205831904 0.714860769296741 0.5408899502572899 0.7054010085763294 0.5418599862778731 0.6981632418524871
1 0.5708465351629503 0.7086029236706689 0.5379207006861064 0.7161817495711835 0.5307539005145798 0.728330782161235 0.527153731560892 0.7468520497427101 0.5465996680960549 0.7659214442538593 0.5550184262435678 0.7675578850771869 0.5662664451114923 0.7636284837049743 0.5701130523156088 0.7595709210977701 0.5815227710120069 0.7233466054888508 0.5925716620926244 0.7136995454545455 0.5708465351629503 0.7086029236706689
3 0.6649886955403087 0.7928655222984562 0.6677943010291595 0.7829266569468267 0.6739910643224699 0.7780153910806175 0.6737682813036021 0.7679247084048028 0.6503830583190394 0.76687382161235 0.5885534699828473 0.7793185471698113 0.5577550085763293 0.775952987135506 0.5047148893653517 0.7341903730703259 0.4497129854202401 0.7339833061749571 0.4348865085763293 0.7293539605488851 0.42279661492281306 0.7331197186963979 0.3864796226415094 0.7356709451114923 0.37476432761578043 0.7464989974271011 0.33861097855917666 0.7482083481989709 0.3215526234991424 0.7662978216123498 0.3157541149228131 0.7826444056603773 0.3253321526586621 0.8120272650085764 0.3498175171526587 0.829892012006861 0.36305486363636363 0.8516861612349914 0.385832820754717 0.8648505977701544 0.40545423070325903 0.8852646277873071 0.424677385077187 0.8942433404802744 0.44277868696397943 0.9134882075471699 0.44850817324185244 0.9154755917667238 0.4693677684391081 0.9160355463121784 0.48613431818181824 0.906189358490566 0.5255151818181819 0.9103494828473414 0.5414398559176673 0.9003396509433963 0.5652923550600343 0.8944918876500857 0.5817316166380789 0.8863294511149228 0.6244090171526587 0.8780250831903945 0.6352942641509434 0.869219897941681 0.6550064073756432 0.8442199459691252 0.6719937958833619 0.8130114030874787 0.6649886955403087 0.7928655222984562
1 0.7205998096054889 0.8124120780445969 0.7160040042881647 0.802345051457976 0.7107891046312178 0.802205062607204 0.670883770154374 0.8254640686106346 0.639994575471698 0.8675124914236706 0.652610884219554 0.867780640651801 0.6965974373927959 0.8527412658662094 0.7104992435677531 0.8419013859348199 0.7169878121783877 0.828746833619211 0.7205998096054889 0.8124120780445969
3 0.9086832255574614 0.7572348662092624 0.9042983747855917 0.7550720102915952 0.8665322409948542 0.7695731423670669 0.8362720222984562 0.7724280017152659 0.8292333833619211 0.7771756234991424 0.8139396303602059 0.7794449288164665 0.7966111818181819 0.7786976749571184 0.7743024451114923 0.7900876252144082 0.7614870085763293 0.7841018173241852 0.7285611749571184 0.7916806432246999 0.720037910806175 0.8018186355060034 0.7188233799313893 0.8260457349914236 0.7081609159519726 0.8449416012006861 0.694586397084048 0.8540977298456262 0.6445430703259005 0.8688334716981132 0.6349906312178388 0.8752766732418524 0.6394346209262436 0.8883720866209261 0.6342670325900515 0.8969781440823328 0.6030722607204118 0.9136303044596912 0.615899524871355 0.9218026243567753 0.6307023456260721 0.9220589468267583 0.6356136123499142 0.9282557101200687 0.6645173662092625 0.9233898104631217 0.6705977967409948 0.9280664665523157 0.6906391715265866 0.9328358001715266 0.6968477624356776 0.9301110454545455 0.6919483241852487 0.926100794168096 0.6813548825042881 0.926662692109777 0.677975551457976 0.9238216046312179 0.6806411680960549 0.9190976380789023 0.7219029656946827 0.8978496715265866 0.7291407324185248 0.8988197084048027 0.7239967993138936 0.9117987890222985 0.7280543619210977 0.915645397084048 0.7369640523156089 0.9147562101200687 0.7404597169811321 0.9080093765008577 0.75824361406518 0.8996714682675815 0.7757593619210978 0.9039498696397943 0.7758875222984563 0.8965484596912522 0.7812305823327615 0.889287037735849 0.78611819296741 0.8911107778730704 0.7904675608919383 0.8867140994854203 0.793695075471698 0.8925835746140651 0.8086615403087478 0.8919980205831904 0.836804269296741 0.8708210205831903 0.855698192109777 0.8500304476843911 0.8810688559176673 0.8138988113207548 0.9082041209262436 0.7619470051457976 0.9086832255574614 0.7572348662092624
1 0.9214020960548884 0.7142755454545454 0.9188646415094339 0.7115981012006861 0.9081075557461405 0.7130018756432247 0.9055346174957118 0.703764897084048 0.8899017478559177 0.7055314425385936 0.8785610523156089 0.7234217898799314 0.8627783104631218 0.7596697598627787 0.862813794168096 0.766229294168096 0.8677014048027444 0.7680530351629503 0.9032810265866208 0.753563730703259 0.9108105986277872 0.7462904811320755 0.9189356072041167 0.7247171706689537 0.9214020960548884 0.7142755454545454
2 0.5216099305317324 0.3438793499142367 0.5138339210977702 0.33668889451114925 0.4816789965694682 0.331312295025729 0.46504060806174957 0.3337570720411664 0.4665961981132075 0.3414857710120069 0.47300391680960546 0.3444786749571183 0.5134376106346484 0.3567066140651801 0.5199853173241852 0.35448461921097774 0.5216099305317324 0.3438793499142367
2 0.5551726818181819 0.23638739708404802 0.5417263241852487 0.238142114922813 0.5041928567753001 0.23346740308747854 0.48488885162950257 0.24063614665523156 0.5428264656946826 0.25495597512864493 0.5564837778730704 0.2611054279588336 0.5593012109777016 0.2533530737564323 0.5577337924528302 0.24343786363636363 0.5649479030874786 0.24003487735849058 0.5551726818181819 0.23638739708404802
2 0.45964440566037734 0.23791333619210978 0.4431341775300171 0.23295670240137223 0.42950052058319044 0.23118027358490564 0.4105238044596912 0.23666526586620928 0.41205573927958833 0.24002094082332762 0.4278877358490566 0.24397205403087477 0.44032857289879934 0.24289556861063463 0.45499140480274447 0.24836678902229847 0.46001900428816467 0.24497563036020584 0.45964440566037734 0.23791333619210978
2 0.42765668267581475 0.6676643610634648 0.4109591552315609 0.6591765806174956 0.3665152101200686 0.6518480797598627 0.36907631989708406 0.6588985471698113 0.37868789794168095 0.6633879030874786 0.42683846226415095 0.6718737401372212 0.42765668267581475 0.6676643610634648
2 0.4258092873070326 0.668178948542024 0.4022131089193825 0.6592238910806175 0.37665320240137223 0.6603713439108061 0.36234131389365354 0.6575893945111493 0.3475621483704974 0.6617060951972555 0.3453992924528302 0.6660909459691252 0.3558882289879931 0.6773034811320755 0.3671835574614065 0.6821201260720412 0.391247012006861 0.6841765325900514 0.40569888936535164 0.6817435831903945 0.42253640566037737 0.6850164648370497 0.42770399399656944 0.6764104073756432 0.4258092873070326 0.668178948542024
1 0.24684490308747858 0.32585468096054887 0.23120020583190393 0.3254347144082333 0.21463278387650087 0.34099856089193825 0.21100895797598626 0.35514680617495714 0.21574475300171525 0.3599989331046312 0.23190403687821612 0.362266295025729 0.23876720411663807 0.35617403687821614 0.24640128130360206 0.3371263542024014 0.24684490308747858 0.32585468096054887
1 0.25708334819897083 0.44622914837049743 0.25099109090909094 0.4393659811320755 0.23971941680960548 0.4389223602058319 0.22847139879931389 0.44285176157804457 0.2234556269296741 0.4484294313893653 0.21856996054888508 0.4780587289879931 0.2420143216123499 0.4900421732418525 0.24940390480274444 0.4879838233276158 0.25708334819897083 0.44622914837049743
1 0.22923048113207545 0.42770982504288163 0.22699665866209265 0.4189756063464837 0.20746987135506004 0.41605366809605493 0.19929755060034304 0.4288809331046312 0.19473917238421956 0.4568264785591767 0.19795485934819898 0.4605094416809606 0.21883810977701543 0.4654424193825043 0.22678764751286448 0.442524473413379 0.22923048113207545 0.42770982504288163
1 0.1767324922813036 0.4550737041166381 0.1612396114922813 0.4516253507718696 0.15297461406518012 0.4784135600343053 0.15691584305317324 0.49184809005145796 0.16449272555746142 0.4933208867924529 0.17070131646655232 0.49059613207547165 0.17447695797598628 0.47341949999999994 0.1767324922813036 0.4550737041166381
1 0.16787610891938248 0.3725363361921098 0.1586273027444254 0.3729227632933105 0.14878305917667237 0.38760925042881644 0.1485149090909091 0.4002255600343053 0.1616458061749571 0.40234110548885077 0.16860165180102918 0.38228790222984566 0.16787610891938248 0.3725363361921098
1 0.22615267409948545 0.5738906380789022 0.2187039528301887 0.5650164305317324 0.2055848833619211 0.565087397084048 0.19771619639794166 0.5718578859348199 0.1976708293310463 0.5945648773584906 0.2049559065180103 0.604280960548885 0.21592394682675817 0.6107813567753002 0.22600280102915954 0.6083720626072041 0.22615267409948545 0.5738906380789022
1 0.6335933481989708 0.21275184819897083 0.6266355591766724 0.2013520137221269 0.6096107435677529 0.19454798542024013 0.5833489502572899 0.19031689451114925 0.573281923670669 0.1949126998284734 0.5725110137221269 0.20786812521440823 0.5818071312178388 0.21622774442538595 0.6160204056603774 0.22899392710120067 0.6288121869639794 0.2306067118353345 0.6328342667238422 0.22789378559176673 0.6335933481989708 0.21275184819897083
1 0.9450478584905662 0.39036626072041164 0.9379264253859348 0.37980830188679243 0.9330388147512865 0.3779845617495712 0.9374256097770154 0.4116004554030875 0.9462781054888508 0.4312317487135506 0.9493183198970839 0.43357007632933103 0.9523348799313893 0.4315353807890223 0.9450478584905662 0.39036626072041164