3 0.6087151935749587 0.9151740477759472 0.6660227973640857 0.8963034851729819 0.723577518121911 0.8691582965403624 0.7570525222405272 0.8342009761120264 0.7856920551894563 0.795040244645799 0.8151705807248765 0.7442605593080726 0.8366043196046129 0.6965206243822076 0.8491715551894563 0.651877899505766 0.8502174802306426 0.6196011095551894 0.8556247372322899 0.6142685889621088 0.8625777833607908 0.5956162215815486 0.8614402281713344 0.5321141968698517 0.8655086276771006 0.519443686985173 0.8669165897858321 0.4805357026359144 0.8621385782537068 0.47715400741350905 0.8585097668863262 0.4902066466227347 0.8596416911037892 0.5182024736408567 0.8530563121911038 0.5657298451400329 0.8413051622734761 0.5748089118616145 0.7937890535420099 0.6392359283360791 0.7535506589785832 0.6837492718286655 0.7233424291598023 0.7122851466227348 0.6584726268533773 0.7647138962108732 0.6527780700164745 0.7659378336079077 0.65488118369028 0.7723966466227348 0.6600786919275123 0.7699688649093904 0.6595069069192752 0.7795047965403624 0.625109726523888 0.7835615510708402 0.5596825996705107 0.8162116408566722 0.5235097891268534 0.8303013756177924 0.44248732207578256 0.8524817116968699 0.3623613072487644 0.8638648113673805 0.3103633163097199 0.8641979266886327 0.26295086573311366 0.8592559810543657 0.24334458484349258 0.8622784555189457 0.24676646375617792 0.8698836540362438 0.26672031960461284 0.8895445782537068 0.29586534761120264 0.9048469876441516 0.3447315757825371 0.9187703566721581 0.3924313270181219 0.9278208846787479 0.4663110914332784 0.9333892594728171 0.5493044761120264 0.9275857965403623 0.6087151935749587 0.9151740477759472
2 0.6073493294892917 0.3760648138385502 0.5925009695222405 0.3762773780889621 0.5771929291598024 0.3699162084019769 0.5548341985172982 0.36900247940691927 0.5425659085667216 0.3706860963756178 0.5298781219110379 0.3781791902800659 0.48491354448105434 0.3846263583196046 0.47241541433278417 0.3830231087314662 0.4721108377265239 0.3904760189456343 0.4871143014827018 0.40429009884678746 0.5129322792421747 0.40743913756177924 0.5367620626029654 0.40577279736408567 0.5767790634266886 0.4112318822075782 0.5913975840197694 0.4077324522240527 0.6127019415156507 0.38766367545304775 0.6113056252059308 0.3795039686985173 0.6073493294892917 0.3760648138385502
2 0.6140580749588138 0.38344017215815485 0.6123599975288303 0.4004864744645799 0.6201576672158154 0.40572135090609557 0.6636339151565074 0.41341574629324546 0.6824932149917629 0.39971095551894564 0.6855301499176277 0.39000264332784185 0.6583532240527182 0.37332400906095553 0.6319433698517298 0.3735192965403624 0.6282370065897858 0.3795586136738056 0.6140580749588138 0.38344017215815485
2 0.6229675774299835 0.41047927100494236 0.6165662240527183 0.41340410131795713 0.6282253616144975 0.4266263047775948 0.6766319093904448 0.4339759398682043 0.686377589785832 0.43164298599670514 0.7004588780889621 0.4145565 0.6953935658978584 0.40706622158154865 0.6836596919275123 0.4045837957166392 0.6635764555189456 0.41259402965403624 0.6229675774299835 0.41047927100494236
2 0.6493597726523888 0.5399255626029654 0.621708705107084 0.5459877866556837 0.6199129835255354 0.5498291622734761 0.6229901021416804 0.5525040601317956 0.6423291746293245 0.551564607907743 0.6135317224052718 0.558945597199341 0.6122905090609555 0.5648125345963756 0.6419297701812191 0.563565690280066 0.6614038533772653 0.5704612759472817 0.6904685140032949 0.5609972652388798 0.6993723855024712 0.5525301663920923 0.7020271919275124 0.543261442339374 0.6875782364085667 0.531472924217463 0.6717357792421746 0.5292777981878088 0.6493597726523888 0.5399255626029654
2 0.7258714365733114 0.5122805098846788 0.7116149530477759 0.5091487462932455 0.7025760691927513 0.5097808072487644 0.6972262726523888 0.5159350436573311 0.6795507257001647 0.5229511812191104 0.664053028830313 0.5256863550247116 0.6676846556836903 0.5303868154859966 0.6824755560131796 0.5293525345963755 0.7005935065897859 0.5404716243822076 0.716493424217463 0.5434884670510708 0.7229522372322899 0.5413853533772652 0.737912701812191 0.5250631243822076 0.7375679415156507 0.5201328245469522 0.7258714365733114 0.5122805098846788
2 0.37227001976935753 0.2025841853377265 0.35765149917627675 0.20608361532125205 0.3555311095551894 0.2111862957166392 0.3605015930807249 0.22322474546952226 0.41203990444810545 0.2163178970345964 0.4458624843492587 0.20404397611202635 0.45717404612850077 0.1945827808896211 0.4505227602965403 0.18802913920922568 0.3903650626029654 0.1897585708401977 0.38149855930807247 0.19285578088962108 0.37227001976935753 0.2025841853377265
2 0.20314304036243824 0.1751882981878089 0.20297347611202635 0.1904762471169687 0.20878295304777594 0.19089574382207578 0.22464268616144978 0.18152937644151565 0.25120201235584844 0.1598545345963756 0.25517558401976936 0.1517321960461285 0.24099665238879736 0.155613755354201 0.23407815815485997 0.15114313509060956 0.2141673014827018 0.16161851976935748 0.20314304036243824 0.1751882981878089
2 0.2712105131795717 0.16258407742998351 0.30526011779242174 0.13584392421746294 0.2835708154859967 0.1385991902800659 0.2638897990115321 0.15236144069192753 0.25953409967051067 0.16092336820428338 0.26134991268533775 0.16327359802306424 0.2712105131795717 0.16258407742998351
2 0.32981115897858315 0.10316209802306425 0.28805871169686986 0.12011920263591434 0.2867600387149918 0.1251644233937397 0.333615165568369 0.1103277075782537 0.34427739044481054 0.10338912273476111 0.32981115897858315 0.10316209802306425
2 0.35996755930807245 0.10931070345963756 0.3745860799011532 0.10581127347611202 0.3873887866556837 0.09996161285008237 0.3891845082372323 0.09612023723228995 0.36174318945634265 0.09927772322899506 0.35457757907743 0.10308173064250412 0.3532214464579901 0.10730523393739703 0.35996755930807245 0.10931070345963756
2 0.37531296787479407 0.11030198517298188 0.3647829398682043 0.10732250988467874 0.35662323311367383 0.10871882701812191 0.3348391029654036 0.11602226441515652 0.3278458731466227 0.12229142174629323 0.3483313294892916 0.1200332042833608 0.37531296787479407 0.11030198517298188
2 0.23409261943986823 0.12182854283360792 0.21937927100494234 0.1298761449752883 0.22677472075782537 0.12935900494233937 0.23409261943986823 0.12182854283360792
2 0.2541557644151565 0.10762670345963755 0.236652597199341 0.11710799093904449 0.23447474794069195 0.1213889546952224 0.24827155107084017 0.11794698434925864 0.2732649958813838 0.10340038467874793 0.2541557644151565 0.10762670345963755
2 0.4601422586490939 0.11304035749588139 0.4738241416803953 0.10795495304777594 0.47638412026359145 0.10323440115321252 0.46514729489291595 0.10195582042833608 0.42369942421746287 0.11146001482701812 0.43883508484349265 0.11535603459637561 0.4601422586490939 0.11304035749588139
2 0.43170965815485995 0.13154325205930809 0.45924580560131795 0.12383759390444811 0.4635066771004942 0.11982383855024711 0.44223687149917623 0.1167696276771005 0.42585999752883036 0.11874054530477761 0.39362339126853374 0.1300778294892916 0.3914455411861614 0.1343587932454695 0.43170965815485995 0.13154325205930809
2 0.3800335197693575 0.11286196293245469 0.4259921943986821 0.10882248517298189 0.4451962545304778 0.1000479942339374 0.4469919761120264 0.09620661861614498 0.4339393369028007 0.09257780724876442 0.3771661499176277 0.10728232619439869 0.37493084019769357 0.11074157331136737 0.3800335197693575 0.11286196293245469
2 0.3995305115321252 0.1437022528830313 0.37029347116968697 0.15070111449752882 0.3388785807248764 0.16198093904448105 0.3354968863261944 0.16675895057660628 0.33704549093904446 0.17119220263591434 0.32724235090609555 0.17270343904448107 0.3250070411861614 0.17616268616144976 0.331695694398682 0.17734643904448105 0.3559449744645799 0.16987062191103788 0.36433452141680395 0.1717611713344316 0.38059647528830315 0.16814682042833606 0.4007946317957166 0.1617800197693575 0.42091523723228996 0.1483998978583196 0.41690148187808895 0.1441390255354201 0.3995305115321252 0.1437022528830313
2 0.32842610378912684 0.16601478583196047 0.3840902742998353 0.14725914332784185 0.3873570494233938 0.1408376985172982 0.3825215774299835 0.1366342866556837 0.3467682635914333 0.14491454448105437 0.3226339036243822 0.15403379571663922 0.3142845403624382 0.16452645634266885 0.32842610378912684 0.16601478583196047
2 0.3777636573311367 0.13944419686985174 0.38238938138385503 0.14655234678747942 0.3996253393739704 0.13915408154859968 0.39121570098846786 0.13107192668863263 0.3777636573311367 0.13944419686985174
2 0.5893466820428336 0.24850907248764417 0.5672177915980231 0.2508822100494234 0.5406182817133444 0.26017384102141683 0.5450141647446458 0.26399512438220757 0.5875537759472818 0.27010354612850085 0.6020400996705106 0.2765221754530478 0.6251056268533773 0.2757350115321252 0.6277805247116969 0.27265789291598025 0.6266715082372323 0.2686067693574959 0.608820766062603 0.25540465815485996 0.5893466820428336 0.24850907248764417
2 0.6435884291598023 0.2979760065897858 0.639287373970346 0.2896065510708402 0.612188 0.2799412388797364 0.5496800724876442 0.28348648434925866 0.5363027652388798 0.2811189777594728 0.5317172257001648 0.28639403789126855 0.5326739538714992 0.29417161696869853 0.5417903896210873 0.3005528780889621 0.5933114233937398 0.3052075230642504 0.6144864011532125 0.31280990609555187 0.6242895411861615 0.31129866886326196 0.631932107907743 0.30250690197693575 0.6417352479406919 0.3009956647446458 0.6435884291598023 0.2979760065897858
2 0.7553101614497529 0.331037528830313 0.7610621779242175 0.33063530807248764 0.7643864126853377 0.32503557990115317 0.7619011705107084 0.3190163550247117 0.7491732001647446 0.31412623805601314 0.733675503294893 0.3168614118616145 0.7307333970345964 0.32202155271828664 0.7553101614497529 0.331037528830313
2 0.7787461713344316 0.37687846705107086 0.7784014110378913 0.3719481672158155 0.7676415428336079 0.36568182537067545 0.7520289258649094 0.3667735658978583 0.7514370485996705 0.37011789291598024 0.7686758228995058 0.38047272570016477 0.7787461713344316 0.37687846705107086
2 0.7588666688632619 0.4645578509060956 0.7718216639209226 0.45498173558484356 0.7684572454695222 0.4481982537067545 0.7538560016474465 0.4401361902800659 0.7194588204283361 0.4441929448105436 0.7135344242174629 0.4421300156507414 0.7139193682042834 0.4594435255354201 0.7588666688632619 0.4645578509060956
2 0.7135227784184514 0.4891977059308073 0.7350023327841845 0.48934717874794065 0.7476728426688632 0.4934155782537068 0.7611823459637562 0.4858650247116969 0.7635699439868204 0.4786793228995058 0.7536317924217463 0.472355521416804 0.737904255354201 0.4718038286655684 0.7135400551894563 0.4776362125205931 0.7135227784184514 0.4891977059308073
2 0.760653560955519 0.5255372652388798 0.7794955848434926 0.5233939678747941 0.790425018121911 0.5143723607907743 0.7928700757825371 0.5080083756177924 0.7798748970345964 0.505201280889621 0.7604984571663921 0.5115106219110379 0.7574988904448106 0.5158490453047776 0.760653560955519 0.5255372652388798
2 0.7317640963756178 0.5552195255354201 0.7271986482701812 0.566686190280066 0.7323587883031302 0.5696282973640857 0.742696345140033 0.5639510164744646 0.7507785 0.5555413780889621 0.7501464398682043 0.5465024942339374 0.7385648542009885 0.5402936128500824 0.7296983509060956 0.543390823723229 0.7277877092257001 0.5455887652388797 0.7317640963756178 0.5552195255354201
2 0.21726861202635914 0.6783115626029654 0.21503330230642506 0.6817708097199341 0.22887310461285007 0.7084651474464579 0.24572975041186162 0.7192595691927512 0.25729124382207574 0.719276845140033 0.25214556425041185 0.6870201466227348 0.24763476112026359 0.6815554299835255 0.23417990197693575 0.6721746021416803 0.22642241515650738 0.6793229357495881 0.21726861202635914 0.6783115626029654
2 0.7456159266886326 0.41676608731466225 0.7474892001647447 0.4199380337726524 0.7692560543657331 0.424196089785832 0.7766515041186162 0.423678949752883 0.7840268624382208 0.4169702042833608 0.7772606573311367 0.40877312932454696 0.7630041738056013 0.4056413665568369 0.7460354233937397 0.4109566103789127 0.7456159266886326 0.41676608731466225