1 0.8796998376511226 0.4684377815198619 0.8857067124352331 0.4584371027633852 0.8859886770293609 0.4418286286701209 0.8774278799654577 0.39332523143350606 0.8608748687392055 0.36861822538860106 0.8523441295336788 0.3606606744386874 0.8270777996545768 0.35461913557858377 0.817204237478411 0.34641428497409327 0.803896195164076 0.3447964300518135 0.8001011623488774 0.3488179654576857 0.7619797944732297 0.35679170725388604 0.7394707642487046 0.3734718359240069 0.73711793955095 0.38775521675302244 0.7213091571675302 0.41177810880829013 0.7151613005181348 0.43008302504317786 0.7174447970639033 0.44633094645941274 0.7151844248704664 0.4736820017271158 0.7187899455958549 0.4993366148531952 0.7250025250431779 0.5063118946459413 0.7690337081174439 0.5310812962003454 0.7916282582037997 0.5305219732297064 0.8011204697754749 0.5453207538860104 0.8110078972366149 0.5474193445595855 0.8261880284974094 0.5313332037996547 0.8278058834196891 0.5180251606217617 0.8334452728842833 0.5085121511226253 0.8329922677029361 0.4928790146804836 0.860525902417962 0.46851636873920555 0.8688370716753022 0.4656042210708117 0.8738339447322971 0.47013422366148533 0.8796998376511226 0.4684377815198619
1 0.8890025371329879 0.5129127107081174 0.8873338264248705 0.49483429706390325 0.8738062141623489 0.48234674438687397 0.867459585492228 0.48062257081174437 0.8507170621761658 0.48559171243523314 0.836357420552677 0.5168233203799655 0.81125752417962 0.5988348894645941 0.804762981001727 0.6084680829015544 0.7782208765112262 0.6802178065630398 0.7756276839378239 0.6927908791018998 0.7784196476683938 0.7002468955094991 0.7941729671848013 0.7006490440414508 0.8207035328151986 0.6877639490500863 0.8421239740932642 0.6664405673575129 0.8489860025906736 0.6563197037996547 0.8584620224525044 0.6244663773747842 0.8674157089810017 0.6075112176165802 0.8830395854922279 0.5573529749568221 0.8851936390328151 0.523040506044905 0.8890025371329879 0.5129127107081174
1 0.7614528082901554 0.2661731390328152 0.7498204093264248 0.27958056735751297 0.7512487521588946 0.2959486727115717 0.7599713298791019 0.32698844214162354 0.77371851208981 0.35034569343696026 0.794115085492228 0.3496592530224525 0.8082921476683937 0.3450506632124352 0.8191549127806562 0.3478842245250432 0.8343997659758203 0.35707827892918825 0.855029774611399 0.3611552763385147 0.8756251200345423 0.38049792487046635 0.8793924214162349 0.3886889110535406 0.8854986822107082 0.3887027763385147 0.8911380716753022 0.3791897668393782 0.8888684404145077 0.3568355846286701 0.8755095423143351 0.3238312737478411 0.8627238324697755 0.3073152530224525 0.8416200198618308 0.29676450949913646 0.8157805008635578 0.27423468134715023 0.7867330043177894 0.26610841709844557 0.7614528082901554 0.2661731390328152
1 0.7138808264248705 0.24102931951640758 0.7372820008635579 0.26172172366148533 0.7513111476683938 0.2684705008635579 0.7661029948186528 0.2620314196891192 0.8101688428324698 0.2715351701208981 0.8267565181347151 0.2809765259067357 0.8424751735751295 0.29664432556131265 0.8643139559585492 0.30621973056994817 0.8559380647668394 0.28385168307426595 0.8461985518134715 0.270395725388601 0.7878192668393782 0.21799330397236616 0.7495129930915372 0.1998316968911917 0.7066628514680483 0.1927732236614853 0.6971290431778929 0.19629322366148533 0.6974757297063903 0.20496494559585493 0.7138808264248705 0.24102931951640758
1 0.6517018549222798 0.08713169775474956 0.71943697582038 0.10682563989637306 0.7177405336787565 0.1009597469775475 0.7017676442141624 0.08968789982728842 0.6458914248704664 0.06440309844559586 0.6098825138169258 0.056383152849740936 0.5799590647668393 0.05753646373056995 0.6008086433506045 0.07248315889464593 0.6312058955094991 0.07780359412780657 0.6517018549222798 0.08713169775474956
1 0.5624399749568221 0.08179972452504318 0.5613721839378238 0.06799707944732297 0.5496750630397237 0.05612431260794474 0.4886263246977548 0.049879396373056994 0.4792196329879102 0.051201420552677034 0.47664723920552676 0.054615102763385145 0.47441459844559586 0.06975363730569947 0.48184981606217614 0.07612106390328152 0.5624399749568221 0.08179972452504318
1 0.6276235 0.09574795768566495 0.6172414706390328 0.09633501208981002 0.6147753946459412 0.10671010880829015 0.6186351493955095 0.12796876856649397 0.6361496329879103 0.15951700518134715 0.6507866329879102 0.16748842141623488 0.7132706468048359 0.18704831347150258 0.7154755561312608 0.18412229965457685 0.7067529784110536 0.15308253022452503 0.6949564715025907 0.13119521934369602 0.6820367124352331 0.119930304835924 0.6798595345423143 0.11064379706390329 0.6753503298791019 0.10648127979274612 0.6615476856649396 0.10754906994818653 0.6276235 0.09574795768566495
1 0.6972517400690846 0.8952196753022452 0.6914852331606218 0.9069306623488774 0.6995421692573403 0.9084144671848013 0.74256102417962 0.8949561830742659 0.7775298765112263 0.8769609628670121 0.804575841968912 0.8522308316062176 0.81229302417962 0.8419897849740933 0.8115719196891192 0.8368588618307427 0.7894650388601037 0.8377856701208981 0.7529060630397236 0.8568764119170984 0.6972517400690846 0.8952196753022452
1 0.471373286701209 0.9788514723661486 0.4750481355785837 0.9739747832469775 0.4645736528497409 0.9614941632124353 0.4460353022452504 0.9505828678756477 0.35750839119170985 0.9442755561312608 0.368463609671848 0.960176791882556 0.3927338031088083 0.9746427512953368 0.43729425215889467 0.9814608566493955 0.471373286701209 0.9788514723661486
1 0.04641723056994819 0.6915014257340242 0.08413184369602762 0.7550925008635578 0.10141982469775475 0.7788241692573402 0.12300437305699483 0.7927955276338515 0.13789560621761657 0.7963709905008635 0.13583861226252159 0.7879396373056994 0.08301319689119172 0.7099034006908462 0.06758343868739206 0.6745739965457686 0.050295457685664936 0.6508423272884284 0.03504367184801382 0.6447014032815198 0.032471278065630396 0.6481150854922281 0.0340336701208981 0.6592320846286701 0.04641723056994819 0.6915014257340242
1 0.07342625215889464 0.7906068100172712 0.10743595854922279 0.8185287279792746 0.1334095267702936 0.8358074499136443 0.1390281183074266 0.8354538307426598 0.13051817789291884 0.818336889464594 0.10772485578583765 0.7988671234887738 0.09336288860103627 0.7773403644214162 0.05923993091537133 0.7455101623488773 0.04008679447322971 0.7364293592400691 0.041401886010362696 0.7488891813471502 0.05186250259067358 0.7674760613126079 0.07342625215889464 0.7906068100172712
1 0.052560481865284975 0.7290080077720208 0.015557714162348878 0.6208426174438687 0.01143013385146805 0.6162930371329879 0.02239280224525043 0.6942964749568221 0.03414924784110535 0.7158987357512953 0.052560481865284975 0.7290080077720208
1 0 0.5349634041450777 0.007793704663212435 0.5904184939550949 0.016475263385146804 0.5932442616580311 0.02560692227979275 0.6054775811744387 0.03183336701208981 0.6063466001727116 0.03612300172711572 0.5996394196891192 0.03800895595854922 0.575829164075993 0.03163920207253886 0.5305060138169257 0.028606870466321245 0.5213396899827288 0.01532655872193437 0.5075093143350604 0.004831278065630397 0.5041880854922279 0 0.5086455043177893 0 0.5349634041450777
1 0 0.47953343609671845 0.00012330310880829016 0.47999647841105353 0.004999992227979274 0.4836713272884284 0.019098467184801383 0.4598888031088083 0.022426628670120897 0.4463403920552677 0.02530178670120898 0.41715884542314335 0.01697442487046632 0.37341888601036266 0.0016671770293609672 0.3917030034542314 0 0.39688912262521586 0 0.47953343609671845
1 0.04492407340241796 0.32719665889464594 0.036076705526770295 0.35111323316062176 0.02730792400690846 0.3942037426597582 0.02653135751295337 0.41349786183074266 0.029330254749568224 0.4179007478411053 0.03226320034542314 0.4170525267702936 0.04694179706390328 0.40670516148531954 0.05735849050086356 0.3908524559585492 0.06353407858376511 0.36033501899827286 0.09070483506044905 0.2806485440414508 0.09159465284974093 0.26526270898100174 0.08805385319516408 0.26488829101899825 0.06480292055267703 0.28559688773747843 0.04492407340241796 0.32719665889464594
1 0.5721910259067358 0.03639105440414508 0.5332422357512954 0.03227246027633852 0.5279841960276339 0.03519154058721934 0.5607920621761657 0.05456192055267703 0.5936415250431779 0.05561351899827288 0.6001222029360967 0.05208658549222798 0.5721910259067358 0.03639105440414508
1 0.7822563238341969 0.839234811744387 0.79912596373057 0.8320676934369603 0.8256842607944732 0.8069700768566495 0.8667639792746114 0.7331772253886011 0.8669188272884284 0.7187667279792745 0.8402472789291883 0.73995606044905 0.8174701502590674 0.7671384015544042 0.7834997607944733 0.8294675682210708 0.7822563238341969 0.839234811744387
1 0.6189517780656304 0.09609464421416235 0.6223723929188255 0.09561390759930916 0.6666716761658031 0.10988109585492228 0.6691308186528497 0.10255912953367875 0.6535323462867012 0.08774648359240068 0.6296157720207254 0.07889911571675302 0.6080104257340241 0.07408714853195164 0.6008017107081175 0.07553628929188255 0.6006399291882556 0.0929999170984456 0.6133123877374784 0.10560765371329879 0.6189517780656304 0.09609464421416235