1 0.7291520823817292 0.40053048205546493 0.726541660685155 0.40812785154975534 0.736113513050571 0.503496647634584 0.7433401492659054 0.5065488923327895 0.777995735725938 0.5002418156606852 0.7994119127243068 0.47830812234910275 0.7934809110929854 0.4198751182707993 0.7646913148450245 0.39496487275693315 0.7608417993474714 0.39775799102773246 0.7291520823817292 0.40053048205546493
1 0.7788733042414356 0.5898210522022839 0.7755007879282219 0.6261422691680262 0.7679385946166395 0.6566892128874388 0.7777603662316477 0.6566486957585644 0.786343044045677 0.6518039274061991 0.807688132137031 0.6290576761827079 0.8162509192495921 0.5865509339314845 0.8153978450244699 0.5768002520391518 0.8078868515497554 0.5704977797716151 0.7910364257748776 0.5744283303425776 0.7788733042414356 0.5898210522022839
1 0.7025410293637846 0.3864831199021207 0.72007711908646 0.3763517593800979 0.715395155791191 0.34155399347471455 0.7066909265905383 0.31693344698205544 0.6981541068515497 0.3082643939641109 0.66079711908646 0.2836943099510603 0.6149690595432301 0.274603323817292 0.603593264274062 0.2755985766721044 0.6001855717781402 0.2787624282218597 0.6009828425774878 0.2831959461663948 0.6181979233278956 0.3676613417618271 0.6437426329526917 0.3695203507340946 0.6519240048939641 0.3741266199021207 0.6589068001631322 0.38375040946166394 0.6639243205546493 0.3849489861337683 0.6824709494290375 0.3816888132137031 0.6910230546492658 0.3858532593800979 0.7025410293637846 0.3864831199021207
1 0.5775310375203915 0.23038969657422512 0.5817512871125612 0.22715475530179446 0.5834581721044045 0.1811539445350734 0.581122163132137 0.17317055546492657 0.5727275228384991 0.1661266158238173 0.562692482055465 0.16372946247960848 0.5291544380097879 0.14537547553017946 0.4936052601957585 0.1321100978792822 0.4585231362153344 0.13354183360522023 0.4522917536704731 0.14186538417618272 0.453139486949429 0.17495166068515497 0.4619048605220228 0.18155377650897228 0.4743064820554649 0.1829251044045677 0.49337596818923324 0.1996792096247961 0.4997747618270799 0.20730715089722676 0.49886054323001633 0.21557489885807504 0.5054878907014682 0.22113590375203915 0.5514581288743883 0.23185200407830345 0.5775310375203915 0.23038969657422512
1 0.7824314649265905 0.30293802120717783 0.7670387430668841 0.2907748996737357 0.746897572593801 0.28516803670473084 0.7372179804241435 0.28683366721044046 0.7363037618270799 0.29510141517128874 0.757658057096248 0.3566883254486134 0.772024953507341 0.36648486623164767 0.7840000383360521 0.362980852365416 0.7867931557911909 0.3668303686786297 0.7889617544861338 0.3588622650897227 0.798001541598695 0.34988362234910275 0.7948835481239804 0.33296210766721046 0.7824314649265905 0.30293802120717783
1 0.6772423711256117 0.18154604241435562 0.6630023678629691 0.17787922349102772 0.6594524959216965 0.17941796084828712 0.6602497667210441 0.18385147879282218 0.6736007830342577 0.21011242495921695 0.6851439893964111 0.2250686647634584 0.7281177854812398 0.24832856525285482 0.7370559110929853 0.2475465807504078 0.7412050709624796 0.2434990823817292 0.7380870774877651 0.22657756769983683 0.7221256394779773 0.20791399102773248 0.6772423711256117 0.18154604241435562
1 0.8016118205546492 0.39582862887438824 0.8116919828711257 0.45021413458401305 0.831106971451876 0.45220003670473086 0.8399487756933117 0.436279116639478 0.8334284306688418 0.39918585889070146 0.8211437577487766 0.38511326590538336 0.8051364608482872 0.37996351223491026 0.8000325652528548 0.3824569861337684 0.8016118205546492 0.39582862887438824
1 0.36214711419249596 0.7445930554649266 0.3090771329526917 0.7369544314845025 0.30169303181076673 0.7367816802610114 0.30137810195758563 0.7425406680261012 0.33459053425774876 0.8133248303425775 0.35974922430668843 0.8201302707993474 0.38780269412724305 0.8225885685154976 0.4262061345840131 0.8216850318107667 0.43826759461663944 0.8144889673735727 0.43089417536704727 0.767645028548124 0.4098441280587276 0.7469703189233279 0.36214711419249596 0.7445930554649266
1 0.22051838172920063 0.7635341753670473 0.18948909706362155 0.7457794763458402 0.16175055791190865 0.737562191680261 0.15864250897226753 0.7394716631321371 0.1881529453507341 0.7913384632952692 0.20354566721044046 0.8035015848287113 0.24690548368678628 0.8218150546492659 0.2668333849918434 0.8249842471451876 0.27444604078303425 0.8230900619902121 0.25771790456769983 0.7909837528548124 0.22606410032626426 0.7614114347471451 0.22051838172920063 0.7635341753670473
1 0.6371467773246329 0.7246275848287113 0.6107589380097879 0.7318488792822185 0.5596488915171289 0.755971061990212 0.5528281655791191 0.7856343597063622 0.5530360929853181 0.8114076247960849 0.5613749298531812 0.8131343996737358 0.5912262650897226 0.8080664176182708 0.6283500938009788 0.7925368572593801 0.6469983841761827 0.7810800269168026 0.6573231231647635 0.7633918132137031 0.6628894698205546 0.7334288719412725 0.6501476867862969 0.7234901525285481 0.6371467773246329 0.7246275848287113
1 0.671852826264274 0.746973266721044 0.6664745171288744 0.7650474991843392 0.6540828409461664 0.782507158238173 0.6506445766721044 0.7946802251223491 0.6818366672104405 0.7862198360522024 0.7006271362153345 0.7763881190864601 0.7112209477977162 0.766454740619902 0.7268376199021207 0.7343843450244698 0.7268681924959217 0.7253751296900489 0.723049248776509 0.7191590334420881 0.6994698140293638 0.7257252365415987 0.671852826264274 0.746973266721044
2 0.3437478230016313 0.2909631199021207 0.34732826672104405 0.28041516639477976 0.34342294779771615 0.27789112071778144 0.335368469004894 0.279414572593801 0.31833534747145187 0.2718982373572594 0.31102233605220225 0.2725380432300163 0.29385698042414354 0.2822275807504078 0.2745688841761827 0.28637139967373576 0.2580739061990212 0.29436473409461666 0.24829265171288745 0.3042270236541599 0.2380137707993475 0.30840141435562807 0.23519008075040782 0.31356111337683523 0.24656587683523654 0.31256586052202284 0.25982057177814033 0.32368787030995105 0.2862084110929853 0.316466575040783 0.2963451133768353 0.31066707096247964 0.30503939722675366 0.3164566305057096 0.3098436492659054 0.31521753670473085 0.33272747471451875 0.2960211574225122 0.3437478230016313 0.2909631199021207
2 0.6049609070146819 0.5907078287112562 0.6096382659053834 0.583339013050571 0.5923360725938009 0.5680678433931485 0.5727231011419249 0.559139663132137 0.5653389999999999 0.558966911908646 0.5571117699836868 0.5678744649265905 0.5432983034257749 0.569082986949429 0.4879328303425775 0.5632827455138663 0.4885015464926591 0.5697831998368679 0.5032544632952691 0.5746333099510604 0.503096997553018 0.5775128034257749 0.488597867862969 0.5849221362153344 0.4931582781402936 0.5902545864600326 0.4930566166394779 0.5984512446982055 0.5067684216965742 0.60543938091354 0.5018777944535073 0.6103705252854812 0.48834868597063624 0.6148292740619903 0.4838998817292007 0.6201311525285481 0.4995517308319739 0.6212181223491028 0.5538814323001631 0.6058207960848287 0.5618495358890702 0.6079893947797717 0.561092782218597 0.6133776484502447 0.5717271109298532 0.6132660415986949 0.5886791982055465 0.6011388336052202 0.5943976680261012 0.5916319918433931 0.6049609070146819 0.5907078287112562
2 0.5953516672104405 0.6586881908646004 0.566841088091354 0.6603637667210441 0.5494624641109299 0.6676156345840131 0.508834621533442 0.6711701101141925 0.4971438947797716 0.6779243507340946 0.49541711990212073 0.6862631876019576 0.49895170554649265 0.6892290570962479 0.5083469396411093 0.6843131982055465 0.5278483042414356 0.6826070497553018 0.5625138360522023 0.6951309600326264 0.6075499649265905 0.6764528344208809 0.6155486402936379 0.6696122185970635 0.615934660685155 0.6646657879282218 0.5953516672104405 0.6586881908646004
2 0.6343031965742251 0.692125310766721 0.6238110473083197 0.693862030995106 0.614517473898858 0.6905812316476346 0.595899756117455 0.6930288474714519 0.57385905954323 0.7031449216965742 0.5441499037520392 0.709838017944535 0.5167767569331159 0.7245145040783034 0.520311341761827 0.7274803735725938 0.5293205570962479 0.727510945350734 0.5502337667210441 0.7232249477977161 0.5675107292006525 0.7241697381729201 0.6109622618270799 0.7154555636215334 0.6362531859706363 0.7050551305057097 0.6399047194127243 0.6953197349102773 0.6343031965742251 0.692125310766721
1 0.8199459176182708 0.3246286117455139 0.8307576019575856 0.3592994836867863 0.8364302137030994 0.3633064649265905 0.8438143148450246 0.36347921615008155 0.8466532911908645 0.35381490946166394 0.8412703784665579 0.3297225619902121 0.8259487463295269 0.3183719975530179 0.8194482911908646 0.3189407137030995 0.8199459176182708 0.3246286117455139
1 0.02322821696574225 0.4504185603588907 0.01847442740619902 0.48031041272430663 0.021668115008156606 0.5402110644371941 0.02663977650897227 0.5549234632952692 0.03386641272430668 0.5579757088091354 0.05329668760195759 0.5554570032626427 0.06846619575856443 0.5463514673735727 0.06386600407830342 0.4656950709624796 0.06774148858075041 0.41172615742251223 0.049834665579119086 0.4222993417618271 0.02322821696574225 0.4504185603588907
1 0.0686367365415987 0.7354738907014682 0.08438490538336052 0.7516997960848287 0.09367847879282219 0.7549805954323002 0.09238358075040783 0.7448591802610114 0.06193369494290375 0.6869337479608483 0.04587059543230016 0.6764668295269168 0.044814197389885804 0.6831094632952692 0.0686367365415987 0.7354738907014682
1 0.8620964755301794 0.3946307895595432 0.8685610171288743 0.42640688254486137 0.8734210717781402 0.43048495269168024 0.8782964127243067 0.43005841517128873 0.8807493694942905 0.4253405391517129 0.8767783017944535 0.39866834257748773 0.8661187422512235 0.3844535701468189 0.8617563140293639 0.38606339804241435 0.8620964755301794 0.3946307895595432
1 0.8875700954323003 0.39567724225122347 0.887971401305057 0.3862262039151713 0.8807195342577487 0.36884757993474715 0.8723248939641108 0.3618036402936378 0.8714106753670474 0.37007138743882545 0.8779057887438825 0.39283826590538334 0.8875700954323003 0.39567724225122347
1 0.8909656321370311 0.570188927406199 0.8928651590538336 0.5544659893964111 0.8900162373572593 0.5452993091353997 0.8804635375203914 0.5530946615008157 0.8773501484502447 0.5783397267536704 0.8800721769983687 0.5813766859706363 0.8909656321370311 0.570188927406199
1 0.9088731924959217 0.49411356851549754 0.9081217797716149 0.4761662283849919 0.9048868384991844 0.4719459787928222 0.901336966557912 0.47348471696574224 0.9022152724306688 0.4975617781402937 0.9056787683523655 0.49971509053833607 0.9088731924959217 0.49411356851549754
2 0.4326248181076672 0.8669749469820554 0.4485610244698206 0.8713121435562805 0.5018748466557912 0.8723792234910277 0.5195378287112562 0.8683775840130507 0.5251699233278956 0.862562792822186 0.5005241460032627 0.8569406435562805 0.4468243042414356 0.8608199942903753 0.43551959787928224 0.8626278042414356 0.4326248181076672 0.8669749469820554
1 0.44804277079934746 0.8934644469820555 0.3780818474714519 0.8799346019575855 0.36988518923327895 0.8798329404567701 0.3701695473083197 0.8830831680261011 0.3777921484502447 0.9000199690048939 0.39540927161500816 0.9095321508972267 0.40367701957585644 0.9104463694942904 0.40647013784665575 0.9142958849918433 0.44656978140293635 0.9140627267536705 0.45375589967373575 0.9072931998368678 0.4529028262642741 0.897542517944535 0.44804277079934746 0.8934644469820555
2 0.5998767194127242 0.195683647634584 0.5825286672104405 0.19392630016313214 0.5818277169657423 0.20463171778140293 0.5850473727569331 0.213356575040783 0.6060721884176182 0.2197049053833605 0.6182605415986949 0.21863856280587277 0.6333131019575856 0.22223429282218599 0.6563643376835236 0.2189894061990212 0.6538708637846655 0.2138855106035889 0.6248932300163133 0.20086397389885807 0.5998767194127242 0.195683647634584
3 0.2864960815660685 0.9280673605220229 0.35013924714518757 0.9536128075040784 0.36851312479608483 0.9577367365415986 0.42041510114192493 0.961383665579119 0.4902949902120718 0.9552699673735727 0.49532779608482874 0.9519639363784665 0.4982378621533442 0.9431121867862969 0.5170130456769984 0.937785077487765 0.5104567871125612 0.9330366288743882 0.46943297960848285 0.9227065489396411 0.4084201264274062 0.9272257055464926 0.38319034665579116 0.9196077088091354 0.32139550897226754 0.9151887398042414 0.26825443882544864 0.90673755954323 0.2194910823817292 0.8921719437194128 0.17362250652528546 0.8732591851549756 0.16963081158238175 0.8744271900489398 0.20437737765089722 0.9065946435562805 0.23229861337683522 0.9262588140293637 0.27816719004893964 0.9451715717781402 0.30305680831973897 0.9442221769983687 0.3021884477977162 0.9389761019575855 0.28971573735725936 0.9367922177814029 0.27962489314845024 0.9290778996737357 0.2864960815660685 0.9280673605220229
3 0.43084574143556276 0.10730611827079935 0.46168238417618274 0.09478294535073409 0.5190895628058728 0.08648536215334421 0.5566804461663948 0.08565291517128874 0.5665175040783035 0.08110779037520392 0.548016733278956 0.07085414110929852 0.5090445766721045 0.06525722267536704 0.49621641843393144 0.05901055383360523 0.4180993539967373 0.055200818107667214 0.3500578474714519 0.06361000815660686 0.30696176182707996 0.0763869665579119 0.2669431533442088 0.09626366884176182 0.2538711541598695 0.09658854404567699 0.23867641435562806 0.09136770065252856 0.22737170799347473 0.0931755106035889 0.1739661696574225 0.11913607585644373 0.13042292006525286 0.1548778955954323 0.0919529942903752 0.19713545513866232 0.06343173327895595 0.24548221941272433 0.06415791435562805 0.24910318107667212 0.16756663947797718 0.177010308319739 0.197306367862969 0.16130799755301795 0.2385640709624796 0.14623554649265907 0.289572455954323 0.1303100220228385 0.31059727243066887 0.13665835318107666 0.364612044045677 0.12702001468189233 0.3914569926590538 0.11566484584013051 0.43084574143556276 0.10730611827079935
3 0.8037354804241436 0.7710518017944535 0.8176406639477978 0.7428156353996738 0.7911970212071778 0.7447197659053834 0.7253386623164764 0.8061584192495922 0.674126953507341 0.8384772601957585 0.6545644445350733 0.8582018384991843 0.6240832495921697 0.8747877952691681 0.6200762683523655 0.8804604078303425 0.620274251223491 0.8874026851549756 0.6267441337683524 0.8958431843393149 0.6440210962479609 0.8967879747145188 0.7000470016313214 0.8820610269168027 0.7633354559543231 0.8380415146818924 0.7727459763458402 0.8286210489396412 0.7936798132137032 0.796494849918434 0.7919430929853181 0.7860026998368679 0.8037354804241436 0.7710518017944535
3 0.8694417153344209 0.6891570481239804 0.8748758278955954 0.6763999787928222 0.8888215277324633 0.6579855848287113 0.9032143923327896 0.6166063295269167 0.9141231337683524 0.6009139632952691 0.9222999021207177 0.5633536517128874 0.9304155252854811 0.5438117699836867 0.9354131549755302 0.5073483735725938 0.9323509649265905 0.4957440236541598 0.9279885367047309 0.4973538507340946 0.9246366476345841 0.5058348670473083 0.9225949420880912 0.519932691680261 0.8939819641109299 0.5953071003262642 0.8336586419249593 0.7012942014681892 0.8200836753670473 0.7192667724306688 0.8051985252854813 0.7316225358890702 0.8050104877650898 0.7435112446982056 0.8236282055464926 0.7410636288743883 0.846054922512235 0.7260011231647634 0.8589595114192495 0.7097247553017945 0.8620981313213704 0.6988060685154975 0.8592339241435563 0.6941439959216965 0.8619001492659054 0.691863790375204 0.8645510880913541 0.6940881924959217 0.8694417153344209 0.6891570481239804