1 0.3046875 0.583203125 0.29140625 0.535546875 0.2796875 0.515234375 0.269921875 0.51328125 0.2609375 0.521484375 0.26953125 0.555859375 0.28359375 0.587890625 0.288671875 0.5921875 0.296875 0.592578125 0.30390625 0.588671875 0.3046875 0.583203125
1 0.30390625 0.677734375 0.2796875 0.624609375 0.267578125 0.6078125 0.258203125 0.60703125 0.2515625 0.614453125 0.25546875 0.631640625 0.28046875 0.676953125 0.286328125 0.6828125 0.29453125 0.683984375 0.300390625 0.6828125 0.30390625 0.677734375
1 0.22578125 0.343359375 0.223046875 0.328125 0.218359375 0.32890625 0.209375 0.337890625 0.20390625 0.354296875 0.20390625 0.398046875 0.20625 0.404296875 0.2109375 0.405078125 0.22578125 0.390234375 0.22578125 0.343359375
1 0.18203125 0.400390625 0.184375 0.344921875 0.181640625 0.340625 0.1703125 0.351171875 0.1671875 0.363671875 0.16484375 0.409765625 0.16953125 0.416796875 0.1765625 0.411328125 0.18203125 0.400390625
1 0.234375 0.237109375 0.232421875 0.23359375 0.219921875 0.2421875 0.21640625 0.248046875 0.2125 0.267578125 0.2125 0.270703125 0.21640625 0.272265625 0.23125 0.257421875 0.234375 0.237109375
1 0.78828125 0.306640625 0.774609375 0.290625 0.748046875 0.28125 0.7390625 0.283203125 0.74375 0.300390625 0.754296875 0.31328125 0.78984375 0.320703125 0.7921875 0.316796875 0.78828125 0.306640625
1 0.816796875 0.303125 0.800390625 0.29453125 0.79375 0.294921875 0.805078125 0.31875 0.83203125 0.330078125 0.828125 0.316796875 0.816796875 0.303125
1 0.865625 0.336328125 0.847265625 0.32578125 0.846875 0.332421875 0.853125 0.347265625 0.861328125 0.35390625 0.87265625 0.357421875 0.871875 0.348046875 0.865625 0.336328125
1 0.0890625 0.600390625 0.084765625 0.59609375 0.06796875 0.612109375 0.0703125 0.624609375 0.07578125 0.627734375 0.0921875 0.617578125 0.0890625 0.600390625
1 0.21640625 0.603515625 0.1984375 0.548828125 0.1890625 0.494140625 0.184375 0.480859375 0.180078125 0.47890625 0.16875 0.491015625 0.175 0.533203125 0.19296875 0.594140625 0.20234375 0.610546875 0.21328125 0.616015625 0.21640625 0.612109375 0.21640625 0.603515625
1 0.43515625 0.887109375 0.398828125 0.86484375 0.386328125 0.86171875 0.37734375 0.862890625 0.387109375 0.87265625 0.416796875 0.8890625 0.425 0.890234375 0.433203125 0.88984375 0.43515625 0.887109375
3 0.45546875 0.101953125 0.394921875 0.08671875 0.366796875 0.0859375 0.332421875 0.09609375 0.30859375 0.113671875 0.309375 0.117578125 0.318359375 0.1234375 0.330078125 0.1234375 0.352734375 0.1171875 0.362109375 0.12265625 0.396875 0.123046875 0.443359375 0.109375 0.45546875 0.101953125
1 0.2609375 0.164453125 0.259765625 0.159375 0.24375 0.169921875 0.2390625 0.180078125 0.240625 0.185546875 0.25625 0.175390625 0.2609375 0.164453125