1 0.2833292877280265 0.8201694411276949 0.3052486973466003 0.8242062271973466 0.30642933001658373 0.8206909552238806 0.2917157786069652 0.793452039800995 0.2641217703150912 0.7579753184079602 0.23822548673300165 0.7494734278606965 0.23774391376451076 0.7549837943615257 0.2509173167495854 0.7891378540630182 0.2652979809286899 0.8080501907131011 0.2833292877280265 0.8201694411276949
1 0.8170891434494195 0.730501 0.8214255339966833 0.7315662330016584 0.843500284411277 0.7188344618573798 0.8546697023217248 0.7059606625207296 0.8593922354892206 0.6918995729684909 0.8571041948590381 0.6666823789386401 0.8275173258706467 0.6825632504145938 0.8192861774461028 0.6925120936981758 0.8131388963515754 0.7143094452736318 0.8170891434494195 0.730501
1 0.7383926932006634 0.47738146351575456 0.7256964402985074 0.49130718242122723 0.7280932247097844 0.5202771061359868 0.7368547786069652 0.53495514013267 0.7394069046434495 0.5471565066334992 0.7455009311774461 0.5488120555555556 0.7530263623548923 0.5397997305140961 0.7815346849087894 0.5341184742951908 0.7854161293532338 0.528967623548922 0.786725476782753 0.5204102437810945 0.7784654668325042 0.4914270058043118 0.7784920945273631 0.4797005555555556 0.7671318167495854 0.47334244361525707 0.7383926932006634 0.47738146351575456
1 0.5085129485903814 0.3401283548922056 0.5143562031509121 0.3489365066334992 0.5238634145936981 0.34508834660033166 0.5543601741293532 0.34163964262023216 0.5692490381426202 0.3433151625207297 0.5732525406301825 0.3360538167495854 0.5688406907131012 0.31657779021558874 0.5589118175787727 0.29955180431177447 0.5481418565505805 0.29143605638474296 0.5050975290215588 0.29497353316749586 0.4927607918739635 0.30549937976782754 0.49645361028192375 0.33177514925373136 0.5085129485903814 0.3401283548922056
1 0.6654152512437811 0.3394292504145937 0.6955458383084576 0.34231203067993365 0.6962648689883913 0.3355122868988391 0.6909031873963516 0.32119376865671645 0.6748869444444444 0.29958062106135985 0.644993815920398 0.2954084626865672 0.6311302429519071 0.3069862288557214 0.6372997288557214 0.3270525713101161 0.6515716492537313 0.34221217744610277 0.6654152512437811 0.3394292504145937
1 0.5714771227197347 0.24000966086235492 0.5726710696517413 0.2306311633499171 0.5668344718076285 0.21889139966832502 0.5589894668325042 0.21371392122719735 0.5337789295190714 0.21307034908789388 0.5267284145936981 0.21950392039800995 0.528690223880597 0.23346292288557213 0.5343026774461028 0.2406288391376451 0.5714771227197347 0.24000966086235492
1 0.11004005804311776 0.5493626094527363 0.11553711111111112 0.555707407960199 0.12011095936981757 0.5554832636815921 0.12915656882255389 0.548350631840796 0.13375704477611938 0.5364000373134329 0.14560555223880595 0.5343161699834162 0.13862826285240465 0.5085020024875622 0.13359281177446103 0.505441675787728 0.12162224709784412 0.5096360381426203 0.10901476699834163 0.536109324212272 0.11004005804311776 0.5493626094527363
1 0.18125544112769487 0.7403146517412935 0.18023015008291873 0.7270613656716418 0.162604956053068 0.691020956053068 0.15313768490878937 0.6772794402985074 0.14200820812603648 0.6725635646766169 0.14474453814262023 0.7069284543946932 0.1529157744610282 0.7233641243781094 0.16707229436152568 0.7377026127694859 0.18125544112769487 0.7403146517412935
2 0.1607496558872305 0.6301561517412935 0.15409194029850745 0.6185317877280265 0.15116032752902156 0.6185251310116087 0.15125575787728027 0.6281410870646766 0.16337724212271973 0.660768311774461 0.167937776119403 0.6664073922056385 0.17251162437810943 0.6661832479270315 0.1607496558872305 0.6301561517412935
1 0.5061516376451077 0.19225169154228855 0.49421435655058044 0.18178799087893865 0.4824879063018242 0.1817613631840796 0.46909924958540633 0.19076037479270314 0.4703686558872305 0.19979266998341624 0.4735310696517413 0.20144156301824212 0.5029692529021559 0.19939763681592038 0.5061516376451077 0.19225169154228855
1 0.5619876475953566 0.18440445190713103 0.5546175580431177 0.17664821973466005 0.5319857752902156 0.17647956384742952 0.5281043308457711 0.18163041459369816 0.5292583366500829 0.18984159286898838 0.5363976243781094 0.1959555895522388 0.5627821384742951 0.1960155016583748 0.5619876475953566 0.18440445190713103
1 0.1645178449419569 0.36502829767827527 0.16967535240464346 0.3659781301824212 0.17777778689883914 0.36107139386401327 0.19518325953565505 0.3389478109452736 0.2001499071310116 0.32066573217247096 0.1994774742951907 0.3069441873963516 0.1855051583747927 0.3147692222222222 0.17292430597014927 0.3295160588723051 0.1645311583747927 0.3591650729684909 0.1645178449419569 0.36502829767827527
1 0.11921880514096186 0.4835977263681592 0.11695962520729684 0.4973126135986733 0.12080778606965173 0.5068198258706468 0.12667101077943616 0.5068331393034826 0.14053458374792704 0.4952553739635157 0.1483862462686567 0.4975012404643449 0.15355041127694857 0.49551945936981756 0.15828625787728026 0.4755951451077943 0.15364360696517412 0.45447688308457707 0.1502503922056385 0.4511857553897181 0.1346358399668325 0.45924159121061364 0.11921880514096186 0.4835977263681592
1 0.8491659029850745 0.3927330597014925 0.857621196517413 0.3873580646766169 0.8526190298507463 0.3696396749585406 0.8399893457711443 0.35424926699834164 0.8265052587064677 0.35363232255389715 0.8216872960199005 0.3580774568822554 0.8280875829187396 0.37978603482587064 0.8397807487562189 0.39447072553897183 0.8491659029850745 0.3927330597014925
1 0.8695740248756219 0.4426170721393035 0.8844828598673299 0.4354977545605307 0.8834575679933664 0.42224446849087893 0.870976568822554 0.39301711608623546 0.8565626202321724 0.3887628424543947 0.8498583067993367 0.3976597669983416 0.8536798399668325 0.4188934286898839 0.8634799983416253 0.4409615232172471 0.8695740248756219 0.4426170721393035
2 0.8400936666666666 0.4115921417910448 0.8465827263681591 0.4458482885572139 0.8526767529021559 0.4475038374792703 0.8483048441127695 0.41043813598673295 0.841755872305141 0.4025665033167496 0.8400936666666666 0.4115921417910448
1 0.4415118980099502 0.15235204063018243 0.4436357064676617 0.14661087313432836 0.43672721973466005 0.14213911194029852 0.42605268822553893 0.1436393192371476 0.4182964552238806 0.1510094087893864 0.4209839535655058 0.15523705555555556 0.42966339054726366 0.15443590796019901 0.4415118980099502 0.15235204063018243
1 0.5236991376451078 0.159222776119403 0.5044672263681592 0.159413635986733 0.4963647927031509 0.16432037230514096 0.5003350099502488 0.1717170895522388 0.5282463582089553 0.17072508208955225 0.5307230257048092 0.1645156550580431 0.5236991376451078 0.159222776119403
1 0.7412399112769485 0.25634319983416254 0.7313110381426202 0.23931721310116086 0.7227603150912106 0.2350762529021559 0.7137280190713101 0.23634565920398012 0.7149774552238807 0.2541727927031509 0.7215197703150912 0.2649760389718076 0.7394556475953565 0.26747933333333335 0.7412399112769485 0.25634319983416254
1 0.7606893101160862 0.2636578001658375 0.7412332545605307 0.25927481177446104 0.740969169154229 0.27229063930348263 0.7548749162520729 0.2937817305140962 0.7770317835820896 0.29652914013267 0.7720296169154229 0.2788107495854063 0.7606893101160862 0.2636578001658375
1 0.8232141310116087 0.3570255381426202 0.8295655862354893 0.34859687230514097 0.8184560796019901 0.33508615837479266 0.8167250713101161 0.32276939137645105 0.8048011036484246 0.3064424651741294 0.7938957711442787 0.30630043698175785 0.7930546824212272 0.315210675787728 0.8090376409618574 0.3514818872305141 0.8232141310116087 0.3570255381426202