1 0.5927284591194969 0.44655298742138366 0.6033301485849057 0.4771492492138365 0.6422396658805032 0.496573251572327 0.6721897413522012 0.5194350298742139 0.69889018081761 0.5293331202830189 0.7115675581761006 0.525606983490566 0.7231753097484277 0.48879980974842774 0.7277337224842767 0.4607680393081761 0.7252427963836477 0.4415116729559748 0.7138823970125786 0.4172080896226415 0.7117862044025157 0.41911614229559746 0.7022500400943397 0.41511804795597484 0.6505526721698114 0.3754908286163522 0.6242346635220125 0.36730855110062893 0.6137475487421383 0.3671245117924528 0.6105081643081761 0.37036799685534594 0.5927284591194969 0.44655298742138366
1 0.21982865251572328 0.5350703317610063 0.2183296863207547 0.5768286006289308 0.22444652751572328 0.6010401643081761 0.22950399606918237 0.6083778639937106 0.26421907783018866 0.628376537735849 0.2813833529874214 0.6342765338050315 0.2905432374213836 0.6462831194968554 0.2958829150943396 0.6476144504716981 0.30560516823899375 0.6443668647798741 0.3763584614779874 0.6660587963836478 0.39370882625786163 0.6647131124213836 0.4018093364779874 0.6598458341194968 0.40942514544025155 0.6422991281446541 0.4162678907232704 0.6083550597484276 0.41949292138364785 0.5824215322327044 0.4134804017295598 0.5724150188679246 0.3701821572327044 0.5478456297169811 0.3099159787735849 0.5263377374213837 0.30285638836477985 0.5189059677672956 0.28722183647798744 0.5198692209119496 0.2654786438679245 0.5095866493710691 0.23591920125786164 0.5014064213836478 0.2297246926100629 0.5051284575471698 0.22525009748427674 0.5149509323899372 0.21982865251572328 0.5350703317610063
1 0.14266170518867924 0.32137504874213835 0.14867012421383646 0.3248986926100629 0.18127876100628929 0.3305982468553459 0.20596682547169812 0.3241950943396227 0.2446369426100629 0.2665874779874214 0.25043466745283016 0.23845958726415095 0.23937288128930817 0.23408111242138363 0.2332744929245283 0.23904245990566036 0.19819133333333333 0.24001801650943394 0.17922537735849056 0.24946831210691822 0.15769903144654088 0.28056157861635217 0.14446748663522013 0.31250762578616353 0.14266170518867924 0.32137504874213835
1 0.08609525864779874 0.42151399842767295 0.08268208726415095 0.4514517712264151 0.09460485534591195 0.46050118238993715 0.10260719575471698 0.4511531580188679 0.11443384355345913 0.45896325707547164 0.1259434245283019 0.417675337264151 0.12745264308176102 0.39212424135220125 0.11324144182389938 0.38250425943396227 0.09970103223270439 0.37831802515723273 0.09665183805031446 0.38079869889937107 0.08609525864779874 0.42151399842767295
1 0.8526178977987422 0.45058338915094337 0.8685510628930817 0.4695452437106919 0.8720706061320755 0.4570539551886792 0.8701461501572326 0.42902628616352206 0.8591702319182389 0.40967994968553456 0.8521126918238994 0.4054896147798742 0.8526178977987422 0.45058338915094337
2 0.22196405345911951 0.7458576493710691 0.2447563671383648 0.7568069119496855 0.24484838679245285 0.7515633545597484 0.22805834040880504 0.7344134323899372 0.21737693474842767 0.7285093356918239 0.21547298270440252 0.7328960125786164 0.22196405345911951 0.7458576493710691
1 0.1850505070754717 0.7168034135220126 0.19106097641509434 0.7235684921383648 0.21337679009433963 0.7348040652515723 0.21398993710691824 0.7310920180817609 0.21530680581761005 0.7277656006289308 0.20917210141509435 0.7191715636792453 0.1836148537735849 0.7079380408805032 0.1850505070754717 0.7168034135220126
2 0.35602556839622646 0.17242004009433962 0.36632249292452834 0.17336688993710692 0.42256802201257865 0.16875516588050316 0.4398161147798742 0.15644586635220126 0.42579920440251573 0.1525459426100629 0.37737197641509435 0.1582967570754717 0.36002366273584907 0.1628838757861635 0.3558333278301887 0.16994141666666668 0.35602556839622646 0.17242004009433962
2 0.7782712460691823 0.3246910998427673 0.7838031643081761 0.32850105503144655 0.7946788616352201 0.34012520990566036 0.7969672948113208 0.34069578066037737 0.7975399158805031 0.3416487814465409 0.8066936493710691 0.3439310636792453 0.8072662696540881 0.3448840652515723 0.8100312036163523 0.3451683246855346 0.8073211973270441 0.34111537657232704 0.8065692067610063 0.33956101729559746 0.8059783168238993 0.3382746281446541 0.8019001988993711 0.33543533411949683 0.7913843687106917 0.33007970911949686 0.784355769654088 0.3262769748427673 0.7837642067610063 0.3240791729559748 0.782796322327044 0.32064847955974846 0.7826538215408805 0.32011218317610063 0.7795085078616352 0.32135354559748425 0.7784614363207547 0.32392828930817613 0.7782712460691823 0.3246910998427673
2 0.7845102091194969 0.3174308050314465 0.7897701163522013 0.3228428647798742 0.7847822460691823 0.3227383128930818 0.7919191265723271 0.32793491194968555 0.7972311808176101 0.3313096635220126 0.8110196650943395 0.3381646941823899 0.8132664874213836 0.33544197091194966 0.812025125 0.3322966564465409 0.8085914496855346 0.3298200833333333 0.8063009661949686 0.3260080786163522 0.8019142893081761 0.32410412657232707 0.7994336155660378 0.3210549323899371 0.7937115070754717 0.31800778852201256 0.789132590408805 0.31362521305031443 0.7830301014150943 0.3121036918238994 0.7816946690251572 0.31096050000000003 0.7808070825471698 0.3140015817610063 0.7845102091194969 0.3174308050314465
2 0.5766773687106918 0.8440203820754717 0.5812542350628931 0.8451615235849057 0.5818268561320754 0.8461145243710693 0.5886921564465408 0.8478262358490566 0.5955554056603773 0.8462965133647798 0.606615141509434 0.8474335534591195 0.6144313922955975 0.8453312091194968 0.6172903962264151 0.8436133466981132 0.6195788294025157 0.8441839166666667 0.6210083317610063 0.8433249858490566 0.6215789017295598 0.8410365518867924 0.6198610393081762 0.8381775487421383 0.6246260455974842 0.8353144433962264 0.6237671139937108 0.8338849418238994 0.6184274363207547 0.8325536108490565 0.6052715078616352 0.8333246234276729 0.5949766336477987 0.8356192083333334 0.5926882004716981 0.8350486375786164 0.5856347602201258 0.8373411713836478 0.5841091383647798 0.8369607916666667 0.5779146297169812 0.8406828270440251 0.5768675589622642 0.8432575715408804 0.5766773687106918 0.8440203820754717
2 0.5335121525157233 0.8790361273584905 0.5349437044025157 0.8814186305031447 0.5375184481132076 0.8824657020440251 0.5353281855345912 0.8863758773584905 0.5437191077044026 0.8884679693396227 0.5521079795597484 0.887318626572327 0.5595459001572327 0.8899833396226415 0.5650737177672956 0.8873104253144654 0.5681249622641509 0.8880711855345912 0.5740352106918238 0.8871140833333334 0.5846143451257861 0.8820545652515723 0.5817512405660378 0.8772895589622641 0.5846102437106918 0.8755716957547169 0.5849906242138365 0.874046073899371 0.5829864512578616 0.87071056918239 0.5799352067610063 0.8699498089622641 0.565063465408805 0.8711032523584906 0.5580079756289309 0.8701543514150943 0.5448540974842767 0.8741667995283019 0.5398968506289308 0.8745512806603775 0.5368476564465409 0.8770319544025157 0.534369033018868 0.8772241949685534 0.5335121525157233 0.8790361273584905