1 0.5598916004942339 0.509013582372323 0.5493634044481055 0.5068909728171335 0.4979560420098847 0.4997490337726524 0.4890775024711697 0.5044682504118616 0.47998369934102136 0.5041815815485997 0.47738761449752887 0.5084273228995058 0.48107398434925863 0.5121995889621087 0.4804716647446458 0.5171050889621087 0.46469438385502476 0.5442147067545304 0.4559886828665568 0.5813216062602965 0.45755244398682043 0.5956220691927513 0.4686974505766062 0.5994802314662273 0.5440584514003295 0.6041688978583196 0.556192309719934 0.5695576960461285 0.5605239481054366 0.5646951441515651 0.5688001680395387 0.5648814275123559 0.5731318056013179 0.5600188756177925 0.5793992471169687 0.5292518690280066 0.5773335527182867 0.5190393228995058 0.5598916004942339 0.509013582372323
1 0.77349715815486 0.5875253294892916 0.7505044382207579 0.5855320881383855 0.7459000980230643 0.5824770181219111 0.7078328039538715 0.6018703105436574 0.701206241350906 0.6085258542009885 0.6768081087314662 0.6179787784184514 0.6653479752883031 0.6335847907742999 0.6655922199341021 0.6518727833607908 0.6775118616144976 0.659560650741351 0.7008631795716639 0.6620128772652388 0.7146901672158155 0.6541666622734761 0.7403219192751236 0.6481848434925864 0.7556407388797364 0.645086302306425 0.7678041021416804 0.6474096853377266 0.7858907981878088 0.625148129324547 0.7898493476112026 0.613185539538715 0.7890027833607908 0.5998030461285008 0.77349715815486 0.5875253294892916
1 0.7432341779242174 0.6717798830313015 0.7315727471169687 0.6653685840197694 0.7054100815485996 0.6621562125205931 0.6813131087314662 0.6691563871499177 0.6563840626029653 0.6694151219110378 0.6362316721581549 0.6814641317957166 0.6172989349258649 0.7139956721581548 0.6210427438220758 0.7206796729818781 0.6330053336079078 0.7246382224052718 0.6396608772652389 0.7312647850082372 0.6499308624382207 0.7321108261943987 0.6582500304777595 0.7285677907742999 0.7018831062602966 0.7314355313014826 0.722021528830313 0.7363979464579902 0.7428481680395387 0.7289962248764414 0.7534048220757825 0.7207484629324548 0.7615516746293245 0.7084702224052718 0.762741823723229 0.6920181696869852 0.7432341779242174 0.6717798830313015
1 0.38683209060955515 0.9384052677100495 0.4334917784184514 0.9470390387149917 0.44978600658978585 0.946135036243822 0.4636988896210873 0.9308301836902801 0.46531956589785833 0.9243899044481055 0.46117421087314664 0.9209762364085667 0.4081316820428336 0.9136335230642504 0.3956671589785832 0.9137628904448105 0.3878644143327842 0.9198590626029655 0.38683209060955515 0.9384052677100495
1 0.5072724341021417 0.8361762784184514 0.5015208937397034 0.8458439431630971 0.5019804011532125 0.8691378228995058 0.5051074003294893 0.8740862710049423 0.5169121647446459 0.8759506680395388 0.5574182421746293 0.8738699604612851 0.5722206383855024 0.8682182833607909 0.5805253154859967 0.8580341943986821 0.5840388467874794 0.8294187784184514 0.5700824917627677 0.824800471169687 0.5433175057660626 0.8264935996705107 0.5248287397034597 0.828373010708402 0.5072724341021417 0.8361762784184514
1 0.6958738764415157 0.7634791054365734 0.6657247265238879 0.806252172981878 0.6622681103789126 0.8141268467874795 0.6685076177924217 0.8173826894563427 0.7031757347611203 0.808775805601318 0.7126136457990115 0.8028804069192751 0.7231128607907743 0.7917209093904448 0.7316612602965403 0.7761723360790774 0.7410127512355849 0.7540830963756178 0.7388037232289951 0.7484174514003296 0.7244028731466227 0.7507987957166392 0.6958738764415157 0.7634791054365734
1 0.14421307248764414 0.36958934184514003 0.1419900766062603 0.3809351219110379 0.149965136738056 0.38357415485996704 0.1629890313014827 0.3822686054365733 0.17414800576606262 0.36911534349258646 0.19128827429983525 0.3579413558484349 0.20613309472817135 0.32490788220757827 0.20482754612850082 0.31188398764415154 0.1876727866556837 0.3164169217462932 0.16386300658978584 0.33797577182866556 0.14421307248764414 0.36958934184514003
2 0.8086651144975289 0.48022061779242176 0.8113755535420099 0.4581458682042833 0.8048488542009884 0.4403313509060956 0.8016359588138385 0.442841539538715 0.7999293863261944 0.45674045551894565 0.801206478583196 0.48013472158154863 0.8048928484349258 0.4839069884678748 0.8086651144975289 0.48022061779242176
1 0.8093248731466227 0.478226852553542 0.8204843698517299 0.488726068369028 0.8329059448105437 0.4923260189456343 0.8390015939044482 0.4764762858319605 0.8386424719934101 0.45236482289950575 0.8304806062602965 0.4343495329489292 0.818618402800659 0.4295734003294893 0.8034718986820428 0.4414071457990116 0.8007904415156507 0.4767640016474465 0.8038170535420098 0.4825300329489292 0.8093248731466227 0.478226852553542
3 0.10413700000000001 0.35802934514003293 0.09809826606260297 0.3531383352553542 0.10605883607907743 0.3491363154859967 0.09322122405271828 0.3421656441515651 0.08913330724876442 0.3416637116968698 0.07450322652388797 0.3560505939044481 0.052515420098846785 0.3931864744645799 0.040940932454695225 0.4266214942339374 0.03814459802306425 0.45615488056013176 0.030729432454695223 0.4759921441515651 0.029655207578253705 0.5455726227347611 0.03862068945634267 0.5806997240527183 0.04318208154859967 0.5874841120263591 0.047728983525535416 0.5876274464579901 0.05415477265238879 0.5826070700164745 0.06407960296540362 0.542330223228995 0.07069167545304778 0.5290336268533772 0.07318685008237233 0.5019529901153212 0.09164558896210873 0.43948651729818783 0.09343805766062603 0.4181289645799012 0.10360713261943987 0.39614011120263587 0.10413700000000001 0.35802934514003293
3 0.3298566927512356 0.15876405930807247 0.32300037561779243 0.15377266309719934 0.3083987528830313 0.15778917462932454 0.25256041268533774 0.20363232537067547 0.2287221754530478 0.23556154612850083 0.23093120345963755 0.24122719110378912 0.24223403542009883 0.24717950494233937 0.2590301968698517 0.24218758566721582 0.28928025617792424 0.22224941268533774 0.3076251639209226 0.20126442504118616 0.3113829398682043 0.19093700164744645 0.33025876194398684 0.1791462042833608 0.33932358484349256 0.16615076688632618 0.3380325255354201 0.15976792586490937 0.3298566927512356 0.15876405930807247
3 0.9064863509060955 0.40675090280065895 0.8959436639209226 0.3979872405271829 0.8862899662273476 0.3752242751235585 0.8628806861614498 0.3462078360790774 0.8578747998352553 0.3464230996705107 0.8511188690280066 0.34061412026359145 0.847446989291598 0.34348290691927513 0.84274226276771 0.34124542092257004 0.8386113978583196 0.34447280560131793 0.8596833286655684 0.40266403294892916 0.8673717191103788 0.4143968690280066 0.8822765947281712 0.5025375189456343 0.8875991779242174 0.5538155140032949 0.8923183953871499 0.5626940535420099 0.9027317141680395 0.5589931927512356 0.9095445601317959 0.5440614299835256 0.911337028830313 0.5227038764415156 0.8969920477759472 0.45703952224052724 0.8972642265238879 0.44130466639209226 0.9010220024711697 0.43097724299835255 0.8986261680395388 0.40993534019769357 0.9064863509060955 0.40675090280065895
1 0.7844864324546952 0.6838992512355848 0.7882731894563427 0.6868539341021417 0.803032636738056 0.6849315749588138 0.8125709349258649 0.678218593080725 0.8283047446457991 0.6311858163097199 0.8236284752883031 0.6185779588138385 0.8137170889621087 0.6181909028006589 0.8045948278418452 0.6282746046128501 0.7851891383855024 0.6781761680395387 0.7844864324546952 0.6838992512355848
1 0.09712652059308073 0.5165111416803954 0.09801655601317957 0.5498167940691927 0.11448309967051071 0.5576479967051071 0.11989053294892917 0.5541623995057661 0.13135014332784184 0.5149039093904448 0.13190899093904448 0.4900752504118616 0.12959957578253709 0.4852271886326194 0.12172490280065898 0.4817705724876441 0.11171312932454697 0.4822010996705107 0.10574632537067545 0.4868628789126853 0.09712652059308073 0.5165111416803954
0 0.051939988467874794 0.3167641696869852 0.0532450140032949 0.306135586490939 0.06232432701812191 0.2997812026359143 0.05698829983525536 0.2891671095551895 0.06807586738056014 0.2901135370675453 0.0662973665568369 0.29445966556836906 0.06890794151565074 0.2968549769357496 0.0722641705107084 0.2897978871499176 0.07742788220757825 0.29167677512355844 0.07836034266886327 0.29760063179571666 0.07387087973640857 0.30036903212520594 0.07408614332784184 0.3053749184514003 0.0690947471169687 0.3122312355848435 0.07058657907742998 0.316978910214168 0.07533425453047776 0.31548707825370675 0.08944791103789126 0.29854705930807246 0.09093974299835256 0.30329473393739703 0.08738274052718287 0.3119869909390445 0.09522895634266886 0.3258139777594728 0.10493956919275123 0.3278362009884679 0.11637124546952222 0.3226005601317957 0.12355717957166391 0.31476883443163095 0.12196496128500824 0.3108387429983525 0.10931415568369027 0.3192443303130148 0.10506841350906096 0.3166482462932455 0.11470709802306424 0.3091176803953872 0.12691340939044482 0.307711744645799 0.13893291433278418 0.2909295510708402 0.14715117215815487 0.26455162108731467 0.1660984003294893 0.23866113344316311 0.17646877182866558 0.23868959143327842 0.17671249258649094 0.23332510626029657 0.2049113492586491 0.20981543986820428 0.24868723640856671 0.1844838006589786 0.24290671416803955 0.18086935996705106 0.24540241268533772 0.1774412018121911 0.2515270420098847 0.1748735741350906 0.25266027594728174 0.1791622644151565 0.2582829728171334 0.1806825535420099 0.26935605024711695 0.1749879283360791 0.2667884233937397 0.1688632981878089 0.27185174794069195 0.17155977018121912 0.2799556523887973 0.16301084761120263 0.2792814036243822 0.1583635593080725 0.27264035090609556 0.15837805024711696 0.27196610214168043 0.15373076194398683 0.2952310008237232 0.139989147446458 0.29062666062602965 0.1369340774299835 0.293222744645799 0.13268833607907743 0.2978270848434926 0.13574340527182868 0.31029160790774296 0.13561403789126855 0.32364512026359143 0.12148536738056014 0.3274463673805601 0.13108110378912685 0.3511702512355849 0.11698089044481055 0.35075421416803954 0.11361017051070839 0.36273077100494233 0.10055729489291598 0.33074463509060953 0.09745980065897858 0.32677159555189456 0.10278133772652388 0.3110367388797364 0.10250915897858319 0.30277500988467876 0.1089639291598023 0.2877573500823723 0.10960971993410215 0.28470228088962113 0.11421406013179572 0.28143194728171333 0.1138125140032949 0.2812596317957166 0.10507730889621086 0.31053428253706755 0.08294459719934101 0.3089420642504118 0.0790145057660626 0.3060877677100494 0.08198367957166393 0.27800326606260295 0.08766433772652388 0.2349300848434926 0.10727289373970347 0.23279298517298186 0.1111600370675453 0.22176285502471169 0.11312534431630973 0.15304395469522242 0.15572714332784185 0.15335960543657332 0.1599154464579901 0.13458416968698517 0.17088866062602964 0.08614702718286656 0.21390597281713344 0.05681546046128501 0.2567794275123559 0.04380657990115321 0.28837850741350907 0.02914804200988468 0.3131357611202636 0.020112200164744645 0.33941330477759474 0.020341954695222403 0.351060244645799 0.02519001565074135 0.3487508286655684 0.027599817957166393 0.3527813072487644 0.025362331136738057 0.35748603377265237 0.027729185337726527 0.36524583031301483 0.03200338467874794 0.35747154365733114 0.030152954695222407 0.3522648838550247 0.04004985008237232 0.34601088632619437 0.03329392009884679 0.3402019069192751 0.03317904283360791 0.3343784373970346 0.04042241598023064 0.3294584464579901 0.0430614489291598 0.3214833863261944 0.051939988467874794 0.3167641696869852
0 0.4238487471169687 0.10972145799011533 0.4302745362438221 0.10470108072487644 0.4511156663920922 0.10394041268533773 0.4566234859967051 0.09963723228995057 0.4863576449752883 0.1007984003294893 0.5000842454695222 0.09376976771004943 0.5052474341021417 0.07199617792421747 0.500026284184514 0.06720555518945634 0.500571165568369 0.059388320428336076 0.4892253855024712 0.05716532454695222 0.45428456589785826 0.05785458649093904 0.45460021663920924 0.06204288962108732 0.4638518451400329 0.06442371087314662 0.4595202067545305 0.06928626276771005 0.4559342232289951 0.06469641350906095 0.44552090362438224 0.06839727347611202 0.4393817833607908 0.06432384761120263 0.43509309390444817 0.06545708154859967 0.43186570840197697 0.06132621663920923 0.43589618698517296 0.05891641433278419 0.44805955024711697 0.06123979736408566 0.4520900280065898 0.05882999505766062 0.43220981630971994 0.05514414827018122 0.3639778352553542 0.06336449917627678 0.3431511960461285 0.07076622075782536 0.32127774299835254 0.09007309308072488 0.31424963426688635 0.09999897034596376 0.32314266392092256 0.10192080642504119 0.3493482784184514 0.10140385914332785 0.3756972273476112 0.09634001153212521 0.3853074538714992 0.09917981713344316 0.38897933360790776 0.09631103047775948 0.39302430230642504 0.10054228171334431 0.38905126276771 0.10586381878088962 0.39411458731466226 0.10856028995057661 0.4238487471169687 0.10972145799011533
3 0.7421473937397035 0.1737008945634267 0.721894093904448 0.16291500988467875 0.7147081589785832 0.17074673476112026 0.7128867100494234 0.17882218121911037 0.7185238970345964 0.18698352388797362 0.7212064011532126 0.19893162355848434 0.730314694398682 0.20585934596375616 0.7281775947281713 0.20974649011532126 0.7355358451400329 0.21064996952224052 0.7456055799011532 0.23678365485996705 0.7587733319604614 0.2545836812191104 0.7943169942339374 0.27264139703459633 0.8006423970345964 0.2684386037891268 0.7968556408566722 0.2654839200988468 0.7967407635914333 0.25966045057660625 0.8068099752883031 0.26214165815485996 0.8079716663920923 0.25605997693574956 0.7933979777594728 0.2260536383855025 0.7439978245469522 0.1789075543657331 0.7421473937397035 0.1737008945634267
1 0.3268606309719934 0.23723756754530478 0.3330426993410214 0.23758167545304776 0.35637952718286653 0.2333928492586491 0.36795453789126853 0.22361030724876443 0.37109550329489294 0.21154733031301484 0.36766734514003296 0.20905163261943988 0.3507133591433278 0.2119494003294893 0.336527773476112 0.21933663097199343 0.32598560955518946 0.23422544645799012 0.3268606309719934 0.23723756754530478