1 0.48125 0.541796875 0.48671875 0.530859375 0.48828125 0.512890625 0.4921875 0.505859375 0.4890625 0.482421875 0.4765625 0.458984375 0.470703125 0.45390625 0.438671875 0.45234375 0.423828125 0.4546875 0.4140625 0.466796875 0.40234375 0.493359375 0.39296875 0.498046875 0.39765625 0.508203125 0.3953125 0.544921875 0.3984375 0.560546875 0.400390625 0.5625 0.416796875 0.5578125 0.47578125 0.564453125 0.48046875 0.559765625 0.48125 0.541796875
1 0.4203125 0.440234375 0.421875 0.419921875 0.41875 0.405078125 0.42265625 0.400390625 0.415625 0.396484375 0.405078125 0.37421875 0.387109375 0.37421875 0.365234375 0.37890625 0.35703125 0.388671875 0.3515625 0.404296875 0.353125 0.437890625 0.35625 0.448828125 0.364453125 0.4515625 0.3828125 0.451171875 0.412109375 0.4484375 0.4203125 0.440234375
1 0.6640625 0.412890625 0.65234375 0.385546875 0.646484375 0.3796875 0.606640625 0.375 0.5921875 0.385546875 0.5921875 0.405859375 0.604296875 0.4375 0.626953125 0.4359375 0.654296875 0.43828125 0.66328125 0.441796875 0.66640625 0.438671875 0.6640625 0.412890625
1 0.706640625 0.615625 0.7140625 0.608203125 0.71796875 0.548046875 0.72265625 0.537890625 0.710546875 0.52265625 0.680078125 0.5203125 0.67421875 0.523828125 0.67265625 0.530078125 0.66484375 0.537890625 0.66875 0.549609375 0.6671875 0.575390625 0.66015625 0.608203125 0.6609375 0.618359375 0.6640625 0.619921875 0.675390625 0.615625 0.706640625 0.615625
1 0.688671875 0.7578125 0.696875 0.742578125 0.703125 0.712890625 0.7078125 0.705859375 0.699609375 0.69921875 0.688671875 0.7 0.655078125 0.7078125 0.635546875 0.7203125 0.6234375 0.772265625 0.62890625 0.773828125 0.658984375 0.76953125 0.688671875 0.7578125
1 0.71171875 0.819921875 0.7203125 0.791796875 0.700390625 0.79140625 0.662890625 0.80625 0.65078125 0.819140625 0.64765625 0.829296875 0.64609375 0.844921875 0.65546875 0.847265625 0.699609375 0.83203125 0.71171875 0.819921875
1 0.260546875 0.6 0.270703125 0.60390625 0.277734375 0.603125 0.29296875 0.585546875 0.29140625 0.570703125 0.28671875 0.559765625 0.276171875 0.55 0.262890625 0.54765625 0.248046875 0.5390625 0.218359375 0.54453125 0.205078125 0.56015625 0.19453125 0.565234375 0.1921875 0.573046875 0.1984375 0.592578125 0.216015625 0.60625 0.22109375 0.606640625 0.227734375 0.60234375 0.260546875 0.6
1 0.29921875 0.411328125 0.309375 0.392578125 0.3140625 0.373046875 0.31328125 0.366015625 0.305859375 0.35625 0.290234375 0.353125 0.27421875 0.369921875 0.2625 0.391796875 0.25859375 0.406640625 0.25859375 0.417578125 0.26796875 0.419140625 0.291796875 0.415625 0.29921875 0.411328125
1 0.4703125 0.363671875 0.471875 0.333984375 0.475 0.330078125 0.461328125 0.31171875 0.427734375 0.31328125 0.41171875 0.333984375 0.41484375 0.337890625 0.41015625 0.358984375 0.41171875 0.367578125 0.4375 0.367578125 0.466796875 0.36640625 0.4703125 0.363671875
1 0.39140625 0.300390625 0.388671875 0.28515625 0.373046875 0.284375 0.36015625 0.290234375 0.346875 0.314453125 0.34375 0.332421875 0.34609375 0.341796875 0.3828125 0.336328125 0.39140625 0.300390625
1 0.409375 0.271484375 0.401171875 0.26640625 0.376953125 0.27109375 0.37265625 0.276171875 0.371875 0.283203125 0.388671875 0.28515625 0.39140625 0.301953125 0.39765625 0.303515625 0.40859375 0.298046875 0.409375 0.271484375
1 0.44453125 0.251953125 0.441015625 0.2421875 0.417578125 0.2421875 0.409375 0.247265625 0.39921875 0.263671875 0.41328125 0.272265625 0.4390625 0.268359375 0.44453125 0.251953125
1 0.371484375 0.265625 0.38046875 0.251953125 0.38046875 0.240234375 0.369140625 0.2390625 0.351953125 0.246875 0.33984375 0.262109375 0.33828125 0.276171875 0.362890625 0.271875 0.371484375 0.265625
1 0.54453125 0.233984375 0.538671875 0.23046875 0.518359375 0.22890625 0.50859375 0.237890625 0.50859375 0.247265625 0.513671875 0.25625 0.5484375 0.257421875 0.55234375 0.247265625 0.54453125 0.233984375
1 0.542578125 0.209375 0.522265625 0.2078125 0.5140625 0.212890625 0.518359375 0.22734375 0.55 0.228515625 0.55 0.216015625 0.542578125 0.209375
1 0.618359375 0.25625 0.593359375 0.2515625 0.58671875 0.257421875 0.58828125 0.270703125 0.595703125 0.27734375 0.62890625 0.283203125 0.628125 0.268359375 0.618359375 0.25625
2 0.5875 0.598046875 0.59921875 0.569921875 0.59765625 0.551171875 0.59375 0.541015625 0.588671875 0.5375 0.58203125 0.541796875 0.575 0.562109375 0.5765625 0.608203125 0.58125 0.610546875 0.58828125 0.608203125 0.5875 0.598046875
1 0.19375 0.433984375 0.19375 0.428515625 0.1875 0.424609375 0.1890625 0.412109375 0.186328125 0.4109375 0.175 0.416015625 0.16484375 0.445703125 0.16484375 0.459765625 0.17734375 0.460546875 0.18828125 0.452734375 0.19375 0.433984375
1 0.16953125 0.372265625 0.173046875 0.346875 0.158984375 0.35234375 0.14140625 0.373046875 0.14140625 0.383203125 0.14609375 0.386328125 0.161328125 0.38125 0.16953125 0.372265625
3 0.12578125 0.416015625 0.130078125 0.41328125 0.135546875 0.415625 0.14140625 0.408203125 0.14375 0.394140625 0.140625 0.368359375 0.14765625 0.348046875 0.15078125 0.326953125 0.15078125 0.322265625 0.146484375 0.31796875 0.141015625 0.3203125 0.12265625 0.341796875 0.10703125 0.381640625 0.103125 0.399609375 0.10859375 0.426953125 0.10546875 0.444921875 0.1125 0.448828125 0.11953125 0.444140625 0.12578125 0.416015625
3 0.15703125 0.702734375 0.14765625 0.666015625 0.140625 0.655859375 0.134375 0.628515625 0.129296875 0.62421875 0.12578125 0.626171875 0.12578125 0.633203125 0.1375 0.685546875 0.15234375 0.708984375 0.157421875 0.7140625 0.16171875 0.713671875 0.1625 0.705859375 0.15703125 0.702734375
3 0.209375 0.751953125 0.19921875 0.701953125 0.209375 0.694140625 0.209375 0.687890625 0.203125 0.669140625 0.20234375 0.655078125 0.1859375 0.618359375 0.175 0.602734375 0.153125 0.531640625 0.14921875 0.506640625 0.143359375 0.5 0.13359375 0.514453125 0.134375 0.545703125 0.12734375 0.550390625 0.128125 0.570703125 0.1359375 0.610546875 0.14609375 0.635546875 0.14375 0.640234375 0.14765625 0.643359375 0.1484375 0.653515625 0.159375 0.662109375 0.15546875 0.667578125 0.15625 0.671484375 0.161328125 0.67109375 0.16796875 0.678515625 0.1609375 0.686328125 0.16875 0.691796875 0.17734375 0.706640625 0.176953125 0.7140625 0.175 0.708203125 0.17109375 0.708203125 0.171875 0.716015625 0.176953125 0.7203125 0.18125 0.717578125 0.18046875 0.723046875 0.18515625 0.725390625 0.18515625 0.730078125 0.18203125 0.730859375 0.18359375 0.739453125 0.19609375 0.758984375 0.2015625 0.761328125 0.2 0.765234375 0.203125 0.765234375 0.209375 0.759765625 0.209375 0.751953125
3 0.20390625 0.379296875 0.21953125 0.323046875 0.216796875 0.3125 0.203125 0.329296875 0.1859375 0.370703125 0.18515625 0.386328125 0.190625 0.400390625 0.1890625 0.420703125 0.196875 0.422265625 0.20234375 0.405859375 0.20390625 0.379296875
3 0.2296875 0.432421875 0.25390625 0.370703125 0.28671875 0.319921875 0.29609375 0.289453125 0.31484375 0.270703125 0.325 0.247265625 0.35 0.215234375 0.37109375 0.198828125 0.3765625 0.187109375 0.384765625 0.1828125 0.39765625 0.166015625 0.421875 0.145703125 0.423828125 0.140625 0.432421875 0.13828125 0.4375 0.133203125 0.438671875 0.12578125 0.423046875 0.1296875 0.419921875 0.13828125 0.391015625 0.14765625 0.380859375 0.16015625 0.369140625 0.16171875 0.355078125 0.178125 0.344140625 0.17734375 0.337109375 0.18125 0.328125 0.191796875 0.310546875 0.225 0.301953125 0.22265625 0.290234375 0.22734375 0.26015625 0.251171875 0.24140625 0.286328125 0.2265625 0.332421875 0.22890625 0.345703125 0.22265625 0.356640625 0.225 0.362109375 0.21796875 0.389453125 0.22109375 0.401171875 0.21171875 0.411328125 0.20859375 0.434765625 0.20703125 0.467578125 0.21640625 0.469140625 0.2203125 0.466015625 0.2296875 0.432421875
3 0.71953125 0.252734375 0.70625 0.229296875 0.693359375 0.21953125 0.69375 0.229296875 0.71015625 0.271484375 0.71484375 0.273046875 0.7203125 0.263671875 0.71953125 0.252734375
3 0.68125 0.219921875 0.658203125 0.19296875 0.630078125 0.1796875 0.61953125 0.163671875 0.605078125 0.1546875 0.587890625 0.14765625 0.573828125 0.14609375 0.566015625 0.13359375 0.544921875 0.1328125 0.541015625 0.12734375 0.528125 0.129296875 0.530859375 0.13515625 0.598828125 0.1859375 0.639453125 0.22265625 0.667578125 0.25625 0.69140625 0.262109375 0.69453125 0.255078125 0.68125 0.219921875
3 0.840625 0.456640625 0.84765625 0.448046875 0.8484375 0.442578125 0.84375 0.431640625 0.84609375 0.392578125 0.821875 0.344921875 0.81953125 0.334765625 0.807421875 0.31875 0.796484375 0.31796875 0.777734375 0.30234375 0.771484375 0.309375 0.766796875 0.31015625 0.752734375 0.29453125 0.741796875 0.2921875 0.729296875 0.28203125 0.721484375 0.28046875 0.71796875 0.287109375 0.71953125 0.300390625 0.73203125 0.315234375 0.73984375 0.336328125 0.74921875 0.348828125 0.75078125 0.361328125 0.76171875 0.384765625 0.76796875 0.417578125 0.775 0.435546875 0.79375 0.455078125 0.80234375 0.480859375 0.807421875 0.484375 0.812109375 0.48203125 0.8203125 0.483984375 0.83828125 0.470703125 0.840625 0.456640625
3 0.8328125 0.788671875 0.8390625 0.766015625 0.8609375 0.739453125 0.88125 0.703515625 0.88203125 0.689453125 0.88828125 0.671484375 0.88984375 0.637109375 0.8859375 0.631640625 0.8890625 0.609765625 0.887109375 0.60625 0.87734375 0.608203125 0.878125 0.588671875 0.868359375 0.57109375 0.8375 0.617578125 0.83046875 0.637109375 0.83125 0.662109375 0.83828125 0.667578125 0.8296875 0.675390625 0.81953125 0.702734375 0.8125 0.766015625 0.8015625 0.803515625 0.80078125 0.812109375 0.80546875 0.812890625 0.826953125 0.796875 0.8328125 0.788671875
3 0.93046875 0.648828125 0.94765625 0.572265625 0.946875 0.552734375 0.95234375 0.506640625 0.9515625 0.476171875 0.94453125 0.448828125 0.933984375 0.4359375 0.93046875 0.440234375 0.928125 0.468359375 0.9203125 0.484765625 0.92109375 0.512109375 0.90625 0.594140625 0.9078125 0.608203125 0.91875 0.619140625 0.91171875 0.649609375 0.91328125 0.668359375 0.909375 0.676171875 0.9109375 0.679296875 0.92421875 0.662890625 0.93046875 0.648828125
3 0.91875 0.485546875 0.925 0.471484375 0.925 0.461328125 0.90078125 0.368359375 0.8703125 0.315234375 0.859765625 0.30546875 0.830078125 0.290625 0.825 0.298046875 0.82265625 0.316015625 0.840625 0.380859375 0.8671875 0.435546875 0.878125 0.466796875 0.890234375 0.46484375 0.90078125 0.484765625 0.9046875 0.486328125 0.912109375 0.48203125 0.91875 0.485546875
3 0.8140625 0.277734375 0.78125 0.246484375 0.7703125 0.220703125 0.739453125 0.18984375 0.700390625 0.17734375 0.667578125 0.1546875 0.634765625 0.13984375 0.597265625 0.1296875 0.57890625 0.129296875 0.580078125 0.1359375 0.601171875 0.14296875 0.634765625 0.16484375 0.668359375 0.18125 0.689453125 0.203125 0.701171875 0.20625 0.713671875 0.221875 0.728515625 0.23359375 0.738671875 0.2375 0.773046875 0.26484375 0.78515625 0.281640625 0.7875 0.294921875 0.791796875 0.29921875 0.812109375 0.3109375 0.82109375 0.312109375 0.82421875 0.299609375 0.8140625 0.277734375
1 0.8046875 0.675390625 0.81640625 0.654296875 0.820703125 0.63515625 0.791796875 0.6375 0.78046875 0.647265625 0.76328125 0.687890625 0.76171875 0.698046875 0.765625 0.698046875 0.791015625 0.68984375 0.8046875 0.675390625
1 0.797265625 0.5140625 0.79921875 0.504296875 0.79921875 0.471484375 0.79453125 0.458203125 0.783203125 0.44453125 0.776171875 0.44140625 0.7671875 0.444140625 0.76328125 0.451171875 0.7625 0.463671875 0.7640625 0.493359375 0.76953125 0.514453125 0.7734375 0.516796875 0.776953125 0.5140625 0.797265625 0.5140625