1 0.61953125 0.788671875 0.6203125 0.778515625 0.61640625 0.765234375 0.5890625 0.709765625 0.58828125 0.698828125 0.576953125 0.69375 0.520703125 0.69765625 0.483203125 0.70546875 0.467578125 0.7125 0.4625 0.718359375 0.4625 0.727734375 0.46953125 0.749609375 0.48828125 0.763671875 0.51328125 0.798828125 0.5140625 0.808203125 0.518359375 0.8140625 0.535546875 0.8203125 0.54609375 0.819921875 0.600390625 0.80703125 0.61953125 0.788671875
1 0.36171875 0.323046875 0.36171875 0.293359375 0.3546875 0.283203125 0.3484375 0.260546875 0.341796875 0.253125 0.325390625 0.25078125 0.303515625 0.2578125 0.285546875 0.26875 0.27734375 0.278515625 0.27265625 0.301953125 0.28046875 0.351171875 0.282421875 0.3546875 0.2875 0.354296875 0.349609375 0.33359375 0.36171875 0.323046875
2 0.55859375 0.256640625 0.56328125 0.248828125 0.553515625 0.23515625 0.548046875 0.234375 0.5359375 0.244140625 0.5421875 0.254296875 0.54609375 0.284765625 0.55390625 0.287890625 0.55859375 0.271484375 0.55859375 0.256640625
2 0.53046875 0.274609375 0.53515625 0.263671875 0.5359375 0.242578125 0.530859375 0.234375 0.525390625 0.23515625 0.5140625 0.247265625 0.51953125 0.265234375 0.51875 0.282421875 0.525 0.284765625 0.53125 0.283203125 0.53046875 0.274609375
2 0.5015625 0.246484375 0.496875 0.236328125 0.491015625 0.234375 0.475 0.248828125 0.4765625 0.280078125 0.479296875 0.2828125 0.4828125 0.281640625 0.487109375 0.26640625 0.49375 0.289453125 0.49921875 0.291796875 0.496875 0.265234375 0.5015625 0.246484375
1 0.8890625 0.525390625 0.88828125 0.501953125 0.880078125 0.49140625 0.8703125 0.497265625 0.8515625 0.572265625 0.85390625 0.585546875 0.86484375 0.591015625 0.871875 0.583984375 0.8890625 0.525390625
1 0.77421875 0.267578125 0.757421875 0.25234375 0.727734375 0.23515625 0.694921875 0.2265625 0.665625 0.230078125 0.66640625 0.240234375 0.679296875 0.2546875 0.705859375 0.26953125 0.716015625 0.27890625 0.725390625 0.28125 0.734765625 0.27734375 0.763671875 0.284375 0.77890625 0.291796875 0.78359375 0.285546875 0.77421875 0.267578125
1 0.7140625 0.205078125 0.702734375 0.19453125 0.678515625 0.1828125 0.650390625 0.178125 0.610546875 0.1765625 0.591015625 0.165625 0.58046875 0.168359375 0.583203125 0.17890625 0.627734375 0.1984375 0.650390625 0.1984375 0.70859375 0.214453125 0.71640625 0.212109375 0.7140625 0.205078125
3 0.582421875 0.165625 0.592578125 0.165625 0.609765625 0.17578125 0.679296875 0.1796875 0.683984375 0.178125 0.6875 0.172265625 0.67109375 0.141015625 0.663671875 0.1328125 0.632421875 0.11328125 0.594140625 0.096875 0.547265625 0.09375 0.508203125 0.10390625 0.496875 0.119921875 0.49921875 0.133984375 0.541015625 0.1578125 0.568359375 0.16484375 0.57578125 0.209765625 0.580078125 0.2140625 0.5875 0.214453125 0.58046875 0.176171875 0.582421875 0.165625
3 0.494140625 0.121875 0.50234375 0.108203125 0.508984375 0.103125 0.530859375 0.096875 0.54140625 0.090234375 0.526953125 0.08671875 0.466796875 0.08671875 0.435546875 0.090625 0.4203125 0.102734375 0.41796875 0.112109375 0.423828125 0.11328125 0.435546875 0.1234375 0.474609375 0.12265625 0.47265625 0.145703125 0.47890625 0.148046875 0.486328125 0.12265625 0.494140625 0.121875
0 0.94296875 0.489453125 0.93828125 0.486328125 0.9296875 0.455859375 0.9359375 0.451953125 0.93203125 0.426171875 0.934765625 0.42265625 0.937109375 0.4390625 0.93984375 0.423828125 0.934375 0.416796875 0.933984375 0.4109375 0.9328125 0.415234375 0.92890625 0.416015625 0.9203125 0.384765625 0.926171875 0.37734375 0.93359375 0.405859375 0.93828125 0.408203125 0.941796875 0.415625 0.94296875 0.407421875 0.93828125 0.380859375 0.921875 0.327734375 0.91328125 0.312109375 0.90546875 0.307421875 0.90859375 0.303515625 0.90703125 0.294140625 0.89921875 0.283203125 0.89375 0.280078125 0.9015625 0.298046875 0.896875 0.301953125 0.89765625 0.310546875 0.9015625 0.314453125 0.9015625 0.335546875 0.903125 0.341015625 0.90859375 0.344921875 0.914453125 0.37109375 0.911328125 0.36796875 0.906640625 0.36875 0.90703125 0.365234375 0.90234375 0.361328125 0.90625 0.357421875 0.9015625 0.343359375 0.89765625 0.340234375 0.8859375 0.312890625 0.88828125 0.305859375 0.8828125 0.305859375 0.884375 0.295703125 0.89140625 0.294140625 0.886328125 0.2890625 0.8828125 0.293359375 0.88203125 0.286328125 0.8609375 0.261328125 0.858984375 0.25234375 0.870703125 0.26484375 0.8734375 0.263671875 0.859375 0.240234375 0.84296875 0.223828125 0.836328125 0.21171875 0.781640625 0.16875 0.741796875 0.14609375 0.678515625 0.11796875 0.639453125 0.10546875 0.616796875 0.1015625 0.618359375 0.10703125 0.633203125 0.109375 0.649609375 0.1234375 0.670703125 0.134375 0.674609375 0.140625 0.701953125 0.15703125 0.726171875 0.1796875 0.764453125 0.20625 0.803125 0.244140625 0.80546875 0.250390625 0.83515625 0.283203125 0.8390625 0.294140625 0.86796875 0.330078125 0.8703125 0.343359375 0.87578125 0.345703125 0.87421875 0.355859375 0.878125 0.365234375 0.88515625 0.367578125 0.8953125 0.384765625 0.89140625 0.388671875 0.89921875 0.392578125 0.90078125 0.401171875 0.896875 0.404296875 0.9046875 0.408203125 0.90859375 0.416015625 0.90859375 0.427734375 0.91953125 0.451953125 0.9265625 0.458203125 0.92734375 0.483203125 0.93515625 0.487109375 0.9296875 0.488671875 0.93203125 0.500390625 0.95 0.543359375 0.95 0.512890625 0.94296875 0.489453125
3 0.20546875 0.784765625 0.20625 0.776953125 0.20078125 0.766015625 0.184765625 0.75 0.173046875 0.74765625 0.169140625 0.740625 0.163671875 0.7421875 0.15078125 0.726171875 0.151953125 0.721875 0.173828125 0.721875 0.17734375 0.717578125 0.16484375 0.703515625 0.15703125 0.686328125 0.153125 0.666796875 0.14296875 0.644140625 0.1421875 0.633984375 0.13359375 0.622265625 0.13203125 0.607421875 0.1203125 0.580859375 0.11484375 0.545703125 0.11640625 0.521484375 0.1109375 0.492578125 0.1140625 0.448046875 0.11953125 0.427734375 0.11953125 0.384765625 0.12890625 0.347265625 0.12421875 0.337890625 0.1390625 0.313671875 0.14921875 0.286328125 0.16640625 0.263671875 0.1796875 0.239453125 0.18046875 0.216015625 0.192578125 0.19140625 0.1625 0.213671875 0.14375 0.241015625 0.11640625 0.288671875 0.10546875 0.325390625 0.09609375 0.341796875 0.0921875 0.373046875 0.07890625 0.419921875 0.075 0.452734375 0.075 0.458984375 0.07890625 0.462890625 0.0765625 0.474609375 0.0765625 0.551171875 0.0859375 0.598046875 0.0890625 0.632421875 0.0984375 0.655078125 0.11015625 0.703515625 0.13984375 0.749609375 0.15625 0.763671875 0.170703125 0.7828125 0.196484375 0.80078125 0.2109375 0.803515625 0.21875 0.800390625 0.20546875 0.784765625
1 0.3 0.185546875 0.3046875 0.173046875 0.302734375 0.16328125 0.290234375 0.16640625 0.265625 0.181640625 0.2578125 0.202734375 0.258984375 0.20703125 0.2640625 0.206640625 0.292578125 0.19296875 0.3 0.185546875