1 0.4424107444253859 0.9318735385934821 0.4412652358490566 0.9259804082332762 0.418747487135506 0.891041590051458 0.39897620583190396 0.8769741963979417 0.33258629502572895 0.8680369631217838 0.3098674759862779 0.8702688413379074 0.3086510008576329 0.8774947804459691 0.3175370360205832 0.8827569897084049 0.33455990737564323 0.9074059982847341 0.3598497212692967 0.92739017838765 0.38891711921097766 0.9330979536878217 0.4368449013722127 0.9347027984562607 0.4424107444253859 0.9318735385934821
1 0.8737641758147513 0.3238159331046312 0.8723150343053173 0.31186602744425385 0.8521356140651801 0.27996742538593483 0.8289968293310463 0.2665546072041166 0.8057752504288165 0.26844736963979415 0.8030504957118354 0.2746559605488851 0.8051778687821612 0.28560034648370497 0.8201897006861063 0.30889289108061746 0.8698820849056603 0.3263179048027444 0.8737641758147513 0.3238159331046312
1 0.578683626929674 0.241821025728988 0.5928082161234991 0.24257022384219554 0.6135278224699828 0.2367953704974271 0.6253732221269296 0.2235717958833619 0.61454711406518 0.20383405317324185 0.5958168353344768 0.18388535591766725 0.5785238704974272 0.17807307547169812 0.5168342701543739 0.17084324957118352 0.4894033121783877 0.17355423241852488 0.4179602024013722 0.19705190051457977 0.40139083619210975 0.21294109176672382 0.4030036217838765 0.22573287307032588 0.42076386363636364 0.2384438036020583 0.4382559562607204 0.23853842538593484 0.4458564939965694 0.23269260548885076 0.455117127787307 0.2308925205831904 0.5122937152658662 0.2328837924528302 0.5390227864493997 0.2355513524871355 0.5559529802744425 0.24623941595197257 0.5704166852487136 0.24648585420240138 0.578683626929674 0.241821025728988
1 0.0593075051457976 0.48693553945111495 0.07242657461406518 0.4870065060034306 0.08075265437392797 0.4714091200686107 0.1440589271012007 0.4285246526586621 0.17256637135506003 0.41337283190394514 0.18011959862778731 0.4162730583190395 0.19510971869639793 0.41248558919382505 0.20727057890222983 0.4031322778730703 0.21372560806174956 0.39139332761578044 0.2811702933104631 0.36080970840480275 0.2946876174957119 0.3494453576329331 0.29928342281303605 0.33937833104631215 0.30400933361921095 0.30525967753001715 0.3012510394511149 0.2865747658662093 0.2931142024013722 0.26718796655231564 0.2965526715265866 0.2534143216123499 0.29479989794168093 0.235407641509434 0.2822900377358491 0.21599718696397943 0.27002467238421957 0.21357606518010291 0.2428973473413379 0.2223438233276158 0.17266876843910806 0.27006859005145795 0.14095746483704974 0.2867168627787307 0.09058296226415094 0.33320344425385934 0.04605427873070326 0.3872905626072041 0.04145847255574614 0.397357589193825 0.03523611063464837 0.4282723833619211 0.03443960120068611 0.4511430188679246 0.03941794682675815 0.4947332607204116 0.0442819013722127 0.4972825437392796 0.0593075051457976 0.48693553945111495
1 0.06692586706689536 0.571075808747856 0.07287813636363637 0.5589977427101201 0.0710090283018868 0.531403140651801 0.0650232204116638 0.5185877041166381 0.04794121012006861 0.5048712538593482 0.04087891509433962 0.504496654373928 0.02697516552315609 0.5251098121783877 0.028166040308747857 0.5537099339622641 0.033309973413379074 0.56668901457976 0.04945742967409949 0.5666081646655231 0.059500801029159514 0.5755769931389366 0.06692586706689536 0.571075808747856
3 0.9319819313893654 0.506457614922813 0.9327547847341338 0.4879600025728988 0.9285118670668954 0.46388472041166384 0.9251325360205832 0.46672580789022305 0.9251305917667239 0.498178845626072 0.9210375463121784 0.5085849879931389 0.9240541063464837 0.5106196826758148 0.9319819313893654 0.506457614922813
3 0.9192591732418525 0.5264043679245284 0.9200083713550601 0.5122797787307033 0.9159665240137221 0.45103380017152656 0.9082161132075472 0.4223981955403088 0.894909744425386 0.4258583765008576 0.8935414536878217 0.43005592795883363 0.8900990969125213 0.5067356483704973 0.8956629957118354 0.5353594253859348 0.8998605463121785 0.5367277169811321 0.9067828524871355 0.5318874168096055 0.9106294605488852 0.5359449794168096 0.9192591732418525 0.5264043679245284
3 0.916974152658662 0.6067907075471698 0.9247501620926244 0.5996002521440824 0.9418242315608919 0.5525971397941681 0.9390205711835334 0.5112052367066895 0.9276443919382503 0.4998744245283019 0.9196810831903944 0.5105960274442538 0.9090383867924527 0.5502332126929674 0.9037978885077187 0.5861992615780446 0.9046851312178388 0.6087426089193826 0.916974152658662 0.6067907075471698
3 0.9252352624356774 0.6964849914236707 0.9259844605488852 0.6823604022298456 0.943947716981132 0.6264475994854203 0.9385356346483705 0.6008522101200686 0.9315660180102917 0.6144385557461406 0.9252292667238422 0.6043123910806175 0.9064142495711836 0.6311223121783877 0.8992080789022298 0.6884388885077187 0.8974514176672385 0.7333382838765009 0.9252352624356774 0.6964849914236707
3 0.1100726526586621 0.7413575034305318 0.10941807632933105 0.73799 0.09082972984562607 0.6918031646655232 0.06234982933104631 0.6396758876500858 0.05363926586620926 0.6330690420240137 0.04413219382504288 0.6493328319039451 0.05766928559176672 0.6965015317324185 0.06482425814751287 0.7108370754716982 0.07169925300171527 0.7147428224699829 0.08589286449399657 0.733825987993139 0.09493071612349914 0.7421165849056605 0.10182936620926243 0.741649308747856 0.10551233018867924 0.7448649948542023 0.1100726526586621 0.7413575034305318
3 0.14913222384219554 0.8276862281303602 0.14799854288164666 0.8196065857632934 0.10586327358490566 0.7421757238421955 0.09544530360205833 0.7402691895368781 0.08572922041166381 0.7329841123499142 0.07808331560891939 0.7161229408233276 0.0688581655231561 0.7113634914236707 0.06565430617495711 0.7128599433962265 0.05836922898799314 0.7225760265866209 0.0701062358490566 0.7604840926243568 0.11004510977701544 0.8086366012006861 0.1283081114922813 0.8216866483704974 0.13196741938250428 0.8292753576329331 0.14021070583190395 0.8289835531732419 0.14913222384219554 0.8276862281303602
3 0.1852008344768439 0.8761541972555745 0.1603211037735849 0.8425481869639795 0.13299659519725557 0.8255805668953687 0.1327856397941681 0.8334847367066895 0.12638974957118354 0.8342911295025729 0.13571940566037735 0.850825012864494 0.18534082332761578 0.8813690960548884 0.1852008344768439 0.8761541972555745
2 0.534501834476844 0.16959323499142367 0.5318835291595198 0.1561232221269297 0.5206828216123499 0.1434477744425386 0.5137959991423671 0.14172853945111494 0.5124040523156089 0.1502991140651801 0.5207518439108062 0.16178174271012005 0.5188571380789022 0.17001320068610634 0.5296142238421955 0.17141697512864496 0.534501834476844 0.16959323499142367
2 0.753837216981132 0.2619430857632933 0.7590639433962265 0.25961658576329333 0.7580820789022299 0.2545653310463122 0.7499215866209263 0.23955155574614065 0.7375398876500857 0.22754251200686107 0.7356451809605489 0.23577396998284733 0.7297402229845626 0.23910599056603776 0.7307220874785593 0.24415724528301885 0.7407063198970841 0.26405863121783874 0.750434229845626 0.26915719725557463 0.753837216981132 0.2619430857632933
3 0.8241249339622642 0.20328576072041166 0.8204892813036021 0.1913240283018868 0.8332692341337908 0.1918977538593482 0.8224431260720412 0.17216001200686107 0.7916466089193824 0.14407253430531733 0.777732974271012 0.13541916552315608 0.7675377873070326 0.12342194939965694 0.7512739974271012 0.11391487735849057 0.744375346483705 0.11438215437392797 0.7436616320754718 0.12194720926243569 0.7528512993138936 0.1332661938250429 0.7619936560891938 0.15333122384219555 0.779391126929674 0.1709179382504288 0.8092294348198971 0.18958113807890223 0.8209210746140652 0.20478221355060033 0.8241249339622642 0.20328576072041166
3 0.9699392530017152 0.454521524871355 0.9667609931389366 0.4201919159519726 0.9501856303602059 0.34390850686106345 0.9226422264150942 0.2741254931389366 0.91795374271012 0.27023157461406516 0.9075239451114923 0.270511551457976 0.9061319991423671 0.2790821260720412 0.9168161749571183 0.32505800686106345 0.9314297521440823 0.3597858696397942 0.9504144090909091 0.42599042538593485 0.9584349125214409 0.4357893018867925 0.9641861106346484 0.46088193224699825 0.9673663147512865 0.46375850257289886 0.9699392530017152 0.454521524871355
1 0.7207673413379073 0.1255237229845626 0.7139041740994855 0.11943146569468269 0.6930918893653516 0.11124537392795884 0.6747697487135506 0.10912788507718697 0.6747460934819898 0.11350090823327616 0.6846258207547169 0.12162786106346483 0.7052508053173242 0.13334509948542025 0.7252330420240137 0.13950832418524872 0.7207673413379073 0.1255237229845626
3 0.6074452838765009 0.08639335077186963 0.6014239922813036 0.08013744854202401 0.544996602058319 0.06402158747855917 0.5271180831903945 0.07317577272727273 0.5314556226415095 0.07975896226415094 0.5626740497427102 0.09203809948542024 0.5746476106346484 0.08621593481989709 0.6045687126929674 0.08957355488850771 0.6074452838765009 0.08639335077186963
3 0.7031333164665523 0.15166724013722127 0.6855722015437393 0.1332386500857633 0.6597441449399657 0.11947488850771869 0.6419247650085763 0.1176965154373928 0.6325477975986278 0.10990867838765007 0.6135001149228131 0.11754275557461408 0.6178258267581475 0.12631245711835334 0.6577311620926244 0.14957146312178388 0.6622678293310463 0.15043699399656948 0.6663372195540309 0.14440387478559177 0.6823092041166381 0.14566766037735848 0.7009349768439108 0.15384192367066896 0.7031333164665523 0.15166724013722127
3 0.6210888250428817 0.11388344682675813 0.6377508687821613 0.11195520154373927 0.6106136595197256 0.09145643310463121 0.587766680102916 0.08628690137221269 0.5716073953687822 0.08855426329331047 0.5739102401372213 0.098154012864494 0.6121436509433963 0.11955379502572898 0.6210888250428817 0.11388344682675813
1 0.5701425394511149 0.14169694425385934 0.5691606749571183 0.13664568953687822 0.5559489279588337 0.12261377787307033 0.5173764005145798 0.10171675557461407 0.4897817993138937 0.1035858627787307 0.48216943396226414 0.11161819468267582 0.48546597084048027 0.12408268696397941 0.5052135969125214 0.14252310463121784 0.564413052315609 0.14368432847341336 0.5701425394511149 0.14169694425385934
1 0.43650706946826756 0.15762567066895367 0.4399100557461406 0.1504115600343053 0.43174956346483706 0.13539778387650087 0.42186983619210977 0.12727083104631218 0.3868619965694683 0.13145461063464836 0.37488843567753 0.13727677530017152 0.3699416861063465 0.1500330728987993 0.3745710317324185 0.1648595497427101 0.37976227530017154 0.16909258404802746 0.43650706946826756 0.15762567066895367
1 0.4906236749571183 0.10342221869639794 0.5165345248713551 0.10188039965694683 0.5165463524871355 0.0996938885077187 0.4965877718696398 0.08915764150943396 0.470162333619211 0.09254685591766723 0.46610477101200687 0.09639346397941681 0.46589381646655226 0.10429763379073756 0.47912921869639796 0.11395652229845625 0.4906236749571183 0.10342221869639794
1 0.4896181552315609 0.102743987135506 0.5278298542024014 0.09706375557461407 0.5293617890222985 0.09370807975986278 0.5194820626072041 0.0855811269296741 0.5026918567753001 0.08010796226415094 0.48115403001715273 0.08167343653516296 0.47390443567753004 0.08482998542024013 0.4747108284734134 0.09122587564322471 0.465402884219554 0.10177200686106347 0.47896557461406514 0.11311464665523158 0.4896181552315609 0.102743987135506
1 0.48164496226415093 0.08419906432246999 0.486380756432247 0.07934693653516295 0.4642238361921098 0.0709853730703259 0.4497483036020583 0.07292544682675814 0.44180865008576325 0.07927402658662093 0.45253025300171523 0.08723733533447685 0.4686777092624357 0.08715648542024013 0.48164496226415093 0.08419906432246999
1 0.4541213267581475 0.07294910205831905 0.4528240017152659 0.06402758404802746 0.4238611080617496 0.07009424271012007 0.42062176586620925 0.07815022984562608 0.4290168687821613 0.08088681217838765 0.4541213267581475 0.07294910205831905
1 0.48897734991423675 0.06573693481989708 0.4859726183533448 0.06151572813036021 0.4740463679245283 0.058591846483704975 0.45518598456260717 0.06269477615780446 0.4588452933104631 0.07028348627787308 0.47499274957118354 0.07020263636363636 0.48897734991423675 0.06573693481989708
1 0.4264538147512864 0.11939031646655232 0.42433826929674096 0.10625941938250429 0.40994553001715267 0.0928939116638079 0.37458674699828476 0.09976696312178387 0.3670907144082333 0.11738721612349913 0.3713927718696398 0.1305299408233276 0.4264538147512864 0.11939031646655232
1 0.2972939296740995 0.17857016895368782 0.2998550403087478 0.1715197024013722 0.29775132246998287 0.15620229331046312 0.3011424811320755 0.15117469382504287 0.28059834648370496 0.15560491166380788 0.2500562066895369 0.17377329245283019 0.246067666380789 0.19595386792452832 0.248055051457976 0.2016833550600343 0.2972939296740995 0.17857016895368782