1 0.4597090545023697 0.40529097630331756 0.4982173420221169 0.4075655331753555 0.5053987259083729 0.4032505221169036 0.5406110734597157 0.34364799999999995 0.5474883088467615 0.312799855450237 0.552849172985782 0.3076239020537125 0.5370315868878357 0.28780575434439176 0.4724627440758294 0.27577728830963666 0.44870764849921013 0.27636704423380726 0.42908059241706165 0.2914182037914692 0.40074754028436016 0.32342937835703 0.3808451777251185 0.357542560821485 0.377594560821485 0.3673150110584518 0.37836922748815166 0.3805332898894155 0.3873793728278041 0.3901064083728278 0.4597090545023697 0.40529097630331756
1 0.5640053404423381 0.8326318641390206 0.5986794360189573 0.8306941666666666 0.6066272464454976 0.826570247235387 0.6292172519747234 0.8012678775671406 0.6403170426540284 0.7828695260663507 0.650656587677725 0.7740504723538705 0.6581153380726699 0.7539302361769352 0.6787861872037915 0.7232649431279621 0.6919818048973143 0.6866655110584519 0.6956125442338073 0.672103410742496 0.6937899636650868 0.6679856721958926 0.6328642211690363 0.6609358862559241 0.6090146097946288 0.6635372535545024 0.5808747093206951 0.6980387985781991 0.5452781184834123 0.7559173775671406 0.5357070600315956 0.7681843191153238 0.5314927448657188 0.7687617140600316 0.5299660726698262 0.7781499210110584 0.5077664913112164 0.814946625592417 0.5071993973143759 0.827016294628752 0.5640053404423381 0.8326318641390206
1 0.3242578601895735 0.8489717227488152 0.33037484992101107 0.8277028775671406 0.3283529375987362 0.8113243775671405 0.30899294707740915 0.7942863278041075 0.2953863048973144 0.7868234565560822 0.24939454502369668 0.7655875734597156 0.2370372085308057 0.7645417203791469 0.24336589099526068 0.7750744170616113 0.24549055924170615 0.8024684928909953 0.2540240055292259 0.8155860758293839 0.27913116271721955 0.8324289131121643 0.3093135774091627 0.8468738364928909 0.3242578601895735 0.8489717227488152
1 0.4489491872037915 0.9610608064770931 0.4655125987361769 0.9485020774091628 0.40448822037914695 0.9369503096366509 0.39041105924170616 0.9428022938388626 0.3892645102685624 0.9474008515007899 0.3948226461295418 0.951228863349131 0.4489491872037915 0.9610608064770931
1 0.7951699312796208 0.7250112977883096 0.813557982622433 0.7198271042654029 0.8230365860979463 0.7128285710900474 0.8333720102685623 0.6974959241706161 0.8505867306477093 0.6545719304897315 0.8593748815165876 0.6160595221169036 0.8635747748815167 0.5926845497630332 0.8579180031595577 0.5843545560821485 0.8471880347551344 0.5816792748815166 0.8394354360189573 0.5915503609794628 0.7851077535545024 0.718025125592417 0.7860693917851501 0.7239633846761453 0.7951699312796208 0.7250112977883096
1 0.7823681050552923 0.32414585939968404 0.7829351990521327 0.31207619036334916 0.781003682464455 0.2871724849921011 0.7712188712480254 0.2643810876777251 0.7417967022116904 0.24035686571879936 0.730298247235387 0.23423369589257503 0.7230182274881517 0.234046724328594 0.7139259281200632 0.24602599842022116 0.7191039407582939 0.25464365955766194 0.7179635718799368 0.26901260742496047 0.7221881879936809 0.2847191966824644 0.731486 0.2947710742496051 0.7737463238546604 0.3228102788309637 0.7823681050552923 0.32414585939968404
1 0.8697613072669826 0.3784982638230648 0.855741579778831 0.32371629304897315 0.8450978862559242 0.3060022124802528 0.8364740450236967 0.3014098349131122 0.8342734020537126 0.30533854265402843 0.8360055868878357 0.31798148657187997 0.8458006990521327 0.3570568680884676 0.8522259573459715 0.36883475039494473 0.8647826263823064 0.38214136413902056 0.8697613072669826 0.3784982638230648
2 0.15297034597156398 0.5172698159557663 0.15564768720379146 0.509796644549763 0.1596482488151659 0.4741609107424961 0.16116874091627173 0.4550023127962085 0.15780300710900474 0.4342184060031596 0.14871276777251186 0.44945447709320696 0.14221771563981042 0.47876976935229065 0.1422300766192733 0.4983105505529226 0.1489471224328594 0.5170807843601896 0.15297034597156398 0.5172698159557663
2 0.4226695039494471 0.1506136334913112 0.4341576579778831 0.14045281911532384 0.43252410979462874 0.1323118570300158 0.42658379067930485 0.13001669826224327 0.4180606453396524 0.13318310031595576 0.4086786184834123 0.14142681832543444 0.40332187440758294 0.15311636492890995 0.4226695039494471 0.1506136334913112
1 0.6342523617693523 0.12969375750394943 0.638176948657188 0.1253808072669826 0.6108670884676146 0.10920987993680883 0.5861482946287521 0.10060457977883096 0.5499392859399683 0.09890329699842022 0.5435263886255924 0.10666619668246445 0.5473605797788309 0.11087845102685624 0.6342523617693523 0.12969375750394943
1 0.7265070679304898 0.1465899083728278 0.7187400481832543 0.13366341706161136 0.6909534889415482 0.12103695418641391 0.6831947101105845 0.12113765007898894 0.6833899218009479 0.12688481753554504 0.6896199684044234 0.13291553238546602 0.7226769960505529 0.14889124723538705 0.7265070679304898 0.1465899083728278
3 0.08786737124802528 0.5694197685624013 0.08920501184834123 0.5640547843601895 0.08421603001579778 0.5514139004739337 0.08286396840442338 0.5339813064770933 0.08456525118483411 0.4977722977883096 0.08858641390205371 0.494704532385466 0.08724259320695103 0.4902991263823065 0.09662668009478673 0.48531220458135865 0.09528285860979463 0.480906798578199 0.101021785150079 0.4676843996840442 0.11209685466034755 0.41020448499210116 0.124152102685624 0.38797400157977885 0.12655001816745656 0.39304925829383885 0.13057324091627173 0.3932382898894155 0.13870802290679304 0.3818343507109005 0.14502022432859402 0.3663126721958926 0.15017557582938387 0.33910556793048974 0.16777659873617692 0.30116231437598734 0.20682107898894156 0.2425152496050553 0.2372581982622433 0.20533018167456557 0.23744310900473933 0.19479336492890995 0.22680559636650865 0.18684967456556084 0.22622614139020536 0.17937856319115325 0.20515456714060032 0.18226553791469197 0.19443283965244865 0.1926174439178515 0.18542887519747236 0.19281471563981042 0.1776783372827804 0.20594259952606633 0.1747071477093207 0.20316662164296997 0.16025192417061612 0.21706505134281198 0.13544891469194315 0.2267553475513428 0.11486434044233806 0.2423818420221169 0.10069678436018957 0.25675903080568724 0.09094287519747235 0.2828195860979463 0.05324015718799368 0.3426152606635071 0.04654577251184834 0.3596697914691943 0.03984314691943128 0.36369713507109 0.02359830568720379 0.42558657582938386 0.021315507898894154 0.4510676753554503 0.02362508767772512 0.46792493443917854 0.04474404423380727 0.5399442875197472 0.04953575434439179 0.5435812069510269 0.054506194312796206 0.5269109194312795 0.05785750710900474 0.524897247235387 0.06371361137440759 0.5454880023696682 0.08269553870458136 0.5705724984202212 0.08786737124802528 0.5694197685624013
3 0.23955747709320696 0.20590345655608214 0.26310912006319115 0.186539345971564 0.31021858767772514 0.1575815157977883 0.33070246524486574 0.13419624170616112 0.33644345260663505 0.12423063981042655 0.3359585126382307 0.11474791627172196 0.32829424960505527 0.11283700078988941 0.30511860900473936 0.12089786808846761 0.26825417061611373 0.14304825750394945 0.2332164336492891 0.17582997867298578 0.22632065639810425 0.17736695181674567 0.22996375671406002 0.1823456327014218 0.22728435466034755 0.18656200789889416 0.23121306240126382 0.18876265086887836 0.23322879462875196 0.19537075987361768 0.23227745734597158 0.2057164849921011 0.23955747709320696 0.20590345655608214
3 0.3415413704581359 0.1576574897314376 0.37467849368088463 0.1488240157977883 0.38693307424960505 0.13885429304897315 0.40244651184834124 0.13213930726698261 0.4231317819905213 0.12427159162717219 0.44956627962085305 0.11946546050552921 0.48040206319115325 0.10680191548183256 0.5007934849921011 0.08868504976303318 0.5059653175355451 0.08753232069510268 0.5068241998420222 0.08245500315955767 0.5024187938388626 0.08379882464454977 0.49906336097946286 0.07929890284360189 0.5074878696682464 0.07163051895734597 0.5061419881516588 0.06396831595576619 0.4999140023696682 0.061194398894154824 0.47405277883096364 0.0637012503949447 0.4439813617693523 0.07329909083728278 0.4020313657187993 0.08156340995260664 0.38134609557661925 0.08943112559241706 0.34180225592417063 0.11579788941548184 0.3305113736176935 0.1349626682464455 0.3151952085308057 0.15068161848341233 0.31443290205371244 0.15700412085308055 0.3415413704581359 0.1576574897314376
3 0.4899793017377567 0.10430536413902053 0.49361622195892574 0.09951365481832543 0.5074077748815166 0.09643970853080569 0.5311649312796208 0.09910674960505529 0.5363347037914692 0.09469722353870458 0.5447653933649289 0.09679922985781991 0.567560910742496 0.09352801263823064 0.5843195339652448 0.08671645023696684 0.5852749913112164 0.08288431911532386 0.5740600837282781 0.07072631437598736 0.5725231105845182 0.06383053712480252 0.5681156437598737 0.061917561611374405 0.5397599304897314 0.05810397156398105 0.5127480379146919 0.05869578751974724 0.48985800394944706 0.06397861690363349 0.4926422227488152 0.07403461453396525 0.4977174794628752 0.07163669984202212 0.4981099628751975 0.08638783096366509 0.4941853759873618 0.09070078199052133 0.4879594494470774 0.09118366113744075 0.4850930766192733 0.1026800560821485 0.4899793017377567 0.10430536413902053
3 0.6757598759873618 0.9362039834123224 0.7495915078988942 0.9029187812006318 0.7727589083728278 0.8818307259083729 0.7800368680884676 0.8787609004739335 0.8009049889415482 0.8570995710900473 0.8054973665086889 0.8484757298578199 0.8351742401263823 0.8208699612954187 0.8610148617693523 0.7857951413902053 0.90635712164297 0.6888288199052133 0.9155356958925751 0.661810747235387 0.9262306421800949 0.6091204826224328 0.9294853791469194 0.6058616255924171 0.9273689510268562 0.5914947369668246 0.9346160086887835 0.5395729589257504 0.9353391714060031 0.4713713167456556 0.9290043088467614 0.45106822985781986 0.9293803112164297 0.43976498657187996 0.9170804075829383 0.3780851785150079 0.9082510537124803 0.35146165007898894 0.9001963665086887 0.3380563996840442 0.8942436872037914 0.31622045971563983 0.881485625592417 0.2873962875197472 0.8559859842022116 0.25580231832543443 0.8538736769352291 0.24794902369668245 0.8416087954186413 0.24163476224328592 0.8408382488151659 0.2349300766192733 0.8245522045813586 0.2316835805687204 0.8190947646129542 0.2356143483412322 0.8277247859399683 0.24997711690363347 0.8317665505529226 0.27947731911532386 0.8386746879936808 0.2974811279620853 0.835230920221169 0.30476320774091625 0.8470170426540284 0.3113651366508689 0.8620785031595576 0.34727617693522905 0.866693541864139 0.3744771011058452 0.8647846872037915 0.38539816113744074 0.8803393270142179 0.443819112164297 0.8790470094786729 0.5208336263823065 0.8647110236966825 0.5718020071090048 0.8635809557661928 0.6024549399684044 0.85325789178515 0.6373283680884676 0.8538394067930489 0.6480562764612955 0.8482915718799369 0.6605122488151659 0.8498264842022117 0.6641512290679306 0.8400705150078989 0.6869549873617694 0.8385479628751975 0.7028567883096366 0.8299323625592417 0.711291598736177 0.82515301342812 0.7271954597156398 0.7931892219589257 0.7737687345971564 0.7778833570300159 0.8057716690363349 0.748401695892575 0.8391246050552923 0.7307862511848341 0.8542702804107425 0.7060921785150078 0.8847465426540284 0.6794727701421801 0.900089490521327 0.6729674170616115 0.9131207977883096 0.656691672985782 0.9261582859399684 0.6614875031595576 0.9363087993680885 0.6757598759873618 0.9362039834123224
2 0.6880636484992101 0.8525731184834122 0.6925594502369669 0.8427040916271722 0.6850883388625593 0.8432835466034756 0.6702468120063191 0.8522012361769352 0.6668009834123222 0.8562265189573459 0.6715947535545024 0.8631202361769352 0.6880636484992101 0.8525731184834122