1 0.33482143540669856 0.3168284138755981 0.35610910925039874 0.3135028827751196 0.38391948724082936 0.31865795215311005 0.44091149362041465 0.30676745454545457 0.4486532870813397 0.2922646220095694 0.4612330247208931 0.279664696969697 0.4553427639553429 0.24100333333333335 0.44825540988835727 0.2212592575757576 0.4323281459330144 0.21663765311004785 0.3876005590111643 0.21639570414673046 0.35863707814992024 0.22202563476874002 0.33982795933014354 0.2297436259968102 0.33542450159489634 0.23425525358851673 0.3372908006379585 0.294008139553429 0.33266919617224877 0.30993540271132375 0.33482143540669856 0.3168284138755981
1 0.14129647129186604 0.35769535167464117 0.16010559011164274 0.34997736044657096 0.17580551674641148 0.3388018660287081 0.18054628787878788 0.32975661562998404 0.18839625119617223 0.3241688692185008 0.2070312145135566 0.3197342248803828 0.21052171052631577 0.31052581738437 0.22674410446570972 0.2895002807017544 0.23457387958532694 0.25873287081339713 0.23511834210526314 0.2448166842105263 0.2248008205741627 0.24397889872408296 0.1910965677830941 0.2586540797448166 0.15919624242424243 0.286788966507177 0.1511391307814992 0.30175927751196174 0.13975287320574162 0.35393352791068583 0.14129647129186604 0.35769535167464117
1 0.7320313030303031 0.32288694736842105 0.748393052631579 0.3339230861244019 0.7694845749601277 0.3379470470494418 0.7711491475279106 0.3193450773524721 0.7511905406698565 0.27935645454545455 0.7310889633173844 0.2657977695374801 0.7112587137161084 0.2599038947368421 0.7037350661881978 0.2629910909090909 0.7320313030303031 0.32288694736842105
1 0.6190334688995215 0.2221830637958533 0.6353952177033493 0.23321920255183415 0.6692718189792664 0.24450648086124402 0.6797524984051037 0.24409399122807018 0.685569389154705 0.23849524641148326 0.6672845454545454 0.2071173883572568 0.6464001714513556 0.19371086363636364 0.6168720390749601 0.1880773181818182 0.5994983492822966 0.19064204784688993 0.6190334688995215 0.2221830637958533
1 0.45067340111642745 0.15011273046251994 0.45457638755980856 0.15138500159489635 0.4894759274322169 0.14703833971291866 0.5178417655502392 0.1362441499202552 0.515993846092504 0.13091673205741627 0.5035460813397129 0.1191197918660287 0.48417231259968097 0.11557430701754386 0.45803569776714514 0.11903000318979266 0.43624755263157894 0.1281394322169059 0.45067340111642745 0.15011273046251994
1 0.7926918827751196 0.5868966172248804 0.8093047711323764 0.580417903508772 0.8262127894736843 0.5482920494417862 0.8268672288676236 0.5140451411483253 0.8248891451355662 0.5038687822966507 0.8175726467304625 0.4975734154704944 0.8018947153110048 0.5046827655502393 0.789118826953748 0.5246321818181817 0.7891262097288676 0.5810907232854865 0.7926918827751196 0.5868966172248804
1 0.8228890661881977 0.4977585685805423 0.828661966507177 0.5002921124401913 0.8410345550239234 0.4970747511961722 0.8491136626794258 0.4780382958532695 0.8484188476874003 0.4619258787878788 0.8427669218500797 0.4370285414673046 0.8317105948963317 0.42821062838915475 0.8190336858054227 0.42986239633173845 0.8139995909090909 0.43530898086124403 0.8192482169059011 0.4769383732057417 0.8228890661881977 0.4977585685805423
1 0.7402812583732057 0.7059422942583732 0.7465436331738436 0.7047250119617224 0.7752907751196173 0.6812649106858054 0.7987874840510366 0.6454212232854865 0.8031157655502392 0.6258952942583732 0.7996160789473684 0.6078909681020733 0.7931043732057416 0.5973772958532696 0.7830801746411483 0.6001381762360446 0.7664232958532696 0.6147491778309411 0.7462319298245614 0.6467008771929824 0.7382811794258374 0.6998320797448165 0.7402812583732057 0.7059422942583732
1 0.6660403054226476 0.8129838819776715 0.6837403118022328 0.8079186020733652 0.7041150231259968 0.7998962902711323 0.7130740996810208 0.7916558325358851 0.7348970454545454 0.7472013803827752 0.7375075733652313 0.7271969744816587 0.7350510127591706 0.718738370015949 0.720993663476874 0.7153780390749601 0.7090775566188198 0.7209437910685805 0.6664564106858054 0.764972947368421 0.661074004784689 0.7769862272727273 0.6667919170653908 0.7896851315789474 0.6643445470494418 0.8084392615629984 0.6660403054226476 0.8129838819776715
1 0.3392673835725678 0.6803138405103668 0.34974625518341307 0.7091471570972887 0.35564932057416265 0.7165296419457735 0.38628656539074957 0.7195104760765549 0.40361626475279105 0.7250780350877193 0.4644342727272727 0.7286913133971292 0.5470624218500797 0.7191290183413078 0.5816796363636363 0.7091506188197767 0.5874965279106859 0.7035518740031897 0.5891281076555024 0.691049120414673 0.5848474314194577 0.6439511475279106 0.575066990430622 0.57273863476874 0.5641848189792663 0.5606373732057416 0.5377438835725677 0.5625274752791068 0.5333954138755981 0.5568737424242424 0.5235453716108452 0.5563512751196172 0.5220017735247209 0.552589451355662 0.5049543995215311 0.5526536307814992 0.49590914912280704 0.5479128588516746 0.4652279138755981 0.5530643133971291 0.45398643381180226 0.5495628189792664 0.4464627862838915 0.5526500159489632 0.4388089736842105 0.5508882711323764 0.43065468979266347 0.5549104242424242 0.4237836746411483 0.5529965199362041 0.38855781818181817 0.5598437320574162 0.37762065869218503 0.5579078317384369 0.35507171212121214 0.5631032767145135 0.31964970494417866 0.5772999816586921 0.3127127033492823 0.5875845095693779 0.3392673835725678 0.6803138405103668
1 0.8052753883572568 0.689246846092504 0.8164306945773524 0.6797671108452951 0.836295744816587 0.6503159625199362 0.8407981818181819 0.6275066858054226 0.8358520685805423 0.6166886929824562 0.8251752384370016 0.6244506754385964 0.8108337567783094 0.6447044122807017 0.8012092440191388 0.689224850877193 0.8052753883572568 0.689246846092504
1 0.8398980247208931 0.5915310263157895 0.8444426451355661 0.5898352679425837 0.8598932400318979 0.5669288189792663 0.8611563205741627 0.5358130980861244 0.8513612663476873 0.5251252711323764 0.8444682559808613 0.5272775103668261 0.8383030534290271 0.5394429497607656 0.8369629888357257 0.5847901754385965 0.8398980247208931 0.5915310263157895
1 0.8568316539074959 0.49684741387559805 0.8615174370015949 0.4979675247208932 0.868595601275917 0.4904988660287082 0.8716186188197766 0.480975139553429 0.8683370789473683 0.4515551770334928 0.8624340135566188 0.444172692185008 0.8568022751196173 0.44445501754385963 0.8517681810207337 0.4499016020733652 0.8548645677830942 0.4846379840510367 0.8568316539074959 0.49684741387559805
2 0.7018838397129187 0.6630388229665072 0.7291515622009569 0.6528642719298245 0.747678355661882 0.6395145430622009 0.7528866060606061 0.6307846108452951 0.7518214840510367 0.625305033492823 0.7427872312599682 0.6185311897926634 0.733675995215311 0.6259888508771929 0.719737812599681 0.6295105326953748 0.6895772368421053 0.6540577519936204 0.6887724449760766 0.6582760558213716 0.7018838397129187 0.6630388229665072
2 0.5345084481658692 0.8426129537480064 0.595718759170654 0.8315272488038277 0.6111033676236045 0.8208192328548644 0.6076788572567783 0.8178292081339713 0.5964153811802233 0.8183938588516746 0.5497518939393939 0.8290890693779905 0.5273771028708134 0.8310011666666666 0.5273551076555024 0.8350673110047847 0.5351720781499202 0.8355787807017544 0.5268546363636364 0.8408512089314194 0.5345084481658692 0.8426129537480064
2 0.48714833811802233 0.8664415542264753 0.49308439712918667 0.8677248229665071 0.5373774984051037 0.8615522376395535 0.570265961722488 0.8531284330143541 0.5676242480063796 0.8499862480063797 0.5496639130781499 0.8453536467304624 0.5255493724082935 0.8508534122807017 0.48643152791068583 0.8543952814992026 0.48279986921850077 0.8607878213716109 0.48714833811802233 0.8664415542264753
2 0.6806252368421053 0.37187321531100476 0.6849847041467305 0.3754938763955343 0.718600976076555 0.3770832727272727 0.7309735645933014 0.3738659114832536 0.7410307551834131 0.36500581419457734 0.735758326953748 0.35668837240829343 0.7121882488038278 0.34827195135566186 0.6977275996810207 0.3616436754385965 0.6798754338118023 0.365926158692185 0.6806252368421053 0.37187321531100476
2 0.7008441746411483 0.4215597200956938 0.7129216323763956 0.4439894992025518 0.7473866866028708 0.433228303030303 0.7595319385964912 0.41421384290271135 0.7538360223285486 0.3974487942583732 0.74791096092504 0.3941324537480064 0.7109673516746411 0.40050119059011163 0.700965149122807 0.39919592663476877 0.6960942121212121 0.40339223604465707 0.7008441746411483 0.4215597200956938
1 0.5364273149920255 0.2276792145135566 0.5473626674641149 0.25886092185007975 0.554189692185008 0.2689071148325359 0.5550366674641148 0.28580232854864435 0.5608095685805422 0.2883358724082935 0.5814226148325359 0.2940775869218501 0.6283464322169059 0.2930802583732057 0.6461985980861243 0.2887977751196172 0.653929393939394 0.27632801515151517 0.6536470685805422 0.27069627751196174 0.6384714162679426 0.24277592264752793 0.628687360446571 0.23005502232854863 0.6208923851674641 0.2254774090909091 0.5976266275917066 0.2186265813397129 0.5644888325358852 0.21531943141945772 0.539135014354067 0.21862296650717705 0.5297194577352472 0.22451503429027114 0.5364273149920255 0.2276792145135566
1 0.030949693779904305 0.46078815470494416 0.03548331658692185 0.46112546889952155 0.04571466347687401 0.44898202472089316 0.056242948165869215 0.3819456323763955 0.05471034768740032 0.37615073684210526 0.0457732663476874 0.38032505023923446 0.036607041467304625 0.3979480725677831 0.030199889952153114 0.45484109888357255 0.030949693779904305 0.46078815470494416
1 0.041485514354066985 0.6236520725677831 0.04708425917065391 0.6294689633173843 0.05491222727272727 0.6279473604465711 0.058859204146730466 0.6210873429027113 0.0470988716108453 0.56894427830941 0.032128560606060605 0.5608871658692185 0.028931387559808616 0.573694240031898 0.041485514354066985 0.6236520725677831
3 0.09240179984051038 0.23153309489633175 0.09977328708133971 0.22766310127591707 0.13134729585326954 0.20202876555023924 0.19190678229665073 0.16669835486443382 0.2267201475279107 0.14937046331738438 0.2789072033492823 0.12947784210526317 0.42683380303030305 0.10478569298245614 0.4684521977671452 0.10157013875598087 0.502220629984051 0.10394233253588517 0.5241829306220095 0.09154955582137161 0.5298476618819777 0.08516801435406698 0.5132035877192982 0.06850013716108452 0.4967868500797449 0.06762935885167463 0.48039210845295055 0.06269243620414673 0.4331639704944179 0.06212417145135566 0.40326553189792663 0.0671234649122807 0.4001453429027113 0.06569903429027113 0.4026678883572568 0.06195920574162679 0.3971993086124402 0.06099125598086125 0.39606820095693784 0.06771011084529506 0.35929874641148324 0.0707955 0.3120907966507177 0.0954068971291866 0.30803565071770334 0.09335183014354066 0.31650525279106856 0.08886219776714513 0.3188866363636364 0.08230650079744817 0.30372017384370015 0.08159888038277512 0.30374216905901114 0.0775327360446571 0.2870211116427432 0.07509636363636364 0.2785405111642743 0.08161906858054227 0.2786706762360447 0.086468009569378 0.2620357926634769 0.0970128668261563 0.19925988835725678 0.10840289314194577 0.16566380542264753 0.131993158692185 0.1299576658692185 0.1698039322169059 0.0910103620414673 0.22855406778309412 0.09240179984051038 0.23153309489633175
3 0.6330962400318979 0.13780597527910687 0.6569706387559808 0.14778798963317386 0.6821924848484848 0.1688813197767145 0.7124594226475279 0.18249499362041469 0.7629691004784689 0.21248322089314195 0.779712153907496 0.21085344816586923 0.8137189202551834 0.226989668261563 0.8179152288676236 0.23186060446570972 0.8221445311004784 0.23063232456140353 0.8061310940988835 0.213029490430622 0.801434312599681 0.21394245215311006 0.7975423245614035 0.21063710925039872 0.7939326610845295 0.212963504784689 0.7917694242424242 0.2081035653907496 0.7848874106858055 0.20822273285486445 0.7746138803827751 0.19925265948963317 0.7634383859649122 0.18355273205741626 0.7603731850079745 0.17196294098883572 0.7356518110047847 0.1450857121212121 0.672346057416268 0.10986723923444976 0.6393824170653908 0.10327674162679427 0.6223350438596491 0.10334092025518342 0.610820428229665 0.12142042344497608 0.6167344912280701 0.12676983572567782 0.605133701754386 0.1318681092503987 0.6330962400318979 0.13780597527910687
3 0.2018766052631579 0.8678699066985646 0.1987234226475279 0.872544692185008 0.204181004784689 0.8755457145135567 0.2049418062200957 0.8794596985645934 0.24933027272727273 0.9134810773524721 0.26150670972886764 0.9176132081339714 0.2699653141945773 0.9151566475279107 0.29618810366826154 0.9246821818181817 0.3263468716108453 0.9293807695374801 0.36233352870813396 0.9264475414673046 0.40840856299840506 0.9378008054226477 0.4905142456140351 0.938088552631579 0.5420266738437002 0.927263177830941 0.5599558237639554 0.9087491889952153 0.5541829234449761 0.9062156451355662 0.5447893612440191 0.9080415685805423 0.530264533492823 0.9043659194577353 0.4719470757575758 0.901078956937799 0.43711352232854866 0.8932271866028708 0.32828457974481656 0.889197803030303 0.2839053038277512 0.8823891594896333 0.20847629346092506 0.8621190015948964 0.1912547639553429 0.8654665279106858 0.2018766052631579 0.8678699066985646
3 0.47146859968102073 0.9027967113237639 0.4989966523125997 0.9023200422647528 0.5296119019138756 0.9093670207336524 0.5380705063795853 0.9069104609250399 0.5512038963317385 0.9076070837320575 0.5541609274322169 0.9102817894736841 0.5904739011164274 0.9048480103668263 0.6321362870813397 0.8935001674641149 0.6672539728867624 0.877737870015949 0.687824836523126 0.8623660661881977 0.7179414210526316 0.8459511363636364 0.7683685398724083 0.8044665207336523 0.7849282472089314 0.7789073612440192 0.7793075071770335 0.7771566148325358 0.76284677830941 0.7844181244019139 0.7437553349282296 0.7865043779904306 0.7337091411483254 0.7933314027113237 0.7114865103668261 0.7960262974481659 0.6212027416267942 0.833072653907496 0.5992404409888357 0.8454654306220095 0.5877588181818182 0.8574457169059011 0.5676884274322169 0.8670336220095695 0.46731628149920257 0.889793485645933 0.46540237639553433 0.8966645015948963 0.47146859968102073 0.9027967113237639
3 0.8424371443381181 0.6714624736842105 0.8457424872408293 0.6675704848484848 0.8519718684210525 0.6724524194577352 0.8525475167464114 0.6816828229665072 0.8555485390749602 0.6762252408293461 0.8596146834130781 0.6762472360446571 0.8685737591706538 0.6680067783094099 0.8809353500797449 0.6668224888357256 0.8776739976076554 0.6625821889952153 0.8932877503987241 0.6384254649122807 0.9101425877192983 0.5872191642743222 0.9148613644338118 0.5822400590111643 0.9232795925039873 0.5294241738437002 0.9269112511961722 0.52303163476874 0.9279121945773524 0.5114638381180224 0.9240531993620414 0.5020592791068581 0.9191712647527911 0.5082886602870814 0.8915736116427432 0.5794553755980861 0.8742421044657097 0.6031336228070175 0.868522385167464 0.6196805255183413 0.8554531746411482 0.6360312767145135 0.8404370653907496 0.6653522599681021 0.8424371443381181 0.6714624736842105