1 0.58125 0.775390625 0.59140625 0.740234375 0.59375 0.698046875 0.6140625 0.683203125 0.606640625 0.6828125 0.604296875 0.68828125 0.59921875 0.686328125 0.60234375 0.631640625 0.596875 0.591796875 0.58515625 0.558203125 0.575390625 0.54453125 0.553515625 0.53984375 0.514453125 0.5375 0.465234375 0.540625 0.45859375 0.545703125 0.440625 0.593359375 0.43125 0.606640625 0.42734375 0.630078125 0.42734375 0.658984375 0.43125 0.667578125 0.43125 0.677734375 0.42265625 0.690234375 0.4296875 0.694921875 0.4265625 0.747265625 0.43046875 0.772265625 0.437109375 0.78125 0.469921875 0.7921875 0.511328125 0.78984375 0.54453125 0.792578125 0.565234375 0.78671875 0.58125 0.775390625
1 0.59140625 0.373828125 0.5859375 0.310546875 0.5953125 0.303515625 0.59453125 0.298046875 0.58671875 0.294140625 0.571875 0.259765625 0.560546875 0.2515625 0.543359375 0.2484375 0.509765625 0.246875 0.483203125 0.2515625 0.4765625 0.258203125 0.46484375 0.285546875 0.45390625 0.291796875 0.4609375 0.301171875 0.4546875 0.359765625 0.4578125 0.372265625 0.471484375 0.38203125 0.56796875 0.384765625 0.584765625 0.38203125 0.59140625 0.373828125
1 0.482421875 0.25078125 0.495703125 0.246875 0.54609375 0.245703125 0.546875 0.217578125 0.553125 0.212109375 0.54375 0.205078125 0.532421875 0.1765625 0.493359375 0.1734375 0.478515625 0.175 0.47421875 0.178515625 0.4609375 0.205859375 0.45234375 0.208203125 0.45703125 0.219921875 0.4515625 0.251171875 0.453515625 0.25546875 0.4578125 0.255078125 0.462890625 0.2515625 0.482421875 0.25078125
1 0.33671875 0.818359375 0.33359375 0.787109375 0.32578125 0.762109375 0.31484375 0.738671875 0.3078125 0.714453125 0.2890625 0.680859375 0.279296875 0.66796875 0.270703125 0.66328125 0.219921875 0.6484375 0.21640625 0.653515625 0.21796875 0.684765625 0.22734375 0.749609375 0.23515625 0.760546875 0.2453125 0.788671875 0.265234375 0.8125 0.321484375 0.8375 0.3421875 0.841796875 0.34453125 0.837890625 0.33671875 0.818359375
1 0.808984375 0.64921875 0.81796875 0.635546875 0.82265625 0.607421875 0.8234375 0.532421875 0.81953125 0.521484375 0.813671875 0.5125 0.773046875 0.503125 0.764453125 0.5046875 0.76171875 0.508984375 0.7609375 0.525390625 0.7546875 0.546484375 0.7546875 0.632421875 0.7515625 0.659765625 0.753125 0.665234375 0.75859375 0.667578125 0.787109375 0.66015625 0.808984375 0.64921875
1 0.553125 0.901953125 0.56328125 0.865234375 0.56328125 0.852734375 0.557421875 0.84140625 0.548828125 0.8375 0.448046875 0.83671875 0.4359375 0.843359375 0.43125 0.855078125 0.43125 0.868359375 0.4359375 0.886328125 0.43515625 0.894921875 0.441015625 0.9046875 0.462109375 0.91171875 0.51171875 0.913671875 0.541796875 0.9109375 0.553125 0.901953125
1 0.36953125 0.887109375 0.348828125 0.8640625 0.280859375 0.8328125 0.267578125 0.82890625 0.26171875 0.830078125 0.27421875 0.859765625 0.282421875 0.8671875 0.336328125 0.8890625 0.36953125 0.898046875 0.371875 0.895703125 0.36953125 0.887109375
1 0.27578125 0.546484375 0.2984375 0.483984375 0.30390625 0.433984375 0.3 0.394140625 0.29453125 0.383203125 0.280859375 0.371875 0.258984375 0.371875 0.236328125 0.38203125 0.2265625 0.393359375 0.20703125 0.432421875 0.19375 0.469921875 0.19453125 0.483203125 0.18359375 0.526171875 0.184375 0.551953125 0.18828125 0.566015625 0.192578125 0.5703125 0.223828125 0.58125 0.26640625 0.590234375 0.271875 0.582421875 0.27578125 0.546484375
1 0.365625 0.323828125 0.375 0.292578125 0.3890625 0.265234375 0.388671875 0.23125 0.333203125 0.24296875 0.3046875 0.273046875 0.30234375 0.279296875 0.2953125 0.283203125 0.2984375 0.291015625 0.28125 0.333203125 0.283203125 0.3390625 0.2953125 0.339453125 0.325390625 0.3359375 0.365625 0.323828125
3 0.1359375 0.389453125 0.159375 0.365234375 0.1953125 0.300390625 0.2140625 0.278515625 0.221875 0.252734375 0.23671875 0.220703125 0.298828125 0.1640625 0.323828125 0.146875 0.34140625 0.126953125 0.344921875 0.11328125 0.323046875 0.11796875 0.268359375 0.14140625 0.20390625 0.181640625 0.18359375 0.216015625 0.18359375 0.231640625 0.175 0.251953125 0.157421875 0.27578125 0.153515625 0.27265625 0.145703125 0.278125 0.12578125 0.299609375 0.10625 0.337109375 0.1 0.363671875 0.090625 0.376953125 0.0859375 0.393359375 0.08515625 0.414453125 0.090234375 0.41796875 0.095703125 0.415625 0.107421875 0.403125 0.11015625 0.428515625 0.11484375 0.428515625 0.1234375 0.419921875 0.1359375 0.389453125
1 0.8390625 0.316796875 0.820703125 0.2953125 0.803515625 0.290625 0.8078125 0.308203125 0.81875 0.323828125 0.82734375 0.346484375 0.851171875 0.3625 0.85546875 0.362109375 0.85234375 0.346484375 0.8390625 0.316796875
2 0.7734375 0.249609375 0.759765625 0.23359375 0.75703125 0.241015625 0.76171875 0.255078125 0.77734375 0.277734375 0.778125 0.266015625 0.7734375 0.249609375
1 0.8609375 0.304296875 0.844921875 0.2890625 0.834765625 0.284375 0.834375 0.291015625 0.840625 0.302734375 0.84375 0.317578125 0.860546875 0.33828125 0.8671875 0.339453125 0.865625 0.313671875 0.8609375 0.304296875