3 0.6437201484375 0.9356932265625001 0.6725603472222222 0.9287394644097221 0.6900788784722223 0.9142735538194445 0.7138553559027777 0.9058234696180555 0.7847310885416667 0.8699226154513888 0.7959316961805556 0.8712978776041667 0.8146444513888889 0.8613514713541667 0.8242576666666667 0.8507250703125 0.8473077855902778 0.8054536718749999 0.856300984375 0.7820698116319444 0.8580388732638888 0.7643544201388889 0.8537609366319444 0.7528969739583333 0.8551814574652777 0.7377663385416667 0.7797109713541667 0.7897199435763889 0.7248580008680556 0.8411440494791667 0.6591823194444444 0.8916765815972223 0.6413616901041667 0.9157257187500001 0.6376285225694445 0.9318842586805557 0.6437201484375 0.9356932265625001
0 0.8583109817708334 0.7656996927083334 0.8538825477430555 0.7839593012152778 0.8675468515625 0.7795150451388889 0.8895243576388889 0.7607864678819445 0.8953433237847221 0.7383247230902777 0.8910353975694445 0.7377957760416667 0.8583109817708334 0.7656996927083334
0 0.5069195416666666 1 0.4995649652777778 0.9914574539930556 0.47488109288194447 0.9788063359375 0.4596593862847222 0.9603204305555556 0.41543061111111107 0.9216559887152778 0.3944199279513889 0.9147033281249999 0.3410616232638889 0.8862873897569444 0.2436719548611111 0.86033625 0.21995545659722224 0.8469293359375 0.2129569861111111 0.8469446067708334 0.20549009809027777 0.8543362456597222 0.20379746788194444 0.868121609375 0.21531599479166666 0.8918375564236111 0.24013619791666668 0.9176240312499999 0.27248381944444444 0.9390873090277778 0.2917713315972222 0.945828390625 0.29499082378472224 0.9409762473958333 0.29694084288194444 0.9464631267361112 0.31882838194444446 0.960520046875 0.36883086371527773 0.9806527717013888 0.449930875 0.9976071970486111 0.4694186909722223 1 0.5069195416666666 1
0 0.15109286111111112 0.3250988402777778 0.13795805555555557 0.3501606111111111 0.1170095564236111 0.4210527170138889 0.11389695659722222 0.4748941571180556 0.11067746527777778 0.4797463003472222 0.10946907378472222 0.5180792065972222 0.10436064409722222 0.5454383541666666 0.10646226388888888 0.5710590616319444 0.13191665190972224 0.5667505842013889 0.14172672743055556 0.5723279817708333 0.14940519357638887 0.5632131727430556 0.15351626041666666 0.5475383194444444 0.14488458593749998 0.5145565138888889 0.14505035416666667 0.4918379305555556 0.14976616753472222 0.4819220659722222 0.1446719045138889 0.46642880295138883 0.1451703107638889 0.44812393489583335 0.16032873003472223 0.33891419270833334 0.15945187413194445 0.33180993229166666 0.15109286111111112 0.3250988402777778
0 0.15670079947916665 0.3292857065972222 0.16939772916666668 0.3255972465277778 0.1905741796875 0.30983132291666665 0.22296595746527778 0.27751369184027774 0.2466202717013889 0.21307583940972222 0.25916560069444444 0.18925355208333333 0.2895773689236111 0.16237753993055556 0.30307480208333337 0.13080098524305556 0.31822015625 0.11429453645833333 0.3336070789930556 0.08513641840277777 0.32929915277777777 0.08460747135416666 0.3094679748263889 0.10010128645833333 0.2748693394097222 0.13258523697916666 0.21462055989583334 0.20302474739583334 0.18328722743055556 0.25165196788194444 0.15080548177083333 0.3167550972222222 0.1516823376736111 0.3238593576388889 0.15670079947916665 0.3292857065972222
3 0.12715723350694444 0.6553727994791667 0.139884703125 0.6656812812499999 0.14408683940972222 0.6670718133680555 0.1572069262152778 0.6599370130208333 0.16671435243055555 0.6501721970486112 0.16783222395833333 0.6196993463541667 0.17617596788194445 0.6194119678819444 0.18170810677083335 0.6135319201388889 0.19224288628472222 0.5811543098958334 0.18134382465277776 0.5452703810763889 0.17750431597222222 0.5373650651041666 0.17168479774305556 0.5349013689236111 0.1556478689236111 0.5622305277777778 0.1321135112847222 0.5829543836805555 0.12118556423611111 0.6078498350694445 0.12050611979166666 0.6418748159722223 0.12715723350694444 0.6553727994791667
3 0.9269415963541666 0.3670120425347222 0.9343937656250001 0.3775473732638889 0.9366458828125 0.37345102604166663 0.9231920546875 0.32632122916666667 0.9188841293402779 0.32579228211805555 0.9042066397569444 0.309996921875 0.8908144453125 0.3157864496527778 0.8953797604166667 0.33558763888888893 0.9092561944444445 0.3543456536458333 0.9191873298611112 0.3660599375 0.9269415963541666 0.3670120425347222
3 0.8739300980902778 0.3001574079861111 0.8804901414930556 0.2965900078125 0.8841327907986112 0.2882915234375 0.8740805954861111 0.2704403541666667 0.8450582560763888 0.2432633472222222 0.8357923975694445 0.24037649392361113 0.8317113203125 0.24512284722222225 0.8260581223958333 0.24486600954861112 0.8262397118055556 0.2540713376736111 0.8690779548611112 0.29693791666666663 0.8739300980902778 0.3001574079861111
3 0.8335250095486111 0.23747436979166667 0.826390209201389 0.22435428385416667 0.7819498550347223 0.18741301215277778 0.7643555234375 0.19181200868055556 0.7655044869791667 0.20026154166666668 0.815235412326389 0.24397443489583337 0.8245012708333334 0.24686128819444444 0.8285218177083333 0.23904649131944444 0.8335250095486111 0.23747436979166667
3 0.7776419288194444 0.18688406510416666 0.7641433932291667 0.16860973784722222 0.7236030772569444 0.14264222482638889 0.6924649505208333 0.13269692274305556 0.6827306753472222 0.1371864375 0.6822017282986111 0.1414943637152778 0.6864643949652778 0.14595333854166667 0.7593523307291666 0.19338413020833334 0.7776419288194444 0.18688406510416666
3 0.4946318897569444 0.062928203125 0.5110172786458334 0.07193667187500001 0.5356706111111111 0.07059084809027777 0.5511791449652779 0.0724950564236111 0.5558197092013889 0.07743771875 0.5668087387152778 0.08053615017361111 0.5971757994791667 0.08251560763888889 0.6043858489583332 0.08077716666666666 0.6095400894097223 0.07441343229166666 0.6034937230902778 0.06667443576388889 0.5689245251736111 0.06330444618055556 0.5550181024305556 0.05547493055555555 0.5547912534722221 0.05019963020833333 0.5454196059027778 0.04817436197916666 0.5008440243055555 0.04794861631944444 0.49283291927083334 0.05264971006944444 0.4946318897569444 0.062928203125
3 0.6900765034722222 0.12365791319444444 0.6439435190972223 0.10050200434027777 0.6140601458333333 0.09814464930555555 0.6162822734375 0.10497680121527778 0.6702905842013889 0.13522169965277778 0.6889128203125 0.1331353498263889 0.6929938975694445 0.12838899652777777 0.6900765034722222 0.12365791319444444
1 0.6880655720486111 0.7810910269097222 0.6789055034722222 0.7773425876736111 0.6667527916666667 0.7837215928819444 0.6309146727430556 0.8156160677083333 0.6314588897569444 0.8183066119791667 0.6419642317708333 0.8217829427083333 0.6591806657986111 0.8169002586805556 0.6837276571180556 0.7914905789930555 0.6880655720486111 0.7810910269097222
1 0.45341340277777775 0.8117504288194444 0.4346090260416667 0.7797060086805555 0.41727153211805557 0.7784518064236111 0.4102278020833333 0.7823971050347223 0.4151104852430556 0.7996135390625 0.4274753272569444 0.8164368046875 0.4427722821180555 0.8200641831597222 0.4518112916666667 0.8176757361111111 0.45341340277777775 0.8117504288194444
1 0.4422405789930555 0.6997449045138889 0.44422058680555554 0.6943032847222222 0.43162834461805555 0.6472792777777777 0.4233298611111111 0.6436366284722221 0.40659711458333336 0.6481414140625 0.4033776223958333 0.6529935572916666 0.4040581701388889 0.6688194592013889 0.41569775694444444 0.6986722916666667 0.43347367795138886 0.7034786241319444 0.4422405789930555 0.6997449045138889
1 0.352556609375 0.5291232508680556 0.3443022821180556 0.4716996918402778 0.3336911510416667 0.4690849470486111 0.32052580468749997 0.48014977604166664 0.32256744618055555 0.5276274809027778 0.3297627769097222 0.5438160104166667 0.3398902204861111 0.5468086527777778 0.3487629105902778 0.5422133480902778 0.352556609375 0.5291232508680556
1 0.39945900520833333 0.4854686814236111 0.401106375 0.47561334635416663 0.3975078828125 0.43013092013888893 0.39217205208333333 0.4272893263888889 0.38044249739583336 0.43022199131944444 0.36868295399305556 0.4440831545138889 0.3717824887152778 0.48294500781250005 0.37583357725694444 0.48912715277777774 0.39338264930555555 0.4886581840277777 0.39945900520833333 0.4854686814236111
1 0.409627296875 0.2851277682291667 0.4072388498263889 0.2760887586805556 0.4003461675347222 0.27524244444444446 0.38588080902777777 0.28264935329861113 0.37787025520833334 0.3122758888888889 0.38096923871527777 0.3262123012152778 0.3921698463541667 0.3275875625 0.40405044965277775 0.31986328472222225 0.409627296875 0.2851277682291667
1 0.5925223394097222 0.8611901154513889 0.5758953828125 0.8648333159722221 0.5678542881944444 0.8804629097222222 0.5686858845486111 0.8914971979166667 0.5853733715277778 0.8909224401041667 0.5915555164930555 0.8868713524305556 0.6001708168402778 0.8630038046875 0.5925223394097222 0.8611901154513889
1 0.5935213576388889 0.9242821432291666 0.5921608151041666 0.9175557812499999 0.5869307743055556 0.9138526015625001 0.5772417578125 0.9144120894097222 0.5700922378472222 0.9192189730902778 0.5715133107638889 0.9290137786458332 0.5782549435763888 0.9346517065972222 0.5886997552083333 0.93505959375 0.5935213576388889 0.9242821432291666
1 0.5649085598958333 0.9614366475694445 0.5643796128472222 0.9657445737847223 0.5702596605902778 0.9712767126736112 0.5808102612847222 0.9708230147569444 0.5848913385416666 0.9660766605902779 0.5813239375 0.9595166180555554 0.5649085598958333 0.9614366475694445
1 0.3740274375 0.15481792708333333 0.39269493315972226 0.14880154947916668 0.42120194184027776 0.11250863020833332 0.4047865642361111 0.11442866059027779 0.3794385164930556 0.14280099392361112 0.3740274375 0.15481792708333333
1 0.7521739244791666 0.25897039496527774 0.7456891302083333 0.2476792682291667 0.7251921232638889 0.22942021093749998 0.716682060763889 0.2275007326388889 0.7104999157986112 0.23155182031250002 0.7221089618055555 0.24740771093750002 0.7402327916666667 0.26362622916666667 0.7489544331597222 0.26382253819444446 0.7521739244791666 0.25897039496527774
1 0.7831909921875 0.26277881163194444 0.7553476059027777 0.23312283854166665 0.7502838836805555 0.23162651736111112 0.7414111935763888 0.2362218220486111 0.7498912673611111 0.2490698003472222 0.7710382803819444 0.26915781684027773 0.7786867578125 0.27097150607638887 0.7830399435763888 0.2675704253472222 0.7831909921875 0.26277881163194444
1 0.6859212803819444 0.19311367621527778 0.6767612118055556 0.18936523697916666 0.6672385147569444 0.19213158246527778 0.6725896154513888 0.20197164756944444 0.6925424053819444 0.21754015885416667 0.7036372230902779 0.2197770060763889 0.7078240894097223 0.21416906684027778 0.6859212803819444 0.19311367621527778
1 0.720642078125 0.21661749305555555 0.7308753116319444 0.21874855034722224 0.7342005920138889 0.2130348220486111 0.7073398506944444 0.18962152430555557 0.6936150173611111 0.19099733680555556 0.720642078125 0.21661749305555555
1 0.6344824548611111 0.15618767447916668 0.6267281883680555 0.15523557031250002 0.6179612873263889 0.15896928993055556 0.6195334088541666 0.16397248177083334 0.6422825329861112 0.17813519184027776 0.6536947196180556 0.1777872829861111 0.6551910407986111 0.17272356163194444 0.6344824548611111 0.15618767447916668
1 0.5245916145833333 0.10027791319444444 0.5254079409722222 0.10431373003472222 0.5344622204861111 0.10892375434027778 0.545662828125 0.110299015625 0.5513612855902777 0.10662582552083333 0.541868578125 0.09846367187499999 0.5245916145833333 0.10027791319444444