1 0.4679694008333333 0.3300431658333334 0.4691427533333334 0.3004743025 0.4734428041666666 0.29627660333333333 0.4718637341666667 0.2916812091666667 0.47962897916666664 0.27118105 0.47825461166666666 0.24959015666666667 0.4731452933333333 0.23955865750000002 0.45904403416666667 0.22974573833333334 0.4251553875 0.22083858333333334 0.33936277 0.21964180916666667 0.27362144 0.23633827666666665 0.25625968916666664 0.22583231833333334 0.24820495500000003 0.22965791 0.2421723075 0.24200683916666668 0.23080590583333332 0.24938826666666666 0.17153438416666666 0.27171968583333334 0.14511780583333334 0.29379306 0.13995145666666667 0.30206637416666665 0.11355677833333333 0.39017056666666666 0.10726825166666666 0.42376386916666664 0.1052286 0.4574083475 0.13703227499999998 0.4901529175 0.164990625 0.5029112525 0.17177550916666665 0.523096335 0.17832208083333334 0.522357975 0.1881094125 0.5103811533333333 0.197595545 0.5098416416666667 0.27085426333333334 0.5339327683333334 0.37222485916666664 0.558035605 0.3823075341666667 0.5486774116666667 0.3858436375 0.5400575783333333 0.40175425750000004 0.5353459558333333 0.4136404383333333 0.5255191591666666 0.4310453425 0.49173286416666667 0.4338174991666667 0.47869089583333335 0.43293146749999994 0.47083501000000005 0.42873376833333326 0.46653495916666665 0.4291629066666667 0.4444754625 0.45195274083333337 0.4114077941666667 0.4679694008333333 0.3300431658333334
1 0.49559118916666667 0.9135367941666668 0.49077721499999993 0.9061239241666668 0.47924340916666663 0.9002645358333332 0.4327302225 0.894637605 0.39866831583333334 0.8865455733333333 0.28720116749999997 0.8458134891666667 0.2501543808333333 0.8277155458333333 0.238100795 0.8243015266666667 0.2362717016666667 0.8268945675 0.23629143416666665 0.8388260691666667 0.2441158775 0.8541204133333334 0.2615229491666667 0.874433435 0.2876266175 0.8919092483333333 0.3393456183333333 0.9131258675 0.347766605 0.9196015308333333 0.3451223883333333 0.9220213116666668 0.3334153225 0.9169770466666667 0.33237576416666664 0.921867785 0.3584597 0.9274120966666667 0.36863887083333335 0.9236120925 0.42389397500000003 0.9362088783333333 0.45264771583333335 0.9372089716666666 0.47935378250000005 0.931810165 0.4944039591666667 0.9171182183333334 0.49559118916666667 0.9135367941666668
1 0.9398510216666667 0.49083318583333335 0.9414220691666666 0.45538520166666663 0.9361058816666668 0.40824988416666663 0.9284349658333334 0.3802089158333333 0.9205849341666668 0.36703900833333336 0.8963871233333333 0.3405968425 0.8440577016666666 0.30221146416666667 0.8131853791666667 0.287129845 0.8061387608333334 0.3022450741666667 0.8066468291666666 0.3279115825 0.8120536583333333 0.3946610275 0.8146211116666667 0.3986145583333333 0.8155860733333333 0.45419645000000003 0.82273721 0.48468278749999993 0.8221348116666667 0.5075574075 0.8263069233333333 0.513981895 0.8522373316666667 0.5322728316666666 0.8756514633333334 0.5423613616666666 0.8949190716666667 0.5439009666666667 0.8988923350000001 0.5532650149999999 0.9068505725 0.5438812341666667 0.9282682066666667 0.54332199 0.93128453 0.5371475250000001 0.9398510216666667 0.49083318583333335
1 0.07869643833333334 0.6383459208333333 0.03438228583333334 0.5722719491666667 0.033458956666666664 0.5946523775 0.047985665 0.6505610558333333 0.08039976 0.7004743841666666 0.10057313166666666 0.7218013766666667 0.10610573333333334 0.7238293183333333 0.07869643833333334 0.6383459208333333
1 0.0206451125 0.5186609683333333 0.008699733333333333 0.4926932608333333 0.0037519641666666666 0.5099585158333333 0.0072449141666666664 0.5456309358333333 0.012694896666666667 0.5680881274999999 0.023234465 0.5886453174999999 0.02713682 0.5903267391666667 0.0206451125 0.5186609683333333
1 0.0824008225 0.34435844083333333 0.07921709416666667 0.33729209000000004 0.0632099775 0.33644552333333333 0.05935294333333334 0.3445711658333333 0.045464409166666664 0.3578061258333333 0.032328111666666666 0.4035750983333333 0.029177993333333336 0.43442768833333334 0.037766383333333334 0.4541441675 0.03736868833333334 0.4600232883333334 0.05841421416666667 0.4632187266666667 0.0824008225 0.34435844083333333
1 0.013369724166666668 0.4306415616666666 0.01863257 0.42792643666666663 0.02271404 0.41473679666666663 0.03214683 0.3643468425 0.031902661666666665 0.3574793391666667 0.027852634166666668 0.3544886033333333 0.017804611666666668 0.36368377166666666 0.0059095425 0.41964566999999997 0.006309228333333333 0.4197693516666667 0.013369724166666668 0.4306415616666666
2 0.13831904416666668 0.24762053750000002 0.13325504666666668 0.24739610166666665 0.11358974333333334 0.2517356175 0.10518849 0.257191455 0.08828363166666667 0.27660088 0.0897347625 0.2918184616666667 0.09852785583333334 0.2945394416666667 0.119431565 0.2823696275 0.137626005 0.25088102916666666 0.13831904416666668 0.24762053750000002
1 0.3021303675 0.05411697583333333 0.273274275 0.061614632499999995 0.20930500833333332 0.09402287166666666 0.15934050416666667 0.13068584083333334 0.1388995425 0.15871509916666668 0.14823800333333334 0.15686627333333333 0.2170782758333333 0.11356609083333334 0.253892605 0.09668465416666666 0.302721055 0.05935423333333334 0.3021303675 0.05411697583333333
1 0.5782282950000001 0.0097173925 0.5573816166666666 0.0035823933333333337 0.5260092475 0.002877643333333333 0.5192638283333333 0.0065555633333333335 0.49085660666666664 0.003925224166666667 0.4405828816666667 0.011982125 0.40493019416666665 0.027406575833333335 0.396651025 0.036296165 0.4170035125 0.04275209583333333 0.4894076425 0.04280696 0.520016065 0.039089575 0.529309205 0.027433685000000003 0.5529280391666667 0.020526716666666667 0.5869190366666667 0.020936122499999998 0.5782282950000001 0.0097173925
3 0.302364445 0 0.2789523816666667 0.010852570833333334 0.22479017833333334 0.043215489999999995 0.1653848625 0.09022503500000001 0.111929575 0.14531490166666666 0.0640266225 0.21436421083333335 0.03868241 0.26546145 0.03429111416666667 0.28612087333333336 0.046956526666666665 0.27463213666666664 0.06505447 0.23758535 0.11918306333333334 0.16730349 0.13292392583333335 0.152759215 0.13662743333333333 0.15738019749999999 0.15835212083333333 0.13132770416666667 0.18096283999999999 0.1131310975 0.24303210583333335 0.0756332725 0.2810080775 0.05729484916666666 0.29410122083333334 0.05581813083333333 0.32422130666666665 0.03836573833333333 0.36197284333333335 0.025091313333333334 0.38930104083333333 0.008749387499999999 0.4598307575 0.0015902291666666667 0.4652686508333333 0 0.302364445 0