1 0.475 0.832421875 0.471875 0.825390625 0.455859375 0.8109375 0.423828125 0.79921875 0.376953125 0.79140625 0.334765625 0.76953125 0.310546875 0.76328125 0.262890625 0.74375 0.219921875 0.73203125 0.2109375 0.733203125 0.21875 0.757421875 0.234375 0.781640625 0.278515625 0.8125 0.294921875 0.8140625 0.337890625 0.82890625 0.380078125 0.8375 0.408984375 0.84765625 0.4484375 0.848046875 0.469921875 0.84375 0.475 0.832421875
1 0.723828125 0.83671875 0.784765625 0.7890625 0.8171875 0.756640625 0.828125 0.741796875 0.84296875 0.716015625 0.84375 0.703515625 0.838671875 0.70078125 0.828515625 0.70546875 0.783203125 0.7515625 0.741796875 0.78515625 0.730078125 0.8 0.691015625 0.82734375 0.67421875 0.846484375 0.6890625 0.848828125 0.709765625 0.84375 0.723828125 0.83671875
2 0.30703125 0.354296875 0.30078125 0.345703125 0.298828125 0.33671875 0.28984375 0.343359375 0.27734375 0.369921875 0.27578125 0.429296875 0.279296875 0.43515625 0.283984375 0.4140625 0.284375 0.437890625 0.2875 0.440234375 0.3078125 0.363671875 0.30703125 0.354296875
3 0.844140625 0.8078125 0.8671875 0.782421875 0.87421875 0.767578125 0.91328125 0.712890625 0.93671875 0.673828125 0.9546875 0.616015625 0.957421875 0.58984375 0.9515625 0.596484375 0.9421875 0.624609375 0.93359375 0.627734375 0.8984375 0.694921875 0.89140625 0.701953125 0.8671875 0.744921875 0.815625 0.816015625 0.778515625 0.853125 0.7578125 0.867578125 0.76171875 0.867578125 0.818359375 0.8296875 0.844140625 0.8078125
3 0.2109375 0.816796875 0.215625 0.812109375 0.16953125 0.769140625 0.15078125 0.733203125 0.11953125 0.698046875 0.101171875 0.68203125 0.090234375 0.67734375 0.08984375 0.686328125 0.1 0.714453125 0.11328125 0.742578125 0.13203125 0.770703125 0.16015625 0.798046875 0.168359375 0.81015625 0.196484375 0.83203125 0.20859375 0.836328125 0.21171875 0.828515625 0.2109375 0.816796875
1 0.12578125 0.682421875 0.0984375 0.640234375 0.078515625 0.62109375 0.08046875 0.644921875 0.090625 0.669140625 0.1421875 0.723046875 0.13828125 0.706640625 0.12578125 0.682421875
2 0.2515625 0.430859375 0.25390625 0.405078125 0.2625 0.374609375 0.26171875 0.363671875 0.255078125 0.35078125 0.246875 0.356640625 0.2375 0.391015625 0.23984375 0.407421875 0.2375 0.432421875 0.239453125 0.43671875 0.24296875 0.434765625 0.244140625 0.42421875 0.246875 0.440234375 0.25 0.440234375 0.2484375 0.435546875 0.2515625 0.430859375
2 0.23515625 0.394140625 0.23359375 0.376171875 0.228515625 0.37421875 0.2125 0.401953125 0.21171875 0.442578125 0.223828125 0.4296875 0.23203125 0.451171875 0.23125 0.414453125 0.23515625 0.394140625
2 0.75546875 0.273828125 0.752734375 0.26953125 0.748046875 0.26875 0.740625 0.273828125 0.7390625 0.279296875 0.75234375 0.318359375 0.76171875 0.322265625 0.753125 0.291796875 0.75546875 0.273828125
1 0.95390625 0.531640625 0.949609375 0.51875 0.93671875 0.541015625 0.93515625 0.573046875 0.93828125 0.575390625 0.953125 0.555078125 0.95390625 0.531640625
2 0.615625 0.145703125 0.606640625 0.140625 0.600390625 0.14140625 0.6078125 0.155859375 0.61640625 0.158984375 0.61796875 0.151953125 0.615625 0.145703125
3 0.7890625 0.212890625 0.7734375 0.186328125 0.7609375 0.174609375 0.7578125 0.167578125 0.717578125 0.13828125 0.7046875 0.125390625 0.70703125 0.123828125 0.705078125 0.11796875 0.661328125 0.09140625 0.648046875 0.08671875 0.633984375 0.090625 0.569921875 0.07109375 0.516015625 0.0625 0.471484375 0.06328125 0.462890625 0.06484375 0.45703125 0.070703125 0.470703125 0.0796875 0.498828125 0.08359375 0.523046875 0.09375 0.554296875 0.1015625 0.574609375 0.11171875 0.5859375 0.123046875 0.590234375 0.13203125 0.601953125 0.13984375 0.612890625 0.1421875 0.623828125 0.15234375 0.639453125 0.15703125 0.661328125 0.16875 0.674609375 0.1796875 0.694921875 0.184375 0.705859375 0.190625 0.719140625 0.1921875 0.761328125 0.215625 0.769140625 0.215625 0.776953125 0.225 0.7875 0.228515625 0.790625 0.221484375 0.7890625 0.212890625
3 0.242578125 0.2578125 0.26875 0.230859375 0.27265625 0.219921875 0.282421875 0.21015625 0.30234375 0.198828125 0.30390625 0.194140625 0.30078125 0.180859375 0.30390625 0.174609375 0.3203125 0.158984375 0.32890625 0.134765625 0.35 0.117578125 0.3515625 0.110546875 0.35625 0.106640625 0.35703125 0.101953125 0.351953125 0.090625 0.344921875 0.0890625 0.330078125 0.0921875 0.281640625 0.11328125 0.252734375 0.14609375 0.224609375 0.1625 0.18515625 0.195703125 0.15234375 0.244140625 0.14609375 0.259765625 0.140625 0.286328125 0.14296875 0.305859375 0.148046875 0.31015625 0.159375 0.310546875 0.209765625 0.27265625 0.242578125 0.2578125
2 0.552734375 0.125 0.547265625 0.125 0.5421875 0.130078125 0.54921875 0.144140625 0.553125 0.144921875 0.56015625 0.130078125 0.552734375 0.125
2 0.574609375 0.12890625 0.563671875 0.12578125 0.559375 0.129296875 0.56015625 0.133984375 0.569140625 0.14609375 0.57265625 0.145703125 0.57890625 0.133984375 0.574609375 0.12890625