1 0.36521432109375 0.5255570695312499 0.37198072109375 0.53387975546875 0.38334828125 0.537398296875 0.404408140625 0.53597036953125 0.490812815625 0.5433854921875 0.50066843984375 0.53999296484375 0.5067418781249999 0.5342485234375001 0.5105474125 0.51813747890625 0.50953014609375 0.4860367109375 0.50540265234375 0.46918835468750003 0.495528371875 0.46119231953125006 0.47794504921875003 0.45832708125000005 0.46952204453124996 0.45292794843750006 0.46113869765625 0.45538018046874995 0.42053326171874994 0.45022134375 0.374202040625 0.45037763046875 0.3630561203125 0.4676529578125 0.36082318281250003 0.49498923906250003 0.36521432109375 0.5255570695312499
1 0.66507344140625 0.5608126398437501 0.6762566734375001 0.5663144382812499 0.7243051609375 0.567548765625 0.7311345671875 0.565259859375 0.7404395539062499 0.5528913421875 0.7439207828125001 0.51874665625 0.7336381882812499 0.5068657703125 0.7189177578125 0.5013429703125001 0.68935323046875 0.49659479375000004 0.6714829156250001 0.49847303984374997 0.664100525 0.50671171640625 0.6632138515625 0.5543308875 0.66507344140625 0.5608126398437501
1 0.5295145367187499 0.30247344453124997 0.545072596875 0.31222875 0.554559565625 0.31280273593749996 0.56298257109375 0.31820186953124996 0.5813428632812501 0.3209854453125 0.5977805593750001 0.32789886015624997 0.62734508671875 0.33264703671875 0.67719015625 0.350974709375 0.7368068421875 0.38005864375 0.7602372703125 0.38623709296875003 0.77769927109375 0.38047399609375 0.7820554429687501 0.373338940625 0.7734318 0.34360874140625 0.7632308679687501 0.33250482578125 0.7318277531249999 0.31773769921875 0.7202782109375 0.3012766546875 0.7025129070312499 0.28546891328125 0.6715601109375 0.26751224296875 0.6561443742187499 0.26284807578125 0.62044809375 0.24460441171874997 0.59072024140625 0.23830229531249997 0.554652959375 0.23895090625 0.5495408187499999 0.24263042656249997 0.54111781328125 0.23723129375 0.5399721875 0.2412794703125 0.5284809593750001 0.24405835390625003 0.522570846875 0.25135673515625 0.52528437734375 0.28838531562499997 0.5295145367187499 0.30247344453124997
1 0.30923303125 0.26199614296874996 0.31706339375 0.26549368203125 0.33554735390625 0.2619798328125 0.38780734375 0.2659137265625 0.39938023437500003 0.26391181406249997 0.41451132421875 0.25839370546875 0.42197537734374996 0.25093199843749997 0.4263525515625 0.2402597453125 0.425290934375 0.23015913203125 0.42032346406250004 0.22400403125 0.3953390953125 0.21798890703125 0.330687240625 0.223212984375 0.32324418984375003 0.22713749375 0.316025125 0.23693011171874998 0.3090907078125 0.25690500546875 0.30923303125 0.26199614296874996
1 0.1303313609375 0.5031110625 0.14020564140625 0.511107096875 0.1689931984375 0.51593693671875 0.17578060078125 0.520722425 0.18898909453124998 0.51933415625 0.19494121171875 0.5049613804687499 0.196702828125 0.48435183984375 0.19519323828125 0.4625150109375 0.19094207734375 0.45196407890624996 0.18303005156250002 0.44768956953125 0.16888126171875 0.4476055609375 0.164669759375 0.44490599375000006 0.14896702890625 0.4449853109375 0.13375427578125001 0.44972644921875 0.12924874140625 0.496547646875 0.1303313609375 0.5031110625
1 0.597173503125 0.80793575703125 0.6127945703125001 0.8070794703124999 0.65377100859375 0.7933460328125 0.6679618031250001 0.7863556468749999 0.67722713125 0.76613576484375 0.66048143984375 0.76750303125 0.6310778921875 0.77923455546875 0.6080137742187499 0.7840153523437501 0.59690985859375 0.794216284375 0.594884596875 0.8011063507812499 0.597173503125 0.80793575703125
1 0.21513986640625 0.77935319296875 0.23204653749999998 0.79446562734375 0.2926455234375 0.81794744453125 0.30464773046875 0.816293184375 0.298597640625 0.8035746679687501 0.28976632109375 0.79429068359375 0.26656222500000004 0.77905458203125 0.22591713046875 0.76604438046875 0.21741246250000001 0.7598682765625 0.20939777187500003 0.7583539945312501 0.20808881953124997 0.76084823125 0.21513986640625 0.77935319296875
1 0.2739305390625 0.8603704656250001 0.29324978359375 0.87601488125 0.3359808 0.8864491843750001 0.3486573125 0.8874734890625 0.35194952109375 0.8851635804687501 0.3461234171875 0.8783131718750001 0.32126271640625 0.8660006234375001 0.2767327703125 0.8533987359375 0.272234275 0.855442653125 0.2739305390625 0.8603704656250001
1 0.78245202734375 0.45185259218749996 0.7857022312499999 0.45661707890625003 0.793553596875 0.4565774203125 0.8123455515625 0.44478288906249996 0.81071229453125 0.429243484375 0.80431455078125 0.41695428437500004 0.79155637578125 0.415153009375 0.7780608890625 0.4212847625 0.78245202734375 0.45185259218749996
1 0.8042934359375 0.55128612578125 0.82146844375 0.5502665125 0.82607195078125 0.5305366078125 0.8236617234375 0.51507886640625 0.81100621328125 0.51051736328125 0.80339983671875 0.5128879328125 0.8008192453125 0.54065353046875 0.8042934359375 0.55128612578125
0 0.30555362265624997 0.12608935937500002 0.31872245859375 0.11684972578125 0.3776905328125 0.109866378125 0.41911494375 0.10786915703125 0.41960492109374997 0.11253097812499999 0.42831491953125 0.11318662734375 0.44835281953125 0.10950945234375001 0.47587342890624995 0.10975913281250001 0.47636340625000007 0.11442095468749999 0.49456037265625 0.11565058984375001 0.4927194390625 0.12055739921875 0.506091259375 0.12072307109375 0.50887248828125 0.1172885390625 0.5117750390625 0.12248234218750001 0.52024004921875 0.12080708046875 0.524778203125 0.12661452812500001 0.57315334140625 0.13095673593749999 0.6169879796875 0.14441725703125 0.6221817828125 0.14151470625 0.62483934453125 0.1443775984375 0.63837448984375 0.1460972109375 0.66008530625 0.16581080546875 0.6695722749999999 0.16638479140625 0.67488739921875 0.1721105765625 0.68453769296875 0.174238503125 0.706248509375 0.19395209765625002 0.7248117859375001 0.20614097890625 0.73454374296875 0.20904587578124997 0.73736463046875 0.21346270859375 0.7571155375 0.21452901796875 0.78304020234375 0.22201641953125 0.7895219546875001 0.2201568296875 0.780814303125 0.20457542109375 0.74630799921875 0.16028342499999998 0.67551277421875 0.09584617265624999 0.65294097890625 0.09036303046875001 0.6421053999999999 0.08443191562499999 0.59307695859375 0.0738739453125 0.56040455078125 0.0694524203125 0.500456521875 0.06711212578125 0.40333524296874995 0.0773199828125 0.3545074390625 0.09109307890625 0.31177173046875 0.11051029609375 0.30244808828125 0.11149025078125001 0.29283745234374997 0.1172136890625 0.29046453671875 0.12453307265625 0.30555362265624997 0.12608935937500002
3 0.13501641796875 0.61495277109375 0.1572101734375 0.6841054679687499 0.16820673125000002 0.70651628359375 0.17722237890625 0.7138170109375 0.23659407578125 0.740570034375 0.29101930390624997 0.757630759375 0.33771683515625 0.7684337179687499 0.40539256171875 0.77703177890625 0.47311029296875 0.7785554453125 0.56332050234375 0.76985952421875 0.6354574125 0.7536365421875 0.67573854375 0.74076173828125 0.70084892578125 0.72555367734375 0.7174336375 0.70770671015625 0.724060059375 0.6960124984375 0.73584297265625 0.65863861015625 0.73760693515625 0.62310331015625 0.73114853125 0.6064999421875 0.72323650546875 0.6022254328125001 0.5716059890625 0.60952135546875 0.45996961015625004 0.6086859578125 0.38996297265625 0.60033288515625 0.35769887890624996 0.59979621171875 0.2978745171875 0.5911584921874999 0.21748262031249999 0.57368476015625 0.1962197765625 0.56570738203125 0.16088980625 0.55842296484375 0.15651497812499998 0.5541694578125 0.13222591718750001 0.54729570078125 0.12531484765625 0.54880763671875 0.12449587343749999 0.5559636945312499 0.13501641796875 0.61495277109375