1 0.1563362914691943 0.3543876579778831 0.17196765402843603 0.3510009375987362 0.2120227598736177 0.3299089699842022 0.2253793988941548 0.30865421248025277 0.24282252211690364 0.26683599131121644 0.23589263270142177 0.26506440679304893 0.21747493838862558 0.27125014139020537 0.21457867456556085 0.27483135860979463 0.19102804107424962 0.28348631516587675 0.175978041864139 0.2969253917851501 0.15796623775671406 0.33427660347551347 0.15464293127962087 0.346571977093207 0.1563362914691943 0.3543876579778831
1 0.35776612164297 0.16693187835703002 0.35556749447077407 0.1825759233807267 0.3662075560821485 0.19483959004739337 0.41116092733017373 0.2155151129541864 0.4444531484992101 0.21700342101105846 0.4786903617693523 0.1919031935229068 0.4881613546603476 0.18126947314375988 0.4883748759873618 0.17691239494470773 0.48277050473933647 0.16854705687203791 0.48879557740916274 0.16540556477093207 0.48700496840442337 0.16395743285939968 0.43426762243285943 0.15893863902053712 0.40173223854660345 0.1463895671406003 0.38386420063191157 0.1486642914691943 0.36501312164296995 0.16077150868878357 0.35776612164297 0.16693187835703002
1 0.7559091603475513 0.32219492101105845 0.8375161066350711 0.34881941943127964 0.8414207772511849 0.34657640284360186 0.8417442298578199 0.3414371224328594 0.829476349921011 0.3010268570300158 0.8113313767772511 0.2797319225908373 0.7474825363349131 0.2516149028436019 0.7272615505529226 0.2507671587677725 0.7289866169036335 0.2725462085308057 0.7364069628751975 0.2935303728278041 0.7438146255924171 0.3089291895734597 0.7559091603475513 0.32219492101105845
1 0.5274213625592418 0.8923103988941548 0.5588320671406003 0.9015107985781989 0.5846447417061612 0.9051385331753554 0.6204780663507109 0.8942215363349131 0.6267103191153238 0.8839302930489732 0.622566762243286 0.8793596935229068 0.5886022709320695 0.8769792519747235 0.5665779936808847 0.8690980284360189 0.5647810434439178 0.8648572235387046 0.5445537156398104 0.8612168056872037 0.5131810592417062 0.8687724478672987 0.5050482669826225 0.8783977622432859 0.5274213625592418 0.8923103988941548
1 0.7334280908372828 0.8510693712480252 0.7579617654028437 0.8325819210110584 0.7654096042654028 0.8164791263823065 0.7590420552922591 0.8163818775671406 0.7163042069510269 0.8366979842022116 0.6687505308056872 0.8515513578199051 0.6549224597156398 0.8619715568720379 0.6457939439178515 0.8758440181674565 0.6499311587677725 0.8776219439178515 0.679739410742496 0.869846439178515 0.7334280908372828 0.8510693712480252
1 0.7925224312796209 0.8023424131121643 0.7753647124802527 0.8222653120063191 0.7711429312796209 0.8324402827804108 0.7932390924170616 0.822783262243286 0.8272564423380726 0.799247439178515 0.8440716848341233 0.7760857993680885 0.8463992669826225 0.7680375726698262 0.7925224312796209 0.8023424131121643
1 0.10944216113744076 0.5121134526066351 0.10089713665086888 0.4877806169036335 0.0915107093206951 0.4864614399684044 0.0842573672985782 0.4898291358609795 0.08286630805687203 0.5167538072669826 0.08467594075829384 0.5265799597156398 0.09050017535545024 0.5333808933649289 0.10391388625592417 0.5372601982622434 0.10944216113744076 0.5121134526066351
1 0.3922737156398104 0.9004368080568721 0.4157397835703001 0.9037347488151658 0.42232719589257506 0.9022675924170617 0.4236590545023696 0.8984665126382306 0.3757460063191153 0.853445471563981 0.3309025655608215 0.831987747235387 0.3176051271721959 0.8301189139020536 0.31213605292259083 0.8321420679304898 0.32033225908372825 0.8504434897314376 0.35010667614533963 0.8769622709320695 0.37416044944707744 0.893105241706161 0.3922737156398104 0.9004368080568721
3 0.5519954265402843 0.10449316429699841 0.5406112101105844 0.10887560821484993 0.5400615537124803 0.11278661927330173 0.5495769360189574 0.12170161453396523 0.5661257977883096 0.12881331753554504 0.5746327740916272 0.136390112164297 0.5886405323854661 0.15590712085308056 0.6070962748815166 0.1664774273301738 0.6178462685624012 0.17795889178515006 0.6202118988941548 0.18666670695102686 0.6620237788309636 0.20131715639810427 0.6878745015797788 0.22170093285939968 0.7024065505529227 0.22613623538704583 0.7155686927330174 0.2176165766192733 0.7677563815165876 0.2265463823064771 0.7756756532385466 0.22127814612954186 0.7758638088467614 0.2057503736176935 0.7678874652448657 0.18588454739336494 0.72635464849921 0.1465461018957346 0.6877561437598737 0.12038248104265403 0.6590218396524486 0.10916526856240126 0.594086368878357 0.09445561848341233 0.5762310134281201 0.10231568957345973 0.5519954265402843 0.10449316429699841
3 0.13786986571879936 0.7326712543443918 0.1506810616113744 0.7663778349131122 0.19413978357030015 0.8175529044233808 0.2551177251184834 0.8604218357030016 0.28138280805687205 0.8665061090047393 0.2861732701421801 0.8607981477093207 0.2777635426540284 0.8468538033175356 0.24116916824644552 0.8177812361769352 0.23141489889415484 0.8020526248025277 0.21485335387045815 0.7893555742496051 0.2075683056872038 0.7787599020537125 0.1571987187993681 0.7341912693522906 0.13885924802527647 0.7256314336492892 0.13786986571879936 0.7326712543443918
3 0.13840696761453397 0.2804779921011058 0.1434363167456556 0.2815836469194313 0.1506833167456556 0.2754232772511849 0.15750327488151658 0.27797706398104266 0.16174407977883096 0.27618011453396524 0.19753301500789888 0.24571440205371248 0.21312632938388623 0.22557164060031595 0.23845488941548185 0.2127794691943128 0.25763576224328594 0.19832564454976304 0.26721668641390206 0.18690972195892577 0.2906447061611374 0.17345162085308058 0.2925325631911532 0.16853220300157978 0.2905157503949447 0.16585580252764612 0.2737597093206951 0.16589385071090046 0.24093257977883095 0.1724474281200632 0.21972855213270143 0.1814321777251185 0.18783794628751976 0.20686219984202212 0.15797049368088467 0.23776129620853081 0.14105800315955766 0.2672904849921011 0.13840696761453397 0.2804779921011058
1 0.5424652330173776 0.13825047630331755 0.547695420221169 0.12941370537124802 0.5314636698262243 0.11437004818325436 0.5209525639810426 0.1097021998420221 0.4716738214849921 0.10277652448657189 0.4286780616113744 0.10790099447077409 0.40927732622432855 0.12391922353870458 0.4653823680884676 0.13619135939968405 0.520246458135861 0.1431043522906793 0.5424652330173776 0.13825047630331755
1 0.08231669431279622 0.3730991840442338 0.07343340600315955 0.3965779344391785 0.0727928420221169 0.4096491690363349 0.09230350868878356 0.39284873775671403 0.0987112345971564 0.3614443744075829 0.09502008609794628 0.35933031358609796 0.08231669431279622 0.3730991840442338
2 0.23900446050552923 0.5039997266982623 0.2554307085308057 0.5063082851500791 0.2612486011058452 0.5103165450236967 0.26078985150078987 0.5050673333333333 0.2711656611374408 0.49934668957345973 0.27415283175355454 0.48660524881516587 0.27189079067930494 0.4743225584518167 0.2632865655608215 0.4731133135860979 0.25547722590837285 0.4775993467614534 0.24898706240126384 0.47269895339652446 0.24261951263823064 0.47260170458135864 0.23437678909952608 0.4830092211690364 0.23463469984202212 0.49820085781990525 0.23900446050552923 0.5039997266982623
1 0.8541072725118484 0.2761718578199052 0.8619419778830965 0.28285651816745655 0.8658403064770932 0.2778208278041074 0.8584263025276462 0.2596293372827804 0.814282627172196 0.2019767867298578 0.7942371137440758 0.1800159233807267 0.786182545813586 0.17489566666666667 0.7808234028436019 0.1761366184834123 0.7809460165876777 0.18093976382306476 0.8208235213270142 0.2292185695102686 0.8541072725118484 0.2761718578199052
1 0.8111516895734596 0.24979471563981043 0.8501434028436018 0.3015384652448657 0.8758249936808846 0.34582803554502367 0.8845581745655609 0.35463309873617693 0.8859999644549762 0.3500498167456556 0.8834990371248025 0.33095350947867297 0.8713854778830964 0.30930975750394946 0.8415793538704581 0.26882760900473934 0.8242356074249606 0.2560206263823065 0.8196269597156398 0.24340814139020536 0.8064140868878358 0.2295864115323855 0.8025030750394945 0.2290367551342812 0.8111516895734596 0.24979471563981043
1 0.9275644881516588 0.4033516303317536 0.9281078033175355 0.3966479454976303 0.9177468048973144 0.35969628278041077 0.8943462788309636 0.33606742496050557 0.889762996050553 0.3346256342812006 0.8885474099526065 0.34043718562401265 0.9003692235387046 0.3811835860979463 0.9066458657187993 0.39044105845181676 0.9246618830963665 0.4041401737756714 0.9275644881516588 0.4033516303317536
3 0.0781075102685624 0.6839907709320695 0.08201852132701422 0.6845404281200632 0.08613671327014219 0.6779403333333334 0.09285942180094788 0.6868616690363349 0.09586561690363349 0.6824982496050552 0.0615100458135861 0.6062800252764613 0.06205970221169036 0.6023690142180095 0.05780621406003159 0.5985806169036335 0.04915125829383886 0.5750299826224329 0.04568631358609795 0.5741441903633491 0.05024210268562401 0.6126729399684044 0.062296461295418645 0.6574402835703002 0.0781075102685624 0.6839907709320695
1 0.2634386737756714 0.8352687488151658 0.28067248894154817 0.8488579336492892 0.291991163507109 0.8648064075829384 0.306316032385466 0.8763914612954187 0.3308095308056872 0.8894056240126381 0.34847038862559243 0.8942806516587677 0.359066060821485 0.8869956034755134 0.3260402203791469 0.8552339526066352 0.3105779897314376 0.8347148791469194 0.29906481832543447 0.8315015039494471 0.2659417298578199 0.8061074028436019 0.25419601263823066 0.7988730845181675 0.25118347630331755 0.8004438309636651 0.2507817993680885 0.8203286816745655 0.2634386737756714 0.8352687488151658