3 0.43828125 0.597265625 0.43671875 0.591015625 0.4421875 0.537109375 0.43671875 0.468359375 0.4390625 0.441796875 0.4359375 0.357421875 0.440625 0.347265625 0.46875 0.312890625 0.47421875 0.299609375 0.48359375 0.292578125 0.5046875 0.262109375 0.50625 0.255078125 0.499609375 0.24375 0.482421875 0.24375 0.475390625 0.24765625 0.466796875 0.24609375 0.455078125 0.24921875 0.4546875 0.241015625 0.450390625 0.240625 0.44296875 0.244140625 0.44765625 0.250390625 0.443359375 0.26328125 0.432421875 0.26328125 0.427734375 0.26640625 0.419921875 0.26171875 0.412109375 0.2640625 0.41171875 0.288671875 0.42265625 0.294921875 0.419921875 0.303125 0.39921875 0.315234375 0.39921875 0.323828125 0.4109375 0.332421875 0.415625 0.347265625 0.4171875 0.473046875 0.4203125 0.511328125 0.41796875 0.591796875 0.4203125 0.602734375 0.42890625 0.608984375 0.43671875 0.604296875 0.43828125 0.597265625
3 0.690625 0.635546875 0.6984375 0.619140625 0.72109375 0.586328125 0.72734375 0.562890625 0.728125 0.501171875 0.73203125 0.486328125 0.72734375 0.482421875 0.71875 0.458203125 0.705859375 0.4515625 0.702734375 0.446875 0.685546875 0.44765625 0.675390625 0.45546875 0.670703125 0.44609375 0.66875 0.451953125 0.665625 0.452734375 0.66328125 0.437109375 0.658984375 0.4453125 0.65703125 0.442578125 0.65703125 0.407421875 0.658984375 0.4046875 0.662109375 0.40703125 0.665625 0.405078125 0.665625 0.394921875 0.662890625 0.3921875 0.66015625 0.402734375 0.651953125 0.40390625 0.644140625 0.4109375 0.639453125 0.39140625 0.637109375 0.3984375 0.627734375 0.396875 0.62109375 0.403515625 0.625 0.408203125 0.6234375 0.412109375 0.63359375 0.416015625 0.6375 0.439453125 0.63515625 0.458984375 0.64453125 0.464453125 0.64453125 0.474609375 0.6484375 0.478515625 0.634375 0.509765625 0.63203125 0.561328125 0.63828125 0.584765625 0.6390625 0.601171875 0.643359375 0.5859375 0.646875 0.600390625 0.65078125 0.602734375 0.65546875 0.616015625 0.66328125 0.619921875 0.66796875 0.632421875 0.6671875 0.670703125 0.67109375 0.678515625 0.67890625 0.682421875 0.6875 0.663671875 0.690625 0.635546875
3 0.8453125 0.681640625 0.8671875 0.616796875 0.872265625 0.58828125 0.867578125 0.58828125 0.8625 0.596484375 0.85546875 0.623828125 0.847265625 0.6296875 0.843359375 0.6203125 0.826171875 0.63984375 0.81875 0.644140625 0.796875 0.685546875 0.790625 0.691015625 0.7828125 0.712109375 0.78359375 0.738671875 0.78984375 0.741015625 0.82265625 0.716796875 0.8453125 0.681640625
3 0.831640625 0.6125 0.838671875 0.61015625 0.86015625 0.591015625 0.86171875 0.584765625 0.85859375 0.572265625 0.862890625 0.56640625 0.86796875 0.567578125 0.86484375 0.575390625 0.866796875 0.57890625 0.87890625 0.567578125 0.8828125 0.541796875 0.87578125 0.535546875 0.87734375 0.505859375 0.871484375 0.47421875 0.8453125 0.496484375 0.8359375 0.538671875 0.83046875 0.551171875 0.82421875 0.587890625 0.8171875 0.607421875 0.8171875 0.619921875 0.82109375 0.620703125 0.830078125 0.61796875 0.831640625 0.6125
2 0.80625 0.573046875 0.8078125 0.551953125 0.804296875 0.54453125 0.79765625 0.551171875 0.7984375 0.565234375 0.78984375 0.585546875 0.78671875 0.604296875 0.7796875 0.616796875 0.780859375 0.62265625 0.7859375 0.622265625 0.79375 0.612890625 0.80625 0.573046875
1 0.2171875 0.498828125 0.21953125 0.461328125 0.21796875 0.415234375 0.209375 0.394140625 0.196484375 0.37734375 0.179296875 0.3859375 0.15546875 0.408203125 0.146875 0.431640625 0.14609375 0.467578125 0.14921875 0.478515625 0.1609375 0.494921875 0.16484375 0.516015625 0.171484375 0.52109375 0.17890625 0.521484375 0.208984375 0.5078125 0.2171875 0.498828125
1 0.209375 0.724609375 0.178125 0.673828125 0.15703125 0.627734375 0.1453125 0.608984375 0.136328125 0.6015625 0.123828125 0.60390625 0.12109375 0.609765625 0.1296875 0.638671875 0.16484375 0.708984375 0.184765625 0.72890625 0.2046875 0.731640625 0.209375 0.729296875 0.209375 0.724609375
1 0.121875 0.491015625 0.118359375 0.40859375 0.1078125 0.416796875 0.10390625 0.423828125 0.09921875 0.458984375 0.1015625 0.503515625 0.104296875 0.50859375 0.109375 0.508984375 0.11484375 0.507421875 0.121875 0.491015625
3 0.311328125 0.21484375 0.326171875 0.19921875 0.3453125 0.189453125 0.34765625 0.179296875 0.3328125 0.162109375 0.333203125 0.14921875 0.311328125 0.1453125 0.288671875 0.15078125 0.225390625 0.20234375 0.20859375 0.212890625 0.20390625 0.219140625 0.20546875 0.227734375 0.2015625 0.248046875 0.202734375 0.25078125 0.21484375 0.248046875 0.215625 0.264453125 0.221875 0.269140625 0.262890625 0.24921875 0.311328125 0.21484375
0 0.646484375 0.47890625 0.65 0.473046875 0.65078125 0.457421875 0.658203125 0.453125 0.673046875 0.45859375 0.701953125 0.453125 0.7046875 0.450390625 0.70546875 0.383984375 0.70234375 0.345703125 0.7046875 0.329296875 0.691796875 0.3171875 0.630078125 0.27421875 0.544140625 0.23203125 0.476171875 0.2296875 0.411328125 0.253125 0.40859375 0.255078125 0.409375 0.269921875 0.390625 0.344921875 0.38828125 0.373046875 0.412109375 0.38828125 0.42109375 0.387890625 0.421875 0.313671875 0.43046875 0.310546875 0.431640625 0.3015625 0.439453125 0.30703125 0.443359375 0.30234375 0.447265625 0.303125 0.45078125 0.307421875 0.4453125 0.314453125 0.44609375 0.317578125 0.453125 0.326171875 0.449609375 0.32734375 0.4390625 0.316796875 0.4375 0.333984375 0.43984375 0.347265625 0.4359375 0.351953125 0.43359375 0.364453125 0.4328125 0.380859375 0.43828125 0.384765625 0.440625 0.410546875 0.537890625 0.4859375 0.55078125 0.503515625 0.559375 0.507421875 0.614453125 0.4921875 0.646484375 0.47890625
0 0.78203125 0.394140625 0.77890625 0.388671875 0.78125 0.384765625 0.7765625 0.380078125 0.7828125 0.369140625 0.7828125 0.360546875 0.78125 0.352734375 0.776953125 0.353125 0.77578125 0.345703125 0.76875 0.341796875 0.76640625 0.315234375 0.77265625 0.308984375 0.773046875 0.3015625 0.776171875 0.3046875 0.79375 0.302734375 0.79765625 0.294140625 0.796875 0.271484375 0.792578125 0.271875 0.791015625 0.26640625 0.7828125 0.262890625 0.78125 0.243359375 0.7765625 0.241015625 0.77578125 0.236328125 0.766015625 0.23203125 0.764453125 0.22734375 0.74921875 0.223828125 0.75234375 0.221484375 0.7484375 0.212109375 0.74921875 0.204296875 0.7421875 0.200390625 0.73515625 0.188671875 0.7234375 0.158203125 0.70546875 0.133984375 0.694921875 0.125 0.655859375 0.11015625 0.608203125 0.09765625 0.525390625 0.08671875 0.476171875 0.08671875 0.419921875 0.09296875 0.382421875 0.1015625 0.36796875 0.114453125 0.36875 0.126171875 0.36328125 0.133984375 0.3640625 0.141015625 0.376953125 0.14765625 0.421484375 0.14609375 0.427734375 0.140625 0.430859375 0.14375 0.436328125 0.140625 0.440234375 0.1484375 0.451171875 0.146875 0.455859375 0.153125 0.462890625 0.15 0.47109375 0.152734375 0.436328125 0.15546875 0.376953125 0.15390625 0.3703125 0.157421875 0.35703125 0.180078125 0.353125 0.188671875 0.354296875 0.19375 0.433984375 0.209375 0.444140625 0.215625 0.450390625 0.215625 0.4484375 0.219921875 0.457421875 0.22578125 0.548828125 0.22890625 0.573046875 0.24140625 0.587890625 0.24296875 0.58828125 0.247265625 0.596484375 0.25390625 0.608203125 0.26015625 0.615234375 0.26015625 0.616015625 0.26328125 0.631640625 0.27265625 0.639453125 0.27578125 0.651953125 0.2734375 0.65859375 0.285546875 0.663671875 0.2859375 0.6703125 0.291796875 0.674609375 0.303125 0.70234375 0.322265625 0.70859375 0.330859375 0.7125 0.348828125 0.748828125 0.378125 0.761328125 0.3953125 0.77578125 0.398046875 0.780859375 0.39765625 0.78203125 0.394140625
0 0.80546875 0.515234375 0.80859375 0.438671875 0.8046875 0.428515625 0.780078125 0.403125 0.757421875 0.3984375 0.741796875 0.40390625 0.73984375 0.407421875 0.74296875 0.420703125 0.73984375 0.457421875 0.740625 0.500390625 0.746875 0.515234375 0.767578125 0.5375 0.775 0.537890625 0.798828125 0.52421875 0.80546875 0.515234375