1 0.530078125 0.58515625 0.5421875 0.573828125 0.54609375 0.562109375 0.54453125 0.544140625 0.52421875 0.474609375 0.52578125 0.463671875 0.51953125 0.459765625 0.5109375 0.439453125 0.494140625 0.428125 0.464453125 0.4296875 0.451171875 0.43359375 0.436328125 0.44140625 0.4328125 0.451171875 0.43203125 0.475390625 0.453125 0.552734375 0.45546875 0.576171875 0.464453125 0.5890625 0.48359375 0.592578125 0.519921875 0.5890625 0.530078125 0.58515625
1 0.58359375 0.829296875 0.58515625 0.812109375 0.57890625 0.785546875 0.58125 0.776953125 0.57109375 0.757421875 0.565234375 0.753125 0.547265625 0.75078125 0.520703125 0.75234375 0.505859375 0.75625 0.49375 0.765234375 0.49375 0.778515625 0.50390625 0.796484375 0.5140625 0.830078125 0.520703125 0.83984375 0.53125 0.842578125 0.570703125 0.8375 0.58359375 0.829296875
1 0.459375 0.262890625 0.45703125 0.240234375 0.447265625 0.21875 0.412890625 0.21875 0.3984375 0.228515625 0.39609375 0.248828125 0.39921875 0.272265625 0.404296875 0.278125 0.41796875 0.277734375 0.450390625 0.271875 0.459375 0.262890625
1 0.790625 0.558984375 0.79765625 0.516796875 0.79921875 0.482421875 0.78984375 0.447265625 0.77265625 0.399609375 0.75390625 0.362109375 0.74375 0.348828125 0.73828125 0.334765625 0.725390625 0.33125 0.71328125 0.319140625 0.709375 0.301953125 0.6953125 0.283203125 0.69140625 0.271484375 0.676953125 0.25546875 0.659765625 0.24765625 0.656640625 0.23984375 0.641015625 0.23515625 0.628515625 0.23515625 0.621875 0.243359375 0.62109375 0.260546875 0.6171875 0.270703125 0.621875 0.276171875 0.6234375 0.287890625 0.640625 0.315234375 0.646875 0.333984375 0.67734375 0.388671875 0.684375 0.419921875 0.70078125 0.463671875 0.70625 0.505078125 0.71484375 0.521484375 0.72734375 0.576953125 0.733984375 0.58515625 0.74296875 0.585546875 0.780859375 0.57109375 0.790625 0.558984375
1 0.70703125 0.832421875 0.7125 0.809765625 0.7125 0.788671875 0.709765625 0.78046875 0.674609375 0.79140625 0.65390625 0.808203125 0.65078125 0.816015625 0.65390625 0.851953125 0.6609375 0.855859375 0.698828125 0.84140625 0.70703125 0.832421875
1 0.790625 0.741796875 0.79921875 0.698828125 0.796484375 0.6671875 0.787109375 0.66875 0.773828125 0.67734375 0.76484375 0.687109375 0.759375 0.698828125 0.7515625 0.760546875 0.75234375 0.766015625 0.75859375 0.767578125 0.780078125 0.75390625 0.790625 0.741796875
1 0.17734375 0.524609375 0.17421875 0.496484375 0.170703125 0.49140625 0.165234375 0.49140625 0.1578125 0.494140625 0.153125 0.512109375 0.153125 0.577734375 0.1625 0.608984375 0.169140625 0.61328125 0.1765625 0.612890625 0.18125 0.608203125 0.17734375 0.524609375
1 0.15 0.434765625 0.15234375 0.396484375 0.149609375 0.390625 0.13828125 0.400390625 0.1296875 0.438671875 0.12890625 0.467578125 0.13515625 0.478515625 0.14453125 0.462109375 0.15 0.434765625
3 0.48984375 0.871484375 0.4625 0.819921875 0.44296875 0.762109375 0.43125 0.738671875 0.4 0.631640625 0.3765625 0.505859375 0.36796875 0.429296875 0.36640625 0.387890625 0.359375 0.345703125 0.348046875 0.33125 0.338671875 0.32734375 0.312890625 0.325 0.291015625 0.33046875 0.260546875 0.34609375 0.234375 0.369140625 0.21875 0.403515625 0.2125 0.431640625 0.21015625 0.514453125 0.21484375 0.578515625 0.2265625 0.641796875 0.2421875 0.696484375 0.27421875 0.773046875 0.290625 0.803515625 0.323046875 0.84921875 0.387109375 0.86875 0.438671875 0.87734375 0.48359375 0.879296875 0.48828125 0.877734375 0.48984375 0.871484375
1 0.36015625 0.212890625 0.36328125 0.204296875 0.350390625 0.20078125 0.330078125 0.20078125 0.305859375 0.21015625 0.29375 0.219140625 0.294921875 0.22734375 0.3265625 0.227734375 0.345703125 0.22265625 0.36015625 0.212890625
1 0.24609375 0.775390625 0.235546875 0.7671875 0.216015625 0.76015625 0.24140625 0.812109375 0.251953125 0.8203125 0.2765625 0.831640625 0.26015625 0.796484375 0.24609375 0.775390625