3 0.304296875 0.1625 0.3234375 0.150390625 0.323046875 0.1453125 0.316796875 0.14375 0.305078125 0.14921875 0.300390625 0.1625 0.29609375 0.161328125 0.294921875 0.15546875 0.283203125 0.15703125 0.280078125 0.171875 0.26640625 0.173046875 0.270703125 0.17890625 0.274609375 0.17421875 0.2765625 0.175390625 0.274609375 0.184375 0.270703125 0.1828125 0.264453125 0.1875 0.25 0.188671875 0.25078125 0.201953125 0.2421875 0.213671875 0.247265625 0.2171875 0.25546875 0.216796875 0.27734375 0.198828125 0.304296875 0.1625
3 0.109375 0.480859375 0.1296875 0.438671875 0.1421875 0.404296875 0.16796875 0.303515625 0.17109375 0.274609375 0.18671875 0.244140625 0.189453125 0.21953125 0.184765625 0.21953125 0.169140625 0.22890625 0.164453125 0.2296875 0.161328125 0.2265625 0.14453125 0.240234375 0.1140625 0.293359375 0.09296875 0.366015625 0.07578125 0.455859375 0.07578125 0.477734375 0.08046875 0.537890625 0.08828125 0.574609375 0.09296875 0.589453125 0.103125 0.594140625 0.10625 0.587109375 0.109375 0.480859375
1 0.26640625 0.772265625 0.25234375 0.740234375 0.242578125 0.72890625 0.212109375 0.71328125 0.20859375 0.722265625 0.21015625 0.746484375 0.225 0.781640625 0.242578125 0.796875 0.258984375 0.80546875 0.271875 0.807421875 0.2734375 0.804296875 0.26640625 0.772265625
1 0.193359375 0.67421875 0.20625 0.674609375 0.2109375 0.659765625 0.21015625 0.652734375 0.20078125 0.631640625 0.187890625 0.61484375 0.179296875 0.61015625 0.163671875 0.6109375 0.15 0.628515625 0.1453125 0.642578125 0.14609375 0.657421875 0.15546875 0.676953125 0.166015625 0.68671875 0.178125 0.691015625 0.18046875 0.683984375 0.193359375 0.67421875
1 0.21484375 0.776171875 0.1890625 0.739453125 0.168359375 0.71796875 0.155078125 0.71328125 0.1546875 0.721484375 0.165625 0.739453125 0.20390625 0.787109375 0.219140625 0.79765625 0.2328125 0.800390625 0.228125 0.787890625 0.21484375 0.776171875
1 0.13046875 0.695703125 0.116015625 0.68203125 0.104296875 0.678125 0.10625 0.689453125 0.1125 0.701171875 0.131640625 0.7234375 0.147265625 0.7375 0.1515625 0.737890625 0.14765625 0.723046875 0.13046875 0.695703125
1 0.11484375 0.657421875 0.101171875 0.64296875 0.092578125 0.6421875 0.090625 0.651171875 0.0984375 0.670703125 0.102734375 0.6765625 0.116796875 0.6828125 0.1265625 0.691796875 0.12578125 0.680859375 0.11484375 0.657421875
1 0.1484375 0.574609375 0.128515625 0.5546875 0.115234375 0.553125 0.10859375 0.562890625 0.10703125 0.590234375 0.109375 0.601171875 0.114453125 0.60546875 0.131640625 0.60859375 0.141796875 0.6171875 0.14609375 0.616796875 0.15390625 0.611328125 0.1484375 0.574609375
1 0.17109375 0.535546875 0.16640625 0.498046875 0.15703125 0.463671875 0.153515625 0.4609375 0.14375 0.468359375 0.14140625 0.476171875 0.1421875 0.509765625 0.146875 0.530859375 0.15234375 0.541015625 0.15234375 0.548828125 0.1609375 0.551171875 0.1703125 0.546484375 0.17109375 0.535546875
1 0.15078125 0.538671875 0.134375 0.515234375 0.126171875 0.50859375 0.120703125 0.50859375 0.112890625 0.51328125 0.10859375 0.520703125 0.10703125 0.533203125 0.11171875 0.549609375 0.130859375 0.55625 0.145703125 0.56953125 0.14921875 0.569140625 0.15234375 0.559765625 0.15078125 0.538671875
1 0.1390625 0.481640625 0.14453125 0.466015625 0.15546875 0.455859375 0.15625 0.423046875 0.148828125 0.415625 0.144921875 0.415625 0.134375 0.427734375 0.11171875 0.474609375 0.11171875 0.498828125 0.116796875 0.50546875 0.1234375 0.506640625 0.12734375 0.496484375 0.1390625 0.481640625
1 0.17734375 0.369921875 0.176953125 0.35703125 0.166015625 0.36015625 0.16015625 0.365234375 0.15 0.394140625 0.146875 0.413671875 0.15546875 0.423828125 0.1578125 0.433203125 0.1671875 0.422265625 0.17734375 0.369921875
1 0.0921875 0.611328125 0.08515625 0.573046875 0.08359375 0.567578125 0.080078125 0.56640625 0.07265625 0.576953125 0.07265625 0.597265625 0.078125 0.623046875 0.08359375 0.627734375 0.09140625 0.618359375 0.0921875 0.611328125
1 0.25078125 0.264453125 0.254296875 0.240625 0.241796875 0.24453125 0.22890625 0.255078125 0.2203125 0.278515625 0.22421875 0.281640625 0.244140625 0.271875 0.25078125 0.264453125
1 0.295703125 0.215625 0.281640625 0.21875 0.26640625 0.227734375 0.2578125 0.244921875 0.2578125 0.252734375 0.26328125 0.253515625 0.290625 0.238671875 0.295703125 0.215625
1 0.59375 0.216796875 0.59140625 0.207421875 0.5828125 0.194921875 0.568359375 0.18828125 0.478515625 0.1875 0.446484375 0.2015625 0.43984375 0.210546875 0.440625 0.218359375 0.448046875 0.22265625 0.466796875 0.22109375 0.483984375 0.2234375 0.494140625 0.21953125 0.523046875 0.21875 0.545703125 0.21953125 0.557421875 0.225 0.56796875 0.224609375 0.588671875 0.221875 0.59375 0.216796875
1 0.714453125 0.2390625 0.670703125 0.215625 0.623828125 0.21328125 0.61796875 0.218359375 0.623046875 0.22890625 0.638671875 0.2359375 0.655078125 0.2375 0.697265625 0.25 0.707421875 0.25625 0.71328125 0.255859375 0.721875 0.252734375 0.714453125 0.2390625
1 0.75703125 0.387109375 0.753125 0.352734375 0.744921875 0.34375 0.726953125 0.3359375 0.712109375 0.33359375 0.7 0.352734375 0.69375 0.356640625 0.696875 0.360546875 0.6921875 0.384765625 0.69375 0.403515625 0.698828125 0.41171875 0.733984375 0.4171875 0.746875 0.423828125 0.74921875 0.393359375 0.75703125 0.387109375
1 0.7625 0.498828125 0.759375 0.470703125 0.74765625 0.430859375 0.738671875 0.4203125 0.701171875 0.4140625 0.69609375 0.421484375 0.6953125 0.443359375 0.7078125 0.487109375 0.70859375 0.514453125 0.717578125 0.51875 0.734375 0.518359375 0.751171875 0.5109375 0.7625 0.498828125
1 0.82109375 0.562890625 0.828125 0.553515625 0.8296875 0.545703125 0.82890625 0.523046875 0.823828125 0.51328125 0.796484375 0.4984375 0.784765625 0.49765625 0.766796875 0.50234375 0.73359375 0.523046875 0.72890625 0.542578125 0.72890625 0.565234375 0.737890625 0.57734375 0.748828125 0.58046875 0.755078125 0.58828125 0.76015625 0.588671875 0.775390625 0.57578125 0.82109375 0.562890625
1 0.6828125 0.658203125 0.7046875 0.569140625 0.698046875 0.55546875 0.682421875 0.55234375 0.644921875 0.553125 0.637109375 0.55546875 0.6234375 0.566796875 0.62578125 0.576953125 0.61953125 0.594921875 0.6140625 0.629296875 0.6078125 0.637109375 0.603125 0.662109375 0.606640625 0.66484375 0.640625 0.664453125 0.679296875 0.6609375 0.6828125 0.658203125
1 0.748828125 0.69296875 0.75390625 0.686328125 0.77890625 0.623828125 0.77734375 0.607421875 0.772265625 0.6015625 0.753515625 0.59921875 0.741796875 0.60234375 0.7328125 0.608203125 0.72421875 0.620703125 0.71953125 0.641015625 0.696875 0.698046875 0.69765625 0.708203125 0.70546875 0.708984375 0.722265625 0.69765625 0.748828125 0.69296875
1 0.71171875 0.776953125 0.74375 0.726171875 0.75234375 0.699609375 0.749609375 0.69453125 0.730078125 0.69609375 0.71171875 0.704296875 0.6734375 0.766796875 0.6625 0.779296875 0.6609375 0.791796875 0.665625 0.792578125 0.703515625 0.78359375 0.71171875 0.776953125
1 0.769921875 0.79609375 0.78359375 0.785546875 0.7921875 0.769140625 0.787890625 0.76640625 0.761328125 0.77109375 0.686328125 0.80390625 0.6625 0.831640625 0.6734375 0.833203125 0.721484375 0.81875 0.769921875 0.79609375
1 0.77578125 0.808203125 0.78359375 0.792578125 0.780859375 0.790625 0.773046875 0.79296875 0.670703125 0.84375 0.6546875 0.858984375 0.658984375 0.86640625 0.6640625 0.866015625 0.755859375 0.82421875 0.77578125 0.808203125
1 0.694921875 0.8703125 0.721484375 0.85703125 0.7359375 0.844921875 0.73671875 0.839453125 0.718359375 0.8390625 0.662890625 0.8671875 0.605859375 0.890625 0.5953125 0.898046875 0.601171875 0.9015625 0.6140625 0.901953125 0.679296875 0.8828125 0.694921875 0.8703125
2 0.61953125 0.353515625 0.6109375 0.330078125 0.601953125 0.32734375 0.59609375 0.353515625 0.603125 0.375390625 0.60390625 0.400390625 0.609375 0.405078125 0.61640625 0.393359375 0.61953125 0.353515625
1 0.83671875 0.403515625 0.81484375 0.366015625 0.806640625 0.35703125 0.794921875 0.353125 0.790625 0.358203125 0.78984375 0.374609375 0.8 0.408984375 0.81796875 0.433984375 0.8265625 0.454296875 0.835546875 0.45859375 0.84296875 0.458203125 0.84765625 0.444921875 0.83671875 0.403515625
1 0.85703125 0.387109375 0.846875 0.368359375 0.837890625 0.36015625 0.830859375 0.359375 0.828125 0.373046875 0.83515625 0.398828125 0.85234375 0.435546875 0.860546875 0.44375 0.86875 0.444140625 0.8703125 0.424609375 0.85703125 0.387109375
1 0.88671875 0.420703125 0.8703125 0.384765625 0.862890625 0.38125 0.8578125 0.384765625 0.86015625 0.397265625 0.878125 0.444921875 0.88671875 0.451171875 0.88984375 0.448828125 0.88671875 0.420703125
3 0.87265625 0.318359375 0.8578125 0.298828125 0.850390625 0.29375 0.84140625 0.301953125 0.84296875 0.316015625 0.875 0.396484375 0.8796875 0.406640625 0.88359375 0.408203125 0.88671875 0.353515625 0.87265625 0.318359375
2 0.55390625 0.827734375 0.544921875 0.821875 0.5234375 0.827734375 0.52890625 0.850390625 0.53984375 0.851171875 0.55390625 0.831640625 0.55390625 0.827734375
2 0.31875 0.826953125 0.306640625 0.815625 0.301171875 0.81484375 0.29921875 0.820703125 0.30234375 0.826953125 0.316015625 0.840625 0.321875 0.841015625 0.32265625 0.834765625 0.31875 0.826953125