1 0.565234375 0.61484375 0.643359375 0.60078125 0.64921875 0.594921875 0.6515625 0.583203125 0.65078125 0.564453125 0.64765625 0.556640625 0.609765625 0.51171875 0.591796875 0.5 0.574609375 0.4953125 0.536328125 0.49609375 0.502734375 0.50078125 0.447265625 0.51484375 0.4390625 0.533984375 0.4390625 0.548046875 0.44765625 0.569140625 0.453515625 0.571875 0.463671875 0.56953125 0.476171875 0.575 0.519140625 0.5984375 0.52578125 0.613671875 0.53828125 0.617578125 0.544921875 0.6125 0.565234375 0.61484375
1 0.678515625 0.70390625 0.699609375 0.7 0.720703125 0.690625 0.7421875 0.673828125 0.7484375 0.655859375 0.74609375 0.644140625 0.718359375 0.61953125 0.698046875 0.61484375 0.691015625 0.6078125 0.685546875 0.6078125 0.630078125 0.6328125 0.594921875 0.6390625 0.569140625 0.64765625 0.5515625 0.662890625 0.54921875 0.669140625 0.55078125 0.682421875 0.568359375 0.70078125 0.580859375 0.7 0.588671875 0.69375 0.649609375 0.703125 0.657421875 0.71328125 0.66484375 0.713671875 0.672265625 0.7109375 0.678515625 0.70390625
1 0.84453125 0.601171875 0.85390625 0.579296875 0.85390625 0.567578125 0.8484375 0.553515625 0.84453125 0.545703125 0.831640625 0.53359375 0.813671875 0.5484375 0.788671875 0.5625 0.784375 0.573046875 0.78359375 0.602734375 0.788671875 0.6046875 0.796484375 0.6 0.805859375 0.603125 0.81328125 0.608203125 0.815625 0.616015625 0.8203125 0.617578125 0.826953125 0.609375 0.84453125 0.601171875
1 0.19609375 0.579296875 0.19296875 0.515234375 0.18828125 0.511328125 0.184765625 0.50078125 0.163671875 0.4984375 0.1546875 0.511328125 0.15703125 0.565234375 0.163671875 0.5796875 0.18125 0.587109375 0.193359375 0.58515625 0.19609375 0.579296875
1 0.2796875 0.666015625 0.27890625 0.649609375 0.253515625 0.63125 0.226171875 0.6234375 0.211328125 0.6265625 0.21015625 0.630078125 0.21796875 0.643359375 0.22734375 0.683203125 0.2359375 0.701171875 0.242578125 0.70625 0.278515625 0.71953125 0.2984375 0.723828125 0.29453125 0.702734375 0.2796875 0.666015625
1 0.198046875 0.71328125 0.176953125 0.7 0.168359375 0.6984375 0.1765625 0.725390625 0.18828125 0.749609375 0.208203125 0.765625 0.23203125 0.776953125 0.2140625 0.730078125 0.198046875 0.71328125
1 0.269140625 0.8390625 0.225390625 0.81171875 0.2171875 0.812109375 0.250390625 0.853125 0.274609375 0.86796875 0.2984375 0.876171875 0.296875 0.870703125 0.269140625 0.8390625
1 0.3625 0.855859375 0.36328125 0.851171875 0.359765625 0.8484375 0.301953125 0.8234375 0.282421875 0.81796875 0.2765625 0.819921875 0.313671875 0.8625 0.341796875 0.87421875 0.3796875 0.881640625 0.38125 0.877734375 0.3625 0.855859375
1 0.5546875 0.850390625 0.55546875 0.837109375 0.54765625 0.819921875 0.552734375 0.81171875 0.519921875 0.80546875 0.461328125 0.80546875 0.443359375 0.80625 0.434375 0.812109375 0.4421875 0.831640625 0.458984375 0.853125 0.476171875 0.8578125 0.5171875 0.858203125 0.545703125 0.85625 0.5546875 0.850390625
1 0.449609375 0.9140625 0.441015625 0.91015625 0.378515625 0.896875 0.3703125 0.898828125 0.399609375 0.9234375 0.430078125 0.9296875 0.46015625 0.930859375 0.46171875 0.926171875 0.449609375 0.9140625
1 0.6015625 0.905859375 0.60234375 0.899609375 0.598046875 0.890625 0.585546875 0.8859375 0.508984375 0.89296875 0.49921875 0.898046875 0.5 0.902734375 0.516015625 0.91796875 0.5375 0.919921875 0.590234375 0.91328125 0.6015625 0.905859375
1 0.609375 0.926171875 0.591796875 0.9234375 0.533984375 0.93046875 0.525 0.933984375 0.525 0.937890625 0.53125 0.940234375 0.600390625 0.93203125 0.609375 0.926171875
2 0.69296875 0.522265625 0.690625 0.494921875 0.6796875 0.474609375 0.675390625 0.471875 0.66953125 0.486328125 0.671875 0.503515625 0.665625 0.510546875 0.6625 0.522265625 0.6640625 0.544921875 0.671875 0.551171875 0.6890625 0.532421875 0.69296875 0.522265625
2 0.75859375 0.423828125 0.75078125 0.394921875 0.744140625 0.3890625 0.7421875 0.395703125 0.74609375 0.416015625 0.74765625 0.464453125 0.75 0.467578125 0.759375 0.461328125 0.75859375 0.423828125
2 0.70078125 0.353515625 0.69140625 0.332421875 0.684765625 0.3296875 0.6828125 0.350390625 0.68515625 0.369140625 0.69453125 0.404296875 0.69921875 0.405859375 0.70390625 0.398828125 0.70078125 0.353515625
2 0.83359375 0.493359375 0.83046875 0.480078125 0.826953125 0.47734375 0.81796875 0.503515625 0.8234375 0.531640625 0.828125 0.533984375 0.83203125 0.523828125 0.83359375 0.493359375
1 0.34140625 0.197265625 0.340625 0.191015625 0.330859375 0.1890625 0.319140625 0.1921875 0.30390625 0.209765625 0.305859375 0.21484375 0.3109375 0.214453125 0.337109375 0.20546875 0.34140625 0.197265625
1 0.4375 0.195703125 0.426171875 0.1890625 0.399609375 0.19296875 0.383203125 0.203125 0.38046875 0.208203125 0.387109375 0.21484375 0.39296875 0.215234375 0.436328125 0.20859375 0.4375 0.195703125
1 0.395703125 0.1953125 0.410546875 0.18984375 0.41328125 0.186328125 0.4125 0.179296875 0.396484375 0.17734375 0.380859375 0.18203125 0.37265625 0.188671875 0.36796875 0.199609375 0.36875 0.204296875 0.37421875 0.205859375 0.380859375 0.20546875 0.395703125 0.1953125
3 0.51796875 0.130078125 0.51640625 0.126171875 0.502734375 0.115625 0.476171875 0.11484375 0.47109375 0.126953125 0.4828125 0.133203125 0.484765625 0.14375 0.496875 0.144140625 0.515234375 0.13515625 0.51796875 0.130078125
3 0.408203125 0.16640625 0.423828125 0.1515625 0.441015625 0.1484375 0.449609375 0.13359375 0.46171875 0.129296875 0.465625 0.112109375 0.436328125 0.1125 0.421484375 0.109375 0.369140625 0.11484375 0.360546875 0.12109375 0.350390625 0.121875 0.330078125 0.13203125 0.3109375 0.145703125 0.312890625 0.15390625 0.379296875 0.16875 0.39453125 0.169140625 0.402734375 0.16328125 0.408203125 0.16640625
1 0.07421875 0.623828125 0.066015625 0.61875 0.06328125 0.626953125 0.07109375 0.654296875 0.07890625 0.670703125 0.08515625 0.673828125 0.08515625 0.662109375 0.07421875 0.623828125
1 0.075 0.555859375 0.067578125 0.55234375 0.065625 0.569140625 0.0703125 0.594140625 0.075 0.606640625 0.08203125 0.608984375 0.08203125 0.592578125 0.075 0.555859375
1 0.745703125 0.81171875 0.754296875 0.8125 0.773046875 0.8015625 0.801171875 0.790625 0.82578125 0.771484375 0.840625 0.745703125 0.829296875 0.73984375 0.820703125 0.73984375 0.774609375 0.7625 0.73359375 0.804296875 0.725 0.817578125 0.72734375 0.819921875 0.742578125 0.81640625 0.745703125 0.81171875
2 0.891796875 0.66796875 0.87421875 0.706640625 0.8734375 0.713671875 0.87578125 0.713671875 0.89140625 0.679296875 0.891796875 0.66796875