1 0.729296875 0.828125 0.7453125 0.807421875 0.76953125 0.764453125 0.769921875 0.7609375 0.7640625 0.759765625 0.76328125 0.749609375 0.77265625 0.741796875 0.771875 0.738671875 0.758203125 0.7265625 0.753515625 0.72578125 0.7359375 0.757421875 0.738671875 0.765625 0.658984375 0.796875 0.640234375 0.8078125 0.63671875 0.812109375 0.63828125 0.819921875 0.62109375 0.862890625 0.63203125 0.864453125 0.690234375 0.846875 0.729296875 0.828125
1 0.4953125 0.898046875 0.48828125 0.887109375 0.478515625 0.878125 0.435546875 0.85703125 0.375390625 0.85 0.337890625 0.84140625 0.3265625 0.843359375 0.344140625 0.8640625 0.384765625 0.8921875 0.437109375 0.90390625 0.484375 0.905859375 0.491015625 0.90390625 0.4953125 0.898046875
1 0.5828125 0.940234375 0.584375 0.931640625 0.483984375 0.934375 0.4765625 0.937109375 0.491015625 0.95078125 0.5109375 0.951953125 0.574609375 0.94609375 0.5828125 0.940234375
1 0.1609375 0.648046875 0.146875 0.599609375 0.128515625 0.584375 0.119140625 0.5828125 0.1171875 0.593359375 0.1234375 0.630859375 0.1359375 0.671484375 0.13984375 0.679296875 0.152734375 0.690625 0.18125 0.708984375 0.18359375 0.700390625 0.1609375 0.648046875
1 0.11953125 0.477734375 0.12265625 0.426171875 0.1265625 0.408984375 0.122265625 0.39375 0.1015625 0.408203125 0.09375 0.458203125 0.09453125 0.491015625 0.101953125 0.49765625 0.1078125 0.497265625 0.11640625 0.488671875 0.11953125 0.477734375
1 0.480859375 0.1875 0.518359375 0.1765625 0.547265625 0.17734375 0.5515625 0.173828125 0.55 0.164453125 0.54375 0.153515625 0.533984375 0.146875 0.515234375 0.1421875 0.468359375 0.13984375 0.44609375 0.153515625 0.4390625 0.172265625 0.4453125 0.191015625 0.453125 0.192578125 0.463671875 0.18671875 0.480859375 0.1875
1 0.316015625 0.12578125 0.310546875 0.125 0.276171875 0.14609375 0.2703125 0.152734375 0.2703125 0.156640625 0.27265625 0.156640625 0.32265625 0.133203125 0.316015625 0.12578125
1 0.41640625 0.112890625 0.408203125 0.10859375 0.398046875 0.1078125 0.377734375 0.11171875 0.357421875 0.11953125 0.353125 0.125390625 0.356640625 0.1296875 0.3640625 0.129296875 0.410546875 0.11875 0.41640625 0.112890625
1 0.39453125 0.107421875 0.3953125 0.102734375 0.385546875 0.10078125 0.355859375 0.103125 0.3375 0.113671875 0.344140625 0.1203125 0.3578125 0.119921875 0.390234375 0.11015625 0.39453125 0.107421875
3 0.72578125 0.226171875 0.70859375 0.209765625 0.698046875 0.19453125 0.694140625 0.196875 0.692578125 0.1921875 0.686328125 0.19296875 0.65703125 0.170703125 0.65546875 0.139453125 0.64296875 0.133203125 0.652734375 0.13046875 0.658984375 0.1234375 0.677734375 0.12578125 0.6828125 0.122265625 0.6703125 0.110546875 0.6671875 0.102734375 0.648046875 0.0890625 0.636328125 0.0875 0.623828125 0.07890625 0.612109375 0.0765625 0.59453125 0.078515625 0.6 0.082421875 0.6046875 0.094140625 0.600390625 0.09921875 0.594921875 0.09765625 0.565234375 0.05625 0.537890625 0.05234375 0.533984375 0.04921875 0.501953125 0.05234375 0.484765625 0.05 0.436328125 0.0515625 0.431640625 0.04921875 0.418359375 0.05390625 0.408203125 0.0640625 0.399609375 0.06171875 0.396484375 0.06484375 0.369140625 0.071875 0.3375 0.089453125 0.356640625 0.1 0.409765625 0.1015625 0.422265625 0.1078125 0.439453125 0.10859375 0.446484375 0.11328125 0.473046875 0.1171875 0.518359375 0.13359375 0.533203125 0.14140625 0.545703125 0.153125 0.551171875 0.14921875 0.598828125 0.18046875 0.603515625 0.18671875 0.653515625 0.21484375 0.678515625 0.21953125 0.722265625 0.23671875 0.73046875 0.237109375 0.73203125 0.235546875 0.72578125 0.226171875
3 0.87421875 0.706640625 0.88984375 0.657421875 0.89296875 0.631640625 0.890625 0.558984375 0.884375 0.512890625 0.875 0.476171875 0.86953125 0.467578125 0.86796875 0.449609375 0.86171875 0.429296875 0.859375 0.423828125 0.849609375 0.4171875 0.84140625 0.422265625 0.84140625 0.448828125 0.83046875 0.459765625 0.82890625 0.473046875 0.8375 0.544921875 0.84765625 0.572265625 0.85 0.594140625 0.85234375 0.655859375 0.8484375 0.700390625 0.8421875 0.717578125 0.84453125 0.730078125 0.840625 0.733984375 0.8421875 0.745703125 0.8390625 0.748828125 0.8390625 0.751953125 0.84375 0.753515625 0.8546875 0.742578125 0.87421875 0.706640625
2 0.38671875 0.157421875 0.3875 0.153515625 0.376953125 0.14921875 0.353515625 0.16328125 0.3484375 0.173828125 0.35546875 0.180859375 0.367578125 0.17578125 0.38671875 0.157421875
1 0.207421875 0.82421875 0.167578125 0.78828125 0.161328125 0.7859375 0.1578125 0.787890625 0.17421875 0.813671875 0.191015625 0.83203125 0.23203125 0.858984375 0.22421875 0.844140625 0.207421875 0.82421875
1 0.285546875 0.9078125 0.2265625 0.875390625 0.22890625 0.883203125 0.255078125 0.90625 0.286328125 0.92265625 0.29921875 0.925390625 0.2984375 0.918359375 0.285546875 0.9078125