1 0.7208241716666667 0.6453087633333333 0.7161363166666667 0.6513957816666667 0.7062372483333333 0.6535835241666667 0.6556480333333333 0.6595727 0.6345815716666666 0.655669885 0.6054112633333333 0.6563641591666667 0.5816266225 0.664286475 0.5784269283333333 0.6748851258333334 0.5803058383333333 0.6948141033333334 0.5652686275000001 0.7581879416666666 0.5558039225 0.77662522 0.5676290541666666 0.7793433991666667 0.6413451716666666 0.7688042858333334 0.6855856874999999 0.7531341066666667 0.7025837275 0.7351365000000001 0.71665083 0.7010201958333333 0.7250670466666667 0.6705379508333333 0.7238022608333333 0.6464044033333334 0.7208241716666667 0.6453087633333333
1 0.4692890275 0.8295589375 0.3732416625 0.8120616883333334 0.28153324583333333 0.7818198908333333 0.2732113333333333 0.7822560241666666 0.272815275 0.79062155 0.29216489416666663 0.8334175191666667 0.3148067425 0.8434963491666666 0.36885202333333333 0.8556845416666666 0.4411182866666667 0.8652488583333333 0.47449316416666665 0.8651687091666668 0.4862328375 0.8582948816666668 0.491801805 0.8292135691666667 0.4692890275 0.8295589375
1 0.6025669333333333 0.8409326308333334 0.60226164 0.8351072924999999 0.6069913383333333 0.8377800883333333 0.6150114966666667 0.8156633691666667 0.606033615 0.8115442566666666 0.5612697391666667 0.81722814 0.5335893608333333 0.8145064224999999 0.49530856166666665 0.8165126341666666 0.5036740883333334 0.8169086925 0.5051622483333333 0.8214203241666667 0.4954376325 0.8269368316666666 0.4889074033333334 0.8456375591666667 0.48912370083333334 0.8577261391666667 0.4952979458333333 0.8640783766666668 0.5028748941666666 0.8653502391666666 0.5775976558333333 0.8580962775000001 0.587365885 0.8534119616666668 0.5944194733333333 0.8446975291666666 0.5986240433333333 0.8453116541666666 0.5971358833333333 0.8408000216666667 0.6025669333333333 0.8409326308333334
1 0.7087072825 0.7723670408333334 0.6967059283333333 0.7742477208333334 0.6673576291666666 0.7874684775 0.6185565591666666 0.8275774958333333 0.6145682866666666 0.8390519516666667 0.6198667274999999 0.8446156108333334 0.6014624458333334 0.8835488391666666 0.6050092775 0.8875353424999999 0.6124989991666666 0.8871428233333334 0.6452196775 0.874579805 0.6874940566666667 0.8373162658333334 0.7027841008333333 0.8185736941666667 0.7117236766666667 0.7980777441666667 0.7074790325 0.7807761808333333 0.7087072825 0.7723670408333334
1 0.7242189316666667 0.7419301783333333 0.7101535983333332 0.7681188583333333 0.7096685441666667 0.782747625 0.7122941883333334 0.7930409833333333 0.7177252383333333 0.7931735925 0.7740160300000001 0.7526720541666666 0.7904907099999999 0.7246881516666667 0.8004840825 0.6924542966666667 0.7918114941666667 0.6941605233333333 0.7493190483333333 0.727263105 0.7242189316666667 0.7419301783333333
1 0.7447443408333334 0.8151229358333333 0.7217011258333333 0.8371925033333333 0.6983526183333333 0.8534367325 0.686742015 0.8707347575 0.6934431583333334 0.8712180425 0.7122346516666667 0.8635574058333333 0.7420226225 0.8428033149999999 0.7812752991666666 0.8036119441666667 0.7903893291666666 0.7864447591666667 0.7825053183333334 0.7872751816666667 0.7703713558333333 0.7945869108333333 0.7447443408333334 0.8151229358333333
1 0.303625195 0.9008267824999999 0.3108113925 0.8866813 0.30590901000000004 0.8727521149999999 0.27683300583333337 0.8434002758333333 0.254458145 0.8145317225 0.23059158583333333 0.7970067841666667 0.18933800583333332 0.7741344841666666 0.184301245 0.7735639725 0.18368712 0.7777685425 0.18911463083333332 0.7937563991666667 0.20400330916666665 0.807162225 0.20277505916666666 0.8155713641666668 0.20702324249999998 0.8170176808333333 0.21083175333333334 0.8259973316666667 0.2641650675 0.8882914533333334 0.29105509916666666 0.8998165991666667 0.303625195 0.9008267824999999
1 0.26311304083333337 0.8921017341666667 0.26412145416666666 0.8874592616666667 0.24918916333333332 0.8732212449999999 0.23916279333333335 0.8570571658333334 0.15955534166666666 0.7711057041666667 0.13227279083333335 0.7520908366666667 0.12478306916666668 0.7524833566666667 0.12513197583333333 0.7591408866666667 0.13073747916666667 0.7626022608333333 0.14255907166666668 0.7811756875 0.14755221916666666 0.7809140075 0.15617588666666668 0.8021584616666666 0.196415745 0.853456105 0.232499955 0.8811889433333332 0.2572877016666667 0.8924070275000001 0.26311304083333337 0.8921017341666667
1 0.06558611166666667 0.665879465 0.05358829666666666 0.6519048975 0.05078466 0.6541380216666667 0.052051215 0.670343945 0.06338775333333334 0.7035461391666666 0.10892251416666668 0.7762626891666666 0.15621419166666667 0.8267735241666667 0.17876704416666667 0.843115595 0.1828843875 0.8420653375 0.18380557416666665 0.8357584833333334 0.1247813 0.76041098 0.06558611166666667 0.665879465
1 0.20788029416666667 0.11684659916666668 0.20625775500000001 0.12569364083333334 0.3541332 0.08122683083333333 0.36561119416666665 0.06935985583333333 0.36916156499999997 0.057491111666666664 0.3370131675 0.057089745 0.3046885475 0.0612872375 0.26198157333333333 0.07437361583333334 0.22474749416666667 0.09635241833333333 0.20788029416666667 0.11684659916666668
1 0.267330705 0.04905897083333333 0.21958343166666666 0.077430085 0.21358187 0.08233423666666667 0.20884863333333334 0.09551668833333334 0.218791315 0.09416113749999999 0.27389747 0.06290093 0.309027495 0.04854268916666667 0.3284331133333333 0.03667748333333333 0.3326394525 0.029363984166666666 0.3237487975 0.026909254166666667 0.30399427333333334 0.032116929999999995 0.267330705 0.04905897083333333
1 0.28332209999999997 0.027776212499999998 0.28314587750000003 0.03237507083333333 0.30789355 0.026905715833333333 0.3446879575 0.012460248333333333 0.34941942583333335 0.007205420833333333 0.31330232416666665 0.0090982375 0.29252158666666667 0.020201033333333333 0.28332209999999997 0.027776212499999998
1 0.37311330083333333 0.01347397 0.3788060308333333 0.018599726666666667 0.37928577750000003 0.027753830833333333 0.3907602325 0.031742103333333334 0.44467821249999995 0.025578474166666667 0.4512049025 0.022732993333333333 0.45545485500000005 0.016251685833333335 0.45265298833333334 0.010557186666666666 0.44533948916666666 0.0063508475 0.42639711916666667 0.0031711908333333333 0.38242968 0.005475426666666667 0.3729388483333333 0.010145205000000001 0.37311330083333333 0.01347397
1 0.4586963933333333 0.01441285 0.4581258825 0.019449610833333332 0.4714391733333333 0.0266794225 0.527544895 0.030414861666666664 0.5317512341666667 0.0231013625 0.5278554966666666 0.012457329166666668 0.5222499933333333 0.008995955 0.47454532916666664 0.00064785 0.45427552666666665 0.001710145 0.45269837083333336 0.003461754166666667 0.4586963933333333 0.01441285
1 0.11392282833333332 0.15514977916666667 0.10918959166666667 0.16833223083333332 0.11497131666666666 0.16719474666666664 0.13490383333333333 0.14946058833333334 0.18007084416666666 0.10370068416666667 0.20789090999999998 0.06928085666666667 0.20000689916666667 0.07011127833333333 0.18463139750000002 0.07926184333333333 0.16150095666666667 0.09966702833333334 0.11392282833333332 0.15514977916666667
1 0.023496270833333333 0.26878807666666665 0.07918178416666667 0.19285298916666666 0.09539301500000001 0.16780356333333332 0.09548201166666666 0.16154032166666668 0.08422385333333333 0.16964062916666667 0.05386360083333333 0.20335910583333333 0.029457758333333337 0.24719648666666666 0.022753075833333334 0.26256844916666666 0.023496270833333333 0.26878807666666665
1 0.027612375 0.6657833916666667 0.026296898333333332 0.6725281483333333 0.038465628333333335 0.7056867291666666 0.05672314583333333 0.7356055408333333 0.10112396083333333 0.7866851175 0.11912156750000001 0.8036831575000001 0.12245033250000001 0.8035087041666668 0.09898337083333333 0.7617629925 0.06421640583333334 0.7193577733333334 0.027612375 0.6657833916666667
1 0.7811132316666667 0.7447898125000001 0.8043709741666667 0.7427364491666666 0.818258315 0.7290742516666666 0.8333320625 0.6982431 0.834603925 0.6906661516666667 0.8304883516666667 0.6837887858333334 0.8161230333333332 0.680369255 0.8013162741666666 0.6924106833333333 0.7811132316666667 0.7447898125000001