1 0.375390625 0.51796875 0.386328125 0.51484375 0.403515625 0.51953125 0.420703125 0.51875 0.443359375 0.50390625 0.464453125 0.50546875 0.480078125 0.503125 0.492578125 0.49609375 0.512890625 0.49140625 0.51640625 0.484765625 0.5171875 0.450390625 0.51328125 0.436328125 0.5078125 0.373046875 0.502734375 0.36875 0.462109375 0.35546875 0.407421875 0.3609375 0.287890625 0.3890625 0.185546875 0.42421875 0.1796875 0.431640625 0.175 0.458984375 0.1734375 0.499609375 0.1765625 0.513671875 0.185546875 0.52421875 0.195703125 0.5296875 0.216796875 0.53125 0.231640625 0.5265625 0.240234375 0.5375 0.24765625 0.538671875 0.265234375 0.52734375 0.375390625 0.51796875
1 0.150390625 0.384375 0.164453125 0.378125 0.180078125 0.38203125 0.204296875 0.36171875 0.22890625 0.355859375 0.25 0.287890625 0.249609375 0.2765625 0.235546875 0.27890625 0.180859375 0.31015625 0.1359375 0.346484375 0.12890625 0.355078125 0.12109375 0.379296875 0.11484375 0.415234375 0.115625 0.419921875 0.11953125 0.420703125 0.13125 0.413671875 0.150390625 0.384375
1 0.21796875 0.396484375 0.225 0.379296875 0.225 0.366796875 0.219921875 0.3578125 0.208984375 0.359375 0.194921875 0.36796875 0.17109375 0.392578125 0.165625 0.412109375 0.171875 0.414453125 0.201171875 0.4 0.21796875 0.396484375
1 0.1671875 0.398828125 0.17578125 0.385546875 0.173828125 0.38203125 0.162109375 0.37890625 0.14921875 0.387890625 0.13046875 0.412890625 0.13046875 0.422265625 0.13515625 0.423828125 0.165625 0.407421875 0.1671875 0.398828125
1 0.588671875 0.4109375 0.647265625 0.4125 0.655859375 0.421875 0.668359375 0.42421875 0.684375 0.408203125 0.68515625 0.401953125 0.67890625 0.383984375 0.672265625 0.378125 0.650390625 0.3671875 0.628515625 0.3625 0.604296875 0.3515625 0.584765625 0.3484375 0.531640625 0.34921875 0.525390625 0.3515625 0.51171875 0.368359375 0.51015625 0.380859375 0.51328125 0.398828125 0.526171875 0.4078125 0.545703125 0.40859375 0.558203125 0.42421875 0.57109375 0.425390625 0.580078125 0.421875 0.588671875 0.4109375
1 0.675390625 0.5078125 0.683984375 0.50625 0.730078125 0.50390625 0.747265625 0.50859375 0.75546875 0.495703125 0.75390625 0.475390625 0.745703125 0.46640625 0.724609375 0.45703125 0.686328125 0.43203125 0.682421875 0.43203125 0.678515625 0.43671875 0.651171875 0.43828125 0.627734375 0.45 0.612890625 0.453125 0.60390625 0.470703125 0.60390625 0.476953125 0.61484375 0.494921875 0.624609375 0.50390625 0.647265625 0.50703125 0.651953125 0.51484375 0.66328125 0.517578125 0.670703125 0.51484375 0.675390625 0.5078125
1 0.442578125 0.32578125 0.469140625 0.3234375 0.480859375 0.3265625 0.493359375 0.32578125 0.517578125 0.3140625 0.5203125 0.306640625 0.515625 0.298828125 0.506640625 0.29296875 0.468359375 0.2828125 0.448828125 0.28203125 0.408984375 0.28984375 0.393359375 0.29921875 0.360546875 0.3109375 0.3515625 0.321484375 0.35078125 0.332421875 0.353515625 0.3359375 0.39296875 0.337109375 0.403515625 0.33125 0.442578125 0.32578125
1 0.61875 0.286328125 0.605859375 0.27265625 0.593359375 0.26875 0.543359375 0.26640625 0.523828125 0.27734375 0.504296875 0.27734375 0.490234375 0.28203125 0.48828125 0.285546875 0.514453125 0.29609375 0.523046875 0.3078125 0.545703125 0.30390625 0.588671875 0.30546875 0.604296875 0.3109375 0.61484375 0.310546875 0.6234375 0.301171875 0.61875 0.286328125
1 0.446484375 0.28203125 0.487109375 0.28515625 0.492578125 0.28046875 0.514453125 0.27578125 0.51640625 0.269921875 0.511328125 0.265625 0.476171875 0.259375 0.432421875 0.26484375 0.376953125 0.28828125 0.37265625 0.298828125 0.376171875 0.30234375 0.38203125 0.301953125 0.424609375 0.28515625 0.446484375 0.28203125
1 0.82734375 0.470703125 0.821484375 0.4625 0.807421875 0.46015625 0.797265625 0.46484375 0.78359375 0.481640625 0.7796875 0.508203125 0.800390625 0.5234375 0.81640625 0.524609375 0.82734375 0.512109375 0.82734375 0.470703125
1 0.88515625 0.517578125 0.890234375 0.50859375 0.894140625 0.509375 0.89609375 0.506640625 0.9015625 0.491015625 0.90078125 0.454296875 0.896875 0.442578125 0.890234375 0.4359375 0.872265625 0.4328125 0.865234375 0.4390625 0.839453125 0.44375 0.83203125 0.451171875 0.83125 0.525390625 0.844140625 0.5359375 0.85234375 0.537890625 0.875390625 0.525 0.88515625 0.517578125
1 0.871875 0.432421875 0.853515625 0.41171875 0.843359375 0.4140625 0.83515625 0.422265625 0.83828125 0.440234375 0.846875 0.443359375 0.864453125 0.4390625 0.871875 0.432421875
1 0.125390625 0.51640625 0.130859375 0.51953125 0.1359375 0.516015625 0.13515625 0.494140625 0.119140625 0.47890625 0.112109375 0.4796875 0.10234375 0.495703125 0.10390625 0.516015625 0.1109375 0.521484375 0.115234375 0.51796875 0.125390625 0.51640625
1 0.1046875 0.490234375 0.10234375 0.482421875 0.091015625 0.46875 0.0875 0.476171875 0.08125 0.478515625 0.0828125 0.504296875 0.0875 0.507421875 0.100390625 0.50390625 0.1046875 0.490234375
1 0.11328125 0.443359375 0.11484375 0.423046875 0.110546875 0.41953125 0.106640625 0.4203125 0.0984375 0.430859375 0.0921875 0.450390625 0.0953125 0.454296875 0.110546875 0.44765625 0.11328125 0.443359375
1 0.51640625 0.803515625 0.509375 0.766015625 0.51640625 0.759765625 0.501171875 0.74765625 0.426171875 0.7421875 0.416015625 0.7484375 0.4078125 0.749609375 0.4078125 0.755078125 0.415625 0.760546875 0.41953125 0.791015625 0.427734375 0.81015625 0.5078125 0.816015625 0.5125 0.813671875 0.51640625 0.803515625
1 0.54453125 0.890234375 0.540625 0.879296875 0.54296875 0.874609375 0.487890625 0.8703125 0.462890625 0.87109375 0.45546875 0.874609375 0.470703125 0.89609375 0.49921875 0.898046875 0.541015625 0.8953125 0.54453125 0.890234375
1 0.38203125 0.835546875 0.358203125 0.81171875 0.323046875 0.8 0.303125 0.799609375 0.330078125 0.8390625 0.353515625 0.84765625 0.38515625 0.853515625 0.38671875 0.848828125 0.38203125 0.835546875
1 0.40078125 0.876171875 0.386328125 0.85859375 0.333984375 0.8421875 0.32734375 0.843359375 0.340625 0.866796875 0.352734375 0.8765625 0.40078125 0.886328125 0.403125 0.884765625 0.40078125 0.876171875
1 0.402734375 0.88828125 0.360546875 0.87890625 0.35234375 0.880859375 0.3640625 0.895703125 0.376171875 0.9046875 0.415234375 0.91328125 0.43125 0.913671875 0.420703125 0.896875 0.402734375 0.88828125
1 0.2578125 0.786328125 0.240234375 0.771875 0.214453125 0.7609375 0.2171875 0.776171875 0.2328125 0.800390625 0.248046875 0.8109375 0.27265625 0.819921875 0.27109375 0.811328125 0.2578125 0.786328125
1 0.29140625 0.843359375 0.273828125 0.825 0.2390625 0.809765625 0.25 0.832421875 0.258984375 0.8421875 0.278515625 0.85390625 0.29921875 0.861328125 0.3015625 0.858984375 0.29140625 0.843359375
1 0.314453125 0.87890625 0.283203125 0.86328125 0.271484375 0.85859375 0.2671875 0.859765625 0.287109375 0.88515625 0.319140625 0.89921875 0.33046875 0.900390625 0.3265625 0.891015625 0.314453125 0.87890625
2 0.61015625 0.749609375 0.62109375 0.737890625 0.616015625 0.70078125 0.611328125 0.7015625 0.59765625 0.719140625 0.59296875 0.773046875 0.6046875 0.772265625 0.61015625 0.749609375
2 0.64140625 0.772265625 0.6515625 0.758203125 0.644140625 0.74140625 0.63515625 0.744140625 0.62421875 0.764453125 0.61875 0.788671875 0.62109375 0.791015625 0.6359375 0.787109375 0.64140625 0.772265625
2 0.24765625 0.553515625 0.231640625 0.52734375 0.2265625 0.534765625 0.228125 0.558984375 0.22421875 0.570703125 0.240625 0.574609375 0.24609375 0.569140625 0.24765625 0.553515625
2 0.21640625 0.572265625 0.2109375 0.562109375 0.2078125 0.546484375 0.204296875 0.54375 0.2 0.553515625 0.20234375 0.581640625 0.19921875 0.584765625 0.1984375 0.596484375 0.201171875 0.60234375 0.204296875 0.59375 0.2125 0.603515625 0.2171875 0.582421875 0.21640625 0.572265625
2 0.529296875 0.53203125 0.53203125 0.524609375 0.526171875 0.51484375 0.5171875 0.511328125 0.509765625 0.496875 0.497265625 0.4953125 0.48515625 0.508984375 0.48359375 0.529296875 0.486328125 0.5328125 0.502734375 0.53671875 0.51484375 0.548046875 0.5171875 0.536328125 0.529296875 0.53203125
2 0.3953125 0.590234375 0.39453125 0.565234375 0.375390625 0.55625 0.3734375 0.541796875 0.365234375 0.53828125 0.359375 0.544921875 0.359375 0.579296875 0.374609375 0.5984375 0.38828125 0.600390625 0.39296875 0.598046875 0.3953125 0.590234375
2 0.313671875 0.59140625 0.31640625 0.584765625 0.303125 0.572265625 0.3015625 0.556640625 0.296484375 0.553125 0.28828125 0.566015625 0.28671875 0.590234375 0.2953125 0.597265625 0.303125 0.611328125 0.30625 0.611328125 0.309375 0.591796875 0.313671875 0.59140625
2 0.2953125 0.638671875 0.2921875 0.635546875 0.2921875 0.623828125 0.2859375 0.608203125 0.290625 0.600390625 0.285546875 0.59453125 0.278515625 0.5921875 0.27421875 0.596484375 0.27421875 0.619140625 0.28125 0.636328125 0.278125 0.655859375 0.2828125 0.658203125 0.29453125 0.647265625 0.2953125 0.638671875
2 0.30625 0.604296875 0.29921875 0.593359375 0.289453125 0.5859375 0.28671875 0.588671875 0.2921875 0.602734375 0.2921875 0.608984375 0.28828125 0.612109375 0.2921875 0.623828125 0.29140625 0.631640625 0.29765625 0.643359375 0.3 0.658203125 0.31015625 0.659765625 0.3046875 0.628515625 0.30625 0.604296875
1 0.429296875 0.228125 0.4359375 0.216015625 0.434375 0.212109375 0.428515625 0.20703125 0.420703125 0.20703125 0.395703125 0.2140625 0.37578125 0.230078125 0.37421875 0.239453125 0.38125 0.241015625 0.412890625 0.2359375 0.429296875 0.228125
1 0.471484375 0.21328125 0.4734375 0.201171875 0.466796875 0.196875 0.458203125 0.19609375 0.431640625 0.2015625 0.428125 0.205859375 0.4375 0.219921875 0.451171875 0.21953125 0.471484375 0.21328125
1 0.50859375 0.191015625 0.503515625 0.1859375 0.480078125 0.1859375 0.46796875 0.196484375 0.474609375 0.20390625 0.4921875 0.203515625 0.509375 0.196484375 0.50859375 0.191015625
1 0.489453125 0.16640625 0.466015625 0.1671875 0.45390625 0.175390625 0.455078125 0.1796875 0.484375 0.179296875 0.49375 0.174609375 0.489453125 0.16640625
1 0.60078125 0.213671875 0.584765625 0.2 0.565234375 0.20078125 0.55234375 0.212109375 0.565234375 0.221875 0.5890625 0.223828125 0.598046875 0.21875 0.60078125 0.213671875
1 0.5390625 0.188671875 0.534765625 0.18125 0.529296875 0.17890625 0.503125 0.180859375 0.5015625 0.184765625 0.510546875 0.1953125 0.5265625 0.195703125 0.5375 0.192578125 0.5390625 0.188671875
1 0.558984375 0.1765625 0.537109375 0.17421875 0.5328125 0.176953125 0.540234375 0.18984375 0.54921875 0.190234375 0.5625 0.186328125 0.558984375 0.1765625
1 0.619921875 0.20390625 0.605078125 0.19453125 0.590234375 0.19296875 0.58515625 0.196484375 0.58515625 0.200390625 0.602734375 0.215625 0.6109375 0.216015625 0.6203125 0.208984375 0.619921875 0.20390625
1 0.508203125 0.16171875 0.484375 0.161328125 0.483984375 0.165625 0.494921875 0.1734375 0.50078125 0.173046875 0.51171875 0.169140625 0.508203125 0.16171875
1 0.612890625 0.18125 0.596484375 0.178125 0.58828125 0.182421875 0.589453125 0.19140625 0.60859375 0.194921875 0.61640625 0.188671875 0.612890625 0.18125
1 0.6453125 0.196484375 0.626171875 0.19140625 0.616015625 0.19140625 0.6109375 0.194921875 0.613671875 0.20078125 0.634375 0.204296875 0.644921875 0.20078125 0.6453125 0.196484375
2 0.73203125 0.678515625 0.728515625 0.67578125 0.718359375 0.678125 0.71015625 0.690234375 0.70625 0.711328125 0.71015625 0.713671875 0.70859375 0.723046875 0.7109375 0.723828125 0.73125 0.690234375 0.73203125 0.678515625
2 0.790625 0.694140625 0.79296875 0.683203125 0.788671875 0.6703125 0.784375 0.671484375 0.7703125 0.698828125 0.76171875 0.724609375 0.76640625 0.727734375 0.784375 0.708203125 0.790625 0.694140625
2 0.7484375 0.635546875 0.745703125 0.6296875 0.7390625 0.633203125 0.72578125 0.666796875 0.72578125 0.674609375 0.73125 0.679296875 0.73046875 0.694921875 0.74765625 0.655078125 0.7484375 0.635546875
2 0.55625 0.607421875 0.55390625 0.600390625 0.544921875 0.59140625 0.53359375 0.589453125 0.53203125 0.571484375 0.524609375 0.5671875 0.51875 0.571484375 0.51875 0.576953125 0.51015625 0.592578125 0.509375 0.608203125 0.518359375 0.621875 0.53359375 0.625390625 0.544921875 0.62265625 0.55625 0.607421875
2 0.55234375 0.651953125 0.55703125 0.643359375 0.55703125 0.635546875 0.55 0.623046875 0.549609375 0.61484375 0.538671875 0.61796875 0.53125 0.625390625 0.5265625 0.644140625 0.53046875 0.655859375 0.5421875 0.662890625 0.54609375 0.672265625 0.553125 0.660546875 0.55234375 0.651953125
2 0.57421875 0.578515625 0.56796875 0.572265625 0.56796875 0.550390625 0.560546875 0.54765625 0.546875 0.562109375 0.54296875 0.576953125 0.5453125 0.586328125 0.55859375 0.597265625 0.56015625 0.612109375 0.56640625 0.613671875 0.571875 0.603515625 0.57421875 0.578515625
2 0.60546875 0.562109375 0.615625 0.555859375 0.611328125 0.54921875 0.600390625 0.546875 0.59609375 0.542578125 0.59765625 0.532421875 0.592578125 0.528125 0.58671875 0.530078125 0.57734375 0.548828125 0.57578125 0.576171875 0.58203125 0.580078125 0.600390625 0.57578125 0.60546875 0.562109375
1 0.726171875 0.21796875 0.714453125 0.21328125 0.70859375 0.216015625 0.715234375 0.228125 0.7359375 0.234765625 0.73515625 0.226953125 0.726171875 0.21796875
1 0.707421875 0.20390625 0.698046875 0.19921875 0.68984375 0.200390625 0.694921875 0.21171875 0.71015625 0.216796875 0.7125 0.210546875 0.707421875 0.20390625
1 0.676953125 0.184375 0.6640625 0.184765625 0.666015625 0.1921875 0.68359375 0.195703125 0.6859375 0.192578125 0.676953125 0.184375
1 0.64453125 0.183984375 0.632421875 0.175 0.619921875 0.17421875 0.61484375 0.177734375 0.61484375 0.181640625 0.620703125 0.18671875 0.640625 0.190234375 0.6453125 0.188671875 0.64453125 0.183984375
2 0.22890625 0.673828125 0.2203125 0.646484375 0.215234375 0.64140625 0.2140625 0.654296875 0.22109375 0.682421875 0.225 0.687109375 0.22890625 0.683203125 0.22890625 0.673828125
3 0.19375 0.762890625 0.174609375 0.74765625 0.165234375 0.74609375 0.16796875 0.768359375 0.15390625 0.796484375 0.15546875 0.803515625 0.199609375 0.84140625 0.227734375 0.8609375 0.2546875 0.873828125 0.2203125 0.819921875 0.19375 0.762890625