1 0.5341268960317461 0.5011930015873016 0.5240200134920635 0.492132576984127 0.4725030134920635 0.4893257468253968 0.43015444999999997 0.4919335682539682 0.4217777317460317 0.48657427777777773 0.3846777333333333 0.48238881587301585 0.3782886309523809 0.48273763492063493 0.3711438150793651 0.4882049373015873 0.3674566134920635 0.5181794777777778 0.3679107317460317 0.557195084126984 0.37194132698412696 0.5678195849206349 0.38063086190476186 0.5743941325396826 0.4374684349206349 0.5807553698412699 0.46631908412698414 0.5891375134920634 0.5115023436507937 0.591501446031746 0.528369219047619 0.5835316222222222 0.5324966055555556 0.5643283111111111 0.5341268960317461 0.5011930015873016
1 0.7806387007936508 0.44603220476190475 0.7760765539682539 0.42025434682539686 0.7690451753968254 0.4070332436507937 0.7612027214285714 0.39972234126984124 0.7280613103174604 0.39581369047619047 0.7165730841269841 0.3894412333333333 0.7116373341269842 0.3974497746031746 0.7109729865079365 0.4069503849206349 0.7121080976190476 0.4476047888888889 0.7181983174603175 0.4742850888888889 0.7217887277777778 0.4741383603174604 0.7261902134920635 0.46808143174603173 0.7317322357142857 0.4684689682539682 0.7386916063492064 0.47134238095238096 0.7489452174603175 0.4839932150793651 0.7748504452380952 0.48898704047619046 0.7790858444444444 0.4853052642857143 0.7806387007936508 0.44603220476190475
1 0.7554857357142857 0.22548641587301588 0.7457110269841271 0.2116756865079365 0.7141917682539682 0.19594663571428572 0.6931835738095238 0.19487539365079365 0.7005637714285714 0.2144855992063492 0.7076145079365079 0.2217411396825397 0.7466634055555555 0.2435658357142857 0.7584284436507936 0.24597970476190478 0.7610250452380952 0.24297892142857141 0.7554857357142857 0.22548641587301588
1 0.9152910952380952 0.3066729103174603 0.904339846031746 0.28124387142857143 0.890036280952381 0.2639340984126984 0.8807571206349206 0.26010288095238093 0.8800014071428571 0.2652213634920635 0.8911187428571429 0.28827525 0.9081462793650794 0.3121402126984127 0.9158973674603175 0.3150689873015873 0.9152910952380952 0.3066729103174603
1 0.9237572047619048 0.5610577484126984 0.9165957436507937 0.5553856428571428 0.9109983587301587 0.5557898246031746 0.9043130865079365 0.5660627936507936 0.8954326817460317 0.6020389 0.8962216865079365 0.6191992325396825 0.9095147976190475 0.6225155436507936 0.9141183738095238 0.6192573071428572 0.9227413253968254 0.5812742253968254 0.9237572047619048 0.5610577484126984
1 0.955996173015873 0.5664944714285715 0.9486686253968255 0.563197519047619 0.9440650484126983 0.5664557547619048 0.9410809111111111 0.5749985611111111 0.9387363365079365 0.6142162579365079 0.9451254388888888 0.613867438888889 0.949048023015873 0.6089704055555556 0.9544100253968254 0.5834887166666667 0.955996173015873 0.5664944714285715
2 0.7412305015873015 0.6000075103174604 0.7378061785714286 0.5977790865079365 0.7078482841269841 0.605231292063492 0.6930437460317461 0.612151946031746 0.688163357936508 0.6193687698412698 0.6921579492063492 0.6248194261904761 0.706464226984127 0.6250242293650794 0.7147302214285715 0.6319669547619048 0.7197573373015873 0.6283405404761905 0.7388139198412699 0.6288775182539682 0.7435475793650794 0.6180702841269841 0.7412305015873015 0.6000075103174604
2 0.6467602722222222 0.2329997785714286 0.6359723968253967 0.22230055634920634 0.600162376984127 0.2110449992063492 0.5764662142857143 0.20859241349206348 0.5742931523809524 0.21122501904761906 0.595262630952381 0.2242273849206349 0.617319996031746 0.22736096428571426 0.6419352468253968 0.23942488492063493 0.6467962761904762 0.23817362301587303 0.6467602722222222 0.2329997785714286
2 0.6441303793650793 0.21372174682539682 0.6370242801587301 0.20725792380952382 0.6193130380952381 0.19885913412698414 0.5894492222222222 0.19358849761904762 0.5809977833333333 0.1949864873015873 0.5834643015873016 0.19953470158730158 0.5965913253968254 0.20522616507936509 0.6187040531746032 0.20756802698412696 0.6441110214285715 0.21968730952380955 0.6441303793650793 0.21372174682539682
2 0.8226771619047619 0.4251041563492064 0.8172292182539682 0.4119937777777778 0.8082268690476191 0.404203973015873 0.8073437849206349 0.3997664833333333 0.7956894722222222 0.3957691793650794 0.7792654952380952 0.3974052634920635 0.7754342777777777 0.4066844246031746 0.7793181444444445 0.4137185158730159 0.7949864079365079 0.41720091428571426 0.8242578841269841 0.44231985079365077 0.8226771619047619 0.4251041563492064
1 0.828687603968254 0.6065209007936507 0.8081029492063492 0.6050814817460317 0.784332065873016 0.6093861761904762 0.7727110436507937 0.6276676865079365 0.7569405634920634 0.6882230396825396 0.7679138833333333 0.690581546031746 0.7750033373015872 0.6859059619047618 0.7972488603174602 0.6635938563492063 0.8018164333333334 0.6551617753968254 0.8228273412698413 0.6391280468253968 0.8326628373015874 0.6179371198412699 0.828687603968254 0.6065209007936507
1 0.8700590047619047 0.6121984317460317 0.8667454063492064 0.6083865730158731 0.8403779214285715 0.6156920499999999 0.8324220301587302 0.6270695523809523 0.8273008349206349 0.643418807936508 0.8256786825396825 0.6552392087301587 0.8296732746031746 0.6606898650793651 0.837645811904762 0.6604517698412699 0.8493582000000001 0.6465523873015874 0.8627453896825398 0.6371458563492063 0.8692479293650793 0.6181086325396825 0.8700590047619047 0.6121984317460317
1 0.8956707761904763 0.6100114373015874 0.8926339896825396 0.6022409912698413 0.8805921404761904 0.6037857095238095 0.8716424404761905 0.6123091563492064 0.8608464261904761 0.6529248436507936 0.8685781563492063 0.6618191817460317 0.8765506936507936 0.6615810865079366 0.8855557555555555 0.6522659222222222 0.8944168023809524 0.6222553777777778 0.8956707761904763 0.6100114373015874
1 0.7749379920634921 0.1691664619047619 0.7559201269841269 0.15669835952380953 0.741946023015873 0.15174325079365078 0.7351333809523809 0.1524602484126984 0.7362739174603175 0.15890471269841272 0.7469510682539683 0.17118736904761905 0.7751373706349206 0.18907012380952382 0.7900692785714286 0.19170544206349205 0.7749379920634921 0.1691664619047619
1 0.7363513507936508 0.1350424626984127 0.7226180547619048 0.12095492222222222 0.7141306119047619 0.11717906666666666 0.6986644388888889 0.11649536111111111 0.6982769031746031 0.12203738412698412 0.7134275476190477 0.13861080158730157 0.7321519563492064 0.14389808412698413 0.7364427174603174 0.13942459047619046 0.7363513507936508 0.1350424626984127
1 0.3269628714285714 0.5511493753968254 0.320208303968254 0.5339696849206349 0.30676846507936506 0.5270629642857143 0.28675407857142854 0.528845776984127 0.28017953095238096 0.5375353111111111 0.279570546031746 0.546244203968254 0.2808384523809524 0.5622446404761905 0.2856607650793651 0.5729245039682539 0.29271150238095234 0.5801800444444444 0.3136449761904762 0.5880085658730159 0.32697680396825396 0.5793937523809524 0.3269628714285714 0.5511493753968254
2 0.28509863571428573 0.5183873626984127 0.28045905476190475 0.516471753968254 0.24926925714285716 0.5130973674603175 0.2497288007936508 0.5179030349206349 0.25462583412698414 0.5218256182539682 0.2837532952380952 0.5262491753968255 0.2870862515873016 0.5240954722222222 0.28509863571428573 0.5183873626984127
2 0.2787981865079365 0.5402232785714286 0.2632960103174603 0.5343657285714286 0.2514756103174603 0.532743576984127 0.24760838888888886 0.5368488928571429 0.25307569047619044 0.5439937087301587 0.2686332293650794 0.5490595412698412 0.27914700555555555 0.546612380952381 0.2787981865079365 0.5402232785714286
2 0.3584960626984127 0.5951228031746032 0.34214680634920636 0.5900016079365079 0.3255761015873016 0.5880472825396825 0.3201808071428571 0.5912501563492063 0.3225366015873016 0.5973818055555555 0.3279678992063492 0.5993527769841269 0.35873415714285717 0.6030953404761905 0.36127539682539683 0.6008862753968254 0.3584960626984127 0.5951228031746032
2 0.3591937007936508 0.6079010079365079 0.34527495952380954 0.6021541817460317 0.3209531666666666 0.5972710809523809 0.3153917857142857 0.6028491079365079 0.3162195071428571 0.608078315079365 0.3261242984126984 0.6143400468253968 0.35830790476190477 0.6205684880952381 0.36175158571428573 0.61683135 0.3591937007936508 0.6079010079365079
2 0.5485388412698413 0.647793534920635 0.5429608142857143 0.6422321539682541 0.5231678769841269 0.6408480968253969 0.49510894523809523 0.632521315079365 0.47513056269841264 0.6394779730158731 0.47675000158730163 0.644762542063492 0.495933953968254 0.6548554920634921 0.5093931515873016 0.6557966507936508 0.52165645 0.6510850626984127 0.5476170404761905 0.6552871698412699 0.5485388412698413 0.647793534920635
2 0.5139467912698412 0.6191201928571429 0.5089943952380952 0.6159893261904762 0.4765339777777778 0.6137194730158729 0.4676589984126985 0.6154856404761905 0.4645281325396825 0.6204380365079365 0.46784173095238096 0.6242498952380953 0.5104283888888889 0.629614611111111 0.5133018023809524 0.6226552404761905 0.5139467912698412 0.6191201928571429
2 0.5137114095238096 0.5940426857142858 0.4543879595238095 0.5890987968253969 0.44803486111111107 0.5946214611111111 0.44759196269841267 0.6009552015873016 0.4509055611111111 0.6047670603174603 0.47403145555555554 0.6039974142857143 0.5012986698412698 0.6122688341269841 0.5141155912698413 0.5996400706349206 0.5137114095238096 0.5940426857142858
3 0.9216453 0.6424579222222222 0.9160479150793651 0.6428621039682539 0.9019603746031747 0.6565954 0.897282076984127 0.6666109158730159 0.8726807595238095 0.6827913722222222 0.8701035166666667 0.6798265936507937 0.8717256682539684 0.6680061928571429 0.8554344873015873 0.6449883103174603 0.8328401444444444 0.6609113142857143 0.8216287293650794 0.6505802698412698 0.8094207928571429 0.6545001404761904 0.8006371801587302 0.6606484357142857 0.7764206857142857 0.6883918388888889 0.7593323611111111 0.6995285333333333 0.7354480404761905 0.7225216317460318 0.6713688595238095 0.7514555095238095 0.6532840142857144 0.776843119047619 0.6338758999999999 0.7870220087301587 0.6257179174603175 0.7956008182539682 0.6227337801587302 0.8041436238095238 0.6252363031746031 0.8138656833333333 0.6418430119047619 0.8209938531746032 0.6513436222222222 0.8216582007936507 0.6829956761904762 0.8127332849206349 0.6919980261904762 0.8205230896825397 0.7105950642857143 0.8162544 0.7208873920634921 0.8169741095238094 0.7261526031746032 0.8213202325396826 0.7369985531746032 0.8141227674603175 0.7466652500000001 0.8124119626984128 0.7529242698412698 0.8196121404761906 0.7467179 0.8287252142857143 0.7460535523809524 0.8382258246031747 0.752146484920635 0.8478011547619047 0.7693815373015873 0.8402548706349207 0.788642923015873 0.8264855706349206 0.8040177293650793 0.8227871492063492 0.8185648142857143 0.8138595198412699 0.823555926984127 0.8050592611111111 0.8364088515873016 0.7976043428571429 0.8817303333333333 0.7411043690476191 0.9073308841269841 0.6935680277777778 0.9172798182539682 0.653688696031746 0.9212577642857144 0.6479999444444444 0.9216453 0.6424579222222222
1 0.6626793253968254 0.7448809619047619 0.6546154222222222 0.7407369293650794 0.6046210698412698 0.7730424793650794 0.5921723261904761 0.7860947825396826 0.5829818182539682 0.8037506626984127 0.5839729134920635 0.8237096873015872 0.6001754412698412 0.8252404722222222 0.6176873055555556 0.8137355999999999 0.6242452071428571 0.7939066587301588 0.6404310896825397 0.7842980373015873 0.6453668396825397 0.776289496031746 0.6570045071428572 0.7691473928571428 0.6656053880952381 0.7542348436507936 0.6626793253968254 0.7448809619047619
1 0.6897835349206349 0.8521917896825397 0.6770053301587301 0.8528894285714286 0.6592553714285715 0.8564217626984127 0.6449463817460317 0.8733219293650795 0.6594547492063493 0.8763254253968253 0.6812186579365079 0.8722781841269841 0.6903150865079365 0.8673451468253968 0.6897835349206349 0.8521917896825397
1 0.7466652500000001 0.8124119626984128 0.7327631547619048 0.8178045436507937 0.6960812706349206 0.847460842857143 0.6881807412698413 0.8580466277777777 0.6885849230158729 0.8636440126984127 0.6911621658730158 0.8666087912698414 0.6983429857142857 0.8663153349206351 0.7130367992063492 0.8609781158730159 0.7380810150793651 0.838463919047619 0.7500702150793651 0.8206059484126984 0.7466652500000001 0.8124119626984128
1 0.618210719047619 0.8802038666666667 0.6140500404761905 0.8771283626984128 0.5762856952380953 0.8824435103174604 0.5599890888888889 0.8936355674603174 0.5591586547619047 0.9055113293650794 0.5639449634920635 0.9110173484126984 0.5863898650793651 0.9086089047619048 0.5962780103174603 0.9037312293650793 0.6174550055555555 0.8853223492063491 0.618210719047619 0.8802038666666667
1 0.22912713174603172 0.39155498333333333 0.2266606126984127 0.38700676904761905 0.2084871142857143 0.390907280952381 0.20093540396825396 0.4078821682539682 0.19920252777777778 0.4212860031746032 0.20223931507936507 0.42905645000000003 0.22251115476190478 0.42928061190476186 0.22781779523809526 0.4045906404761905 0.22912713174603172 0.39155498333333333
2 0.529026665079365 0.15316405 0.5248106246031746 0.1508802634920635 0.49715587460317456 0.14815086587301587 0.4826835103174604 0.15032121507936508 0.4785948396825397 0.1575934007936508 0.5290073071428572 0.1591296119047619 0.529026665079365 0.15316405
1 0.5181694944444444 0.11501216825396826 0.5155922515873016 0.11204738968253967 0.48788213888888887 0.11010970952380952 0.46600750634920635 0.11574038571428572 0.46175274841269837 0.12538772380952382 0.5017621634920635 0.1277876603174603 0.5145957301587302 0.12629830396825398 0.5173030563492064 0.1217140865079365 0.5181694944444444 0.11501216825396826
1 0.6236340095238095 0.12000019920634922 0.6112073365079366 0.10998197063492063 0.5763717666666667 0.10754603015873015 0.5709211103174603 0.11154062142857142 0.571325292063492 0.11713800634920635 0.5793338333333333 0.12207375634920634 0.6106703595238095 0.12903855317460317 0.6242402817460317 0.12839627619047617 0.6236340095238095 0.12000019920634922
1 0.6649639801587302 0.1547138246031746 0.6570661634920635 0.14819463968253968 0.6172975563492064 0.13666227063492062 0.6048321674603174 0.13857516666666667 0.605347073015873 0.14258911666666665 0.6147176 0.15080246111111112 0.6668768761904762 0.1671792142857143 0.6649639801587302 0.1547138246031746