1 0.37430397592295345 0.5694918804173354 0.3660871187800963 0.5748263434991974 0.3590644695024077 0.5689597054574639 0.3502976155698234 0.5670474454253611 0.33574815088282506 0.5697515963081862 0.3306326677367576 0.5667622592295345 0.3273174077046549 0.5582143844301766 0.32178687961476726 0.5556120818619582 0.31003068780096305 0.5588153049759229 0.30958254093097914 0.5716485738362761 0.29925735794542535 0.5913644462279294 0.3026591845906902 0.6549247768860353 0.3117417728731942 0.6937887038523275 0.3367870136436597 0.7239748988764045 0.3448638250401284 0.7226508322632424 0.3925124269662921 0.7379667343499197 0.4228513948635634 0.743041481540931 0.4765626998394864 0.7457201789727127 0.4831804935794543 0.7286855433386837 0.4862131227929374 0.6878355160513644 0.49775033467094704 0.6794047728731942 0.4984734799357945 0.6701948659711076 0.49869501524879617 0.606359536918138 0.495766790529695 0.5982267070626004 0.4868089662921349 0.5902848475120385 0.4764939719101124 0.5867124101123595 0.4548378298555377 0.5859561613162119 0.4110595786516854 0.5747907014446227 0.3804685280898876 0.5769346685393258 0.37430397592295345 0.5694918804173354
1 0.7124555080256821 0.6941299598715891 0.6997240874799359 0.7137618041733548 0.6840822632423755 0.7477470489566613 0.6724508354735153 0.7818723394863564 0.6769221059390048 0.8033095008025682 0.6801304237560193 0.8034215377207062 0.6942979470304976 0.7886581878009631 0.750173595505618 0.7753513178170145 0.7833440337078651 0.7568347479935794 0.8154577712680577 0.6880901894060995 0.8260961492776887 0.6479072897271267 0.8229998683788122 0.6445869357945425 0.808450404494382 0.6472910866773676 0.7431916990369181 0.6763314422150883 0.7383792231139648 0.6761633868378812 0.7358660425361155 0.6676435216693419 0.7326577255216693 0.6675314847512038 0.7257369245585874 0.6817448386837881 0.7124555080256821 0.6941299598715891
1 0.600256132423756 0.227650797752809 0.6021480160513644 0.265460562600321 0.6138150850722311 0.2763077319422151 0.6248659526484751 0.304800646869984 0.643247569823435 0.33033732664526483 0.6478308780096308 0.3485661709470305 0.683178386035313 0.34819441894061 0.7446303916532906 0.3591740016051364 0.7663145425361155 0.3591281717495987 0.7724281701444623 0.35653096308186194 0.7740094133226325 0.34574490609951847 0.7567812680577849 0.2756788194221509 0.7450123499197432 0.24475165730337076 0.736054525682183 0.23680979775280897 0.7203490497592295 0.22662466131621187 0.6813552648475121 0.21642933707865167 0.6381830280898877 0.21090644221508828 0.6295562199036918 0.20498378571428572 0.600256132423756 0.227650797752809
1 0.9323576709470305 0.5255380088282504 0.9436427993579454 0.5243259799357946 0.9522466926163725 0.5194065609951846 0.9547802495987159 0.4813498073836276 0.9527254044943819 0.43670836356340287 0.9471210377207062 0.4132239895666131 0.936783128410915 0.3988094775280899 0.9242019422150883 0.39114261556982344 0.9223686163723915 0.4091473868378812 0.9261727600321028 0.43819029695024075 0.9284644052969503 0.5105454911717496 0.9323576709470305 0.5255380088282504
1 0.9163848130016052 0.6839855939004815 0.9066198146067416 0.6876598796147673 0.8896310088282504 0.7027262367576245 0.8469221853932585 0.7759191516853933 0.8437647921348315 0.785847110754414 0.8683033282504012 0.7730520393258427 0.8854321805778491 0.7539752857142857 0.9121172391653292 0.7027084157303372 0.9163848130016052 0.6839855939004815
1 0.13886696548956662 0.5275418274478331 0.1539384173354735 0.532886478330658 0.16658071589085072 0.5273050264847512 0.16407262921348315 0.507141007223114 0.16949876966292135 0.43224462359550564 0.16640248956661316 0.4289242688603532 0.1599858547351525 0.428700195024077 0.1493347495987159 0.43475271027287316 0.14131395666131621 0.4344726179775281 0.1294355401284109 0.464172467094703 0.12762512841091492 0.49301931380417335 0.13021724237560192 0.510777095505618 0.13886696548956662 0.5275418274478331
1 0.11513049197431782 0.6668464510433386 0.10774881701444622 0.6597626894060995 0.10293634109149277 0.6595946340288925 0.1088157054574639 0.6867023691813805 0.12307998394863565 0.7036631661316212 0.12756144301765648 0.701812018459069 0.12725843579454252 0.6989907367576244 0.11513049197431782 0.6668464510433386
1 0.09302366372391653 0.6215047768860353 0.0865662937399679 0.5879523980738364 0.08313899678972712 0.5826128410914928 0.07912859951845906 0.5824727945425362 0.0735929783306581 0.5915146468699839 0.08223760674157303 0.6199235337078651 0.08950724558587479 0.6302156123595506 0.09318662520064205 0.628336455858748 0.09302366372391653 0.6215047768860353
1 0.0663666316211878 0.5454880240770466 0.07280618138041733 0.5565541733547351 0.07543649277688604 0.5502215666131621 0.07362354333868379 0.5216497182985553 0.06767797110754414 0.5194344510433387 0.0663666316211878 0.5454880240770466
3 0.6599435738362761 0.16267983467094702 0.6673863611556983 0.15651528330658107 0.6620518980738362 0.1482984253611557 0.6478665537720706 0.14057554574638845 0.6279826260032103 0.13506283868378813 0.6002408667736758 0.1361017191011236 0.6060744012841092 0.14152530337078653 0.6156713443017656 0.14266349357945426 0.654329018459069 0.16248377046548956 0.6599435738362761 0.16267983467094702
1 0.47498154173354734 0.12409852166934189 0.5207560810593901 0.12409088844301765 0.568302834670947 0.11932679855537721 0.5736423916532906 0.11589950160513643 0.5733954028892456 0.11147406099518459 0.5668769189406099 0.0911699951845907 0.5413784365971108 0.08546122391653291 0.5213264534510433 0.08476099277688603 0.4777340786516854 0.09126928812199037 0.4663089036918138 0.09649171428571428 0.4616033699839486 0.1047594959871589 0.4658836709470305 0.12016705858747992 0.47498154173354734 0.12409852166934189
1 0.7820378731942215 0.1388364518459069 0.7631520898876405 0.12773719903691813 0.7338392744783306 0.11627382664526484 0.7262055168539326 0.11640877849117173 0.754319028892456 0.15071740690208668 0.783379760834671 0.16939949357945425 0.8112004534510433 0.1775985304975923 0.7820378731942215 0.1388364518459069
1 0.18470265168539324 0.26132279534510433 0.18550982504012842 0.2497066500802568 0.16996221669341893 0.2579973475120385 0.1543815048154093 0.27873427849117177 0.1371075128410915 0.31346558346709474 0.13605334991974316 0.3206562881219904 0.13870657704654896 0.32516575682182985 0.15010374317817016 0.3207454101123595 0.16565644542536115 0.30081055858747996 0.18470265168539324 0.26132279534510433
1 0.40661626565008024 0.9319960890850723 0.4091625497592295 0.9280697207062601 0.40225193739967896 0.9189947648475121 0.38010181781701446 0.9093876340288924 0.33391732825040127 0.8981381468699839 0.3246514028892456 0.8990191597110755 0.3390837359550562 0.9111674807383628 0.3635840746388443 0.922462797752809 0.3929809173354735 0.9315199325842696 0.40661626565008024 0.9319960890850723
1 0.6032046316211879 0.9480962664526486 0.6212654205457464 0.9483254349919743 0.6657999213483146 0.9378347520064205 0.691196555377207 0.9234635313001605 0.6979493009630818 0.9140626532905297 0.6135807383627608 0.9384203908507224 0.6032046316211879 0.9480962664526486
1 0.17414313884430177 0.8166697833065811 0.18393105216693417 0.8238375730337079 0.18484516853932584 0.820657264847512 0.17522531059390048 0.8086769991974317 0.17884867255216694 0.8084020016051364 0.17937575361155697 0.8048066492776886 0.16641262680577848 0.785080588282504 0.14885600321027287 0.770413992776886 0.15131316532905298 0.7805380168539326 0.1705528812199037 0.8044985473515248 0.17414313884430177 0.8166697833065811
1 0.1038249863563403 0.714635099518459 0.1113696227929374 0.7285505401284109 0.12204364285714286 0.7333401011235955 0.11132379213483146 0.7068663892455859 0.10236596789727126 0.698924529695024 0.1038249863563403 0.714635099518459
1 0.6810318980738362 0.1337031308186196 0.6953292792937399 0.1382176934189406 0.7009438346709471 0.13841375762439806 0.7011398988764045 0.13279920304975923 0.6608500569823436 0.11372498715890851 0.6162137078651685 0.10413567736757624 0.5932895184590691 0.09369845826645265 0.5832495224719102 0.0937493820224719 0.6077447672552168 0.11668885393258428 0.6243643587479936 0.12369368218298556 0.656969518459069 0.13286285393258426 0.6810318980738362 0.1337031308186196