1 0.49375 0.643359375 0.490234375 0.6375 0.48671875 0.637109375 0.48359375 0.626171875 0.4671875 0.604296875 0.46796875 0.588671875 0.462109375 0.58046875 0.449609375 0.5765625 0.424609375 0.575 0.406640625 0.57578125 0.39375 0.582421875 0.39609375 0.608984375 0.407421875 0.63984375 0.419921875 0.6484375 0.435546875 0.65390625 0.48203125 0.655078125 0.492578125 0.64765625 0.49375 0.643359375
1 0.4 0.706640625 0.4046875 0.698046875 0.38203125 0.659765625 0.38125 0.646484375 0.377734375 0.64296875 0.366796875 0.64140625 0.337890625 0.63984375 0.329296875 0.6421875 0.325 0.646484375 0.32890625 0.667578125 0.3359375 0.673828125 0.3453125 0.697265625 0.365234375 0.7109375 0.3921875 0.714453125 0.40078125 0.712890625 0.4 0.706640625
1 0.38984375 0.791015625 0.376171875 0.7640625 0.364453125 0.75703125 0.338671875 0.75078125 0.3234375 0.752734375 0.342578125 0.78984375 0.355859375 0.796875 0.3859375 0.801171875 0.38984375 0.798046875 0.38984375 0.791015625
1 0.52578125 0.886328125 0.512890625 0.87421875 0.472265625 0.86953125 0.457421875 0.8703125 0.45234375 0.873828125 0.455859375 0.8796875 0.475390625 0.89296875 0.51015625 0.894921875 0.52578125 0.890234375 0.52578125 0.886328125
1 0.5203125 0.921484375 0.506640625 0.91171875 0.491015625 0.90859375 0.45703125 0.910546875 0.470703125 0.92578125 0.50703125 0.927734375 0.516015625 0.9265625 0.5203125 0.921484375
1 0.3421875 0.569140625 0.33515625 0.546484375 0.325 0.533984375 0.3265625 0.517578125 0.317578125 0.5109375 0.292578125 0.5109375 0.280078125 0.515625 0.278125 0.519140625 0.28203125 0.526171875 0.28359375 0.550390625 0.28984375 0.571484375 0.301953125 0.5796875 0.33828125 0.582421875 0.3421875 0.578515625 0.3421875 0.569140625
1 0.32890625 0.403515625 0.32890625 0.390234375 0.31875 0.378515625 0.32265625 0.365234375 0.319140625 0.36171875 0.308984375 0.37109375 0.297265625 0.37421875 0.28671875 0.373046875 0.28984375 0.381640625 0.28359375 0.406640625 0.287890625 0.4109375 0.30234375 0.410546875 0.323046875 0.4078125 0.32890625 0.403515625
1 0.41015625 0.382421875 0.4125 0.373046875 0.40859375 0.362890625 0.40859375 0.351171875 0.402734375 0.34375 0.395703125 0.34140625 0.379296875 0.34296875 0.36640625 0.354296875 0.36640625 0.377734375 0.36328125 0.388671875 0.366796875 0.39296875 0.3734375 0.393359375 0.401171875 0.3890625 0.41015625 0.382421875
1 0.44453125 0.466796875 0.44140625 0.450390625 0.43359375 0.434765625 0.4171875 0.426171875 0.41640625 0.412890625 0.421875 0.400390625 0.4203125 0.381640625 0.415234375 0.38125 0.406640625 0.38984375 0.367578125 0.39609375 0.35859375 0.404296875 0.3609375 0.414453125 0.35859375 0.434765625 0.36015625 0.467578125 0.377734375 0.48125 0.42890625 0.483984375 0.44453125 0.480859375 0.44453125 0.466796875
3 0.625 0.279296875 0.62734375 0.255078125 0.61875 0.244140625 0.625 0.237109375 0.62578125 0.231640625 0.633984375 0.23046875 0.655078125 0.2375 0.670703125 0.2359375 0.66796875 0.230078125 0.674609375 0.22421875 0.686328125 0.22578125 0.690234375 0.23203125 0.703515625 0.234375 0.713671875 0.24140625 0.717578125 0.240625 0.725390625 0.24765625 0.726171875 0.2390625 0.7265625 0.243359375 0.732421875 0.24609375 0.736328125 0.24375 0.751171875 0.2484375 0.757421875 0.24609375 0.765234375 0.24921875 0.769140625 0.25703125 0.773828125 0.25625 0.800390625 0.271875 0.812109375 0.26953125 0.8140625 0.262109375 0.78984375 0.212890625 0.779296875 0.203125 0.737890625 0.1796875 0.669140625 0.1546875 0.647265625 0.153125 0.605859375 0.14140625 0.546484375 0.1328125 0.496484375 0.109375 0.458984375 0.1078125 0.437109375 0.11015625 0.435546875 0.10703125 0.409375 0.119921875 0.40546875 0.128515625 0.40703125 0.137109375 0.423046875 0.15234375 0.432421875 0.15703125 0.43671875 0.164453125 0.43359375 0.173828125 0.4265625 0.181640625 0.42421875 0.192578125 0.430859375 0.20078125 0.4453125 0.204296875 0.440234375 0.20546875 0.439453125 0.20859375 0.465234375 0.21953125 0.525390625 0.21953125 0.525390625 0.22421875 0.529296875 0.22109375 0.533984375 0.22578125 0.537109375 0.2171875 0.541796875 0.21953125 0.546484375 0.2171875 0.561328125 0.21875 0.5578125 0.191015625 0.546875 0.157421875 0.551171875 0.15234375 0.56875 0.208203125 0.57421875 0.208203125 0.57109375 0.210546875 0.571875 0.221484375 0.584375 0.276171875 0.587109375 0.2734375 0.594921875 0.27421875 0.6046875 0.279296875 0.60078125 0.283203125 0.605078125 0.2859375 0.61875 0.287890625 0.62890625 0.284765625 0.625 0.279296875
1 0.266015625 0.83125 0.238671875 0.8 0.22109375 0.792578125 0.23046875 0.814453125 0.246484375 0.8328125 0.258984375 0.84140625 0.284375 0.851171875 0.27890625 0.839453125 0.266015625 0.83125
1 0.1703125 0.701953125 0.161328125 0.69296875 0.155078125 0.69140625 0.15625 0.705859375 0.1671875 0.728515625 0.178515625 0.7390625 0.1890625 0.741796875 0.184375 0.726953125 0.1703125 0.701953125
2 0.5609375 0.434765625 0.55390625 0.420703125 0.548046875 0.41953125 0.5390625 0.433203125 0.540625 0.451171875 0.546484375 0.459375 0.55625 0.460546875 0.55859375 0.458984375 0.5609375 0.434765625
1 0.27109375 0.294921875 0.2703125 0.286328125 0.251171875 0.2875 0.227734375 0.3 0.22109375 0.308984375 0.22109375 0.318359375 0.22421875 0.320703125 0.267578125 0.29921875 0.27109375 0.294921875
1 0.20078125 0.326953125 0.199609375 0.31640625 0.188671875 0.31640625 0.1703125 0.330859375 0.165625 0.345703125 0.17109375 0.347265625 0.177734375 0.3453125 0.20078125 0.326953125
1 0.1671875 0.357421875 0.164453125 0.35390625 0.153515625 0.3515625 0.14296875 0.357421875 0.13671875 0.372265625 0.1375 0.376953125 0.1421875 0.380078125 0.16640625 0.364453125 0.1671875 0.357421875
1 0.634375 0.914453125 0.63359375 0.906640625 0.619921875 0.903125 0.588671875 0.90859375 0.5796875 0.917578125 0.58046875 0.926171875 0.5984375 0.927734375 0.631640625 0.91796875 0.634375 0.914453125
1 0.72265625 0.826953125 0.714453125 0.8234375 0.679296875 0.8390625 0.67109375 0.851171875 0.673828125 0.8609375 0.68203125 0.861328125 0.716015625 0.84609375 0.72265625 0.826953125
3 0.165625 0.303515625 0.20234375 0.251953125 0.246875 0.198828125 0.290234375 0.16171875 0.29375 0.157421875 0.292578125 0.1546875 0.278515625 0.1578125 0.258203125 0.16796875 0.228515625 0.184375 0.195703125 0.2078125 0.18828125 0.216015625 0.196484375 0.2171875 0.19765625 0.219921875 0.1328125 0.280078125 0.1109375 0.333984375 0.1046875 0.360546875 0.10703125 0.370703125 0.140625 0.323046875 0.165625 0.303515625
3 0.787109375 0.6828125 0.803515625 0.68125 0.8109375 0.666796875 0.823046875 0.6578125 0.83203125 0.645703125 0.83203125 0.633203125 0.82578125 0.619921875 0.84296875 0.594140625 0.8515625 0.565234375 0.8515625 0.553515625 0.8453125 0.535546875 0.846875 0.502734375 0.841796875 0.49375 0.83828125 0.494921875 0.83359375 0.504296875 0.83125 0.522265625 0.827734375 0.52734375 0.815234375 0.52265625 0.800390625 0.50859375 0.7984375 0.510546875 0.79921875 0.533984375 0.784375 0.544921875 0.7796875 0.551953125 0.77734375 0.564453125 0.759375 0.576953125 0.75703125 0.584765625 0.7625 0.595703125 0.76171875 0.604296875 0.74453125 0.619140625 0.7421875 0.627734375 0.73359375 0.635546875 0.72890625 0.644921875 0.7265625 0.656640625 0.7203125 0.662890625 0.71953125 0.666796875 0.725 0.670703125 0.7265625 0.680078125 0.73515625 0.685546875 0.728515625 0.69453125 0.7203125 0.698828125 0.7203125 0.704296875 0.730078125 0.7046875 0.741796875 0.69765625 0.746875 0.706640625 0.7546875 0.710546875 0.776171875 0.6984375 0.787109375 0.6828125