2 0.22852808873720137 0.5873614812286689 0.23335827133105805 0.5854624897610922 0.2558721843003413 0.5928892696245733 0.2950982397610922 0.5845515136518772 0.29618283873720136 0.5773425409556314 0.2927920529010239 0.5737017534129694 0.2752393174061434 0.5752519419795222 0.275515518771331 0.5703955605802048 0.28466988566552903 0.566268978668942 0.28155530034129694 0.5577718097269625 0.233503476109215 0.5697301484641638 0.22511110409556315 0.5815455017064847 0.22852808873720137 0.5873614812286689
2 0.21900693344709898 0.5610353762798634 0.2331164837883959 0.5514940170648465 0.23235448890784982 0.5438052457337884 0.21422315443686007 0.5528930051194539 0.19515242576791808 0.5534573967576791 0.18873164675767917 0.5622367619453924 0.18967104010238908 0.5707601296928327 0.20262338993174062 0.5762939138225256 0.23368087542662117 0.5705647457337883 0.23496907167235495 0.5663655614334471 0.21900693344709898 0.5610353762798634
2 0.2995527593856655 0.7737670059726962 0.3237882653583618 0.7851893711604095 0.3354726220136519 0.7827057841296928 0.36061532679180885 0.7860845802047781 0.3647883114334471 0.7851975844709898 0.36425611433447097 0.7826937935153584 0.34224819880546076 0.7755956134812286 0.34454839163822526 0.7720536271331058 0.35807934129692837 0.7700498395904437 0.3541563583617748 0.7639052610921502 0.33025544709897614 0.7663686433447099 0.31894609215017067 0.7583048703071672 0.2961357747440273 0.7679510264505119 0.2995527593856655 0.7737670059726962
2 0.30923332849829355 0.7577524692832764 0.32794925938566555 0.7555188839590443 0.34105280887372014 0.7597120725255972 0.36095813481228667 0.7589702815699658 0.3607283370307167 0.7537853011945392 0.34276840614334475 0.749315912116041 0.3406920153583618 0.7436511322525597 0.34549599914675766 0.739576949658703 0.3275622670648464 0.7372827517064846 0.3076569411262799 0.738024542662116 0.2902090034129693 0.7482754982935154 0.2946379846416382 0.7547486749146757 0.30923332849829355 0.7577524692832764
2 0.3510395537542662 0.8107998839590443 0.3513419539249147 0.8081186945392491 0.33371062201365187 0.8031433071672355 0.3089429189419795 0.7892171510238908 0.29359157593856655 0.7929163319112629 0.3015625426621161 0.8016897013651877 0.31992967064846417 0.8121786680887372 0.3376860034129693 0.813638268771331 0.3413267909556314 0.8102474829351536 0.3510395537542662 0.8107998839590443
2 0.823714704778157 0.44296842320819113 0.8170641288395905 0.4465628071672355 0.8148163344709898 0.4544551766211605 0.819954912116041 0.4642667414675768 0.8287806800341297 0.4606461587030717 0.8331572627986349 0.46276895221843006 0.8435070196245734 0.47452591126279864 0.845458409556314 0.4837064778156997 0.8508469880546076 0.4864864684300341 0.8463858131399317 0.4634463540955632 0.874735909556314 0.4552395938566553 0.8769837039249146 0.44734722440273034 0.874881114334471 0.43950725341296926 0.8603381680887372 0.44085384300341296 0.8488514146757679 0.43195547269624573 0.8381266552901024 0.4307458737201365 0.8407292474402731 0.4245226979522184 0.8400196510238908 0.42118430972696247 0.8359978660409556 0.4207307107508532 0.8234325093856656 0.43343305887372013 0.823714704778157 0.44296842320819113
2 0.7833702986348123 0.31677288310580204 0.7961190503412969 0.3192968771331058 0.8118049880546074 0.32948344453924916 0.8209915494880546 0.34192380119453925 0.8259729317406143 0.33868421501706486 0.8239953430034129 0.3273284564846416 0.8322889138225256 0.3212040827645051 0.8430136732081911 0.3224136817406143 0.8437958720136519 0.3178858984641638 0.8344057124573379 0.3024357534129693 0.8232011535836177 0.303072747440273 0.797828651877133 0.2945089709897611 0.7846001015358363 0.29383156911262803 0.77179895221843 0.28695719027303757 0.7576370034129692 0.29214816638225255 0.7609551868600682 0.30365512457337884 0.7833702986348123 0.31677288310580204
2 0.2913766365187713 0.6368085162116041 0.274402502559727 0.630821133105802 0.2468084052901024 0.6323249180887371 0.23267265614334473 0.6396910861774744 0.22905806740614335 0.6452570639931741 0.23396684726962455 0.6498836484641638 0.2555937653583618 0.6531374436860068 0.28993723976109215 0.642348295221843 0.2913766365187713 0.6368085162116041
2 0.27649465955631397 0.7350529428327645 0.2948557918088737 0.7311501638225256 0.30474595392491466 0.7325371621160409 0.30350416040955636 0.7266949837883959 0.29644638822525593 0.7242697901023891 0.29586179266211604 0.7174156160409556 0.29065061262798636 0.7154702209897611 0.28802182167235496 0.719518204778157 0.26859629436860066 0.7184134027303755 0.2512733575085324 0.725148571672355 0.2573715324232082 0.7312669505119453 0.27649465955631397 0.7350529428327645
2 0.2824820426621161 0.7180788088737201 0.27337407849829354 0.7121640281569966 0.24061520477815698 0.7016810563139931 0.2291868447098976 0.7115248156996588 0.24575977730375428 0.725884366894198 0.26596750341296926 0.7224613865187713 0.27937345221843 0.723973385665529 0.2838750358361775 0.7225803924914677 0.2824820426621161 0.7180788088737201
2 0.2917958233788396 0.6716115861774744 0.25843215017064847 0.6664909940273037 0.24609059556313995 0.669986576791809 0.24133901023890783 0.6784111433447099 0.26150033276450513 0.6850295255972696 0.2790268677474403 0.6813041459044369 0.2901588233788396 0.6885333225255973 0.293543614334471 0.6777823634812287 0.2917958233788396 0.6716115861774744
2 0.2262458813993174 0.634078704778157 0.2201739061433447 0.6301355179180888 0.2065179556313993 0.6356550921501706 0.20093177303754267 0.6442570580204777 0.20217356655290103 0.6500992363481228 0.2122673276450512 0.654496023890785 0.2212704948805461 0.6517100366894198 0.22655427645051196 0.6457892610921502 0.2262458813993174 0.634078704778157
3 0.10620978924914676 0.463324704778157 0.11111257423208191 0.4535595435153583 0.1301773080204778 0.4386034061433447 0.1404386962457338 0.35965950511945394 0.14480928412969282 0.3473905529010239 0.144146090443686 0.3340108029010239 0.1151649957337884 0.34540475 0.09762425085324232 0.37573843088737197 0.07708570819112627 0.4350592013651877 0.07644050085324232 0.46485468941979524 0.08312327133105801 0.4778272431740614 0.09129184129692833 0.47521865529010243 0.09589222696245733 0.468134683447099 0.10620978924914676 0.463324704778157
3 0.1395099709897611 0.7410538745733788 0.16162867832764505 0.7712445682593857 0.1623906723549488 0.7789333395904436 0.17297022696245734 0.7958752798634813 0.20242290699658702 0.8236347858361776 0.23161959129692836 0.8440341194539249 0.24871872610921503 0.8465057158703072 0.25268811262798635 0.8426089317406144 0.25207731740614336 0.8335795648464164 0.1826994180887372 0.7144275887372014 0.17052926706484642 0.7043660221843003 0.16324769197952219 0.7111475947098976 0.1489023489761092 0.7011122278156997 0.13716559385665528 0.6992454300341296 0.13782878668941978 0.712625180887372 0.14542475170648464 0.7319459104095563 0.1395099709897611 0.7410538745733788
3 0.2916739385665529 0.9254780341296928 0.29668151962457334 0.9244136390784983 0.2968065204778157 0.9208978523890785 0.23792735921501706 0.8675540332764505 0.20438029180887374 0.847207098122867 0.181209180887372 0.8407923139931741 0.18204977303754266 0.8550066612627987 0.20191469112627985 0.8786979786689421 0.21780422696245735 0.891894335324232 0.26278564931740617 0.9167892568259385 0.2916739385665529 0.9254780341296928
2 0.687787518771331 0.13384273634812285 0.6887471160409556 0.13014955119453925 0.676603164675768 0.1222631766211604 0.643187093003413 0.1127922005119454 0.6259105588737202 0.10948600767918089 0.6091924215017065 0.11085879692832765 0.6122546083617748 0.1150055819112628 0.6475172730375427 0.12495635665529009 0.6615804197952219 0.12545635921501708 0.687787518771331 0.13384273634812285
2 0.6768367389078498 0.19723169539249147 0.6836183105802047 0.2045132704778157 0.7364599087030718 0.2150890486348123 0.7404554948805461 0.21336745648464162 0.731623731228669 0.20259629351535838 0.7235539624573378 0.19951390273037545 0.6849529104095563 0.19027272440273035 0.678630933447099 0.1933611100682594 0.6782237363481228 0.1873415324232082 0.6596328071672355 0.18605933105802047 0.6544740255972696 0.18846432081911263 0.6768367389078498 0.19723169539249147
2 0.6830943276450512 0.16100943344709898 0.6541072372013652 0.1580116348122867 0.6595482141638225 0.16514201023890784 0.706422633105802 0.18047536774744027 0.7269851569965871 0.1787215819112628 0.7338917295221844 0.1824873694539249 0.7340167303754266 0.17897158276450512 0.6830943276450512 0.16100943344709898
2 0.7144662030716723 0.18138256740614334 0.6945084786689419 0.17777397440273038 0.6920308873720137 0.18048136348122867 0.6961050699658703 0.18528534641638225 0.7248159598976108 0.19313952645051194 0.7357705170648464 0.1995341066552901 0.7578772329351536 0.20094130887372014 0.7144662030716723 0.18138256740614334
3 0.7553696663822526 0.1316899675767918 0.6977382935153583 0.09858007252559726 0.6784377670648464 0.09395948293515359 0.6640984197952219 0.09831586177474402 0.700431473549488 0.1276659641638225 0.7133052252559727 0.1266741723549488 0.7293197619453925 0.1363547414675768 0.7508216791808874 0.1431243233788396 0.7553696663822526 0.1316899675767918
2 0.23618376877133104 0.2642900955631399 0.2608930776450512 0.2594741220136519 0.2644814667235495 0.25173295221843006 0.2749764291808874 0.24775757081911262 0.2797542133105802 0.24150819539249144 0.25590570051194544 0.2483219616040956 0.23618376877133104 0.2642900955631399