1 0.4092124594127806 0.3610570069084629 0.4607449792746114 0.3523596804835924 0.4633118739205526 0.34746212262521586 0.4620174956822107 0.33627735405872194 0.4532010759930915 0.3067610034542314 0.43596532642487046 0.29955464421416234 0.4190114896373057 0.30285013644214165 0.4045411804835924 0.31665938946459415 0.40322102677029364 0.3415481839378238 0.4092124594127806 0.3610570069084629
1 0.3921354473229706 0.26188896718480137 0.4319888747841105 0.2519429438687392 0.42922343436960275 0.23092733074265978 0.4224895371329879 0.2234390604490501 0.38875854663212434 0.22867611917098443 0.383448073402418 0.2398251597582038 0.38405953454231434 0.2520223955094991 0.387567438687392 0.2610174568221071 0.3921354473229706 0.26188896718480137
1 0.3010989533678757 0.34116512521588943 0.3076442573402418 0.35220893868739206 0.3137428756476684 0.35190320811744386 0.3329221485319516 0.34421639205526766 0.3542792202072539 0.3409447184801382 0.357517121761658 0.337236310880829 0.3535625310880829 0.31689170639032815 0.34180203022452504 0.29938399827288426 0.3107669801381692 0.30717604231433504 0.30037035578583765 0.3193137305699482 0.3010989533678757 0.34116512521588943
1 0.38706316234887733 0.22900566839378236 0.39249077288428325 0.22751078756476684 0.42250144645941273 0.22123744300518133 0.4244211519861831 0.21074750086355784 0.41669860708117445 0.1981730785837651 0.40959943264248705 0.19559427461139894 0.384663 0.20308058894645942 0.38055358721934374 0.21135700431778928 0.38217751468048355 0.22423715716753023 0.38706316234887733 0.22900566839378236
1 0.49167088773747836 0.39605251899827293 0.4186046122625216 0.40937544300518136 0.4141656502590673 0.4159564749568221 0.4140703747841105 0.4335694110535406 0.44700147754749564 0.607511018134715 0.452405268566494 0.6104193713298791 0.4742566632124352 0.6096907737478411 0.5400351701208981 0.5973445880829016 0.5476763065630397 0.5936599991364421 0.5490540509499137 0.5894334490500863 0.5473129861830743 0.5668991373056995 0.5336605129533679 0.4921374775474957 0.5122616753022453 0.40920463039723665 0.5068936131260794 0.39969142659758206 0.5003125803108809 0.39525246459412783 0.49167088773747836 0.39605251899827293
1 0.32880099222797926 0.5425147841105354 0.3872679119170984 0.5355485708117445 0.3903291303972366 0.5331940880829016 0.39004721934369607 0.5226922366148532 0.382443768566494 0.48810164507772025 0.373379207253886 0.4731489214162348 0.36493801727115716 0.468191816925734 0.32373066493955094 0.47796115630397235 0.31823159844559584 0.4926657392055268 0.32880099222797926 0.5425147841105354
1 0.41790212262521587 0.7270912046632124 0.47534466666666664 0.7216436899827289 0.47508657426597584 0.7067386044905009 0.46237315371329885 0.6775398946459412 0.43923928929188255 0.6648821062176166 0.41432667616580315 0.6679651856649396 0.4000568704663212 0.6760172797927461 0.3934043816925734 0.6847880198618307 0.4009145146804836 0.7053212184801382 0.41790212262521587 0.7270912046632124
1 0.26164686442141627 0.7152375509499137 0.30227652677029365 0.7183364550949913 0.2973332892918826 0.6929056986183074 0.28429031865284976 0.6620116044905008 0.2717992625215889 0.6543228307426597 0.2391164663212435 0.6536379559585492 0.2368910310880829 0.6580292806563041 0.24084562176165802 0.6783738860103627 0.252193207253886 0.7095975293609672 0.26164686442141627 0.7152375509499137
1 0.42817378065630396 0.8319806744386874 0.43055208203799655 0.8306386588946459 0.4292338851468048 0.8238571234887738 0.4127644196891192 0.8002269792746114 0.36689574006908465 0.7950674145077721 0.3578887694300518 0.8007769352331606 0.3655874956822107 0.817754591537133 0.3763593497409326 0.8301761485319517 0.42817378065630396 0.8319806744386874
1 0.3612756226252159 0.8634584965457686 0.35710862003454236 0.8510726675302245 0.34751400690846285 0.840181719343696 0.3162208644214162 0.8330686778929188 0.305542329015544 0.8347045146804836 0.31222858808290155 0.8509992538860104 0.31930394473229706 0.8579812918825561 0.34958462089810016 0.8644114153713299 0.3612756226252159 0.8634584965457686
1 0.48522331433506044 0.8991865207253885 0.47883087564766846 0.8911920164075993 0.4381893039723661 0.8902947297063903 0.42715739982728845 0.8946384162348877 0.43455039550949914 0.9055174550949914 0.4429915863557858 0.9104745595854922 0.4853404516407599 0.9088406804835923 0.48522331433506044 0.8991865207253885
1 0.13739131865284973 0.517260878238342 0.141981189119171 0.5453994853195163 0.14925704835924009 0.5466243635578584 0.1631615768566494 0.5434817366148532 0.16623470379965458 0.5389256373056994 0.16235156994818653 0.5053713307426598 0.15834934196891193 0.49383319430051814 0.15362846804835925 0.48991237478411054 0.14192555699481865 0.4930669110535406 0.1395353462867012 0.49661054317789294 0.13739131865284973 0.517260878238342
1 0.16181564680483593 0.6044440949913644 0.18130065025906736 0.6028558955094991 0.18488001122625214 0.5986412556131261 0.1705903005181347 0.5477559240069085 0.1648569602763385 0.5431521873920553 0.15282449913644214 0.5446113402417962 0.14942182297063905 0.5474720552677029 0.1491379542314335 0.5686405336787564 0.15591753195164076 0.5989926658031088 0.16181564680483593 0.6044440949913644
1 0.1512997616580311 0.4507775924006908 0.15927044732297063 0.4487883877374784 0.1725158773747841 0.44225499395509504 0.17627192227979274 0.43668642832469773 0.17676820379965458 0.4075591744386874 0.17058817702936097 0.3916058937823834 0.1563183713298791 0.39965798791018997 0.14825241018998273 0.41926012867012086 0.1486038212435233 0.4482226079447323 0.1512997616580311 0.4507775924006908
1 0.12348075302245251 0.42759413385146805 0.13180480656303972 0.42289707944732297 0.13662095509499136 0.4092049628670121 0.13649386614853196 0.37008209067357517 0.12596819602763384 0.37476723575129534 0.11738409240069085 0.39622953454231435 0.11589916321243524 0.4202706373056995 0.11754690932642488 0.4287475561312608 0.12348075302245251 0.42759413385146805
1 0.1969780561312608 0.6789833894645941 0.17927375993091538 0.633160390328152 0.17252795336787566 0.6278737366148531 0.15677517530224525 0.628296603626943 0.15817478151986183 0.6513371493955095 0.16853372020725388 0.6774746416234888 0.195094079447323 0.6828684801381693 0.1969780561312608 0.6789833894645941
1 0.2059473419689119 0.71154904835924 0.19337487651122626 0.6876012633851468 0.1846041373056995 0.6809487754749568 0.16936950259067357 0.6795114844559585 0.17112247582037998 0.6998441796200345 0.1806575414507772 0.7217432124352332 0.2107496243523316 0.731728878238342 0.2059473419689119 0.71154904835924
1 0.22146193091537134 0.7551585207253886 0.2097133385146805 0.735449195164076 0.2048276908462867 0.7306806839378238 0.18335348272884283 0.7242981977547496 0.18279961139896372 0.7327632063903282 0.1919813091537133 0.7573700898100173 0.22492219775474956 0.7729600500863557 0.22146193091537134 0.7551585207253886
1 0.2421559896373057 0.8118367383419689 0.2374946623488774 0.7969078341968912 0.21934172279792746 0.771405621761658 0.2085460500863558 0.763387298791019 0.1909569335060449 0.7588887892918825 0.19322804922279793 0.7773613264248705 0.21239345595854922 0.8035464559585492 0.2311479041450777 0.8117771917098446 0.2421559896373057 0.8118367383419689
1 0.25962601208981 0.8383514179620034 0.24043678670120897 0.8165695215889465 0.21355878756476684 0.8072786822107081 0.21653663989637306 0.8203355189982728 0.22510687651122627 0.8327451666666666 0.23995241537132986 0.8434951588946459 0.26160330742659754 0.8485237202072539 0.25962601208981 0.8383514179620034
1 0.2831231960276338 0.8777700682210707 0.2698201761658031 0.8636412176165803 0.2531144792746114 0.8523730829015544 0.2373855207253886 0.8483927167530224 0.23767934196891194 0.8566929516407599 0.24945175215889467 0.8719990423143351 0.28427661830742657 0.8837039110535405 0.2831231960276338 0.8777700682210707
1 0.3016295043177893 0.9005644309153713 0.28223977633851466 0.8845396934369603 0.25298347582037994 0.8765908696027633 0.2512642728842832 0.881323652849741 0.25715047841105354 0.8889766986183074 0.2719960172711572 0.8997266908462866 0.30513740846286697 0.9095594922279793 0.3016295043177893 0.9005644309153713
1 0.19409760276338517 0.8044636476683937 0.17928779274611398 0.7871088039723662 0.1596856519861831 0.7790428436960276 0.16263968566493955 0.796502914507772 0.17339962953367877 0.8111260880829015 0.192648402417962 0.8218998989637306 0.20398603626943007 0.8236548298791019 0.19409760276338517 0.8044636476683937
1 0.2511689982728843 0.8989365889464594 0.2479906424870466 0.8916369110535406 0.23230932210708116 0.8788500768566494 0.2176285578583765 0.8689477763385147 0.20460744905008635 0.8653207780656305 0.20777389550949912 0.8748220725388601 0.21973489982728842 0.8865726217616581 0.23813598013816925 0.897511207253886 0.2511689982728843 0.8989365889464594
1 0.11623067012089809 0.3902956917098445 0.11719745595854922 0.36811474784110537 0.11351286787564767 0.3604736113989637 0.10415252849740932 0.3688909827288428 0.09984261312607945 0.38292455785837654 0.099229195164076 0.40239765198618305 0.10617550431778928 0.40192714680483593 0.11623067012089809 0.3902956917098445
1 0.1600088316062176 0.31228813557858376 0.16396537910189982 0.3009624110535406 0.16082275215889463 0.28705788255613124 0.15267538255613125 0.29040101208981 0.14380936787564766 0.30136145941278064 0.13928703972366147 0.32335381001727115 0.144184597582038 0.32592070466321243 0.1600088316062176 0.31228813557858376
1 0.18324188428324698 0.24399232901554405 0.1720332970639033 0.24968994127806565 0.16043561312607943 0.2647002538860104 0.15918691537132987 0.2763793462867012 0.1659684499136442 0.27506115025906736 0.18231082728842832 0.25956842227979277 0.18324188428324698 0.24399232901554405
1 0.31236300777202075 0.1999797279792746 0.3434099671848014 0.18998606649395508 0.34598877115716753 0.1828868920552677 0.34436484369602766 0.17000673920552678 0.32742291623488773 0.1711006139896373 0.3162143281519862 0.1767982262521589 0.3097027953367876 0.1908198920552677 0.30932560880829013 0.19793097582037997 0.31236300777202075 0.1999797279792746
1 0.28417872107081177 0.1817057366148532 0.3059010699481865 0.17352459585492228 0.3094923402417962 0.1671083385146805 0.306996902417962 0.15879619430051814 0.299379585492228 0.15807754835924007 0.28647561398963733 0.16410470984455958 0.27911638860103627 0.17829115025906736 0.27977548704663213 0.1816819170984456 0.28417872107081177 0.1817057366148532
1 0.3487700354058722 0.13836022884283247 0.3296145811744387 0.141643810880829 0.32211440069084624 0.1505793255613126 0.32360928151986185 0.15600693523316064 0.33751381001727115 0.15286430829015546 0.3478627962003454 0.14953308808290156 0.3487700354058722 0.13836022884283247
1 0.3099290742659758 0.14898916925734024 0.3111658626943005 0.13951169343696027 0.30015777806563043 0.13945214680483595 0.2914922659758204 0.14465543436960276 0.2866999352331606 0.15394431692573401 0.2893958765112263 0.15649930224525044 0.2965188696027634 0.15467487219343698 0.3099290742659758 0.14898916925734024
1 0.4453811321243523 0.15564948704663212 0.4373171286701209 0.14358129792746113 0.4142646735751296 0.14718251986183073 0.41187446286701207 0.15072615284974095 0.4122973307426598 0.16647893005181347 0.41617051208981004 0.17056452417962004 0.4446505768566494 0.1654684214162349 0.4453811321243523 0.15564948704663212
1 0.47527466925734024 0.13972198272884284 0.4544357400690846 0.14113349740932643 0.44813662003454235 0.14719638687392056 0.45518815716753025 0.15858165889464595 0.4763685440414508 0.15666391018998274 0.48385681519861834 0.14993001295336789 0.47527466925734024 0.13972198272884284
1 0.2093356537132988 0.17909919948186528 0.2026593462867012 0.19227317271157168 0.20807504663212437 0.192979908462867 0.22167384455958547 0.1837386640759931 0.22206294127806564 0.1744259628670121 0.2093356537132988 0.17909919948186528
1 0.11356083765112261 0.7273078635578584 0.12388600518134714 0.728379877374784 0.12075528756476683 0.712273731433506 0.11220886960276338 0.6954608497409326 0.10717035578583765 0.6876430293609671 0.09635086442141624 0.6840279404145079 0.09396065457685665 0.687571573402418 0.09610272452504319 0.6985915673575129 0.10665025647668394 0.7211735172711572 0.11356083765112261 0.7273078635578584
1 0.5635981053540587 0.9063848851468048 0.5980120138169258 0.900135359240069 0.6465785906735751 0.8761795794473229 0.6527129360967185 0.8692689982728843 0.6520538376511227 0.8658782305699482 0.5952465734024179 0.8791197469775475 0.5646820284974093 0.8938581001727116 0.5560046070811745 0.9012630051813472 0.5568284801381692 0.9055014645941278 0.5635981053540587 0.9063848851468048
1 0.5764068013816925 0.9179706597582037 0.5318325008635578 0.9239958635578583 0.5277469067357513 0.9278690457685665 0.5346336692573402 0.9384066252158895 0.5702248177892919 0.9336877089810016 0.5804209395509499 0.9273071796200345 0.5764068013816925 0.9179706597582037
3 0.9170616295336788 0.6542567478411053 0.9223601925734024 0.6453093238341969 0.9216554145077719 0.619054695164076 0.9153344317789293 0.5978504887737479 0.8993692426597583 0.6062321321243523 0.8920338367875648 0.6160153385146805 0.8817186208981002 0.6444120371329879 0.8780439844559585 0.6662396131260795 0.8511382521588947 0.7246926666666667 0.8339481839378239 0.7403501692573403 0.8287091675302245 0.7382895077720207 0.8272619240069085 0.7240554300518135 0.812144426597582 0.732272298791019 0.8032784110535406 0.7432327461139896 0.7965663756476684 0.7630115708117444 0.7830608955094992 0.7863102089810018 0.7744192020725388 0.7871102633851469 0.7621624196891191 0.7987298082901555 0.7554265656303972 0.8229118670120898 0.7358343773747842 0.8443146191709844 0.7338313056994819 0.8702158799654577 0.7271669075993091 0.8811882366148532 0.7281555552677029 0.8862743877374784 0.7335712556131261 0.8869811234887738 0.7617694093264249 0.8713831692573402 0.8141396683937824 0.8330523557858376 0.8626486563039724 0.7884343316062176 0.9115705578583765 0.7301003721934369 0.9193665164075994 0.6977947633851468 0.9172244473229706 0.6867747685664939 0.9126802573402418 0.68150002417962 0.9170616295336788 0.6542567478411053
2 0.6679394101899827 0.6217468868739205 0.6736389792746114 0.6012851450777201 0.6729342003454231 0.5750305164075994 0.6717807780656304 0.5690966735751296 0.6647054222797928 0.5621146355785838 0.6532963316062176 0.5735694067357513 0.6522362271157167 0.5816929568221071 0.6563079550949913 0.6116917219343696 0.6679394101899827 0.6217468868739205
2 0.5791758238341969 0.5000048929188255 0.5820365388601036 0.5034075699481865 0.5903367737478411 0.5031137487046632 0.5925503005181346 0.5009240414507772 0.5850421243523316 0.4487205138169257 0.5767776183074267 0.44240948359240073 0.5742821804835925 0.4340973393782383 0.5690431640759931 0.43203667875647667 0.5656166683937824 0.43930062780656304 0.5708199568221071 0.447966139896373 0.5791758238341969 0.5000048929188255
2 0.6058314585492228 0.4877857962003454 0.6004415345423143 0.45100549654576855 0.5918832063903282 0.43639423229706387 0.5873032884283247 0.4377243385146805 0.5853478549222798 0.4548191312607945 0.5944104585492228 0.5014421839378238 0.5972830837651123 0.5026432443868739 0.6058314585492228 0.4877857962003454
2 0.5591488583765112 0.5078564844559585 0.5676138678756477 0.5084103549222798 0.5670500449050087 0.4874066519861831 0.5723724274611399 0.474055993955095 0.5488514240069085 0.43904057772020727 0.5422465734024179 0.4390048497409326 0.5398563626943006 0.44254848186528495 0.5415041088082903 0.4510254006908463 0.5557938195164076 0.5019107314335061 0.5591488583765112 0.5078564844559585