1 0.7020032228525122 0.26666085899513775 0.698981673419773 0.2554584238249595 0.6647026628849271 0.2207380907617504 0.6380445842787683 0.1998193468395462 0.6180709400324149 0.19031681766612643 0.5992034400324149 0.18643671231766612 0.5812300259319286 0.18413271961102107 0.5598906069692058 0.18727978363047001 0.5594630494327391 0.1946055542949757 0.5727895081037278 0.2166287212317666 0.5938286045380875 0.22323521555915724 0.6033242512155591 0.23409835818476496 0.6129488533225284 0.23968009076175043 0.6264890907617504 0.2580403711507293 0.6749989692058347 0.27010480470016207 0.6965080340356564 0.2701947893030794 0.7020032228525122 0.26666085899513775
1 0.4675516150729336 0.1827869886547812 0.4741970802269043 0.1779755478119935 0.47296370097244733 0.1699253379254457 0.47705586466774713 0.15510414829821717 0.4612998995137763 0.14091741329011345 0.42658644894651543 0.14435963776337116 0.4077986102106969 0.16522564667747164 0.4082616969205835 0.18954592382495947 0.4675516150729336 0.1827869886547812
1 0.7901433760129659 0.7639450299837925 0.8002820794165316 0.7561103192868719 0.842630226904376 0.7047961110210696 0.8793576709886547 0.6468788500810373 0.8804672560777957 0.6370828808752026 0.8765499003241491 0.6320135291734197 0.8700758030794165 0.6323528225283631 0.8566135064829823 0.6464478517017828 0.8119206750405187 0.7072170153970826 0.7858901685575365 0.7369831871961102 0.7763876393841167 0.7569568314424635 0.7808580664505672 0.7648373946515397 0.7901433760129659 0.7639450299837925
1 0.8660019627228526 0.7559120251215559 0.8817223987034036 0.7384527123176661 0.8935678914100486 0.7167333095623987 0.8987272285251214 0.6913068881685576 0.8987306693679094 0.6758884951377634 0.8957073995137763 0.6723952560777957 0.8882526726094004 0.6772491085899514 0.8694207017828202 0.7050150518638574 0.8620880486223663 0.7354242803889789 0.8615298152350082 0.7557406580226904 0.8660019627228526 0.7559120251215559
1 0.9105429554294976 0.4212746709886548 0.9107160437601296 0.4090933265802269 0.9037364473257697 0.3843030802269044 0.8862364432739059 0.3600641855753647 0.8764846061588332 0.3520546661264181 0.8657945510534847 0.34936896920583466 0.8639588063209076 0.3685350705024311 0.871277695299838 0.399799414910859 0.8840510826580227 0.4190113695299838 0.8910799724473257 0.4137740915721232 0.9018124384116695 0.41726905105348455 0.9058146175040518 0.4239569278768234 0.9105429554294976 0.4212746709886548
1 0.05006971069692058 0.5316946961102107 0.05471494651539708 0.5196847188006483 0.05348500891410048 0.49621611588330633 0.04211464748784441 0.4882914197730956 0.035681241491085904 0.49714917179902757 0.03516541896272285 0.5182748111831442 0.03729288330632091 0.52790113452188 0.0424029262560778 0.532502237439222 0.05006971069692058 0.5316946961102107
1 0.45849384927066456 0.11834289546191248 0.461135414910859 0.11455277471636953 0.4598172131280389 0.10488404051863857 0.4567515307941653 0.10058153889789304 0.44934093679092385 0.09853545705024311 0.4235717820097245 0.10232041572123177 0.4161594667747164 0.10798353079416531 0.4132617106969206 0.11462727471636952 0.41274932982171797 0.12033452188006483 0.416113613452188 0.12259266126418153 0.45849384927066456 0.11834289546191248
2 0.177186329821718 0.62687414910859 0.17301622528363048 0.6092400275526743 0.16611801134521878 0.6014866993517018 0.16403295867098866 0.5926696385737439 0.1594335761750405 0.5900704846029173 0.1569158047001621 0.6117067844408428 0.16619595218800648 0.6339420097244732 0.17577642220421394 0.6464236766612642 0.177186329821718 0.62687414910859
2 0.6911079918962723 0.22909206482982172 0.6911962568881685 0.2152921961102107 0.6727156231766612 0.1955678606158833 0.6686269003241491 0.19497065640194491 0.6638544303079417 0.2045528468395462 0.6706219675850892 0.22529678200972447 0.6744545 0.22874760940032413 0.6871465048622367 0.23092264667747164 0.6911079918962723 0.22909206482982172
2 0.8561051693679093 0.44319752917341976 0.8572554457050243 0.4419200186385737 0.8569620048622366 0.42083679011345215 0.8564804416531604 0.4130796094003241 0.8550679716369529 0.4062059991896272 0.8530039059967585 0.39894546272285253 0.8515796215559158 0.39586209076175044 0.8496585858995138 0.39133101053484604 0.8496448363047001 0.3818632495948136 0.846365376012966 0.3812236345218801 0.8447875429497569 0.38982691653160456 0.8465688314424636 0.4238159278768233 0.8501027617504052 0.42931111669367905 0.8514209635332254 0.43897985170178283 0.8540608079416532 0.44289892706645057 0.8561051693679093 0.44319752917341976
2 0.8666679894651539 0.44345544003241494 0.8678182649918963 0.44217792949756884 0.8660369764991896 0.4081889181523501 0.8593966742301459 0.38987276904376017 0.854754879254457 0.3864643533225284 0.8529225761750405 0.3902120623987034 0.8532194578606158 0.395876897082658 0.8544952479740681 0.4047363695299838 0.8572199157212317 0.41027397001620747 0.8578985024311184 0.4232221653160454 0.8596866734197731 0.4263743905996758 0.86121693273906 0.4400894359805511 0.8654328905996759 0.44311442625607783 0.8666679894651539 0.44345544003241494
2 0.8712553282009725 0.5000189700162074 0.8732148662884927 0.49869904781199353 0.8726211037277148 0.48736937682333875 0.8737730996758509 0.47838266936790924 0.8726279854132901 0.4565325907617504 0.8705429335494328 0.44771552998379255 0.8667528128038898 0.445073964343598 0.8625775461912479 0.45056743273905997 0.8624044586709887 0.4627487771474878 0.861082816045381 0.4684984359805511 0.863418897082658 0.49758946272285254 0.8655480810372772 0.4995065891410048 0.8684017050243112 0.49976277957860615 0.8712553282009725 0.5000189700162074