1 0.434375 0.569921875 0.43359375 0.516796875 0.426171875 0.509375 0.416796875 0.50546875 0.379296875 0.5046875 0.369140625 0.51015625 0.3640625 0.516796875 0.36640625 0.529296875 0.3640625 0.566015625 0.3671875 0.583984375 0.372265625 0.58515625 0.380859375 0.58046875 0.406640625 0.58046875 0.4296875 0.588671875 0.4328125 0.586328125 0.434375 0.569921875
1 0.361328125 0.46328125 0.36640625 0.459765625 0.3703125 0.414453125 0.3734375 0.409765625 0.371484375 0.4046875 0.360546875 0.40078125 0.330859375 0.40234375 0.31640625 0.412109375 0.31796875 0.419921875 0.3125 0.445703125 0.3125 0.463671875 0.313671875 0.4671875 0.31796875 0.466796875 0.324609375 0.46171875 0.361328125 0.46328125
1 0.447265625 0.36640625 0.45 0.362109375 0.4484375 0.329296875 0.453125 0.322265625 0.434765625 0.31796875 0.409765625 0.3203125 0.399609375 0.32578125 0.396875 0.329296875 0.3984375 0.337109375 0.39453125 0.351953125 0.396875 0.369140625 0.419921875 0.365625 0.447265625 0.36640625
1 0.57109375 0.326953125 0.56640625 0.306640625 0.569140625 0.29765625 0.547265625 0.2875 0.531640625 0.28828125 0.5171875 0.294921875 0.521875 0.299609375 0.5171875 0.317578125 0.520703125 0.33125 0.56640625 0.335546875 0.56953125 0.334765625 0.57109375 0.326953125
1 0.51953125 0.273046875 0.51953125 0.262890625 0.511328125 0.25078125 0.483203125 0.25 0.4734375 0.258984375 0.46640625 0.274609375 0.4671875 0.279296875 0.470703125 0.28203125 0.490625 0.281640625 0.512890625 0.28125 0.51953125 0.273046875
1 0.45234375 0.258984375 0.453125 0.247265625 0.445703125 0.24296875 0.419140625 0.2453125 0.4125 0.251171875 0.4078125 0.270703125 0.410546875 0.2734375 0.4203125 0.273046875 0.446484375 0.2703125 0.45234375 0.258984375
1 0.384375 0.270703125 0.38671875 0.255859375 0.376953125 0.25390625 0.359765625 0.2578125 0.3453125 0.277734375 0.34453125 0.286328125 0.3515625 0.286328125 0.378515625 0.28125 0.384375 0.270703125
1 0.55234375 0.231640625 0.544921875 0.225 0.520703125 0.2234375 0.51171875 0.230859375 0.5109375 0.243359375 0.514453125 0.24921875 0.5515625 0.249609375 0.55390625 0.247265625 0.55234375 0.231640625
1 0.46484375 0.219921875 0.4625 0.208984375 0.454296875 0.2046875 0.432421875 0.20703125 0.42734375 0.216015625 0.4265625 0.227734375 0.43984375 0.228515625 0.460546875 0.2265625 0.46484375 0.219921875
1 0.440625 0.837109375 0.43984375 0.825390625 0.436328125 0.81953125 0.409765625 0.81171875 0.388671875 0.80859375 0.37890625 0.810546875 0.38203125 0.830859375 0.388671875 0.83828125 0.4359375 0.845703125 0.4390625 0.844140625 0.440625 0.837109375
1 0.60859375 0.584765625 0.61328125 0.491015625 0.60703125 0.408203125 0.60078125 0.393359375 0.593359375 0.3890625 0.522265625 0.38359375 0.5171875 0.386328125 0.51484375 0.394140625 0.51015625 0.587890625 0.513671875 0.59140625 0.533203125 0.59453125 0.56171875 0.594921875 0.604296875 0.59140625 0.60859375 0.584765625
1 0.54921875 0.218359375 0.541796875 0.2046875 0.521484375 0.20234375 0.51328125 0.206640625 0.51171875 0.214453125 0.514453125 0.22109375 0.5421875 0.223828125 0.548046875 0.22265625 0.54921875 0.218359375
1 0.49140625 0.181640625 0.483203125 0.178125 0.472265625 0.17890625 0.46171875 0.185546875 0.462109375 0.19453125 0.47578125 0.194921875 0.490234375 0.19296875 0.49140625 0.181640625
1 0.43046875 0.185546875 0.421484375 0.184375 0.405859375 0.18828125 0.4015625 0.200390625 0.409375 0.201171875 0.425390625 0.19921875 0.43046875 0.185546875
1 0.43203125 0.169921875 0.420703125 0.16875 0.411328125 0.17265625 0.40625 0.181640625 0.41328125 0.182421875 0.428515625 0.1796875 0.43203125 0.169921875
1 0.2359375 0.470703125 0.24375 0.431640625 0.24296875 0.420703125 0.240234375 0.41796875 0.230078125 0.4171875 0.219140625 0.42109375 0.20859375 0.442578125 0.20546875 0.475390625 0.209765625 0.4796875 0.22109375 0.479296875 0.231640625 0.47734375 0.2359375 0.470703125
1 0.219921875 0.534375 0.221875 0.527734375 0.2203125 0.485546875 0.212109375 0.48125 0.19765625 0.485546875 0.1921875 0.503515625 0.19375 0.538671875 0.20078125 0.541796875 0.204296875 0.53515625 0.219921875 0.534375
1 0.22578125 0.541796875 0.219140625 0.5359375 0.204296875 0.5359375 0.19921875 0.551171875 0.2015625 0.587890625 0.215234375 0.5953125 0.219921875 0.6015625 0.2296875 0.601953125 0.23125 0.576953125 0.22578125 0.541796875
1 0.21953125 0.602734375 0.209765625 0.59296875 0.196484375 0.59140625 0.19375 0.613671875 0.19765625 0.637109375 0.201953125 0.64140625 0.211328125 0.64375 0.225 0.655078125 0.22578125 0.631640625 0.21953125 0.602734375
1 0.21953125 0.651171875 0.208984375 0.64296875 0.198828125 0.64140625 0.196875 0.662109375 0.20234375 0.685546875 0.227734375 0.703125 0.23203125 0.702734375 0.228125 0.675390625 0.21953125 0.651171875
1 0.24921875 0.798828125 0.242578125 0.7921875 0.223828125 0.7828125 0.22421875 0.794921875 0.234375 0.811328125 0.247265625 0.821875 0.26328125 0.828515625 0.26328125 0.821484375 0.24921875 0.798828125
1 0.22734375 0.704296875 0.219921875 0.696875 0.204296875 0.6890625 0.20234375 0.706640625 0.20625 0.722265625 0.2359375 0.744140625 0.2359375 0.726171875 0.22734375 0.704296875
1 0.255078125 0.84296875 0.2453125 0.841796875 0.246875 0.850390625 0.254296875 0.859375 0.277734375 0.8734375 0.28671875 0.874609375 0.273046875 0.8546875 0.255078125 0.84296875
2 0.71015625 0.708984375 0.709375 0.700390625 0.706640625 0.6984375 0.690625 0.717578125 0.6859375 0.737890625 0.6859375 0.745703125 0.690625 0.746484375 0.7078125 0.719140625 0.71015625 0.708984375
1 0.1921875 0.768359375 0.176953125 0.75546875 0.173046875 0.75625 0.178125 0.773046875 0.1875 0.787109375 0.198046875 0.796875 0.20859375 0.800390625 0.20390625 0.786328125 0.1921875 0.768359375
3 0.768359375 0.640625 0.780859375 0.63828125 0.787890625 0.64375 0.792578125 0.64140625 0.80546875 0.621484375 0.80859375 0.594140625 0.8125 0.584765625 0.8125 0.525390625 0.815625 0.518359375 0.826171875 0.51328125 0.827734375 0.509375 0.8265625 0.522265625 0.8328125 0.525390625 0.83125 0.536328125 0.834375 0.540234375 0.8390625 0.564453125 0.83828125 0.592578125 0.8453125 0.596484375 0.848046875 0.61328125 0.859765625 0.61640625 0.86875 0.610546875 0.87578125 0.592578125 0.87578125 0.569140625 0.88203125 0.561328125 0.8859375 0.533984375 0.882421875 0.53046875 0.878125 0.530859375 0.878125 0.525390625 0.8828125 0.521484375 0.878125 0.516015625 0.878125 0.494921875 0.8734375 0.478515625 0.88046875 0.473046875 0.878515625 0.4703125 0.871484375 0.4734375 0.8703125 0.471484375 0.8703125 0.462890625 0.87421875 0.455078125 0.8703125 0.448828125 0.871875 0.430859375 0.86796875 0.415234375 0.862890625 0.4140625 0.855078125 0.40390625 0.84765625 0.401171875 0.83515625 0.356640625 0.82734375 0.341796875 0.81953125 0.316015625 0.81171875 0.298046875 0.79765625 0.276953125 0.78828125 0.269921875 0.773828125 0.2515625 0.761328125 0.24375 0.74296875 0.221484375 0.7203125 0.200390625 0.71796875 0.189453125 0.698828125 0.16484375 0.664453125 0.14296875 0.644921875 0.13515625 0.620703125 0.1171875 0.608203125 0.11015625 0.596484375 0.10859375 0.575390625 0.0953125 0.535546875 0.09453125 0.540625 0.105078125 0.547265625 0.10703125 0.55546875 0.116015625 0.56484375 0.133984375 0.57734375 0.141796875 0.5796875 0.152734375 0.59453125 0.157421875 0.59609375 0.167578125 0.60859375 0.179296875 0.61328125 0.197265625 0.623828125 0.20234375 0.640625 0.219921875 0.64296875 0.258203125 0.6546875 0.276171875 0.671875 0.294140625 0.67421875 0.310546875 0.69375 0.326171875 0.70078125 0.348828125 0.7078125 0.360546875 0.7140625 0.394140625 0.7296875 0.416015625 0.73125 0.428515625 0.72890625 0.431640625 0.73125 0.435546875 0.725 0.440234375 0.7296875 0.443359375 0.734375 0.454296875 0.73828125 0.482421875 0.753125 0.506640625 0.75390625 0.530078125 0.76171875 0.552734375 0.7609375 0.567578125 0.75390625 0.583203125 0.759375 0.612890625 0.753125 0.635546875 0.753125 0.648046875 0.7578125 0.650390625 0.761328125 0.64296875 0.768359375 0.640625