1 0.42418097913322633 0.19590651605136436 0.39762073595505615 0.1806095778491172 0.3259756195826645 0.20178126243980737 0.2679488330658106 0.2344459959871589 0.2515976276083467 0.2352142584269663 0.2430232407704655 0.25058629695024076 0.19862315650080256 0.28150778731942216 0.18732635955056182 0.29259577207062604 0.1519682664526485 0.33821916452648476 0.14260049919743176 0.3769488723916533 0.14296160513643658 0.42152427688603533 0.15512060353130017 0.43214047110754417 0.1619329077046549 0.43292338603531305 0.17906493499197432 0.4286518916532906 0.22872196067415732 0.3955925609951846 0.2334903643659711 0.3964715088282504 0.23504363483146068 0.4027013370786517 0.24039451524879615 0.40591647030497596 0.2544220947030498 0.3858762471910112 0.3274388820224719 0.35030122471910113 0.33523035393258427 0.3417414903691814 0.41895099518459067 0.3092876621187801 0.43171130898876403 0.29245838523274476 0.44214799678972716 0.25635714847512037 0.42418097913322633 0.19590651605136436
1 0.9134684638844303 0.30054918619582666 0.8903300722311397 0.2608256597110754 0.8802149743178169 0.25011343258426966 0.8583250096308187 0.23696061476725522 0.8336103218298555 0.2274070609951846 0.8440093314606743 0.2508691356340289 0.8817305674157304 0.31590657223113966 0.8973927977528089 0.327303588282504 0.9203558691813803 0.33646673113964687 0.9232766243980738 0.3349113667736757 0.9134684638844303 0.30054918619582666
1 0.6562847584269663 0.8398629205457463 0.644603830658106 0.8427753025682183 0.6253276829855537 0.8517170746388444 0.5828859325842697 0.8639532672552168 0.5161136260032103 0.8748115088282504 0.4715361284109149 0.8784816878009631 0.45119106099518463 0.8847949887640448 0.4611099069020867 0.8980375601926164 0.48280571268057787 0.9104116500802568 0.5289364807383627 0.9129712993579455 0.5571627728731943 0.9100693828250401 0.6048593715890851 0.8990044229534511 0.6525622487961477 0.8780122447833066 0.6590906412520064 0.8660453113964688 0.6595917375601926 0.8431740866773676 0.6562847584269663 0.8398629205457463
1 0.9104051147672553 0.6813827584269663 0.9067056316211877 0.6831322808988763 0.8223627423756019 0.7761223089887641 0.8020009293739967 0.8089081934189406 0.8002430337078651 0.8184450016051364 0.8044268683788122 0.8202968362760835 0.8231205385232745 0.809018878812199 0.8706439101123595 0.7640844614767255 0.8960685048154093 0.7283820088282504 0.9111817504012841 0.684497672552167 0.9104051147672553 0.6813827584269663
1 0.23861410433386837 0.1433305738362761 0.2218703948635634 0.14915952487961476 0.20005971669341893 0.16452319020866774 0.15350713964686996 0.21335125040128414 0.12652090128410914 0.2560601669341894 0.12047476565008026 0.2749375304975923 0.12124930818619582 0.2813615176565008 0.13166715650080257 0.2750419357945425 0.18699455858747993 0.20169334751203852 0.21251309390048154 0.17134386837881221 0.23646789165329055 0.15130992455858747 0.23919658105939007 0.1456667592295345 0.23861410433386837 0.1433305738362761
2 0.06931629052969503 0.527562716693419 0.06629950240770464 0.5270741797752809 0.058411998394863565 0.5335900136436598 0.05665410272873195 0.5431268210272874 0.06141622712680578 0.5539329871589085 0.06833084349919744 0.5468325842696629 0.06999479935794543 0.5319428033707866 0.06931629052969503 0.527562716693419
2 0.06399052889245585 0.48463870947030496 0.05200684991974318 0.5045828996789727 0.05219472953451043 0.5152888467094703 0.055793993579454255 0.5181135690208668 0.06212404093097913 0.5119860537720706 0.06535173354735152 0.4867807359550562 0.06399052889245585 0.48463870947030496
2 0.08020199919743179 0.39705582343499196 0.07591794542536116 0.39977823354735154 0.0637422014446228 0.41563462279293734 0.05905936436597111 0.43334493980738364 0.06285069422150882 0.44025746388443016 0.06820576083467095 0.4368544510433387 0.08175736276083467 0.3999765786516854 0.08020199919743179 0.39705582343499196
1 0.07148369101123596 0.3322313844301766 0.06456698073836276 0.34264086035313 0.048775226324237565 0.3821451099518459 0.043113222311396464 0.40919807624398075 0.04671039325842696 0.4153318715890851 0.0664939165329053 0.3735916556982343 0.07479067014446228 0.33554255056179777 0.07148369101123596 0.3322313844301766
1 0.037566089887640444 0.40851328731942216 0.028498979935794543 0.4335202592295345 0.026628305778491172 0.4674857495987159 0.03042591573033708 0.4644710545746389 0.0368603683788122 0.44715114847512044 0.04067681701444623 0.414354797752809 0.037566089887640444 0.40851328731942216
1 0.4137097800963082 0.9019979309791332 0.39502866853932583 0.8934214510433388 0.3455909205457464 0.8875506356340288 0.2819523667736758 0.8678505858747995 0.26988521428571427 0.8658964382022472 0.25927530016051364 0.8681282182985554 0.2651063443017656 0.8815628547351524 0.2941927455858748 0.9036741910112359 0.3519939751203852 0.9198668218298556 0.38041023996789725 0.9243617800963082 0.4164196308186196 0.9261364213483146 0.44464592295345107 0.9232345048154093 0.4137097800963082 0.9019979309791332
1 0.3231247584269663 0.8621344133226325 0.3227406276083467 0.8539588105939006 0.2875267110754414 0.8255174277688603 0.2653507407704655 0.802923834670947 0.23869237158908505 0.7888920690208667 0.22138083788121993 0.7692213242375602 0.20309013723916533 0.7588932287319422 0.18694983627608347 0.7339676372391654 0.1800414991974318 0.7311408210272873 0.16719352487961475 0.7326899052969502 0.1558967287319422 0.7437778908507223 0.1513120176565008 0.7602230353130016 0.15285691573033708 0.7796891548956661 0.15829964205457464 0.7915663346709471 0.17036051444622793 0.8034477014446227 0.22211770224719105 0.8352086227929374 0.2484796003210273 0.856344978330658 0.31951502808988763 0.8758550553772071 0.3296384983948636 0.8733309903691814 0.3231247584269663 0.8621344133226325