1 0.52265625 0.801953125 0.5234375 0.761328125 0.53671875 0.752734375 0.51796875 0.742578125 0.5171875 0.733203125 0.4984375 0.697265625 0.478515625 0.6890625 0.391015625 0.684375 0.38046875 0.704296875 0.3734375 0.741796875 0.38046875 0.749609375 0.38359375 0.769921875 0.39921875 0.794921875 0.409765625 0.80390625 0.437890625 0.809375 0.51484375 0.811328125 0.52109375 0.807421875 0.52265625 0.801953125
1 0.22578125 0.506640625 0.212890625 0.4921875 0.182421875 0.4953125 0.175 0.509765625 0.17265625 0.555859375 0.18359375 0.614453125 0.196484375 0.62578125 0.226953125 0.63515625 0.234375 0.634765625 0.23671875 0.623046875 0.22578125 0.506640625
1 0.40859375 0.916015625 0.387890625 0.8984375 0.341015625 0.88125 0.31171875 0.875390625 0.3203125 0.890234375 0.344140625 0.9109375 0.376171875 0.92265625 0.4125 0.927734375 0.41484375 0.925390625 0.40859375 0.916015625
1 0.85859375 0.644921875 0.86875 0.598046875 0.864453125 0.565625 0.846484375 0.5703125 0.8328125 0.596484375 0.82578125 0.637890625 0.82421875 0.671484375 0.828125 0.671484375 0.851171875 0.6578125 0.85859375 0.644921875
1 0.796875 0.342578125 0.776953125 0.32109375 0.758203125 0.3140625 0.753515625 0.315625 0.74765625 0.323828125 0.746875 0.334765625 0.76640625 0.380859375 0.773046875 0.3875 0.802734375 0.39453125 0.8125 0.405078125 0.8109375 0.378515625 0.796875 0.342578125
1 0.90078125 0.403515625 0.88671875 0.377734375 0.874609375 0.3671875 0.855078125 0.3671875 0.853125 0.373046875 0.85859375 0.394140625 0.868359375 0.40546875 0.884765625 0.41328125 0.894140625 0.42421875 0.89921875 0.424609375 0.90234375 0.418359375 0.90078125 0.403515625
1 0.755859375 0.2265625 0.733984375 0.21328125 0.723046875 0.209375 0.7171875 0.210546875 0.721875 0.223828125 0.737890625 0.24140625 0.771875 0.256640625 0.76796875 0.243359375 0.755859375 0.2265625
1 0.196875 0.309765625 0.195703125 0.29765625 0.188671875 0.2984375 0.1734375 0.309765625 0.15703125 0.348828125 0.1546875 0.362890625 0.159375 0.363671875 0.18203125 0.349609375 0.196875 0.309765625
1 0.09765625 0.467578125 0.103125 0.428515625 0.102734375 0.409375 0.09375 0.416015625 0.0875 0.435546875 0.08359375 0.475390625 0.08828125 0.477734375 0.0953125 0.474609375 0.09765625 0.467578125
1 0.811328125 0.83671875 0.82421875 0.820703125 0.82734375 0.812109375 0.822265625 0.81171875 0.784765625 0.84140625 0.77578125 0.851953125 0.7734375 0.861328125 0.781640625 0.85859375 0.811328125 0.83671875
1 0.884375 0.761328125 0.883203125 0.75703125 0.85546875 0.784765625 0.84453125 0.803515625 0.8453125 0.808203125 0.8484375 0.808203125 0.87578125 0.780859375 0.884375 0.761328125