1 0.4983687630208333 0.4782514635416667 0.46301770920138885 0.48272191493055555 0.44722742881944444 0.48815050694444445 0.4388779930555555 0.5032851623263889 0.43118000868055556 0.5346117126736112 0.42182601215277776 0.5415497543402777 0.4289147899305556 0.5517586189236111 0.4334347907986111 0.5923896163194444 0.4398689878472222 0.6088840277777777 0.44238299826388894 0.6106443567708334 0.45943080555555554 0.6023496883680556 0.5252545850694444 0.5982354774305556 0.529479375 0.5922018524305556 0.5268673090277778 0.57238915625 0.5307410755208334 0.5593658524305556 0.5289838776041667 0.5394024192708333 0.5319015902777777 0.5309549270833334 0.52396003125 0.5059118376736111 0.5057600572916666 0.4826775824652778 0.4983687630208333 0.4782514635416667
1 0.3915228046875 0.40718372395833335 0.36849092274305556 0.4165335460069445 0.3613990138888889 0.42880212500000003 0.3584296640625 0.44695463628472226 0.3666210590277778 0.4834124809027778 0.37215083854166664 0.4947776848958333 0.3816545277777778 0.49618699218749995 0.40166855381944444 0.4922172560763889 0.4331985208333333 0.48357260850694445 0.44059190277777777 0.473013765625 0.4383824956597222 0.4504857291666667 0.4320990347222222 0.4348461848958334 0.43546895659722223 0.428963296875 0.4270214644097222 0.4260455833333333 0.411184765625 0.4037167899305556 0.3915228046875 0.40718372395833335
1 0.6413857022569445 0.43452333767361107 0.6658753967013888 0.42844225 0.6962479800347222 0.4257310842013889 0.7067572734375 0.42784452256944444 0.7095738003472223 0.4238221059027778 0.7020348993055555 0.39606367621527777 0.6839361128472222 0.3684043454861111 0.6763940815972221 0.36312335850694444 0.6318914045138889 0.3656817013888889 0.6181112890625 0.38001103819444443 0.6220304322916667 0.4022376015625 0.6413857022569445 0.43452333767361107
1 0.7345527317708334 0.5154953376736111 0.7340488854166667 0.5226357534722221 0.7270075703125001 0.5326917942708334 0.733542953125 0.5447611302083334 0.736807513888889 0.5732732421875 0.7354446267361111 0.6105343177083333 0.7382590659722221 0.6214968628472222 0.7419800104166667 0.6226036536458334 0.7535465442708333 0.6157162048611111 0.7877412578125 0.6096867543402777 0.7944305078125 0.600133515625 0.7870981545138889 0.5335550104166668 0.7902677899305556 0.5215373107638889 0.7740779817708333 0.5072037994791666 0.7402859270833333 0.5105179105902777 0.7345527317708334 0.5154953376736111
1 0.749106859375 0.7205097534722222 0.7301469435763889 0.7379560451388889 0.7269204539930556 0.7971411684027778 0.7332060017361112 0.7977957508680555 0.7652893637152778 0.7872906310763889 0.7955132977430556 0.7687396354166667 0.8015500529513889 0.7504869817708334 0.8026610173611111 0.7167961137152778 0.8064335980902778 0.7081978854166667 0.7961762274305556 0.7025142395833334 0.7843588142361111 0.7054794149305555 0.749106859375 0.7205097534722222
1 0.76573009375 0.8722725260416666 0.7764407170138888 0.8730282942708334 0.8218013932291667 0.8478417725694444 0.8327154322916667 0.8322549088541666 0.8366924730902778 0.7998215677083333 0.8148179748263888 0.8032379088541667 0.7766483072916667 0.8267157387152778 0.7658850043402778 0.8431574696180556 0.7644251041666666 0.854873697048611 0.76573009375 0.8722725260416666
1 0.30404723090277774 0.6209335381944444 0.2890622690972222 0.6209314505208333 0.27116168142361113 0.6143918932291667 0.23973185677083336 0.6261039461805555 0.22821382899305556 0.6457638203125 0.21765289930555556 0.6533554001736112 0.21659565798611113 0.6623562873263888 0.2272030078125 0.68252209375 0.2490754184027778 0.6940907144097221 0.2547074279513889 0.6935383628472223 0.2611447552083333 0.6875553315972223 0.2965969956597222 0.6786598046875 0.30846395833333334 0.6809745729166666 0.3160070329861111 0.678763078125 0.32928538975694444 0.6565891953125 0.32471166493055553 0.6406481788194445 0.3174721501736111 0.6295844461805555 0.30404723090277774 0.6209335381944444
1 0.26716535243055556 0.42426334114583336 0.25856295052083333 0.4504606848958333 0.2571525998263889 0.46745685503472223 0.25926290798611107 0.47942500434027774 0.26982279427083333 0.4793259053819445 0.2952179505208333 0.4708815442708334 0.3025101449652778 0.4647477760416667 0.31000575694444443 0.4422713767361111 0.3113665572916667 0.41999526302083334 0.30915506336805554 0.4124521883680556 0.2991496154513889 0.40319833506944447 0.28144931336805556 0.4027935894097222 0.26716535243055556 0.42426334114583336
1 0.4148613767361111 0.3620812317708333 0.4138020486111111 0.38606708159722225 0.4171698836805555 0.3951691545138889 0.44538052256944444 0.39019485850694446 0.4772119618055556 0.3832599461805556 0.4805312907986111 0.3795895954861111 0.4765130477430556 0.34680314496527775 0.4791788376736111 0.3419258611111111 0.46067634895833337 0.3244743515625 0.4242185043402778 0.33266574652777775 0.4106882239583334 0.3584098376736111 0.4148613767361111 0.3620812317708333
1 0.3403866883680556 0.3796203628472222 0.3795103229166667 0.3665516831597222 0.38198000086805556 0.3255696631944444 0.3760486059027778 0.3094273177083333 0.3588005130208333 0.3115871753472222 0.34582571614583335 0.3204858324652778 0.3359657864583333 0.3495492517361111 0.33601324913194447 0.36981415711805554 0.3403866883680556 0.3796203628472222
1 0.38228147309027777 0.32727939930555555 0.3894218888888889 0.32778324479166665 0.4003348845486111 0.3196888619791667 0.39606471961805556 0.2904726189236111 0.38610882118055556 0.28649870920138887 0.3605123359375 0.2963007404513889 0.35679034895833334 0.30268643055555555 0.35729210677083334 0.3105309774305556 0.3760486059027778 0.3094273177083333 0.38228147309027777 0.32727939930555555
1 0.4279467526041667 0.28132517013888886 0.4307653654513889 0.26231779166666663 0.4250342569444444 0.25231025607638885 0.39938822222222226 0.25683234461805554 0.39139189496527776 0.2639717161458333 0.3834440746527778 0.2838835121527778 0.4004897951388889 0.29057380555555556 0.4279467526041667 0.28132517013888886
1 0.3191761631944445 0.30931882638888886 0.3452754513888889 0.2998688611111111 0.3534731067708333 0.2913718194444444 0.360666203125 0.2746781649305555 0.3584051588541667 0.26185514756944445 0.34578347048611113 0.26275852170138886 0.3284837404513889 0.2746233975694444 0.3181726467013889 0.2936297326388889 0.3191761631944445 0.30931882638888886
1 0.5455179427083334 0.24825394270833334 0.5478327100694445 0.23638697916666665 0.536721515625 0.22336158854166666 0.529631693576389 0.22064520572916668 0.5071036571180555 0.22285461284722224 0.49815127604166665 0.23456979600694444 0.49996011111111105 0.24482821006944444 0.50725021875 0.2536794045138889 0.5455179427083334 0.24825394270833334
1 0.5298361536458334 0.19681009288194443 0.5073081171875 0.19901950000000002 0.4993117899305555 0.2061588715277778 0.5068021840277778 0.22114487760416668 0.5416504366319445 0.21632236024305557 0.53923865625 0.2026444748263889 0.5298361536458334 0.19681009288194443
1 0.6348247699652778 0.24484699392361112 0.6218025095486112 0.2334807456597222 0.5935423211805556 0.23317509895833333 0.5874064670138889 0.24086786545138889 0.59167871875 0.2550991467013889 0.6010812213541666 0.2609335286458333 0.6385436267361111 0.26093874652777777 0.6348247699652778 0.24484699392361112
2 0.6333705928819444 0.5765273680555556 0.6439737682291667 0.6266630980902778 0.6495551840277778 0.6283232838541667 0.6567967855902778 0.6244020538194444 0.6539823463541666 0.6134395086805555 0.6613788585069444 0.5804032222222222 0.6560514522569444 0.5601878663194444 0.6498175416666666 0.549828265625 0.6435825876736111 0.5469611458333333 0.6371452604166667 0.552944177951389 0.6333705928819444 0.5765273680555556
1 0.16210527256944443 0.5282885989583334 0.1648185251736111 0.5436762196180556 0.1786471467013889 0.5421193072916667 0.18910793402777779 0.5314603211805555 0.19147433854166668 0.5098883394097222 0.19041918489583332 0.5039042647569444 0.1828265607638889 0.5008358151041666 0.182124515625 0.48685645746527784 0.17890637413194443 0.4861017326388889 0.16749057638888887 0.4938440494791667 0.16210527256944443 0.5282885989583334
1 0.14582262499999998 0.45844031510416666 0.15306527083333332 0.4470266041666667 0.15201324739583333 0.4185650859375 0.1376807795138889 0.4272624140625 0.12244076475694445 0.4533079774305555 0.12440033593750001 0.4644212595486111 0.1301324878472222 0.4669363133680555 0.14582262499999998 0.45844031510416666
3 0.12445614670138888 0.42474631684027775 0.12380573871527778 0.4010619401041666 0.12290132118055556 0.3959327326388889 0.11737049913194444 0.3920600086805555 0.1118386328125 0.39567976649305553 0.09589448524305555 0.4227309340277778 0.08648467795138888 0.46934391927083335 0.0856772734375 0.48975956076388893 0.0969371171875 0.5186247821180555 0.09698457986111111 0.5388896875 0.1054320720486111 0.5418074001736111 0.11222146527777777 0.5353215668402778 0.11363390190972221 0.5033404340277777 0.11780809809027779 0.4995193472222222 0.12424438194444444 0.501028796875 0.1292238967013889 0.4917770303819445 0.12907524739583331 0.4759372005208334 0.12068147916666666 0.44832950694444446 0.12445614670138888 0.42474631684027775
3 0.15553858420138889 0.7409936935763889 0.1784609314236111 0.7960087951388889 0.19922550868055555 0.8187908411458333 0.20576193489583333 0.8233676970486111 0.21038834027777778 0.8221112135416667 0.2097358454861111 0.8134117986111111 0.20314882552083333 0.8110474809027778 0.1858058064236111 0.7726775277777778 0.17615242447916668 0.7629208723958334 0.1640377126736111 0.7342063880208333 0.15765202256944444 0.7304844010416667 0.15418195746527777 0.7332998836805555 0.15553858420138889 0.7409936935763889
3 0.21849941840277778 0.7131445121527777 0.20351654340277778 0.6981574635416666 0.1658632439236111 0.6245851050347222 0.15676534461805558 0.597983015625 0.14907257725694445 0.5918471614583334 0.1411753498263889 0.6095464192708334 0.1480596684027778 0.643590396701389 0.14127027517361113 0.6500762300347223 0.14604428645833334 0.6721520581597222 0.16228051388888887 0.7142429548611111 0.17821735677083334 0.7396391545138888 0.17655717100694443 0.7452205703125 0.18143445486111112 0.7478863602430555 0.18424889409722223 0.75884890625 0.19787514322916666 0.7661421449652778 0.19465595746527778 0.7728799010416667 0.19626450694444444 0.7770035034722222 0.2017457795138889 0.7755962838541666 0.21044415104166667 0.7824362708333333 0.20425770312500002 0.7923415755208334 0.2138615355902778 0.7968182873263889 0.2261290703125 0.811402677951389 0.22713363107638887 0.8195992899305556 0.2238659392361111 0.8135646223958334 0.2195915998263889 0.814318302951389 0.22195383072916666 0.8227162456597222 0.2283395208333333 0.8264382326388888 0.23251371701388887 0.8226171458333333 0.2327140034722222 0.8287519574652777 0.23829541927083334 0.8304121432291667 0.23919983680555557 0.8355413498263888 0.23593110156249997 0.8369991631944445 0.23929893663194443 0.8461012369791666 0.25674522829861113 0.8650611527777777 0.26318151215277774 0.8665706024305556 0.2622254574652778 0.8711464140624999 0.26564492881944446 0.87054346875 0.27142871788194445 0.8633535034722223 0.26992135503472225 0.8548048255208333 0.24916095225694443 0.8020528550347222 0.2587668715277778 0.7915446050347222 0.25756098177083336 0.7847056623263888 0.24710436805555558 0.7653947248263889 0.2435362482638889 0.7501578394097222 0.21849941840277778 0.7131445121527777
3 0.18157320746527777 0.4737319670138889 0.18378261458333334 0.4962600034722222 0.192632765625 0.49646237673611116 0.1954513793402778 0.4774549982638889 0.1920360815972222 0.44808801909722223 0.1982804279513889 0.3835228090277778 0.19325345052083331 0.3725096701388889 0.18153409288194444 0.39352721354166664 0.17071602256944446 0.44215140711805556 0.17287588020833333 0.45939949999999996 0.18157320746527777 0.4737319670138889
3 0.32024175260416665 0.24037809114583336 0.34015772222222224 0.21835598697916667 0.3438807534722222 0.20447781510416668 0.3520278159722222 0.19819331163194442 0.36289230642361114 0.17732650434027777 0.3854740659722222 0.15042711631944444 0.3866314505208333 0.1444936345486111 0.39558278732638885 0.14027093229166668 0.40015964322916664 0.1337345060763889 0.4000099496527778 0.12538715711805556 0.38366627430555555 0.13267622135416668 0.38190490190972226 0.1426827126736111 0.35208362673611115 0.1585183689236111 0.34338212586805555 0.17415582552083334 0.3308605807291667 0.17812660503472222 0.31863842100694445 0.19879208246527777 0.3065195347222222 0.20004752256944444 0.29957940538194444 0.20567848784722223 0.2917833645833333 0.21895267100694443 0.27895513020833335 0.25867612065972223 0.269099375 0.2577696154513889 0.2571807743055555 0.26515986631944444 0.22886581857638888 0.2970366822916667 0.21513212239583332 0.33912340538194446 0.20778307291666664 0.3924245972222222 0.2129101935763889 0.40650514149305556 0.20818155815972222 0.4196791814236111 0.2118013159722222 0.4252110477430555 0.20938327430555556 0.45648804861111114 0.21506378993055555 0.4687081206597223 0.20676494704861112 0.4816302378472222 0.20786756336805556 0.5078792178819445 0.21248875086805555 0.5440851397569444 0.2230486380208333 0.5439860407986111 0.22672003211805553 0.5398128880208334 0.23049678645833335 0.5012447352430556 0.24508952517361113 0.4290373515625 0.27119611718750003 0.36714001909722227 0.27557581684027777 0.3319913376736111 0.2924749748263889 0.3078568394097222 0.2990661684027778 0.2802512326388889 0.32024175260416665 0.24037809114583336
3 0.7347947578125 0.22193090711805555 0.7318295824652777 0.21011349392361112 0.7127747404513889 0.1870299748263889 0.6967852178819444 0.1788312751736111 0.6990968550347222 0.1894417552083333 0.7251888385416667 0.23243915711805554 0.7306195182291666 0.23324447482638888 0.7347947578125 0.22193090711805555
3 0.5518212291666666 0.12153634722222223 0.5408607708333333 0.10936582378472222 0.5176286024305555 0.11258083506944444 0.512299109375 0.10735044184027778 0.49857063107638894 0.11197475954861111 0.5026931901041667 0.11785869184027778 0.5868645494791667 0.16031104600694446 0.6384022821180556 0.1926515486111111 0.6756591840277778 0.22398436024305557 0.7028631753472223 0.22579841319444446 0.7049260199652778 0.21750165798611112 0.6836101345486111 0.18159512152777776 0.6531911319444444 0.15654890104166666 0.6198533732638889 0.1474426527777778 0.6052225642361111 0.13195280208333332 0.5876740416666667 0.12491044270833333 0.5675103229166667 0.12053282986111112 0.5518212291666666 0.12153634722222223
3 0.8570799739583334 0.280580375 0.8407394288194445 0.2653919965277778 0.8286205425347223 0.26664743663194446 0.8050889887152778 0.25316775 0.7996066727430555 0.26206745052083336 0.7946282022569444 0.2638267361111111 0.7762258559027777 0.24944263194444444 0.7638054965277778 0.2489883359375 0.7481680399305556 0.24028683420138888 0.7393178888888889 0.24008446180555554 0.7367522421874999 0.24802915104166667 0.7410244939236111 0.2622604322916666 0.7575663689236111 0.27609114062499995 0.7701849262152778 0.29766521006944446 0.7828551206597223 0.30953426041666665 0.7869766362847223 0.3229106727430555 0.8034668741319444 0.3464464001736111 0.8166367404513889 0.3811449600694445 0.8277974852430555 0.39945029340277777 0.8520827196180556 0.4172043194444444 0.8664605624999999 0.443756859375 0.8726955164930555 0.44662397916666663 0.8773725147569444 0.4431549574652778 0.8867254678819445 0.4437093967013889 0.9038249123263888 0.42570970920138884 0.9036762630208334 0.40986987934027774 0.9097119739583334 0.3991097065972222 0.9095116883680555 0.3929748949652778 0.902272173611111 0.38191116319444446 0.8972999635416667 0.3387155625 0.8616041484375 0.2912414479166667 0.8570799739583334 0.280580375
3 0.9923530138888889 0.5978479652777778 0.9870235208333332 0.5926175720486111 0.986222376736111 0.5680783272569445 0.9834068940972222 0.5646082630208333 0.9730978862847223 0.5686296354166667 0.9701843480902776 0.547107203125 0.9561069340277777 0.5297568802083333 0.9313084618055556 0.5865755998263888 0.9273830581597223 0.609303921875 0.9330614861111111 0.6365089565972223 0.9418104505208333 0.6411364053819445 0.9339142673611112 0.6513431822916667 0.9280767543402777 0.6832231284722222 0.9325925815972221 0.7538240494791667 0.9278597725694444 0.7969680138888889 0.9286630034722223 0.8065222960069445 0.933942947048611 0.8064727465277778 0.95436171875 0.7848027083333333 0.9591904973958333 0.7746960746527778 0.961658087673611 0.7486990164930556 0.9804693550347222 0.7154128949652778 0.9957620503472222 0.6721698307291667 0.9939036649305556 0.6566314739583333 0.9972756736111111 0.6357636232638888 0.9923530138888889 0.5978479652777778
3 0.9088779765625 0.2494108220486111 0.8954530572916668 0.24075991319444442 0.8601040902777778 0.23024540277777777 0.8559794435763889 0.23934643229166663 0.8568817743055556 0.2594606015625 0.8890548446180555 0.32694769878472224 0.9286718897569445 0.3816634140625 0.9466694904513889 0.4137478203125 0.9595431015625001 0.4092742387152778 0.974927592013889 0.42903842881944443 0.9795034036458333 0.4299944835069444 0.9867955989583334 0.4238607152777778 0.9947402881944445 0.42642636284722224 0.9854384027777778 0.3736727439236111 0.9524678888888888 0.30166312065972223 0.9088779765625 0.2494108220486111
3 0.61729503125 0.10293997569444444 0.5743018029513889 0.09906203385416666 0.554137040798611 0.10217690277777777 0.5567006006944444 0.10921717447916666 0.5811386588541666 0.11284110590277778 0.6221185911458333 0.13029574652777776 0.6620433697916667 0.14176631163194445 0.6893454175347222 0.16163273177083334 0.7027713802083333 0.16279115972222222 0.7194639904513889 0.17747673611111112 0.7379675234375 0.18743576475694446 0.7498344869791667 0.18975053211805556 0.7927244409722223 0.21303851128472223 0.8092157222222222 0.22908175781249998 0.8143428428819445 0.24316230208333334 0.8198736649305556 0.24703502604166663 0.8443612725694445 0.2559389001736111 0.8544183576388888 0.25548773524305557 0.8554260486111112 0.2412069045138889 0.8400921510416667 0.2192301762152778 0.7981582517361111 0.19136638628472225 0.7812158046875 0.1652660546875 0.7414944427083333 0.1374528576388889 0.6963392699652777 0.13131178559027779 0.6560634696180556 0.11285154166666667 0.61729503125 0.10293997569444444
1 0.8639121163194444 0.6892484045138889 0.8681864557291666 0.6884947230902778 0.8943869296874999 0.6746196822916667 0.9065584965277778 0.6561667430555556 0.9153116345486111 0.6308242673611111 0.9163203697916666 0.6090509557291667 0.8851424678819444 0.6171928012152779 0.8746310876736111 0.6300643246527778 0.86366228125 0.6778336501736111 0.8639121163194444 0.6892484045138889
1 0.8209069053819444 0.41036120225694445 0.8179891927083333 0.41880869444444446 0.8195461050347222 0.4326373159722222 0.8269838185763888 0.4648208220486111 0.8370377725694444 0.48684709982638885 0.8417643211805556 0.4886580217013889 0.8450836493055556 0.4849876710069444 0.8673102126736111 0.48106852777777775 0.8675631796875 0.47000583940972224 0.8612322560763889 0.43410138975694446 0.8535405329861111 0.42047305468749996 0.8385070642361111 0.4076985434027778 0.8302103090277778 0.40563569791666665 0.8209069053819444 0.41036120225694445