1 0.55462393273906 0.24691227957860615 0.5585126053484604 0.25395241977309563 0.5679748095623987 0.26010605834683953 0.5730371896272285 0.27526620907617505 0.5963614230145867 0.2785669740680713 0.6413250299837925 0.2930951458670989 0.6607300137763371 0.30509033387358186 0.6661599424635333 0.3029305931928687 0.6688557179902755 0.2902479659643436 0.6663895826580227 0.2706688022690437 0.6575821329011345 0.2497417504051864 0.6428641790923825 0.231286528363047 0.5830084392220422 0.2127644594813614 0.5575187706645056 0.217702425445705 0.55462393273906 0.24691227957860615
1 0.7777897901134522 0.3643539521880065 0.8111947123176662 0.38843816531604536 0.8135037504051863 0.38147267423014586 0.8084221815235009 0.3547097666126418 0.7933978322528362 0.3221053095623987 0.7663093411669368 0.30143488735818474 0.749588744732577 0.3040943922204214 0.7537091636952998 0.33148147811993517 0.7670294635332253 0.36040982009724476 0.7777897901134522 0.3643539521880065
1 0.80613506726094 0.5973816191247974 0.7900578379254457 0.6126050307941653 0.7772145259319286 0.6496419959481362 0.7698700980551054 0.6919901693679092 0.7718862358184765 0.6961468589951377 0.7771227957860616 0.6968456855753646 0.7912279586709887 0.6870024376012965 0.8083793646677472 0.6881626507293355 0.8196508427876824 0.6760601304700162 0.8285002568881685 0.6539152990275526 0.8338228533225283 0.621079095623987 0.8378857058346839 0.6136579116693679 0.8320057787682333 0.6003951782820097 0.80613506726094 0.5973816191247974
1 0.727055471636953 0.8817241150729336 0.7426961977309563 0.8763496458670988 0.7678297050243111 0.8613942520259319 0.7878261831442464 0.8374764173419773 0.7903285899513777 0.8276523573743921 0.7479441458670989 0.8497111531604538 0.7310493695299838 0.866831982171799 0.7238848152350081 0.8810501717990274 0.727055471636953 0.8817241150729336
1 0.1359348557536467 0.7784464278768234 0.10257759238249595 0.6976216717990276 0.08502595380875203 0.676907177471637 0.08262307860615883 0.6784676231766613 0.09293551377633712 0.7195980170178282 0.10361549756888169 0.7434085194489466 0.11782799351701782 0.7642417333873582 0.1314909594813614 0.7779160875202593 0.1359348557536467 0.7784464278768234
1 0.046271444894651535 0.6351163346839547 0.04783758427876823 0.6238505502431119 0.03925977471636953 0.5706617074554295 0.03714979902755267 0.561099971636953 0.030883134521880067 0.5535543735818477 0.02590320340356564 0.5711365883306321 0.03179662560777958 0.6096707382495948 0.03765167017828201 0.6249993752025932 0.046271444894651535 0.6351163346839547
1 0.6417075526742302 0.18216053808752025 0.686309304700162 0.20033994165316046 0.6896982131280389 0.19608941410048622 0.687082780388979 0.1889056709886548 0.674574333063209 0.17174857131280388 0.6497643030794166 0.15984722042139385 0.6410449967585089 0.1579938752025932 0.6322510421393841 0.16233823987034035 0.6340240453808752 0.1734853038897893 0.6417075526742302 0.18216053808752025
1 0.6125645461912479 0.13412791329011345 0.6134069756888169 0.13016459238249595 0.5983022844408428 0.11742650567260939 0.5775245299837926 0.11383853484602918 0.5676009392220421 0.1195997414910859 0.5748287544570502 0.12652116126418153 0.6082642528363047 0.134870811993517 0.6125645461912479 0.13412791329011345
1 0.6830618922204214 0.153254971636953 0.6763395356564019 0.14395555915721234 0.6521536831442464 0.13301535899513775 0.6460746936790924 0.13627985332252837 0.6456879554294976 0.14199698784440845 0.6549567917341977 0.15100919448946515 0.6829623614262561 0.161518585089141 0.6830618922204214 0.153254971636953
1 0.551858574554295 0.08062908833063209 0.5395378030794166 0.07428208103727715 0.5220245421393841 0.07677310048622366 0.5248333444084279 0.0810982755267423 0.5316552325769854 0.08213407455429497 0.5499113914100486 0.08394334846029172 0.551858574554295 0.08062908833063209
1 0.06653890032414911 0.3643699570502431 0.08395832333873582 0.35647389222042136 0.09011196191247973 0.34701168800648297 0.09901114181523502 0.32073504943273906 0.09800591977309563 0.31182237439222044 0.08649700081037276 0.31724661021069694 0.06616355024311182 0.342749773095624 0.06195140113452188 0.36256637763371147 0.06653890032414911 0.3643699570502431