2 0.28473339807383624 0.28288473836276085 0.2555224317817014 0.29150135794542537 0.23864566292134828 0.3033593980738363 0.23767552808988765 0.3081438643659711 0.2675714430176565 0.3144077263242376 0.26768347993579455 0.31119940930979134 0.26016175842696626 0.308126044141252 0.260301804975923 0.30411564686998394 0.2834551621187801 0.29649207704654895 0.28946184670947034 0.28545903130016054 0.28473339807383624 0.28288473836276085
2 0.2764299398073836 0.48616983065810593 0.2765699863563403 0.4821594341894061 0.283928746388443 0.47840112038523275 0.2821616268057785 0.47151342375601923 0.2748308756019262 0.4744696573033708 0.25638305136436595 0.4738254454253612 0.2598154422150883 0.46752084751203854 0.24460394462279295 0.4661865930979134 0.23793522712680576 0.4731812335473515 0.23157461075441413 0.4713530008025682 0.22781120385232745 0.47563839566613164 0.229578323434992 0.48252609309791333 0.24909813081861956 0.49846583065810596 0.26024321348314605 0.5012641974317817 0.26010826163723916 0.49363043980738364 0.2694582150882825 0.4903431886035313 0.276200772070626 0.5042306203852327 0.28588174237560193 0.5029625722311397 0.2764299398073836 0.48616983065810593
2 0.38072313242375605 0.7536161918138041 0.34723186597110756 0.7468252487961476 0.32903612439807384 0.7389623226324238 0.3178350232744783 0.737768113964687 0.3092871492776886 0.7410833739967898 0.3142625858747994 0.7480831083467094 0.36268525842696625 0.7642290987158908 0.38608560433386835 0.7610309703049759 0.38072313242375605 0.7536161918138041
2 0.6778260682182986 0.5704544165329053 0.665850897271268 0.5684301195826645 0.6636127142857143 0.5635336163723916 0.6452769269662921 0.5596810866773675 0.620384459069021 0.5596148796147672 0.6153530032102729 0.5542193041733547 0.6206645513643659 0.5515940866773676 0.6479352479935795 0.5525464004815409 0.6513396300160513 0.5470438820224719 0.606423187800963 0.5454753651685392 0.5981273964686998 0.541571911717496 0.5955149060995184 0.5703907487961477 0.5909723338683789 0.585490209470305 0.5928514911717496 0.5891695890850722 0.6862848210272874 0.5811895489566613 0.6778260682182986 0.5704544165329053
2 0.5916114181380417 0.8316496260032102 0.5633145682182985 0.837085937399679 0.5182300714285714 0.8403298964686998 0.5020484390048154 0.8437801083467095 0.5006912688603531 0.8481495304975923 0.5210182504012841 0.8524731227929374 0.5370878459069021 0.852231227929374 0.5855487150882825 0.8442868298555376 0.5922454422150882 0.836490110754414 0.5916114181380417 0.8316496260032102
2 0.644355143659711 0.77004994141252 0.6187166147672551 0.7683515666131621 0.6072074125200642 0.7759802303370786 0.5732679983948635 0.7820225569823436 0.5694485722311396 0.7879121099518459 0.5946720569823435 0.7899975200642054 0.6245170465489567 0.7862213852327448 0.6399806276083466 0.7803369261637239 0.6466493451043339 0.7733422857142856 0.644355143659711 0.77004994141252
2 0.6312799799357945 0.7535321982343499 0.6161245008025683 0.7505937849117176 0.5656215136436598 0.7480271243980738 0.5478077126805778 0.7522233972712681 0.5370725802568219 0.7606821492776886 0.523381213483146 0.7618101508828251 0.5195337784911717 0.7685017841091493 0.5534961075441412 0.773301532905297 0.5955683515248796 0.7643309815409309 0.6148742736757624 0.763399044141252 0.6319700224719101 0.7567685240770465 0.6312799799357945 0.7535321982343499
2 0.6223934566613162 0.7090537158908506 0.5899792672552167 0.7059141436597111 0.6089821821829855 0.7021609245585875 0.5570150818619583 0.6955278483146068 0.5556630064205457 0.6882531163723917 0.5288302688603531 0.6977558426966292 0.51845416211878 0.7074317191011236 0.5232895529695024 0.7184418499197431 0.5383329951845908 0.7245885802568218 0.551940334670947 0.7258668162118781 0.5629733804173355 0.7318735008025683 0.56825691894061 0.7300503627608347 0.5599611276083467 0.7261469085072231 0.5577509542536115 0.7204483258426967 0.5617613507223114 0.7205883715890851 0.5640275425361155 0.7246827961476725 0.5794911235955056 0.7187983370786517 0.6124604036918139 0.7175404775280899 0.6220013274478331 0.7202828258426967 0.6253496910112359 0.7163844662921348 0.6223934566613162 0.7090537158908506
2 0.6793334550561798 0.6652678314606741 0.6713406717495988 0.6641856597110755 0.6566791701444623 0.670098128410915 0.6141129478330658 0.670217797752809 0.5937808723916532 0.6775383603531301 0.5736728715890851 0.6784422881219904 0.5500204422150883 0.6888591308186196 0.5469750858747993 0.6955787728731943 0.5560729566613162 0.6995102359550561 0.6017354590690208 0.7027109205457464 0.6618175682182985 0.6839295409309791 0.6799674791332263 0.670108316211878 0.6793334550561798 0.6652678314606741
3 0.19596486516853934 0.24926869101123597 0.18642394141252006 0.246526341894061 0.14416835955056181 0.2952418330658106 0.13782556420545747 0.31589983065810595 0.12578418619582662 0.3387680016051365 0.12558812118780097 0.3443825569823435 0.12948648154093098 0.3477309205457464 0.12657098314606743 0.37372847512038526 0.13544987399678973 0.37243241813804173 0.14220261958266453 0.3630315401284109 0.1501673940609952 0.3649157913322632 0.15799721669341893 0.35916628410914925 0.19740096869983947 0.25413718539325847 0.19596486516853934 0.24926869101123597
3 0.22448834510433385 0.16835289566613162 0.20894073595505616 0.17664359309791333 0.17131175361155698 0.2078533852327448 0.1449908154093098 0.2486932239165329 0.1459838651685393 0.25475083226324235 0.16717403772070627 0.24585412038523272 0.18297372953451044 0.23034470947030497 0.19149359470304977 0.22783152889245586 0.23165104012841092 0.17020913723916534 0.22448834510433385 0.16835289566613162
3 0.15786476886035314 0.6619143057784912 0.14706598555377207 0.6262026773675762 0.13748941974317816 0.5784878683788122 0.10480532584269663 0.5600807800963081 0.10084585393258427 0.5699807303370787 0.1016657544141252 0.5924949695024078 0.10577799919743178 0.6127150080256822 0.11791103772070627 0.6332151380417335 0.12067120786516854 0.6461604446227929 0.12766584751203852 0.6528291621187801 0.14167804253611557 0.677008672552167 0.15722565088282506 0.6687179751203852 0.15786476886035314 0.6619143057784912
0 0.4259094606741573 0.8969337672552166 0.41308128571428576 0.8848414654895665 0.4088468154093098 0.8911180537720705 0.4048084101123596 0.8917800866773675 0.4002480168539326 0.8843933178170145 0.3572998539325843 0.8724537881219905 0.3542876011235955 0.8667271958266453 0.34156636918138045 0.8630707311396468 0.3211324454253612 0.85031130176565 0.2940858226324237 0.8429423531300161 0.2713296886035313 0.827692658105939 0.2685084060995184 0.827995665329053 0.2724576902086677 0.8413840248796148 0.25816030818619584 0.8368694622792938 0.2520746910112359 0.838664591492777 0.2717014406099518 0.8630401661316212 0.28265045906902087 0.8714530882825039 0.3094730080256822 0.8852386717495988 0.31331534911717496 0.8901911934189407 0.34348626163723917 0.9000784165329053 0.3494827584269663 0.9123336797752809 0.35675749036918136 0.9109816043338683 0.4086125537720706 0.9208229975922952 0.4272844518459069 0.9150505754414126 0.42914069341894057 0.9078878796147672 0.4259094606741573 0.8969337672552166
0 0.13870400481540932 0.5207101484751204 0.1364098033707865 0.5174178041733547 0.1437711187800963 0.4445966412520064 0.14342737560192617 0.40844705377207063 0.13270243097913323 0.39361749678972713 0.13879314365971107 0.38017821348314607 0.139185272070626 0.36894910272873194 0.1332677102728732 0.36593175601926164 0.12908925762439807 0.3706041853932584 0.12474784510433386 0.36844493659711075 0.1277142672552167 0.3524873780096308 0.12240781380417336 0.34346844060995185 0.12334993900481542 0.33948605377207064 0.11663029695024077 0.3364406974317817 0.10974259951845908 0.3382078178170145 0.11198078250401283 0.34310432102728733 0.10459401284109149 0.34766471348314604 0.09373665569823435 0.38262009309791334 0.0817869382022472 0.44885656581059385 0.07908023113964686 0.5033699494382022 0.08149410192616373 0.5492285168539326 0.086217455858748 0.5634469646869984 0.0989666974317817 0.5663013507223114 0.10400324719101123 0.5600527712680577 0.11205204895666131 0.5595307841091492 0.11821660112359551 0.5669735722311396 0.13016376243980737 0.5697999478330658 0.13403411316211877 0.5739503908507223 0.1397887142857143 0.57013605858748 0.13870400481540932 0.5207101484751204