1 0.448046875 0.175 0.467578125 0.17421875 0.478125 0.169140625 0.48125 0.158984375 0.478515625 0.15390625 0.451953125 0.140625 0.417578125 0.13515625 0.351953125 0.14921875 0.323046875 0.1625 0.31015625 0.177734375 0.310546875 0.184375 0.327734375 0.18203125 0.346484375 0.1875 0.350390625 0.19453125 0.35625 0.195703125 0.396484375 0.184375 0.448046875 0.175
1 0.2515625 0.309765625 0.284375 0.258203125 0.296875 0.247265625 0.31015625 0.220703125 0.308984375 0.2125 0.286328125 0.215625 0.266796875 0.2234375 0.245703125 0.234375 0.22734375 0.251171875 0.19453125 0.309765625 0.18984375 0.325390625 0.18984375 0.330859375 0.19296875 0.332421875 0.211328125 0.321875 0.2515625 0.309765625
1 0.1140625 0.510546875 0.1109375 0.454296875 0.1140625 0.431640625 0.11015625 0.425390625 0.106640625 0.39296875 0.09609375 0.400390625 0.08984375 0.410546875 0.0828125 0.455078125 0.0890625 0.519140625 0.094140625 0.52734375 0.1 0.527734375 0.11015625 0.522265625 0.1140625 0.510546875
1 0.20390625 0.248828125 0.202734375 0.23125 0.196484375 0.23203125 0.15625 0.266796875 0.1421875 0.305859375 0.14375 0.319140625 0.13984375 0.333984375 0.13984375 0.341015625 0.1421875 0.341796875 0.178125 0.310546875 0.20390625 0.248828125
1 0.24765625 0.160546875 0.2484375 0.154296875 0.241796875 0.153125 0.215234375 0.17109375 0.20234375 0.184765625 0.20078125 0.188671875 0.20546875 0.191015625 0.237890625 0.1703125 0.24765625 0.160546875
1 0.18515625 0.214453125 0.184765625 0.2046875 0.173046875 0.21171875 0.159375 0.225390625 0.146875 0.248046875 0.14609375 0.255078125 0.15078125 0.255078125 0.175 0.231640625 0.18515625 0.214453125
1 0.1265625 0.286328125 0.1359375 0.255859375 0.133984375 0.24921875 0.11640625 0.272265625 0.1015625 0.312109375 0.09765625 0.329296875 0.1 0.330078125 0.11640625 0.309765625 0.1265625 0.286328125
1 0.87890625 0.767578125 0.8875 0.750390625 0.887109375 0.7375 0.86875 0.753515625 0.83515625 0.794921875 0.834375 0.800390625 0.840625 0.809765625 0.85703125 0.795703125 0.87890625 0.767578125
1 0.17265625 0.769140625 0.128125 0.709765625 0.08671875 0.641015625 0.078515625 0.63359375 0.0765625 0.641015625 0.08046875 0.659765625 0.10234375 0.705078125 0.15625 0.772265625 0.1703125 0.780078125 0.17578125 0.776953125 0.17265625 0.769140625
3 0.97421875 0.542578125 0.97578125 0.475390625 0.9734375 0.446484375 0.9609375 0.380859375 0.93828125 0.310546875 0.91484375 0.262890625 0.88359375 0.222265625 0.825390625 0.1640625 0.787890625 0.13515625 0.725390625 0.09765625 0.678515625 0.07734375 0.614453125 0.0578125 0.530859375 0.04609375 0.458984375 0.046875 0.455078125 0.05 0.433984375 0.05 0.386328125 0.05859375 0.333984375 0.07421875 0.329296875 0.08046875 0.321484375 0.08359375 0.294140625 0.08984375 0.278515625 0.096875 0.26796875 0.105859375 0.280078125 0.10859375 0.321484375 0.09453125 0.342578125 0.0921875 0.362890625 0.0859375 0.373828125 0.0875 0.380859375 0.0828125 0.435546875 0.08203125 0.456640625 0.0875 0.495703125 0.0875 0.503515625 0.0921875 0.541796875 0.096875 0.573046875 0.1046875 0.637109375 0.128125 0.698046875 0.159375 0.745703125 0.19140625 0.787109375 0.22421875 0.8296875 0.269921875 0.8765625 0.332421875 0.8921875 0.358984375 0.92421875 0.427734375 0.9359375 0.462890625 0.946875 0.513671875 0.95546875 0.596484375 0.96171875 0.598046875 0.96953125 0.577734375 0.97421875 0.542578125
3 0.0390625 0.423828125 0.04375 0.418359375 0.05078125 0.398046875 0.06953125 0.333203125 0.0859375 0.292578125 0.10546875 0.256640625 0.116796875 0.22578125 0.11015625 0.229296875 0.084375 0.263671875 0.06171875 0.310546875 0.03671875 0.387890625 0.03125 0.419140625 0.03125 0.430078125 0.0359375 0.430859375 0.03984375 0.428515625 0.0390625 0.423828125