1 0.20459917966101696 0.5696780059322034 0.2072562 0.6131730610169491 0.2138381525423729 0.6392890372881357 0.22257912288135595 0.6580409262711865 0.2393705838983051 0.6726188830508475 0.2709879838983051 0.6885202559322033 0.3092316347457627 0.6961241745762712 0.33049134830508475 0.7170834559322034 0.3296557466101695 0.7096216033898305 0.33672449491525425 0.706135093220339 0.41713876694915253 0.7185932372881356 0.4557251110169491 0.7193733338983052 0.4691268101694915 0.7165732288135593 0.48341044745762707 0.7014509330508474 0.4997512618644068 0.6527003983050848 0.504458327118644 0.6113643601694915 0.5005252457627118 0.5702258940677966 0.49144158220338985 0.5582978262711864 0.48648144067796606 0.5449455194915254 0.39158290423728814 0.5170254440677966 0.3632070872881356 0.5120220220338982 0.3365992220338983 0.5116329923728814 0.32962620254237285 0.49749549576271185 0.3236863559322034 0.49945999915254236 0.31774752796610173 0.5087391957627119 0.310531620338983 0.5130602881355932 0.3059656016949152 0.5096735830508475 0.22677901694915256 0.500013506779661 0.21858136694915256 0.5050220220338982 0.20979711694915254 0.5279982559322034 0.20459917966101696 0.5696780059322034
1 0.15865229830508473 0.23973772627118642 0.16218820084745764 0.24896651186440677 0.15944462033898305 0.2889277025423729 0.1531147254237288 0.31018537796610174 0.16165914322033897 0.327611813559322 0.17054523559322035 0.33089973389830507 0.18517360338983052 0.3235830025423729 0.19165269576271188 0.3161201313559322 0.2462814593220339 0.24056008474576274 0.25805829237288136 0.20305223050847457 0.2535355542372882 0.15793740169491524 0.24356893389830508 0.15101683220338982 0.2359105288135593 0.15052697966101694 0.20851951101694916 0.16678021440677968 0.17980507627118644 0.1978593872881356 0.16120340254237286 0.22770985508474575 0.15865229830508473 0.23973772627118642
1 0.4899088627118644 0.1277620533898305 0.4979613915254237 0.13821750677966102 0.5420471220338983 0.14685154152542373 0.5823046694915254 0.1625553440677966 0.6029253330508475 0.17737822627118643 0.6191755118644068 0.18282516440677968 0.6572720033898305 0.1912636661016949 0.6688573779661017 0.18900382457627118 0.6740110152542372 0.18173750508474576 0.6747447754237288 0.16293520423728813 0.6652669889830508 0.14104153559322033 0.6434186381355933 0.12342058559322033 0.6041428330508475 0.10702936016949152 0.5479798372881356 0.0936841847457627 0.5197028067796611 0.09300083644067797 0.5060561805084746 0.0996301440677966 0.4904481076271186 0.12226368474576273 0.4899088627118644 0.1277620533898305
1 0.7020441389830508 0.19356475 0.7143683669491525 0.20907607457627117 0.7397505830508475 0.22129642288135593 0.7978327635593221 0.26768018220338985 0.8144266533898306 0.27361799152542376 0.8109370881355932 0.24460516271186442 0.7956162025423729 0.2143666847457627 0.7838322389830509 0.20067168474576272 0.7241313033898304 0.1634683372881356 0.7006641983050848 0.15502779830508476 0.6940863211864406 0.1581705966101695 0.7020441389830508 0.19356475
1 0.8630885906779661 0.3587856652542373 0.892941095762712 0.39201672542372884 0.9040366177966102 0.39741528983050844 0.9072751449152543 0.3863691601694915 0.9045234144067797 0.3678128042372881 0.8885130677966102 0.3219631966101695 0.8590536677966102 0.29138304491525424 0.8472707220338983 0.2850027381355932 0.8450129186440678 0.2880467508474576 0.8630885906779661 0.3587856652542373
1 0.8309233025423729 0.6388103576271186 0.8419694322033898 0.6420488847457627 0.8574817754237288 0.6370393508474576 0.8660735491525423 0.6419964364406779 0.8726504076271185 0.6315389449152542 0.889340027118644 0.6198527474576271 0.8954260144067797 0.6097389677966102 0.9047958466101694 0.561480322881356 0.9044994898305085 0.5485201016949153 0.8972815449152541 0.5382118076271186 0.8866275008474576 0.5303094949152543 0.8814244703389832 0.5354157771186441 0.8518219855932203 0.5349289813559321 0.8361212398305085 0.5971306084745762 0.8309233025423729 0.6388103576271186
1 0.5619096084745763 0.7101292669491526 0.564022290677966 0.7225492245762711 0.5714861805084746 0.7363430093220339 0.5953947644067796 0.7422798 0.6264698627118643 0.7417354610169491 0.6684912864406779 0.7327948822033898 0.6799799127118644 0.7408443542372881 0.6926437771186441 0.7275877762711864 0.7229810406779661 0.7165869652542373 0.77025285 0.6900707542372881 0.7899319957627119 0.641908856779661 0.7956228406779662 0.6145147822033898 0.7956691779661017 0.5947307389830508 0.788844336440678 0.5870733525423729 0.7734287406779661 0.5817735745762712 0.7279197889830508 0.5763307110169492 0.7157457771186441 0.581928883898305 0.6496202364406779 0.5909219118644068 0.609511886440678 0.5890129135593221 0.6042594627118644 0.5919591593220339 0.5823688508474576 0.6233810254237289 0.5755470661016949 0.6376677194915255 0.5713772076271186 0.6588760025423729 0.5619096084745763 0.7101292669491526
1 0.933453756779661 0.4770382584745762 0.9403773830508475 0.4890157186440678 0.9482817330508475 0.49299106186440683 0.9514698491525424 0.47247020254237293 0.9492079703389831 0.44625544152542373 0.9370792762711864 0.42475487711864407 0.9312371966101695 0.42372476101694917 0.933453756779661 0.4770382584745762
2 0.7284493398305084 0.14874016525423728 0.7731257466101694 0.16866525508474575 0.7827970288135594 0.16994029745762712 0.7793105194915254 0.16287154915254237 0.7646307211864406 0.153398856779661 0.7265826033898305 0.13980569915254237 0.7204462042372881 0.14044474830508474 0.7284493398305084 0.14874016525423728
1 0.7936384889830509 0.818541006779661 0.8081690898305085 0.8142188949152542 0.8474881754237289 0.7888819974576271 0.869870677118644 0.7644311127118645 0.8803734864406779 0.7439092347457628 0.8789492466101694 0.7397857127118644 0.8691801974576271 0.7415052898305085 0.8265227813559322 0.76625355 0.7920176966101695 0.8130920313559321 0.7936384889830509 0.818541006779661
3 0.6899205711864407 0.9138428347457627 0.6983651847457627 0.9196345033898304 0.7186894923728813 0.9214971652542373 0.7817689830508474 0.8956169466101696 0.8174070440677966 0.8765152330508474 0.8658530728813559 0.821378279661017 0.8975106966101695 0.7736074491525424 0.9128234313559321 0.7453283805084746 0.9183187440677966 0.7239235449152542 0.9222457127118644 0.7211738516949152 0.9228827245762711 0.712680863559322 0.9282329152542373 0.7067399983050848 0.9363791347457627 0.6849420593220339 0.9337766008474576 0.680180506779661 0.9385381525423729 0.6775779728813559 0.937801336440678 0.6744361940677965 0.9328432322033899 0.6757132737288136 0.9298012576271187 0.688084856779661 0.9084025347457628 0.7264777050847457 0.9021189771186441 0.7279513372881355 0.8867074559322035 0.7519103322033899 0.8740919652542374 0.7600122533898306 0.844248629661017 0.7926134330508475 0.8003645440677966 0.8218783194915255 0.7655137110169492 0.8535965423728814 0.7529486313559322 0.8711731932203389 0.6899689449152543 0.9086881779661018 0.6899205711864407 0.9138428347457627