1 0.560546875 0.71640625 0.583203125 0.715625 0.593359375 0.7125 0.596875 0.707421875 0.6 0.678515625 0.5890625 0.624609375 0.58515625 0.620703125 0.58359375 0.602734375 0.58515625 0.577734375 0.58125 0.557421875 0.58671875 0.553515625 0.58671875 0.549609375 0.57578125 0.544140625 0.56953125 0.526953125 0.558984375 0.51796875 0.532421875 0.515625 0.483203125 0.51796875 0.472265625 0.5234375 0.459375 0.542578125 0.447265625 0.54765625 0.44453125 0.551953125 0.44609375 0.556640625 0.453125 0.561328125 0.45078125 0.595703125 0.45390625 0.630078125 0.4625 0.644921875 0.471875 0.714453125 0.476953125 0.721875 0.53203125 0.722265625 0.550390625 0.72109375 0.560546875 0.71640625
2 0.284375 0.738671875 0.28828125 0.735546875 0.2875 0.727734375 0.27890625 0.716015625 0.27265625 0.694140625 0.2625 0.683203125 0.25703125 0.671484375 0.251171875 0.6703125 0.2484375 0.690234375 0.26640625 0.727734375 0.28359375 0.751171875 0.2859375 0.749609375 0.284375 0.738671875
2 0.27734375 0.587109375 0.262890625 0.57578125 0.25546875 0.582421875 0.253125 0.592578125 0.26015625 0.619921875 0.2734375 0.655078125 0.278515625 0.65625 0.282421875 0.66328125 0.28671875 0.662890625 0.28125 0.595703125 0.27734375 0.587109375
2 0.30625 0.386328125 0.303125 0.368359375 0.298828125 0.3625 0.29296875 0.366015625 0.28125 0.383203125 0.28515625 0.426953125 0.2828125 0.435546875 0.2953125 0.441015625 0.29765625 0.419140625 0.30625 0.386328125
2 0.40390625 0.283203125 0.40390625 0.275390625 0.396484375 0.265625 0.390234375 0.26640625 0.38046875 0.281640625 0.38046875 0.313671875 0.38515625 0.314453125 0.39296875 0.305859375 0.40390625 0.283203125
2 0.369140625 0.75703125 0.37109375 0.752734375 0.3609375 0.738671875 0.3578125 0.719140625 0.35 0.705078125 0.33828125 0.687890625 0.328515625 0.6828125 0.32421875 0.687109375 0.325 0.694921875 0.32109375 0.700390625 0.32109375 0.718359375 0.32734375 0.729296875 0.33671875 0.759765625 0.345703125 0.7625 0.35625 0.776953125 0.36171875 0.779296875 0.3640625 0.757421875 0.369140625 0.75703125
2 0.224609375 0.396875 0.21875 0.398046875 0.21328125 0.414453125 0.215625 0.453515625 0.2203125 0.456640625 0.228125 0.412109375 0.224609375 0.396875
2 0.246875 0.605859375 0.24921875 0.587890625 0.240625 0.572265625 0.233984375 0.56640625 0.228125 0.575390625 0.23125 0.630859375 0.24296875 0.651171875 0.24609375 0.651171875 0.25703125 0.637890625 0.246875 0.605859375
1 0.70078125 0.607421875 0.70625 0.601171875 0.69453125 0.593359375 0.7015625 0.584765625 0.701171875 0.58125 0.680859375 0.58515625 0.6671875 0.604296875 0.67265625 0.607421875 0.6734375 0.612890625 0.665625 0.619140625 0.6625 0.627734375 0.6625 0.663671875 0.666796875 0.6703125 0.6765625 0.671484375 0.6953125 0.638671875 0.70078125 0.607421875
1 0.7125 0.533203125 0.703125 0.522265625 0.70078125 0.493359375 0.694921875 0.4828125 0.689453125 0.48359375 0.684375 0.491015625 0.678515625 0.51953125 0.67734375 0.509765625 0.673046875 0.50625 0.64609375 0.508984375 0.64921875 0.518359375 0.6453125 0.533984375 0.651171875 0.5453125 0.659765625 0.54609375 0.666796875 0.5390625 0.694140625 0.53984375 0.69765625 0.548046875 0.70390625 0.551171875 0.71171875 0.545703125 0.7125 0.533203125
1 0.6671875 0.456640625 0.6640625 0.447265625 0.66796875 0.438671875 0.66328125 0.435546875 0.66796875 0.427734375 0.662890625 0.42578125 0.658984375 0.43203125 0.649609375 0.4328125 0.631640625 0.41875 0.628125 0.420703125 0.628125 0.426171875 0.63359375 0.431640625 0.634375 0.439453125 0.6421875 0.446484375 0.64140625 0.455078125 0.63515625 0.464453125 0.6359375 0.491015625 0.644140625 0.50625 0.65546875 0.506640625 0.665625 0.486328125 0.6671875 0.456640625
1 0.412109375 0.3859375 0.421484375 0.3875 0.4234375 0.384765625 0.4296875 0.354296875 0.427734375 0.3390625 0.410546875 0.34453125 0.404296875 0.35546875 0.392578125 0.35078125 0.37890625 0.364453125 0.3796875 0.394140625 0.38515625 0.401171875 0.3875 0.414453125 0.390625 0.414453125 0.39765625 0.401171875 0.412109375 0.3859375
2 0.394921875 0.346875 0.4078125 0.341796875 0.40859375 0.332421875 0.400390625 0.32421875 0.3921875 0.326953125 0.390625 0.333203125 0.37890625 0.348046875 0.37734375 0.363671875 0.38046875 0.367578125 0.38203125 0.361328125 0.394921875 0.346875
2 0.3734375 0.274609375 0.368359375 0.27265625 0.3609375 0.280859375 0.35703125 0.291015625 0.364453125 0.290625 0.3734375 0.295703125 0.378125 0.282421875 0.3734375 0.274609375
1 0.3734375 0.296484375 0.366015625 0.28984375 0.358203125 0.2921875 0.35390625 0.300390625 0.353125 0.319140625 0.356640625 0.32421875 0.36171875 0.323828125 0.37265625 0.311328125 0.3734375 0.296484375
2 0.763671875 0.30390625 0.76171875 0.310546875 0.76796875 0.344140625 0.773046875 0.3515625 0.78125 0.352734375 0.7765625 0.322265625 0.763671875 0.30390625
3 0.88515625 0.287109375 0.858203125 0.25859375 0.844921875 0.25 0.8453125 0.257421875 0.8609375 0.293359375 0.878125 0.314453125 0.8890625 0.323046875 0.896875 0.339453125 0.90625 0.348046875 0.903125 0.330078125 0.88515625 0.287109375
3 0.82578125 0.274609375 0.81484375 0.250390625 0.7984375 0.225390625 0.78515625 0.213671875 0.780078125 0.20234375 0.769140625 0.1984375 0.736328125 0.175 0.683203125 0.15234375 0.625390625 0.134375 0.558984375 0.12265625 0.51796875 0.122265625 0.549609375 0.1375 0.606640625 0.15703125 0.645703125 0.18203125 0.664453125 0.18828125 0.683984375 0.20234375 0.706640625 0.21015625 0.724609375 0.23046875 0.752734375 0.246875 0.781640625 0.278125 0.804296875 0.2828125 0.813671875 0.2890625 0.82421875 0.288671875 0.8265625 0.287109375 0.82578125 0.274609375
3 0.07890625 0.484765625 0.0875 0.463671875 0.0859375 0.443359375 0.098828125 0.4265625 0.11171875 0.419921875 0.12734375 0.381640625 0.14609375 0.369921875 0.1625 0.329296875 0.17109375 0.315234375 0.1765625 0.287890625 0.1921875 0.249609375 0.235546875 0.21953125 0.259765625 0.20859375 0.263671875 0.2109375 0.276171875 0.20078125 0.303515625 0.18828125 0.374609375 0.165625 0.407421875 0.146875 0.435546875 0.1375 0.452734375 0.12421875 0.431640625 0.12421875 0.369921875 0.1359375 0.309765625 0.1546875 0.274609375 0.16953125 0.242578125 0.1859375 0.223828125 0.20078125 0.180078125 0.22734375 0.156640625 0.24609375 0.11640625 0.286328125 0.090625 0.353515625 0.0765625 0.415234375 0.07109375 0.472265625 0.0703125 0.519921875 0.07421875 0.558984375 0.0796875 0.572265625 0.0828125 0.516015625 0.07890625 0.484765625
2 0.773046875 0.528125 0.77734375 0.533984375 0.77890625 0.490234375 0.773046875 0.48046875 0.76796875 0.483984375 0.76171875 0.508984375 0.7625 0.548828125 0.76796875 0.531640625 0.773046875 0.528125
2 0.7265625 0.405078125 0.721484375 0.40234375 0.71796875 0.405859375 0.71015625 0.432421875 0.73046875 0.451171875 0.7296875 0.412890625 0.7265625 0.405078125
2 0.18203125 0.528515625 0.1734375 0.511328125 0.169140625 0.51015625 0.16796875 0.516796875 0.17578125 0.561328125 0.18125 0.573828125 0.184375 0.566015625 0.18203125 0.528515625
2 0.203125 0.601171875 0.19765625 0.569140625 0.192578125 0.5609375 0.184375 0.569140625 0.18359375 0.575390625 0.190625 0.607421875 0.196875 0.611328125 0.2015625 0.609765625 0.203125 0.601171875
2 0.165625 0.505859375 0.160546875 0.4703125 0.15390625 0.489453125 0.15390625 0.512109375 0.15703125 0.530859375 0.16328125 0.536328125 0.165625 0.534765625 0.165625 0.505859375