1 0.32156818225806455 0.37687600806451615 0.2887921709677419 0.38455668145161287 0.2783722588709677 0.39233614919354837 0.27400479112903225 0.3997787241935484 0.273175464516129 0.43603715564516127 0.2807725556451613 0.43835438145161293 0.2935796024193548 0.43678187419354836 0.30640083629032255 0.4287075612903226 0.3191096016129032 0.4263346129032258 0.3248813879032258 0.4170945935483871 0.32972659032258067 0.3969994870967742 0.3275502056451613 0.38589160322580646 0.32156818225806455 0.37687600806451615
1 0.36928711370967743 0.3056099717741936 0.3627148879032258 0.3149482733870968 0.36461010161290325 0.3403095701612903 0.3733024782258065 0.34492983548387096 0.38710652903225806 0.34485992741935484 0.417340889516129 0.33302253548387095 0.42241051612903224 0.3246812379032258 0.41995347258064514 0.3046702266129032 0.4132130564516129 0.2994040362903226 0.402414204032258 0.29747993709677417 0.36928711370967743 0.3056099717741936
1 0.4069787475806451 0.2684817040322581 0.4368057943548387 0.2599443564516129 0.44187542096774196 0.25160305887096773 0.4348401596774194 0.24393554677419355 0.4177360653225806 0.24359814193548385 0.3960117048387097 0.2519531137096774 0.3961798951612903 0.26655760483870966 0.4069787475806451 0.2684817040322581
1 0.47073332500000004 0.25171603951612903 0.4682757693548387 0.2548615669354839 0.46980622903225805 0.2640174911290323 0.47253025725806447 0.2762768959677419 0.48917080403225804 0.2827650266129032 0.5114848540322581 0.27921269758064515 0.5238567274193549 0.2707873056451613 0.5206833387096774 0.25817682177419354 0.4996474629032258 0.2489783379032258 0.4857451298387097 0.24824780564516127 0.47073332500000004 0.25171603951612903
1 0.5305120233870968 0.3150643274193548 0.5128040524193549 0.31642608548387097 0.5072430169354839 0.32076517983870967 0.5075799096774194 0.3268176241935484 0.5118906314516128 0.34538227016129036 0.5186310475806452 0.350648460483871 0.5341342612903226 0.35118242903225805 0.5529517048387097 0.3456219064516129 0.5568135774193549 0.3406789338709677 0.554946225 0.3254705653225807 0.5473070862903227 0.31950221693548386 0.5305120233870968 0.3150643274193548
1 0.5423762516129033 0.4017646935483871 0.543794243548387 0.4166219822580645 0.5471079612903226 0.43368402903225806 0.559353179032258 0.4374618072580645 0.5845741467741935 0.43111502983870964 0.5925506903225807 0.41997928467741935 0.5897846153225806 0.4040687572580645 0.5759527032258064 0.3939857379032258 0.5461398427419355 0.3960212806451613 0.5423762516129033 0.4017646935483871
1 0.6037274580645161 0.4779200282258065 0.5922968677419355 0.46754216370967744 0.565769864516129 0.47648682580645163 0.5416583693548387 0.4786348370967742 0.5275311 0.4893070346774194 0.5081097798387096 0.49656672016129033 0.5049500653225807 0.5006109701612903 0.5058908346774194 0.5049642516129033 0.5110161838709678 0.5169288112903225 0.5136556040322581 0.5450425080645162 0.5323043451612903 0.5480340322580645 0.5751350024193549 0.5395250572580645 0.5843471604838709 0.535143914516129 0.60388095 0.5221828637096775 0.6083608862903226 0.5090389241935483 0.6037274580645161 0.4779200282258065
1 0.5682248588709677 0.5891239911290322 0.5908337548387097 0.5879729838709677 0.6029528298387097 0.5807973935483871 0.6113366870967742 0.5663616040322581 0.6079809217741935 0.5456484346774194 0.5982353064516129 0.5423762516129033 0.573014339516129 0.5487230290322581 0.5681412758064516 0.5586652072580646 0.5682248588709677 0.5891239911290322
1 0.17762615725806452 0.537957514516129 0.17480333629032258 0.5480542088709678 0.18227325967741936 0.5857311435483871 0.19260856451612904 0.5938059693548386 0.20010737419354838 0.5953227548387097 0.21191741693548388 0.5922476483870968 0.21499303629032257 0.5809011524193548 0.20905357258064516 0.5523801419354839 0.2034788629032258 0.5400645032258065 0.17762615725806452 0.537957514516129
1 0.13705597983870968 0.5648766201612903 0.14234951935483872 0.5914456709677419 0.1514912564516129 0.5964170161290322 0.16550605806451613 0.5914461830645161 0.1694803991935484 0.580801845967742 0.16226327338709676 0.5418751096774194 0.15741858306451612 0.5388136774193548 0.13680369516129032 0.5429698830645161 0.13705597983870968 0.5648766201612903
1 0.19895534193548386 0.6190269362903226 0.17324296612903226 0.6213715112903225 0.16862270000000001 0.6300638879032258 0.17731456451612904 0.6578406927419355 0.18538887741935484 0.6706619258064516 0.20122898387096774 0.6772483387096775 0.21903523709677422 0.6766870217741935 0.22121213387096775 0.6646383677419355 0.21237994032258067 0.63241 0.2054991943548387 0.6226922459677419 0.19895534193548386 0.6190269362903226
1 0.14122534838709677 0.6253027806451613 0.13482182419354838 0.6260890346774194 0.1312968443548387 0.6370844508064516 0.1391882677419355 0.6649595370967742 0.1498184185483871 0.6754356830645162 0.1558430016129032 0.6649458620967742 0.16204996129032256 0.6625587274193548 0.16801831048387098 0.654919589516129 0.16136250161290325 0.6337991056451613 0.1552259620967742 0.6268337532258065 0.14122534838709677 0.6253027806451613
1 0.11422112258064517 0.6237434346774193 0.106315 0.6255266927419355 0.10648319032258063 0.6401311838709677 0.11587721370967742 0.6670092661290323 0.12072190403225808 0.6700706991935483 0.1284314629032258 0.666686560483871 0.13682899435483872 0.6689055048387097 0.1349195935483871 0.6500460137096774 0.12955563387096775 0.6328294508064516 0.12386845564516127 0.6262151766129032 0.11422112258064517 0.6237434346774193
3 0.23831366693548386 0.7807584661290322 0.2489301427419355 0.7745798790322581 0.29011735887096773 0.7857728838709678 0.298992625 0.7753392967741936 0.3012115693548387 0.7669417653225806 0.2967321451612903 0.7569291669354838 0.263900925 0.7211474451612904 0.2528634612903226 0.713971341935484 0.23985985 0.7139429693548387 0.22118324838709677 0.7007985169354838 0.20737919677419353 0.700868425 0.20284353870967742 0.6937065088709677 0.20385472903225807 0.6887073024193548 0.1712621201612903 0.658177585483871 0.16786379516129032 0.6569698314516129 0.15674172338709677 0.6656480209677419 0.14991669999999999 0.6762361233870967 0.14122432338709676 0.6716158580645162 0.1281224314516129 0.6707870443548387 0.12014588790322579 0.6819227895161291 0.12146559758064517 0.6959796387096775 0.13217984274193548 0.7137580306451613 0.13425794596774193 0.724065475 0.15012591290322583 0.7408048153225807 0.1604607056451613 0.7720361798387098 0.1930816887096774 0.7895622862903225 0.2046809814516129 0.791388104032258 0.2116042870967742 0.7816004419354838 0.23831366693548386 0.7807584661290322
1 0.09295022177419354 0.44719717580645163 0.09294970967741935 0.47035371451612906 0.09424155887096775 0.474257635483871 0.10614988387096774 0.47198296854838706 0.11642946693548387 0.45975193790322577 0.12200520161290322 0.4257544983870967 0.1178768564516129 0.4152925387096775 0.1038620556451613 0.42026337177419354 0.0978937064516129 0.42790251048387096 0.09295022177419354 0.44719717580645163
1 0.1750759556451613 0.28558067580645163 0.19351445887096774 0.27031658548387094 0.20251637983870965 0.24767982903225808 0.1899621298387097 0.24800253467741937 0.17554001532258065 0.25627341129032255 0.16535871370967742 0.26930488306451617 0.16066802741935485 0.28734974677419356 0.1750759556451613 0.28558067580645163
2 0.27150826129032263 0.26033389677419355 0.2622540556451613 0.2610639169354839 0.25013498064516126 0.2682395072580645 0.2382124685483871 0.27701597903225805 0.2343926435483871 0.2856100741935484 0.2655399120967742 0.26797303548387097 0.27150826129032263 0.26033389677419355
2 0.37334042741935486 0.5338332685483871 0.37415454193548386 0.5503897201612903 0.3799541887096774 0.5513026290322581 0.38857665645161293 0.542118843548387 0.41889511209677416 0.5375836975806452 0.42195654435483876 0.5327390072580646 0.4211702903225807 0.5263354838709677 0.3991090370967742 0.5286380112903225 0.3793087766129032 0.5261941298387097 0.37334042741935486 0.5338332685483871
1 0.2709474564516129 0.2193711048387097 0.2863523887096774 0.21910463306451614 0.30647586774193547 0.21094622500000001 0.314648975 0.20141136048387098 0.315070475 0.19160951129032258 0.30692574112903226 0.18814076532258064 0.2858052580645161 0.1947965741935484 0.27513254758064515 0.2038258435483871 0.2709474564516129 0.2193711048387097
1 0.31365145887096774 0.22306530000000002 0.32825595 0.22289710967741938 0.3537859491935484 0.21244984838709677 0.3596560169354839 0.2040102693548387 0.3587714814516129 0.19680630564516127 0.35242419193548385 0.19474187741935484 0.32770881935483875 0.19858905080645162 0.31553351048387096 0.2086153241935484 0.31365145887096774 0.22306530000000002
1 0.23093962096774195 0.2177833862903226 0.23873327500000002 0.22170149354838709 0.25524767983870966 0.21723625564516127 0.2709337822580645 0.20271637177419355 0.2721557225806452 0.19281624112903226 0.2632105483870968 0.18944577661290324 0.24179522016129032 0.19370026451612904 0.23422599032258062 0.20153596612903224 0.23093962096774195 0.2177833862903226
1 0.2012250427419355 0.2206193693548387 0.2050443556451613 0.23518181370967742 0.2143968435483871 0.23525223467741935 0.2270777483870968 0.22272635806451613 0.2336221129032258 0.20323512903225807 0.2260812564516129 0.19806722016129033 0.21797857016129032 0.19824959677419354 0.20459550725806452 0.21167419516129032 0.2012250427419355 0.2206193693548387
3 0.3045386064516129 0.1819338056451613 0.34126058548387095 0.17661240564516129 0.3747949887096774 0.16518232741935485 0.3992996112903226 0.16623607741935484 0.42849440725806454 0.17240150241935484 0.44130145403225807 0.17082899435483873 0.4543192516129032 0.1643555629032258 0.4762259887096774 0.16410327741935485 0.509451360483871 0.15677368306451614 0.511937289516129 0.14062454516129033 0.4879104016129033 0.1269182629032258 0.45621600241935484 0.12024724274193549 0.38240729112903227 0.11468467096774193 0.275260739516129 0.12215305725806451 0.2631138040322581 0.11917572016129033 0.26058633951612903 0.10851719677419355 0.2533823758064516 0.10940173225806453 0.22443986451612902 0.12514304435483872 0.2112113177419355 0.1365174008064516 0.16913802903225805 0.18759004919354838 0.16170912822580644 0.19987731451612903 0.16274817983870968 0.20503103629032257 0.1877725830645161 0.19708337822580646 0.21026901129032255 0.20163373548387098 0.21938288790322583 0.19645215241935485 0.2338890975806452 0.19548352177419354 0.25611905322580647 0.18462894758064516 0.28153658387096775 0.17988305080645162 0.29764367419354837 0.17871785725806452 0.3045386064516129 0.1819338056451613
1 0.4200821766129032 0.19984090161290322 0.42060144677419353 0.21399603225806452 0.4362029419354839 0.21533044112903227 0.4640217943548387 0.2102897 0.4688806709677419 0.20684932741935483 0.4686000120967742 0.19794620080645162 0.4644574806451613 0.19398604596774194 0.45125730645161294 0.19235679193548388 0.42794625241935486 0.19440652096774194 0.4200821766129032 0.19984090161290322
3 0.564245039516129 0.212608975 0.5749314241935485 0.22023443951612903 0.5858285588709677 0.22295897903225806 0.6231402274193548 0.22244022177419354 0.6330124975806452 0.21350923387096774 0.630232235483871 0.20410051209677418 0.6197003669354838 0.1944248064516129 0.5936232379032258 0.18056400887096774 0.5479424104838709 0.16586021129032258 0.5238309153225806 0.16800822258064516 0.49018404354838707 0.18513966532258064 0.5139723201612904 0.1935939435483871 0.5160646096774194 0.19739958225806453 0.5197157322580644 0.19735753467741934 0.5154044983870968 0.20194942741935484 0.5244479540322581 0.20612033225806453 0.5384485685483872 0.20765130403225807 0.5454417830645161 0.2116676935483871 0.564245039516129 0.212608975
3 0.8014798330645162 0.3878259483870968 0.8210131096774194 0.3980214362903226 0.8258157524193549 0.39743174596774195 0.8258861725806452 0.3880792580645161 0.8150315983870968 0.36584930241935487 0.8014524838709677 0.3545164814516129 0.7857111717741935 0.3255739701612903 0.766655629032258 0.3027259508064516 0.7467292258064516 0.2893287016129032 0.7418703483870968 0.2927690741935484 0.7418982096774194 0.30292200241935485 0.7444114870967742 0.3200823306451613 0.7509832008064515 0.33390056854838707 0.7615713032258065 0.34072559193548385 0.7661069620967742 0.34788750887096775 0.7777483024193549 0.35336444919354837 0.7858226153225806 0.3661856830645161 0.7929141112903225 0.3710025120967742 0.8014798330645162 0.3878259483870968
3 0.7872086475806452 0.5561423540322581 0.7857344217741936 0.5441357467741936 0.7770982798387096 0.5366647983870968 0.7607946258064516 0.5362291120967742 0.7478052016129032 0.5296989338709678 0.7397025153225807 0.529881310483871 0.7289593846774194 0.5482630669354839 0.6913381717741935 0.5760388475806452 0.6867179056451613 0.5847312241935484 0.6881080362903226 0.5894355846774194 0.6827856120967742 0.5990266838709678 0.6814091556451614 0.6109770556451612 0.6976423887096774 0.6207652306451613 0.7077527572580645 0.640242785483871 0.7237615661290322 0.6382771508064516 0.7512014774193548 0.6235328427419355 0.7550633508064516 0.6185898701612903 0.7555831322580645 0.6095884620967742 0.7823776322580646 0.5697356548387097 0.7872086475806452 0.5561423540322581
3 0.8419207935483871 0.48889270645161287 0.8281167427419355 0.4889626153225806 0.8170929532258064 0.4984412451612903 0.8127959056451614 0.49653133306451613 0.8001854217741935 0.499704720967742 0.7963093629032258 0.5111494983870968 0.7982749975806451 0.5271583072580645 0.7924049298387097 0.5355978862903226 0.8012654967741936 0.5548226435483872 0.8126682266129033 0.5550475806451614 0.8208833806451613 0.5491638387096774 0.8388867096774194 0.5270468637096773 0.848731118548387 0.5079629483870968 0.8504444677419355 0.5020650193548387 0.8475659241935484 0.49185585725806447 0.8419207935483871 0.48889270645161287
1 0.31359865322580643 0.7057014903225807 0.30383885161290325 0.7089311129032257 0.3039649943548387 0.7198844814516129 0.31257276370967746 0.7403590403225806 0.33831248790322577 0.7713239322580645 0.35794404677419356 0.7823198612903226 0.3692484943548387 0.7817443572580646 0.3720150822580645 0.7744983459677419 0.3696421338709677 0.7617895806451613 0.3483960201612903 0.734335481451613 0.31359865322580643 0.7057014903225807
1 0.41558994516129033 0.7687417709677419 0.4198591322580645 0.7604987556451613 0.41619433467741934 0.7438860701612903 0.418413279032258 0.7354885387096775 0.4111535935483871 0.7160672177419355 0.40466597499999996 0.7095512258064516 0.40258787177419353 0.6992437814516129 0.37875754758064517 0.6871383814516129 0.34234460080645157 0.6883592967741935 0.34718929112903224 0.6914207298387097 0.35296056451612906 0.7053372491935485 0.35876021048387097 0.7062501580645161 0.35604985725806454 0.7106454870967742 0.35863355564516125 0.7184533282258064 0.38514534758064517 0.7623235483870968 0.40448206129032255 0.7709181556451612 0.41558994516129033 0.7687417709677419
1 0.43591101290322587 0.7158711669354839 0.41921423225806453 0.7122337177419354 0.413554914516129 0.7157723725806451 0.41488881129032257 0.7233274161290323 0.4207021322580645 0.7408950580645162 0.43345294516129035 0.7421732330645161 0.43953324999999993 0.7519892685483871 0.4629005387096774 0.7470888564516129 0.4587443330645162 0.7264739685483871 0.46045768225806455 0.720576039516129 0.45191982177419354 0.7139055322580645 0.43591101290322587 0.7158711669354839
1 0.4068297096774194 0.6576912991935484 0.39492138467741933 0.6599659661290322 0.39035735322580645 0.6658076596774194 0.3918878129032258 0.6749635838709678 0.4079239709677419 0.7063074169354838 0.45083872258064517 0.7051006870967742 0.45610491290322586 0.6983602709677419 0.4512323620967742 0.685145910483871 0.440349414516129 0.6759195653225807 0.43606655322580645 0.6675078475806452 0.4259278120967742 0.6610339032258065 0.4068297096774194 0.6576912991935484
0 0.7332624217741935 0.9141757943548386 0.7488922903225806 0.9025065927419356 0.77488635 0.8627520669354838 0.8005850516129032 0.8437527588709677 0.8114264637096774 0.826171441935484 0.810134614516129 0.8222675217741935 0.816973825 0.8051776137096774 0.8371540508064516 0.7710119846774193 0.8315793411290322 0.7586963459677419 0.8385026467741935 0.7489086838709677 0.853388820967742 0.7113305427419355 0.8626577258064516 0.6809421790322581 0.8607903733870969 0.6657338104838709 0.8696377782258063 0.645147295967742 0.8690480879032259 0.6403446532258065 0.8620548733870969 0.636328264516129 0.8685850524193548 0.6233388403225807 0.8688525483870968 0.5924306951612903 0.8734586282258063 0.5902401233870967 0.8700603024193548 0.5890323693548387 0.8687826403225806 0.5786266435483871 0.8722934338709677 0.5741330330645161 0.8719428669354838 0.5514258556451613 0.8766472274193549 0.5500357241935484 0.8720553354838709 0.5457244903225806 0.8763665693548387 0.5411325975806451 0.8725335814516129 0.5099154201612903 0.8568758524193548 0.5114316943548387 0.8484641338709678 0.5157145548387096 0.8297019 0.5647374733870968 0.8038203088709677 0.5987906338709678 0.80269665 0.6094912048387097 0.7803820870967741 0.6362000725806451 0.7704677701612903 0.6414799370967742 0.760932393548387 0.6564633693548387 0.7333658266129032 0.6834108475806452 0.718367695967742 0.7035338145161291 0.7161487516129033 0.7119313459677419 0.7225239016129031 0.7241487032258065 0.7190551556451612 0.7322934362903226 0.662981764516129 0.7586785733870968 0.6508485032258065 0.7723559693548387 0.6248970040322581 0.7926050790322581 0.5977661241935485 0.803248904032258 0.590267314516129 0.8017321177419355 0.5816590330645162 0.8044140975806452 0.5746936798387097 0.8105506370967742 0.5649896008064516 0.8340861161290322 0.553067089516129 0.8428625879032259 0.5333509233870968 0.8477209524193547 0.5254726612903226 0.8596571387096774 0.5273121532258065 0.8647125790322581 0.5342633201612904 0.8650778443548388 0.5248966451612903 0.8715092290322581 0.5066830790322581 0.875370589516129 0.5040710072580645 0.8805663596774194 0.49696532499999996 0.8822513354838709 0.4924717145161291 0.8787405419354838 0.4808582346774194 0.8834165298387097 0.47626634193548384 0.8791052951612904 0.4165423403225807 0.8823759411290324 0.4065155548387097 0.8933571709677419 0.38250234112903225 0.8963056225806452 0.3609046362903226 0.8924574241935485 0.3228908080645161 0.8938749032258065 0.26398143387096773 0.8905454620967741 0.25377227177419354 0.8934240056451613 0.2540671169354839 0.8958253266129033 0.29830106693548386 0.9318319846774193 0.3253752 0.947195381451613 0.37675739193548385 0.9620116475806451 0.47095605483870967 0.9748207435483871 0.5396814645161291 0.9720698798387097 0.6130271403225807 0.960626639516129 0.6795903524193548 0.9402660862903226 0.7332624217741935 0.9141757943548386
1 0.702967375 0.4953914379032258 0.7157323741935484 0.4901678072580645 0.7156766524193549 0.46986195161290323 0.710438835483871 0.4635987572580645 0.6991343870967742 0.464174260483871 0.6958763911290322 0.4674180701612903 0.6979681685483872 0.4943802475806452 0.702967375 0.4953914379032258
1 0.6070452741935484 0.3097297653225806 0.6103731790322581 0.3202900072580645 0.6173101588709677 0.3271570782258065 0.6360151338709678 0.32729792016129033 0.640073570967742 0.32395582903225806 0.6367036185483871 0.309744464516129 0.6212708258064515 0.2998580080645161 0.6067646161290322 0.3008266387096774 0.6070452741935484 0.3097297653225806
1 0.6278709129032258 0.30067263548387096 0.6422788411290322 0.29890356451612904 0.6455368370967742 0.29565975483870965 0.6408608491935484 0.284046275 0.627520345967742 0.2779654580645161 0.6224649056451613 0.27980495 0.6191785362903226 0.2960523693548387 0.6278709129032258 0.30067263548387096
1 0.7238654830645161 0.38435566532258064 0.722292975 0.3715486185483871 0.717757316935484 0.36438670161290326 0.702155820967742 0.3630522927419355 0.7011446306451613 0.36805149919354835 0.7092047572580645 0.3873745379032258 0.7238654830645161 0.38435566532258064
1 0.7046559370967742 0.34040134919354836 0.7167045911290323 0.34257824596774195 0.7173788887096774 0.3315265959677419 0.7122955870967742 0.3232131596774193 0.7023534096774193 0.31834009596774193 0.6968486080645161 0.31982850887096775 0.6964412943548387 0.32312855241935484 0.7046559370967742 0.34040134919354836
0 0.5684448298387097 0.16740537016129034 0.6149119112903226 0.18851269112903227 0.6468727822580645 0.21058864354838708 0.6507767032258065 0.20929679435483872 0.6562673177419355 0.2143101870967742 0.6722619403225807 0.21884635806451613 0.6825972451612903 0.22692118306451614 0.6814877725806452 0.23111994838709676 0.6863745104838709 0.23783250403225806 0.7572190467741936 0.29535328467741934 0.7733539975806452 0.3043410185483871 0.7816390612903226 0.31226132822580643 0.7813300290322581 0.3163618120967742 0.794585925 0.33829692258064514 0.8024778612903226 0.3430154701612903 0.8063534088709677 0.3547272314516129 0.8215192169354838 0.37236529435483867 0.8293685935483871 0.39658925806451617 0.84499795 0.4080765951612903 0.8588020008064516 0.4080066862903226 0.8604733024193548 0.398457635483871 0.8498294782258066 0.3713267548387097 0.8467685572580645 0.35301490645161293 0.8363071096774193 0.3339867129032258 0.8222933330645161 0.2926444685483871 0.7839299629032258 0.22504169274193547 0.7473214774193548 0.17834865 0.7430386169354839 0.16993693225806453 0.7490490129032258 0.16594891693548386 0.7468584419354839 0.16134283790322582 0.7248118879032258 0.13398702096774193 0.6920647629032258 0.10550754516129031 0.6647520177419355 0.08489214516129033 0.6387731701612903 0.07183178790322581 0.6329877104838709 0.06441707338709678 0.613103354032258 0.05467094677419355 0.591309085483871 0.04922186693548387 0.524606056451613 0.041974318548387096 0.48079258225806454 0.042478889516129034 0.4632811741935484 0.04544152822580645 0.45814112580645167 0.06313531290322581 0.49130975161290324 0.08181293951612903 0.5043554096774193 0.08549243548387098 0.505942104032258 0.09179767741935484 0.5215152258064516 0.10613569677419354 0.5240705508064516 0.12694714838709678 0.5344620903225806 0.13217129112903225 0.5480270177419355 0.15000591774193547 0.5684448298387097 0.16740537016129034