1 0.5206620338709677 0.6872962274193549 0.5361953201612903 0.6815086620967742 0.5402148838709677 0.6579669435483871 0.5348801862903226 0.5976324967741936 0.5427427758064516 0.5917093266129032 0.540573079032258 0.5873469064516129 0.5275932790322581 0.5853793419354838 0.5095244145161291 0.5763270024193549 0.43937772016129034 0.577969635483871 0.42737274919354845 0.5808096879032258 0.39841958467741934 0.5951353169354839 0.41117934516129034 0.6023556967741935 0.4125149370967742 0.6059403016129032 0.4151221620967742 0.6574936185483872 0.42163637177419355 0.6822813758064517 0.42628023951612903 0.6881712822580646 0.4598261008064516 0.6898241362903226 0.5206620338709677 0.6872962274193549
1 0.6806541161290323 0.6704119758064516 0.7280880782258065 0.6538270967741935 0.7339907733870967 0.6148876975806451 0.7338398120967742 0.5874569008064516 0.732470956451613 0.5713658387096774 0.7227661685483872 0.5591971177419355 0.6737433112903225 0.56494375 0.660960525 0.5686179072580645 0.6368712677419355 0.5835806282258065 0.641005979032258 0.6326597749999999 0.639460585483871 0.6577289798387097 0.6431910322580645 0.6721236870967742 0.6481393733870967 0.6751786596774194 0.6806541161290323 0.6704119758064516
1 0.6833483427419355 0.7937801983870968 0.7174980322580645 0.7780626870967742 0.7316906072580645 0.7569900209677419 0.7367694346774194 0.7406738008064516 0.7504042330645162 0.7151824241935484 0.7477611943548387 0.7088191758064516 0.7408401693548387 0.7070435056451613 0.7032977701612904 0.7180378330645161 0.6786507362903226 0.7285818443548387 0.6645093322580645 0.7395659346774194 0.6602313467741936 0.7441535129032258 0.6605127943548387 0.7522131161290323 0.6424925491935484 0.7907687266129032 0.6444984967741936 0.8019958814516128 0.6833483427419355 0.7937801983870968
1 0.6818234241935484 0.8656513927419355 0.7199466258064516 0.8481812370967743 0.7471087629032258 0.8056751411290323 0.7386039620967743 0.8047617201612903 0.7266271362903226 0.8084077330645161 0.6860860540322581 0.8259623225806452 0.6703045838709677 0.8361967419354838 0.6652206379032258 0.840812464516129 0.6533947733870967 0.8718892733870968 0.6818234241935484 0.8656513927419355
1 0.5043407290322581 0.9247040032258064 0.5101973717741936 0.9075536782258065 0.5063876096774194 0.9024415870967741 0.43434754677419357 0.8960809064516129 0.41547784032258067 0.8987572088709678 0.4176808008064516 0.9156260870967742 0.42477069435483866 0.9222375193548388 0.45565049032258065 0.9284216620967741 0.49078012741935484 0.9292122653225806 0.5043407290322581 0.9247040032258064
1 0.32721111048387097 0.9014360798387097 0.3282652548387097 0.8969610806451612 0.31542105967741935 0.8873228201612904 0.27441942419354837 0.8685810491935484 0.25368449435483875 0.8640599983870969 0.25243845564516126 0.8745937717741935 0.26539522903225804 0.8874558741935483 0.29169256612903227 0.9010625282258063 0.3132616008064516 0.9063613943548386 0.32721111048387097 0.9014360798387097
1 0.6246206298387097 0.2789839072580645 0.6200279330645162 0.2630054241935484 0.60022945 0.23908503548387097 0.5533430258064516 0.23668762983870967 0.5427862258064516 0.24633612822580644 0.5486633443548387 0.27598779193548384 0.5550598556451612 0.28585121048387097 0.6140075403225806 0.28702048548387094 0.6225686306451613 0.28954582661290323 0.6246206298387097 0.2789839072580645
1 0.35486699677419353 0.3993585991935484 0.38132296451612907 0.3944000209677419 0.4095034314516129 0.3926089943548387 0.41614812741935486 0.3980255580645161 0.4201497846774193 0.3970788741935484 0.42469897983870974 0.3771499048387097 0.42156724274193547 0.33368433548387094 0.4238725451612903 0.33037606048387097 0.417785625 0.3293782056451613 0.40691411370967745 0.3184606427419355 0.37717801532258066 0.32191987903225805 0.3596157564516129 0.3273748258064516 0.3445327870967742 0.3460577564516129 0.3437754459677419 0.39369385080645164 0.34669993306451613 0.40811670322580645 0.35486699677419353 0.3993585991935484
1 0.24564531451612903 0.5298627838709677 0.2746317419354839 0.5280436129032259 0.2991201451612903 0.5360648338709678 0.3034825653225806 0.5338951362903226 0.3061614185483871 0.4950683161290323 0.3115779830645161 0.4884236201612904 0.31055453387096776 0.43600805322580644 0.29929411532258066 0.42550754274193553 0.28142226370967743 0.4220969258064516 0.24618516693548387 0.42978297741935484 0.23110219677419355 0.4484659080645161 0.23160880241935483 0.46297319435483875 0.2262306201612903 0.4938248451612903 0.2272156870967742 0.5220334572580646 0.23005573951612904 0.5340384282258065 0.23425440967741934 0.5387334669354839 0.24564531451612903 0.5298627838709677
1 0.34825816612903226 0.7300326177419355 0.34493965322580644 0.704326320967742 0.33586683870967743 0.6755931959677419 0.33619433790322584 0.661863725 0.3021137266129032 0.644897625 0.2720961806451613 0.6402972580645162 0.2600349201612903 0.6415253903225806 0.25345163225806455 0.649421243548387 0.25862513145161287 0.6589238991935484 0.2640903161290323 0.6998871532258064 0.2736876435483871 0.7205325298387096 0.2782470766129032 0.7240045548387097 0.3461217330645161 0.7381766548387098 0.34825816612903226 0.7300326177419355
1 0.18618337258064516 0.6872758032258064 0.1734364 0.6457598919354839 0.17123343951612904 0.6288910137096774 0.15741441612903226 0.6144451362903226 0.14037667016129032 0.6118123346774194 0.13776689435483871 0.6179555435483871 0.14651220967741935 0.660418139516129 0.15886003629032258 0.6789501088709677 0.18226615000000002 0.6906403685483871 0.18618337258064516 0.6872758032258064
1 0.48274601532258066 0.22543489758064514 0.48507434274193545 0.21123208467741933 0.48148462016129034 0.20086717983870966 0.46791889919354834 0.19367494516129033 0.4317914072580645 0.19897126048387098 0.42126275241935485 0.2094257193548387 0.42107597661290325 0.22718499112903226 0.4244686862903226 0.23190817419354837 0.48274601532258066 0.22543489758064514
1 0.5831482024193548 0.20054478145161292 0.5820889395161291 0.19331928387096775 0.5760531903225806 0.18223285161290323 0.5639868112903226 0.1717604862903226 0.5276341612903226 0.17060911935483872 0.5177707427419355 0.1770056314516129 0.5206389395161289 0.1898165620967742 0.5303155822580645 0.20117932258064516 0.5751448887096774 0.20243814999999998 0.5831482024193548 0.20054478145161292
1 0.4667752016129032 0.18403156532258064 0.4694412669354839 0.17950027661290321 0.4674916088709678 0.16988504193548387 0.45873350564516135 0.16171797822580644 0.4330272088709678 0.16503649193548386 0.42336080322580644 0.17707472661290324 0.42205847500000004 0.18599657983870968 0.42458893467741937 0.18913598629032258 0.4667752016129032 0.18403156532258064
1 0.39893380887096774 0.18236592338709678 0.3988161112903226 0.16744158467741935 0.39025502096774195 0.1649162435483871 0.3710808411290323 0.17042747903225805 0.36294192258064517 0.1799915435483871 0.36011210725806453 0.19138756693548387 0.39893380887096774 0.18236592338709678
1 0.5337441072580645 0.16071243709677419 0.5346856725806451 0.15301359677419354 0.5226192927419354 0.14254123064516128 0.5000242588709677 0.14252332338709678 0.4919979185483871 0.15531122903225808 0.4966699314516129 0.16200709596774193 0.5051465870967742 0.1621145556451613 0.5337441072580645 0.16071243709677419
1 0.20051408629032258 0.47374236370967737 0.20236907177419355 0.4575387225806452 0.2091723991935484 0.44439005403225806 0.20744278064516128 0.4295220048387097 0.18743449596774195 0.4342554258064516 0.16720617177419356 0.44424166129032255 0.16518231693548388 0.45560954032258066 0.16761043548387097 0.47892610080645165 0.20051408629032258 0.47374236370967737
1 0.8763873330645162 0.5909519346774194 0.8818550677419354 0.5742186620967742 0.8803071064516128 0.5298908435483871 0.8766892387096774 0.5187199774193548 0.869683779032258 0.5145264258064517 0.8576788080645161 0.5173664782258065 0.8473471661290323 0.5334626596774193 0.8463365233870968 0.573845110483871 0.8521010620967742 0.6002729338709677 0.8763873330645162 0.5909519346774194
1 0.8461241532258065 0.5331018959677419 0.8568728483870968 0.5173946233870969 0.8683200427419354 0.5101358612903226 0.8654697524193549 0.47472989596774195 0.8590681217741936 0.45316597983870965 0.8495552290322581 0.43493848387096773 0.8360457975806452 0.42935817016129035 0.8269039048387097 0.4333086564516129 0.8221346701612904 0.45849044032258063 0.8244323024193548 0.5011781935483871 0.8314147354838709 0.5162662822580646 0.8336458403225806 0.5339411201612904 0.8461241532258065 0.5331018959677419
1 0.8748674991935483 0.42033652580645164 0.8753075774193548 0.40983089677419354 0.8678466830645162 0.38104148225806456 0.8566374354838711 0.3604523951612903 0.8388167548387097 0.3469532016129032 0.838409939516129 0.36996528870967743 0.8432559395161291 0.39319741451612905 0.8528814112903226 0.4146487516129032 0.8583030943548386 0.4197045532258064 0.8700598814516128 0.42131135483870963 0.8748674991935483 0.42033652580645164
1 0.9134461524193548 0.5545557838709677 0.9148610596774193 0.5488577725806452 0.9143160717741936 0.5101435306451613 0.9090299935483872 0.4974170338709677 0.9003281798387096 0.4908618911290322 0.8936886024193548 0.4971458241935484 0.8927905379032258 0.5407521169354839 0.8950216435483871 0.5584269548387097 0.9032782596774193 0.5637872298387097 0.9134461524193548 0.5545557838709677
1 0.9271270032258065 0.5072753338709678 0.9289819887096774 0.49107169274193546 0.9238826862903226 0.46058592338709675 0.9125659782258064 0.44847349193548386 0.9085694395161291 0.4611206733870968 0.9102197427419355 0.485271339516129 0.9140909137096774 0.5036958483870968 0.9183177290322581 0.5091968467741935 0.9271270032258065 0.5072753338709678
1 0.9475932733870968 0.46944125000000003 0.9471429572580645 0.45654588387096773 0.9423532475806452 0.43492567822580647 0.9343729596774194 0.42592450967741935 0.9309009338709678 0.43048394274193547 0.9305171451612902 0.44260149274193544 0.9403959201612903 0.4713064733870968 0.9475932733870968 0.46944125000000003
1 0.9319781387096775 0.669301508064516 0.9402526620967743 0.6520667483870968 0.9458278580645162 0.6268568193548387 0.9462679362903226 0.6163511903225807 0.9433767129032258 0.6144347959677419 0.933654018548387 0.6248611096774194 0.9264387572580646 0.6493213677419355 0.9240592588709676 0.6736127572580645 0.9319781387096775 0.669301508064516
1 0.9130316846774194 0.7506574508064516 0.9338075475806451 0.7216889298387097 0.9357751120967742 0.7087091306451613 0.9326305862903226 0.6995390927419355 0.9244072330645162 0.7066852758064517 0.9152704596774193 0.7223362596774193 0.9071366596774193 0.7436008209677419 0.9066965806451613 0.75410645 0.9130316846774194 0.7506574508064516
1 0.8759447201612902 0.7862476411290323 0.9003051879032259 0.755943529032258 0.9061618306451613 0.7387932032258064 0.9061285669354838 0.7262867459677419 0.8955717669354838 0.7359352443548387 0.8809902838709678 0.7574249629032258 0.867580643548387 0.7893640225806451 0.8759447201612902 0.7862476411290323
1 0.5023424 0.4862001677419355 0.5594248612903225 0.48017208790322585 0.5731824766129032 0.4813055483870968 0.5830791588709677 0.4874154935483871 0.5899157491935484 0.48677328306451617 0.5920521822580646 0.47862924516129035 0.5900078532258064 0.44319513467741933 0.5751525919354838 0.41062922177419353 0.5729496314516129 0.3937603443548387 0.5656908701612904 0.3823131491935484 0.5615766338709677 0.3800359919354839 0.4963219903225806 0.3831216774193548 0.4891527814516129 0.3857928612903226 0.479847139516129 0.3966080830645161 0.47262164112903227 0.39766734596774195 0.46753769516129035 0.4022830693548387 0.47532096935483875 0.4056425153225806 0.4766565612903226 0.4092271201612903 0.4801260362903225 0.4623642129032258 0.48338825967741933 0.48645858870967745 0.4867809701612903 0.49118177177419353 0.5023424 0.4862001677419355
1 0.3814304072580645 0.258829814516129 0.3911300766129032 0.2592980379032258 0.3960451540322581 0.24984655322580646 0.3953696798387097 0.23050350483870968 0.391892535483871 0.22336244032258065 0.3776052887096774 0.21861623145161294 0.3616268056451613 0.22320892822580643 0.3490128870967742 0.23171884758064515 0.34084582419354836 0.24047695161290322 0.3367136806451613 0.26079482822580646 0.33788552258064514 0.27124416854838707 0.3814304072580645 0.258829814516129
1 0.30356696532258065 0.2821259169354839 0.3117007653225806 0.2608613556451613 0.3122815677419355 0.25438552822580646 0.3027737927419355 0.24785852983870968 0.2757088782258065 0.2584869758064516 0.2714308927419355 0.26307455403225805 0.2719886693548387 0.2674932629032258 0.29327625645161287 0.2647325266129032 0.2916182838709677 0.28657788951612906 0.29406430967741937 0.28729941612903226 0.30356696532258065 0.2821259169354839
1 0.7662137967741935 0.3244733137096774 0.7806878193548388 0.3114602508064516 0.7744550572580645 0.29473209677419354 0.7547128637096774 0.27242362903225803 0.7375343935483871 0.2657610258064516 0.7255012774193548 0.2677951177419355 0.7245315677419355 0.27468799758064516 0.7317110137096774 0.29541780887096775 0.7445603274193549 0.31675656612903225 0.7617669427419355 0.32422512983870966 0.7662137967741935 0.3244733137096774
1 0.8116622870967741 0.34346326935483873 0.7963950927419354 0.3222089451612903 0.777965464516129 0.31437961854838714 0.7700465846774194 0.31869086774193545 0.7676338225806452 0.33047579919354836 0.7833794782258064 0.36543144919354836 0.7966356064516129 0.36375812016129033 0.8157586161290323 0.36833546048387095 0.8116622870967741 0.34346326935483873
1 0.8252970854838709 0.3179718927419355 0.8216510733870969 0.30599506693548384 0.8054653387096774 0.28154504596774194 0.7925367096774194 0.2694889048387097 0.7795287653225806 0.26671537903225806 0.7776405161290322 0.2704125629032258 0.7813146733870968 0.2831953491935484 0.7967788814516129 0.3100913951612903 0.8205739024193548 0.32136460241935483 0.8252970854838709 0.3179718927419355
1 0.8672223798387098 0.3516098572580645 0.8682765241935484 0.34713485887096773 0.8602629725806451 0.3256272322580645 0.8425497524193548 0.30365138225806454 0.8339605177419355 0.3003200806451613 0.8321285572580644 0.30562918467741934 0.8393924379032257 0.3287768766129032 0.8470963975806451 0.34141893951612906 0.8619695653225806 0.3513898185483871 0.8672223798387098 0.3516098572580645
1 0.8232118403225807 0.44312090403225807 0.829598114516129 0.4295833282258064 0.8387400072580645 0.42563284193548384 0.8338377177419355 0.40078879516129035 0.8153697080645161 0.3687525129032258 0.7902160685483871 0.36478923870967744 0.7866596088709678 0.36693079112903226 0.7854698596774193 0.37907648548387096 0.7887602282258065 0.4039768217741936 0.8037280677419355 0.43976657661290325 0.8107616717741936 0.44476608870967743 0.8184323677419355 0.4449016935483871 0.8232118403225807 0.44312090403225807
1 0.7439820758064516 0.2655358677419355 0.7440613919354838 0.2562532508064516 0.7193427120967741 0.23008384999999998 0.7103364241935485 0.22636364032258066 0.6974692040322581 0.22761991693548386 0.6925259814516129 0.23626544112903228 0.6986180201612903 0.2489637935483871 0.7125214782258064 0.26582755241935485 0.7194706475806452 0.2684091830645161 0.7439820758064516 0.2655358677419355
1 0.6936927048387097 0.23501428387096773 0.6983033088709678 0.2283977322580645 0.7111986741935483 0.22794741612903224 0.7106408983870968 0.2235287072580645 0.6885371129032258 0.2029165935483871 0.6651079733870967 0.20212087096774195 0.6633885927419355 0.21065381693548388 0.6677842758064516 0.22099057741935485 0.6807129048387097 0.2330467185483871 0.6884398903225807 0.2347942443548387 0.6936927048387097 0.23501428387096773
1 0.7554471782258064 0.23568207096774194 0.7552220201612904 0.22923438870967744 0.741679325 0.21114761693548387 0.7254424201612903 0.19678617338709678 0.7157146064516129 0.19551198951612903 0.7139670806451612 0.2032389741935484 0.7234799741935484 0.22146647016129034 0.7305698677419356 0.22807790241935483 0.7522233362903226 0.23579465 0.7554471782258064 0.23568207096774194
1 0.8036461677419355 0.25255861854838707 0.7892412225806452 0.23288807096774192 0.7788711983870968 0.22477729677419353 0.766612925 0.22036370564516128 0.7665898991935484 0.2312582427419355 0.7767961733870968 0.24623375241935486 0.8038994701612903 0.2598122612903226 0.8036461677419355 0.25255861854838707
1 0.7810639217741936 0.2182451798387097 0.7813121056451613 0.21379832499999998 0.7673805032258064 0.1961286064516129 0.7526199137096774 0.18938156854838709 0.7449773629032258 0.19005192419354838 0.7468707314516129 0.1980552379032258 0.759799360483871 0.2101113798387097 0.7766170669354839 0.21799699596774194 0.7810639217741936 0.2182451798387097
1 0.668331814516129 0.20200829193548386 0.6885652580645162 0.20372255403225809 0.6896475467741936 0.20005351532258064 0.6676000508064517 0.1810533233870968 0.6433086620967742 0.17867382419354838 0.6390025314516129 0.18245544193548385 0.6426203991935484 0.19362630806451614 0.6591617774193548 0.2051528177419355 0.668331814516129 0.20200829193548386
1 0.5192828725806451 0.1394299685483871 0.5218645032258065 0.1324807991935484 0.5081862032258064 0.12206472258064516 0.49290110161290324 0.12340543387096775 0.48862311612903225 0.1279930112903226 0.4880423137096774 0.1344688387096774 0.4979108508064516 0.1397728241935484 0.5192828725806451 0.1394299685483871
1 0.40317853145161286 0.1652718870967742 0.40748466129032257 0.1614902693548387 0.4079810298387097 0.1525965612903226 0.40342159677419354 0.14912453548387097 0.38338516693548386 0.1530519959677419 0.3743277088709677 0.1594203629032258 0.37538697177419356 0.16664586129032258 0.40317853145161286 0.1652718870967742