1 0.6669951979522185 0.13041154266211605 0.6638342090443686 0.13195573549488054 0.6540024402730376 0.14931086774744026 0.6542322380546075 0.15449584812286687 0.6920248924914676 0.16608961689419793 0.7001672627986348 0.16130583788395905 0.7516458438566553 0.23933876279863478 0.7675877781569966 0.25688550170648466 0.7729763566552901 0.25966549317406146 0.7809675281569965 0.25622230887372016 0.830773138225256 0.26482649317406143 0.8299587457337884 0.25278733873720133 0.797964085324232 0.19460134556313993 0.7690638063139932 0.15712907679180887 0.7433103071672355 0.14472091467576792 0.6919081049488054 0.12860535750853244 0.6880637192832764 0.12898635494880548 0.688142316552901 0.135511930887372 0.6774699556313993 0.13865271501706483 0.6669951979522185 0.13041154266211605
1 0.8767876587030716 0.5839045119453925 0.8949129982935154 0.5604250059726963 0.9157337372013651 0.5106395998293515 0.9163669539249147 0.45206062030716726 0.9077208037542662 0.40112400853242325 0.9041264197952219 0.39447343174061433 0.896891247440273 0.39121364163822525 0.8868034820819113 0.40120860068259384 0.8794231058020479 0.4136811518771331 0.8666459368600682 0.46437375682593857 0.8727942918088737 0.5302343122866894 0.8721288796928327 0.5722463540955631 0.8767876587030716 0.5839045119453925
1 0.930212954778157 0.2955920119453925 0.9220907875426622 0.28815923634812285 0.9125554232081912 0.28844143259385663 0.9382722909556314 0.3950662414675768 0.9428786715017065 0.40237401535836176 0.9542022354948806 0.38382948890784985 0.950930454778157 0.36228116808873717 0.930212954778157 0.2955920119453925
1 0.7364617030716724 0.826573954778157 0.7439206774744027 0.8206269795221843 0.7530952482935153 0.8042838438566553 0.7662332107508532 0.769652178327645 0.7565204470989761 0.7690997773037543 0.7057470255972695 0.8051888242320818 0.6571951988054607 0.8312103105802048 0.6450894368600683 0.8542826194539249 0.6455490315699659 0.8646525810580205 0.6572595870307167 0.8643441860068259 0.69590104778157 0.8491522559726963 0.7364617030716724 0.826573954778157
1 0.5530719624573379 0.9117867730375426 0.5584807448805461 0.9023502107508532 0.5567329539249147 0.8961794325938566 0.5456009982935154 0.8889502559726963 0.5332070443686008 0.8880954556313994 0.4774140511945392 0.8964654052901024 0.4581659232081911 0.8961951996587031 0.44286697866894204 0.9042447645051195 0.46300809641638224 0.9230797005119453 0.5181962901023891 0.9200721305460751 0.5530719624573379 0.9117867730375426
1 0.08564504778156996 0.5204702841296929 0.08489504351535836 0.5415650042662117 0.09303519539249147 0.5921730170648465 0.11269651450511947 0.6128545460750854 0.13432343259385665 0.6161083412969284 0.15293456655290102 0.6051739889078498 0.15282976962457337 0.5964732209897611 0.1441754052901024 0.5865366552901025 0.14110722354948807 0.5679981237201365 0.12090771160409555 0.5304210580204778 0.11517854351535835 0.49936357252559727 0.11044716296928328 0.49557158532423207 0.10078679778156997 0.49936956825938567 0.09052163310580204 0.5085299300341297 0.08564504778156996 0.5204702841296929
1 0.119026045221843 0.7493332363481229 0.1126052662116041 0.7581126015358362 0.11301246245733788 0.7641321791808874 0.14335213822525597 0.7960646689419796 0.151776704778157 0.8008162542662116 0.1559496894197952 0.7999292593856656 0.1554174923208191 0.797425468430034 0.119026045221843 0.7493332363481229
1 0.1075535 0.7138265656996587 0.10545091040955631 0.7059865947098977 0.08362860836177474 0.6587229641638226 0.07603863822525597 0.6537939803754266 0.07331104522184301 0.6635329428327645 0.07478263651877133 0.6745601023890785 0.08356799658703072 0.6953726271331058 0.09652634129692833 0.7152981561433447 0.10376151279863481 0.7185579470989761 0.1075535 0.7138265656996587
1 0.09685494027303755 0.7147921587030717 0.07906041723549488 0.6823738745733788 0.07516363395904437 0.6784044880546075 0.06997865273037543 0.6786342849829351 0.07010964846416383 0.6895102440273038 0.07935460324232083 0.7206927303754266 0.09479054010238909 0.7379108711604095 0.10037672184300342 0.7293089052901024 0.09685494027303755 0.7147921587030717
3 0 0.552552116894198 0.0257390204778157 0.6736446885665529 0.02822260750853242 0.6853290460750854 0.029234603242320818 0.6859862440273037 0.042954942832764506 0.713600545221843 0.06891803498293515 0.7434102414675767 0.07583881655290102 0.7205677295221843 0.06544487542662115 0.663460340443686 0.06928326535836177 0.6486875972696245 0.06621508361774744 0.6301490656996588 0.0696260733788396 0.6215732994880546 0.06776749061433447 0.5923100085324232 0.07500488054607508 0.5401780059726963 0.07998026791808874 0.5225466740614335 0.08966083703071671 0.5065321373720136 0.08424605887372014 0.5015769539249147 0.10680859385665528 0.4435705793515359 0.1124209752559727 0.4371438054607508 0.13111292491467577 0.37734323634812283 0.13044373720136518 0.3495717397610922 0.13887052218430032 0.2989315324232082 0.13742513054607508 0.2900795656996587 0.1354011390784983 0.2887651697952218 0.1268051680887372 0.29757073378839594 0.11318141211604096 0.3196572465870307 0.09930165870307167 0.3343835861774744 0.10269244453924915 0.3380243737201365 0.09803966126279864 0.3407579624573379 0.1002934505119454 0.3472573387372013 0.08315990273037543 0.38361059641638223 0.05013082337883959 0.39237575255972695 0.04629243344709898 0.4071484957337884 0.04115385580204778 0.397336930887372 0.0322232909556314 0.3922567465870307 0.030469504266211606 0.37169422354948806 0.025560724402730377 0.3670676390784983 0.01588015529010239 0.3830821757679181 0.008243782423208192 0.3881945537542662 0 0.4071199112627987 0 0.4687158822525597 0.0018005810580204778 0.4645822653583618 0.013255140784982935 0.45691369795221837 0.019655715017064847 0.4603508873720137 0.019228314846416385 0.4665478634812286 0 0.4876349607508533 0 0.552552116894198
3 0.3520541936860068 0.08918859129692833 0.33321326194539247 0.0949379633105802 0.3129329343003413 0.10622711433447099 0.30762295307167237 0.10997269795221842 0.3027463668941979 0.12191305204778156 0.3100339377133106 0.12952322610921502 0.33841023293515354 0.12349165784982935 0.3525781766211604 0.13269242832764505 0.3671211228668942 0.13134583788395904 0.4419526501706485 0.10584455887372014 0.4688573549488054 0.0887858319112628 0.4916938720136519 0.08131486774744028 0.5570948319112627 0.06479655204778156 0.6055538523890786 0.058857790102389076 0.6253341774744028 0.0616317866894198 0.6381555307167235 0.056289610921501705 0.6432155110921501 0.059575600682593856 0.6553796672354949 0.05524542064846416 0.6594276510238908 0.05787421245733788 0.6627660383959044 0.057164616040955636 0.6633708378839591 0.051802236348122865 0.6492028941979523 0.04260146587030717 0.6063764590443687 0.029896899317406144 0.5502488720136518 0.024381100682593856 0.5219975767918089 0.026896882252559727 0.4449122593856656 0.045898784982935155 0.39709023293515355 0.06304210409556314 0.3599929658703072 0.08139502303754266 0.3520541936860068 0.08918859129692833
2 0.1543111322525597 0.6916756646757679 0.1303518276450512 0.6753969172354949 0.12600144368600683 0.6754493156996586 0.12380604778156996 0.6876920691126279 0.14415076450511946 0.7095367943686007 0.15657091638225257 0.7125667866894199 0.16248569795221843 0.7034588233788396 0.1543111322525597 0.6916756646757679
1 0.9149448822525597 0.6813427593856656 0.900861531569966 0.6930593105802048 0.8833933890784984 0.7155268208191127 0.8540492824232081 0.7662516203071673 0.8529646843003413 0.773460593003413 0.8558494718430034 0.7767727815699659 0.8796657901023891 0.7533920776450511 0.8954647389078498 0.7312793651877133 0.9149448822525597 0.6813427593856656
1 0.963295329351536 0.5969196919795222 0.9549553549488055 0.6130854291808874 0.9337132116040955 0.6834595580204778 0.9415269837883958 0.6791817764505119 0.9602047244027303 0.6459895076791808 0.9706352977815701 0.60888025 0.970629302901024 0.5944885042662117 0.963295329351536 0.5969196919795222