1 0.4029294416809605 0.8178008224699829 0.4147422855917667 0.8154863138936534 0.4475527538593482 0.7941762229845626 0.5451630909090909 0.7165215866209262 0.6041087967409948 0.6617599159519726 0.6118448490566039 0.6508732015437393 0.6108443739279589 0.6462436397941681 0.5723155257289879 0.6069066329331047 0.5585911629502573 0.6077276998284734 0.47128514150943396 0.6918937873070325 0.413519319897084 0.7421902186963979 0.36205591080617494 0.7804798542024013 0.35986046397941684 0.7872299734133791 0.3965526826758147 0.8151274957118354 0.4029294416809605 0.8178008224699829
1 0.4160790334476844 0.47098884991423673 0.43184906346483704 0.4833097478559177 0.46011885677530023 0.4953919785591766 0.4892248036020583 0.5142841320754717 0.4995442058319039 0.513881142367067 0.5222884811320755 0.5231855265866209 0.5334591234991424 0.5226780180102917 0.5446001372212693 0.5113732272727273 0.5497377521440824 0.4969172298456261 0.5489614022298456 0.4870757066895369 0.542973090909091 0.47701005917667233 0.5144495437392795 0.4593425068610634 0.5039211029159519 0.45804301629502575 0.44972619897084054 0.4318625162950257 0.43589731646655233 0.4318323421955403 0.42854971183533447 0.4353267358490566 0.41451124614065177 0.4582202461406518 0.4160790334476844 0.47098884991423673
1 0.611968269296741 0.4724268473413379 0.6205851912521442 0.4722328962264151 0.630337281303602 0.46369086449399655 0.6367593010291596 0.44562086706689535 0.634818152658662 0.4333301432246998 0.6300991586620925 0.4265649373927959 0.5984992941680961 0.40495474099485423 0.5344181518010291 0.3756677512864494 0.5174978653516296 0.37860937478559176 0.5049528421955404 0.39959136620926244 0.5048181492281304 0.41256900857632933 0.5132556612349914 0.421469858490566 0.611968269296741 0.4724268473413379
1 0.36161746740994855 0.3476328113207547 0.3732961638078902 0.3336697804459691 0.3773584133790738 0.3245302632933105 0.3761488996569468 0.3181982204116638 0.36382854631217837 0.30934208662092627 0.2987614699828473 0.29313725814751285 0.2870531449399657 0.2963030068610635 0.2692810737564323 0.3239753138936535 0.2774050283018868 0.33032244339622646 0.31439626243567753 0.3430619631217839 0.3508649013722127 0.351545281303602 0.36161746740994855 0.3476328113207547
1 0.2472856989708405 0.21521051114922812 0.25063085677530017 0.21782403516295026 0.29105722641509435 0.21631659519725557 0.30139171526586617 0.20899916466552315 0.3046027246998285 0.19996416638078904 0.2639673173241852 0.19976912521440823 0.2472856989708405 0.21521051114922812
1 0.14743465351629503 0.3203585909090909 0.12946917581475129 0.31478781132075473 0.08203893310463123 0.30851448284734134 0.07142051543739279 0.32407547512864493 0.06862758233276157 0.3365154339622642 0.11129357032590052 0.3567668807890223 0.12798973156089194 0.359037218696398 0.1436261586620926 0.3350834296740995 0.14743465351629503 0.3203585909090909
1 0.06977838336192109 0.29662674785591764 0.07972442452830189 0.29670163807890226 0.0903724716981132 0.2919379279588336 0.10173761063464837 0.2754211758147513 0.10158837478559177 0.2706870951972556 0.08115860891938251 0.2731955548885077 0.06977838336192109 0.29662674785591764
1 0.784515744425386 0.47025030102915955 0.7882046337907376 0.46158866295025736 0.7875478893653517 0.4456839391080617 0.7317706560891939 0.38902311234991427 0.7256627384219554 0.3850206655231561 0.7199130951972555 0.3874547804459691 0.7149398018867925 0.39973041766723844 0.7180904639794169 0.4183531843910806 0.7532445240137221 0.44427938421955404 0.7802595428816467 0.470772897084048 0.784515744425386 0.47025030102915955
1 0.8825128936535163 0.45908183790737567 0.8706111620926243 0.4290045 0.8601128953687821 0.41387612607204116 0.8553788138936536 0.4140253619210978 0.8554978756432248 0.43258832504288164 0.877360191252144 0.48045227615780445 0.8807651526586621 0.4800341998284734 0.8844540420240137 0.4713725617495712 0.8825128936535163 0.45908183790737567
1 0.7790247581475128 0.25663425471698115 0.7712590763293311 0.2567236869639794 0.8071291397941681 0.32014917495711837 0.8166420180102917 0.32373354545454547 0.8175083447684391 0.31671458490566035 0.7883135111492281 0.2654305857632933 0.7790247581475128 0.25663425471698115
1 0.45355686449399657 0.09008309519725557 0.45210813807890227 0.09587745454545454 0.47194041852487134 0.09905883533447685 0.47924330703259005 0.09168160120068611 0.48122971612349913 0.08322900171526587 0.4621888730703259 0.08297470240137221 0.45355686449399657 0.09008309519725557
1 0.49553593396226414 0.10825870068610635 0.5128742967409948 0.10872203859348199 0.5163094313893654 0.09447507890222985 0.4944013096054889 0.0919806166380789 0.4877255360205832 0.10446529245283019 0.49553593396226414 0.10825870068610635
1 0.567876269296741 0.10628901372212693 0.5660245540308748 0.10176397084048028 0.555451397084048 0.09658163893653517 0.5461922727272727 0.09858259005145797 0.5426079030874786 0.10809546826758147 0.5479690986277873 0.11305367495711835 0.562111538593482 0.11563756946826757 0.5684435814751286 0.11442805574614065 0.567876269296741 0.10628901372212693
1 0.6036132735849057 0.1088136500857633 0.592666756432247 0.10410919811320754 0.589097473413379 0.1067076346483705 0.5886939382504288 0.12101439708404803 0.6076151758147512 0.12733189708404802 0.6118713773584906 0.12680930188679246 0.6120955025728988 0.12159734048027444 0.6036132735849057 0.1088136500857633
1 0.6008806886792453 0.09359584391080618 0.5937572092624357 0.0918782770154374 0.5884854451114923 0.09468575214408233 0.5895306363636365 0.10319815437392796 0.6043599948542024 0.10785789022298456 0.6097362778730703 0.10590165523156089 0.6085267641509433 0.09956961320754718 0.6008806886792453 0.09359584391080618
1 0.554958975128645 0.07849655488850772 0.5499560523156088 0.07997491080617496 0.5475515668953688 0.08502254888507718 0.551210282161235 0.09018979331046312 0.5636502418524871 0.09298272641509435 0.5691310445969125 0.09187773156089193 0.5685637324185249 0.08373868953687821 0.554958975128645 0.07849655488850772
1 0.5081111312178388 0.07344782675814751 0.5086337272727273 0.07770402830188679 0.5292127289879932 0.07992964922813035 0.5325729734133791 0.07562873241852487 0.5315724982847342 0.07099916981132076 0.5139205780445969 0.06798211149228131 0.5081111312178388 0.07344782675814751
1 0.47797453516295024 0.0637549948542024 0.4705671269296741 0.07028098885077187 0.4702384828473414 0.07464170926243568 0.48145384133790736 0.0780170411663808 0.4908174845626072 0.07686733018867925 0.49662693138936537 0.07140161492281304 0.49637317667238423 0.06581629331046313 0.47797453516295024 0.0637549948542024
1 0.5868131389365351 0.08106590737564322 0.5875447727272728 0.08702458919382504 0.5972666895368782 0.09231143996569467 0.6076906106346485 0.09275969125214407 0.6070634957118354 0.08765224957118353 0.5993129013722127 0.08082724013722127 0.5868131389365351 0.08106590737564322
1 0.32537496569468266 0.9180510437392796 0.31363810034305317 0.8611671809605489 0.2838301492281303 0.84711362864494 0.26798522898799315 0.8447387718696399 0.2673726560891938 0.8573430540308749 0.2885178799313894 0.9169600463121784 0.29930007461406516 0.9238448584905661 0.32524027272727274 0.9310286861063465 0.32537496569468266 0.9180510437392796
1 0.5551796638078902 0.9036597521440823 0.5477426269296741 0.8993884639794167 0.5266706586620926 0.903703923670669 0.5216079331046312 0.9082138790737564 0.5107055866209262 0.9320184331046312 0.5191581861063465 0.9340048421955403 0.5318222710120069 0.9315858138936535 0.5503706929674099 0.9137550291595198 0.5551796638078902 0.9036597521440823
1 0.5918875145797599 0.9000166689536877 0.5801791895368782 0.9031824176672385 0.5617800025728988 0.9257472830188679 0.5608091560891938 0.9319150034305318 0.567454756432247 0.9332592101200686 0.5822544854202402 0.9271216638078902 0.602520474271012 0.9021673996569467 0.5918875145797599 0.9000166689536877
1 0.6187834716981132 0.9079472169811321 0.5957994399656946 0.9353953996569467 0.6149000857632932 0.9326180977701545 0.6360022281303602 0.9144737555746142 0.642304641509434 0.902466959691252 0.6310294802744426 0.9021232281303603 0.6187834716981132 0.9079472169811321
1 0.5909306655231561 0.9485222770154375 0.5715611775300171 0.9526286981132075 0.5558951217838766 0.9657852049742711 0.5543418765008576 0.9707283241852487 0.574398282161235 0.9686977444253858 0.5910200977701543 0.9562879588336193 0.5937979433962264 0.9507624399656948 0.5909306655231561 0.9485222770154375
1 0.5409014408233277 0.9633058293310462 0.5500560454545455 0.9604536380789023 0.5667974674099485 0.9419806518010291 0.5436049416809605 0.9431001878216124 0.5273413996569468 0.9619465351629503 0.5409014408233277 0.9633058293310462
1 0.48116538679245285 0.965888090051458 0.49887711063464835 0.9658735471698113 0.5148718113207548 0.948356319897084 0.5110487735849056 0.9453694356775301 0.49232148799313896 0.9476688576329332 0.48116538679245285 0.965888090051458
1 0.48694465951972554 0.9742512572898799 0.46790381646655227 0.9739969579759862 0.4609144854202401 0.9839279125214407 0.47873072727272725 0.9847646106346483 0.48694465951972554 0.9742512572898799
1 0.44780215008576324 0.9967708619210978 0.45199854802744427 0.9992798670668954 0.46742539193825045 0.9982497615780446 0.4740860789022298 0.9926795274442538 0.47404136277873066 0.9887966869639794 0.4558517598627787 0.9884378687821613 0.44780215008576324 0.9967708619210978
1 0.49994968096054887 1 0.5072246457975986 0.9916348807890223 0.49073752401372217 0.991067024013722 0.48189647684391085 0.9964729365351629 0.4811830566037736 1 0.49994968096054887 1
1 0.5317317495711835 0.973072462264151 0.5152446269296741 0.9725046054888508 0.5017589313893653 0.9858254339622641 0.5169169339622641 0.986124449399657 0.5317317495711835 0.973072462264151
1 0.5312236955403088 0.9865279837049743 0.5345688542024014 0.9891415077186964 0.5455304579759863 0.9869315188679244 0.555864947684391 0.9796140874785592 0.5562981114922813 0.9761046072041166 0.540020026586621 0.977239230703259 0.5312236955403088 0.9865279837049743
1 0.5305813113207547 1 0.534120602915952 0.9995654296740994 0.5389144871355059 0.9963845934819896 0.5392431320754717 0.9920238730703259 0.5211580480274443 0.9925162950257289 0.5134717401372212 1 0.5305813113207547 1
3 0.14693296998284736 0.7209183061749571 0.14578325986277874 0.7115546638078902 0.14963647084048026 0.7007126655231561 0.14351401200686106 0.6789984948542025 0.14239447512864495 0.6558059691252144 0.12911945197255575 0.5969507847341338 0.10979740394511149 0.4818092238421955 0.10262975300171527 0.4515826509433963 0.0935204090909091 0.4336915180102916 0.09749431646655231 0.3675339897084048 0.09032612092624356 0.36193358147512866 0.08521867924528302 0.3625606963979417 0.0691345463121784 0.3723122418524872 0.06036838936535163 0.36777211234991425 0.05869608319039451 0.35415226758147517 0.05439516552315609 0.3507920231560892 0.03971504288164666 0.3508663679245283 0.030470461406518008 0.37057904202401376 0.029155883361921094 0.38802192452830186 0.023824316466552316 0.39386099999999996 0.017372122641509433 0.42575987993138936 0.01118822641509434 0.48095580360205836 0.009887645797598628 0.5407365737564322 0.02086215780445969 0.6301168018867924 0.0438736397941681 0.7119705608919383 0.08060948542024014 0.7930032530017153 0.13351889536878217 0.8720500814751286 0.1656709845626072 0.9087137607204115 0.21439962864493997 0.9537109785591766 0.2523762512864494 0.9779945017152659 0.2630092109777016 0.9801452324185249 0.26333785591766723 0.975784512006861 0.21207112264150943 0.8995602461406517 0.21314648799313893 0.8942437658662094 0.19407656089193825 0.8585660197255575 0.18148791080617496 0.8264128413379074 0.17929300857632932 0.8085367958833619 0.16754051114922813 0.783193538593482 0.1552061603773585 0.7319995171526587 0.14693296998284736 0.7209183061749571
3 0.17785953687821612 0.1247985437392796 0.16625573070325902 0.1288155334476844 0.16389596054888508 0.137746012864494 0.15536847169811321 0.14570564579759865 0.15026103001715266 0.14633276072041165 0.1410762512864494 0.1630138344768439 0.13522208833619212 0.16459670840480273 0.11767414236706689 0.18705705574614065 0.1119094116638079 0.1964056114922813 0.11349228644939967 0.20225977358490566 0.1707942255574614 0.1939278704974271 0.1980640883361921 0.1767543739279588 0.22382542109777015 0.16840683876500856 0.2390583138936535 0.15875981217838767 0.28281529931389365 0.14215417324185248 0.3440453404802744 0.11303422898799313 0.44355210891938257 0.04378747598627787 0.44622543567753004 0.037410717838765005 0.3838758576329331 0.04333813636363636 0.3366244794168096 0.05259617066895369 0.2808456114922813 0.06981383704974271 0.22260245540308748 0.095110743567753 0.1983194768439108 0.10846120154373928 0.1938391500857633 0.11419575814751286 0.18223534391080617 0.11821274699828473 0.17785953687821612 0.1247985437392796
3 0.7742759674099485 0.921689936535163 0.7690192907375644 0.9175829708404802 0.7781140917667239 0.9177623799313893 0.7903751869639793 0.9050239493996568 0.8220063147512865 0.8635529339622642 0.8280996903945111 0.8498436569468267 0.8224098499142367 0.8492461715265867 0.819094320754717 0.8574299296740995 0.8124487204116638 0.8560857221269297 0.8145843653516296 0.852367204116638 0.8207073687821612 0.8494552092624357 0.8531746500857633 0.8147941157804459 0.8735904193825044 0.7699477675814751 0.8773391114922813 0.7582545291595197 0.8763537229845626 0.746710525728988 0.8741286466552316 0.7426633627787307 0.8655117246998285 0.7428573147512865 0.8584625909090909 0.7558198696397942 0.8499501878216124 0.7568650617495712 0.8218290849056603 0.7741430763293311 0.8106282684391081 0.7884794674099486 0.7983822607204116 0.7943034562607204 0.7734419931389365 0.8163753559176673 0.7301321689536878 0.8718094022298456 0.6625393670668953 0.9405939073756433 0.6121362375643224 0.9804815042881647 0.5935730154373928 0.9922655909090909 0.6762390351629503 0.9821154802744425 0.7147182332761578 0.9644297246998286 0.7742759674099485 0.921689936535163