1 0.5411856314516129 0.7234294338709678 0.5607671830645161 0.7196103088709678 0.5708516919354838 0.7043914282258065 0.5723323411290322 0.6915480919354838 0.5683865975806452 0.6743825790322581 0.5466319709677419 0.6272116419354838 0.5350987459677419 0.6084371483870968 0.5122906717741936 0.5890717653225807 0.5107187612903226 0.5728382185483871 0.5049107983870967 0.568092264516129 0.43226079677419355 0.5675150733870968 0.4197163298387097 0.5757407870967742 0.3945395596774194 0.5784591201612903 0.3853870169354839 0.5913041685483871 0.3750122 0.6351761564516128 0.3877779717741936 0.6689550741935484 0.40371778629032257 0.6806924822580646 0.4185568096774194 0.6980251080645161 0.4300056217741935 0.7184102943548387 0.4584054895161291 0.7235326814516129 0.5411856314516129 0.7234294338709678
1 0.2838169717741935 0.5338935951612903 0.29152764758064514 0.5177427483870968 0.2897732129032258 0.44335543467741934 0.2976544274193549 0.431655095967742 0.28425898306451614 0.4253001620967742 0.27246395887096775 0.3729982774193548 0.2661460943548387 0.3625726927419355 0.2613562225806451 0.3615141080645161 0.21808197338709678 0.3705520177419355 0.21079336209677418 0.3786494 0.1960085306451613 0.41421468548387097 0.19135897580645161 0.4721152137096774 0.19776981370967742 0.5192895750000001 0.20268801774193548 0.525604014516129 0.23189323225806455 0.5307686080645161 0.2838169717741935 0.5338935951612903
1 0.3479149935483871 0.38946965322580646 0.3723286241935484 0.38590376693548384 0.37699016451612904 0.38170649677419355 0.38189980725806455 0.3496614669354839 0.37795063870967743 0.31715216612903224 0.36141308548387097 0.2860020314516129 0.3477644032258065 0.28447917580645166 0.31186489112903226 0.29148090403225807 0.28728414677419356 0.3059400693548387 0.27796449032258064 0.32967839758064515 0.27381798870967744 0.3625709806451613 0.27975770725806454 0.3879165766129032 0.2892530379032258 0.391644439516129 0.3479149935483871 0.38946965322580646
1 0.3118089862903226 0.23091109838709678 0.3213413870967742 0.21081793306451613 0.3226110048387097 0.20200132903225806 0.3197272701612903 0.1953897322580645 0.30972375 0.19365413225806452 0.28094573629032255 0.20345175725806453 0.2623012862903226 0.2279127306451613 0.259505389516129 0.2350342290322581 0.2605673991935484 0.2455881451612903 0.3118089862903226 0.23091109838709678
1 0.2177694064516129 0.2994705024193548 0.239765285483871 0.2881061032258065 0.24705218467741938 0.2723368266129032 0.2513287306451613 0.2523719919354839 0.24852769677419356 0.23647780887096775 0.24051643951612903 0.23525039838709677 0.2247927935483871 0.24250194032258066 0.20907086048387097 0.25742537580645164 0.19441264838709676 0.29057462258064515 0.1952214193548387 0.3059606169354839 0.2177694064516129 0.2994705024193548
1 0.16154634838709678 0.5941092266129032 0.14525004758064516 0.5044237556451613 0.13944208548387096 0.49967780241935483 0.12579340322580645 0.49815494677419353 0.11774165080645162 0.5054047766129032 0.11520584193548387 0.5383817725806451 0.12365286129032257 0.592930870967742 0.12857106451612904 0.599245310483871 0.16061780725806452 0.6118268467741935 0.16154634838709678 0.5941092266129032
1 0.14855070967741935 0.4799662064516129 0.1516015572580645 0.47568452338709677 0.157985 0.4001085814516129 0.15772148790322582 0.35890929596774196 0.15424515161290323 0.3559006548387097 0.1347902185483871 0.35730373951612904 0.13004426532258065 0.36311170241935486 0.12623541451612905 0.389561514516129 0.11746786612903226 0.4181741274193549 0.11430238467741936 0.4785751072580645 0.14855070967741935 0.4799662064516129
1 0.16306346774193547 0.3648421653225807 0.16788869677419355 0.33440782822580645 0.16538310806451612 0.3128762193548387 0.14504012822580645 0.32351968548387094 0.13309340080645163 0.3511581258064516 0.1346635991935484 0.35971977903225805 0.1461916870967742 0.35547859032258067 0.15505049758064515 0.3559428612903226 0.157809325 0.37264239112903225 0.16306346774193547 0.3648421653225807
1 0.16593350403225807 0.310078610483871 0.17622733225806453 0.28316110322580645 0.1758001314516129 0.268198885483871 0.16342449032258063 0.2732032137096774 0.1527456677419355 0.2843531564516129 0.14084114596774194 0.3111862508064516 0.1382597056451613 0.32962480483870965 0.16593350403225807 0.310078610483871
1 0.16427204354838712 0.2724400741935484 0.17626611451612903 0.26701196935483873 0.18541523306451613 0.23882313306451614 0.16850467096774194 0.24560869193548387 0.15439514274193547 0.26828843467741936 0.14884555483870968 0.28172608548387096 0.15016080241935484 0.28744792258064517 0.16427204354838712 0.2724400741935484
1 0.18995015403225807 0.23704190241935486 0.2015592306451613 0.21584623306451614 0.20054113951612904 0.21215886451612906 0.19486150887096776 0.21266876612903227 0.18180885322580645 0.2228867427419355 0.16863129032258065 0.24319265322580647 0.18995015403225807 0.23704190241935486
1 0.26534528467741936 0.19294347177419355 0.2735236564516129 0.18327760322580644 0.2756830322580645 0.17289251290322583 0.2681377572580645 0.17047818548387098 0.25160876532258064 0.17768752177419356 0.23160686129032257 0.19723200403225807 0.22953189838709676 0.20600640161290323 0.26534528467741936 0.19294347177419355
1 0.09400786048387097 0.3264981056451613 0.10154628629032258 0.2982248564516129 0.09667200161290322 0.298776964516129 0.08845142419354839 0.30924817983870967 0.07981049435483871 0.33544475322580647 0.08209991451612904 0.3379874120967742 0.09400786048387097 0.3264981056451613
1 0.4356522072580645 0.9496679056451613 0.43963502096774193 0.9430123903225807 0.3860515330645161 0.9099207604838709 0.32149377741935486 0.8936164983870968 0.3153903693548387 0.8945079701612904 0.32323451370967743 0.9066286604838709 0.3612614693548387 0.9360785524193549 0.37550446612903227 0.941670345967742 0.41594232338709675 0.9482311758064516 0.4356522072580645 0.9496679056451613
1 0.5145202499999999 0.8932343290322581 0.524056075 0.8884849516129033 0.5271052104838709 0.8765313741935483 0.5207451403225807 0.8669111362903226 0.5066709693548388 0.8580979572580645 0.43016306129032256 0.8540883475806452 0.4242672612903226 0.8356092991935484 0.4200277846774194 0.8317531048387097 0.40548934354838706 0.8317987354838711 0.3845098427419355 0.8391786088709677 0.3825614983870968 0.8455369677419355 0.38816014112903224 0.8619815467741935 0.41469950322580645 0.8871953870967743 0.45030528225806454 0.8935029774193549 0.5145202499999999 0.8932343290322581
1 0.567472354032258 0.9460780483870969 0.5896387709677419 0.9391641580645161 0.5929428572580645 0.9300503967741937 0.5719177258064516 0.9228918282258064 0.4996932120967742 0.929604960483871 0.49007297419354834 0.935965031451613 0.49100665241935487 0.9412630927419354 0.5083022088709678 0.9502450975806451 0.517542589516129 0.9511331443548388 0.567472354032258 0.9460780483870969
1 0.5860831580645162 0.9607818911290322 0.6229146362903225 0.9514063306451613 0.6325770806451613 0.9442409137096774 0.6321937983870968 0.9361452427419356 0.6148577475806452 0.9356404782258065 0.5731941911290322 0.9447628008064517 0.5536143516129033 0.9562538193548388 0.5546324419354839 0.9599411870967742 0.5605670241935484 0.9622711016129032 0.5860831580645162 0.9607818911290322
3 0.7267940483870967 0.9108195943548387 0.7467132516129033 0.9005576983870968 0.8015526580645161 0.8634575717741935 0.8019325161290323 0.8562094548387097 0.8106612822580646 0.8437459766129032 0.8030315951612903 0.8429423419354838 0.7980306911290322 0.845910489516129 0.7978179467741936 0.8422653274193549 0.8181170080645161 0.8247553137096775 0.824429735483871 0.8121652161290323 0.8276037774193548 0.7901237064516129 0.8214581637096774 0.7918205241935483 0.8135347435483872 0.8043262088709677 0.7910323870967743 0.8253547653225806 0.7908618491935484 0.8209042564516129 0.8002693435483871 0.8108990241935483 0.8088275717741935 0.7939850370967741 0.771278585483871 0.8170514870967741 0.7115261112903226 0.8708528556451614 0.7108490967741936 0.876066504032258 0.7205132532258064 0.8765729814516129 0.7231842435483871 0.8795394161290323 0.7138611620967742 0.8879339556451613 0.7215804 0.9101425790322581 0.7267940483870967 0.9108195943548387
3 0.6713038225806451 0.6906782798387097 0.6941050483870967 0.6793560879032259 0.7088898798387097 0.6437908024193548 0.7093438766129032 0.5889006282258065 0.7150640016129032 0.5799134862903226 0.7350710427419356 0.583384685483871 0.7380374774193549 0.5807136959677419 0.7437980967741935 0.5632493137096775 0.7453175282258064 0.5342568427419354 0.7375982911290323 0.5120482193548387 0.7350909895161291 0.48284471693548386 0.718896225 0.4682674935483871 0.7026997467741936 0.4460183758064516 0.6771819008064516 0.43983569274193546 0.6655237693548387 0.4311491322580645 0.6609888475806451 0.43293036290322584 0.6560318620967742 0.44276505725806453 0.6486149193548387 0.445606585483871 0.6406036612903225 0.44437917499999996 0.626230620967742 0.42585963225806445 0.6071133395161291 0.4208199459677419 0.5914319 0.4272661419354839 0.5572274935483871 0.43274159032258064 0.5555763064516129 0.44113441774193546 0.5420154620967742 0.4533446572580645 0.5398138790322581 0.4645350943548387 0.527185 0.4743715008064516 0.5216354120967742 0.48780915161290317 0.5149394024193549 0.4923035782258065 0.5129066459677419 0.5002726298387097 0.5222856306451613 0.5524478951612903 0.5371246540322581 0.5697805217741935 0.5490782306451613 0.5728296572580645 0.5638750475806452 0.5909676298387097 0.5765107758064516 0.6118187983870967 0.5974178491935483 0.6597528758064516 0.6006848661290323 0.674460143548387 0.6152706508064516 0.6966248475806451 0.622052785483871 0.6981916217741936 0.6713038225806451 0.6906782798387097
3 0.4739083427419355 0.2967430080645161 0.4946328927419355 0.2865233193548387 0.5164616580645162 0.2860521991935484 0.5369329693548387 0.2806645887096774 0.6036535258064517 0.30192754838709673 0.6083150661290323 0.29773027903225807 0.6085683048387096 0.2928982 0.600638035483871 0.2747163088709677 0.6017354024193549 0.2537773024193548 0.5899067330645161 0.24064023387096775 0.5695586161290322 0.2282680177419355 0.534714264516129 0.21513608548387098 0.5178441967741936 0.21344440403225806 0.5022893766129033 0.21747456129032258 0.4866045129032258 0.20857696854838711 0.46490236612903224 0.2066320491935484 0.4291294733870968 0.2112177379032258 0.38123760241935484 0.23131946451612903 0.36742180725806456 0.24068988870967742 0.36535026774193546 0.2648080741935484 0.3740419653225806 0.276165625 0.4047346774193548 0.29917445806451615 0.4739083427419355 0.2967430080645161
3 0.6992234104838709 0.4430097346774194 0.7003664080645161 0.4366091701612903 0.6896755999999999 0.39405585483870964 0.6702982306451613 0.36316067096774196 0.6557580766129032 0.35553440806451614 0.6535952758064516 0.350575710483871 0.6581473201612903 0.4255134193548388 0.6652283241935484 0.4367865572580645 0.6693394685483871 0.435386895967742 0.6771396943548388 0.44064103870967747 0.6926962266129032 0.4442827766129033 0.6992234104838709 0.4430097346774194
3 0.4886042241935484 0.4323754298387097 0.49381616048387095 0.42538055080645165 0.4966137693548387 0.4259309467741935 0.493265764516129 0.428178160483871 0.49508920161290326 0.431907735483871 0.5000901056451612 0.4289395879032258 0.5039480120967742 0.4323720056451613 0.5091177419354839 0.4261824733870968 0.513526043548387 0.4268172814516129 0.5101780387096774 0.42906449516129036 0.5120014758064516 0.4327940701612903 0.5146285475806451 0.42889395725806445 0.5209024927419355 0.4324529943548387 0.5244615298387098 0.4261790483870968 0.5296329717741936 0.4276614096774194 0.526242760483871 0.43071396935483874 0.527303058064516 0.43359599193548387 0.5323461685483871 0.4298224983870968 0.5353565217741936 0.43401805564516127 0.5403152193548387 0.4318552548387096 0.5433677790322581 0.43524546612903225 0.5530741427419354 0.43494659677419356 0.5929159741935485 0.4297665935483871 0.6094449661290323 0.4225572580645161 0.6174562233870967 0.4237846685483871 0.6291143556451613 0.43247122903225804 0.6340308467741935 0.43111377500000003 0.6361919346774194 0.42840057822580646 0.633083470967742 0.3644405612903226 0.6258285040322581 0.3333731274193548 0.6085734419354839 0.3159138822580645 0.5744078169354839 0.30524019596774193 0.5605024717741935 0.29320563064516125 0.5367641443548387 0.2838859741935484 0.49861741854838715 0.2875396975806451 0.4738661362903226 0.29754835483870967 0.41312750564516126 0.3008256443548387 0.40897586612903225 0.31070254596774194 0.4116485685483871 0.321340875 0.4508287951612903 0.3904215661290323 0.48250081693548386 0.4332669016129032 0.4886042241935484 0.4323754298387097
3 0.4307823725806452 0.21049680403225804 0.46736061209677415 0.20595332177419354 0.4905046258064516 0.21120403951612904 0.493471060483871 0.20853305 0.49439960161290325 0.19081542903225807 0.47612816048387097 0.17734070887096773 0.4511202161290322 0.1768376564516129 0.43844570564516133 0.17213562177419356 0.4231441241935484 0.1713337 0.3378686677419355 0.19593670322580645 0.34088073306451616 0.20780415483870965 0.3635216943548387 0.2380628177419355 0.4307823725806452 0.21049680403225804
3 0.9058278508064517 0.5071362653225806 0.9133679887096774 0.48653491048387093 0.9186238435483871 0.48640657903225804 0.925996868548387 0.4766985032258064 0.9244603153225808 0.4289720338709678 0.9031699596774193 0.3729422862903226 0.8955807661290323 0.3636614112903226 0.8851888266129032 0.33081445967741935 0.8664496903225806 0.3108547620967742 0.8630646161290322 0.33692300403225806 0.8767304209677419 0.4151647991935484 0.8738535354838709 0.4392407782258064 0.8766209241935483 0.49429977822580645 0.8813703016129032 0.5038356040322581 0.8903979379032257 0.5010784887096774 0.8967158024193549 0.5115040733870968 0.9058278508064517 0.5071362653225806
3 0.8751756322580645 0.47565019193548386 0.8770258661290322 0.4095273741935484 0.8669259467741937 0.35569920967741936 0.8626847580645162 0.34417112177419357 0.8531033024193548 0.3343820572580645 0.8522574612903226 0.3428170919354839 0.8434864887096775 0.3560859161290323 0.8396354314516129 0.3833410741935484 0.8462926588709677 0.3949957814516129 0.8502384024193548 0.4121612943548387 0.8532978112903224 0.4462390822580645 0.862160045967742 0.46204714032258065 0.8626277411290322 0.4685321185483871 0.8710644879032259 0.4770498524193549 0.8751756322580645 0.47565019193548386
3 0.8437887822580645 0.3811360677419355 0.8471721443548388 0.3473959314516129 0.8526373193548387 0.33556897419354836 0.8386441362903225 0.30980131370967745 0.8252469806451612 0.295774485483871 0.8217301499999999 0.30124308467741934 0.8114311846774194 0.30514490967741936 0.8099083290322581 0.3187935919354839 0.8033389387096774 0.3208719798387097 0.8080021911290323 0.32434660403225807 0.79727945 0.32862999919354835 0.8003320096774194 0.332020210483871 0.7999943580645161 0.3384629814516129 0.809109831451613 0.34943896209677416 0.8185241741935484 0.3701213056451613 0.8379825322580645 0.3840620080645161 0.8437887822580645 0.3811360677419355
3 0.8040615846774194 0.3301967733870968 0.8152503088709677 0.3247264620967742 0.8176224298387097 0.3179865338709677 0.8215225427419355 0.3206136048387097 0.8422488040322581 0.3180658096774194 0.8091771225806452 0.27110932903225804 0.7955267274193548 0.26191457983870964 0.7791260669354838 0.2743797701612903 0.7764602137096774 0.29442901693548384 0.8000787709677419 0.3368522887096774 0.8040615846774194 0.3301967733870968
3 0.7726445137096775 0.29019125322580647 0.7720079927419354 0.2869276612903226 0.7770511032258064 0.2831541677419355 0.7816687250000001 0.27209035000000004 0.7963742806451612 0.261151439516129 0.8045138693548387 0.26763470483870966 0.8012046467741935 0.25373278387096776 0.7858135153225807 0.23152587338709676 0.7483386677419355 0.20695026612903228 0.7394376508064516 0.20729134193548387 0.7346072846774194 0.21470999758064513 0.7358837508064516 0.23658096935483872 0.7584015169354839 0.28459945967741934 0.7625565806451613 0.29006634596774195 0.7693387153225807 0.29163312016129034 0.7726445137096775 0.29019125322580647
3 0.738130964516129 0.2399289741935484 0.738764060483871 0.22784877822580646 0.7421542717741936 0.2247962185483871 0.7420242282258065 0.21186846935483872 0.751094070967742 0.2083060080645161 0.7353652879032258 0.1925418677419355 0.7142962379032258 0.17851675241935483 0.7009007943548388 0.1721618185483871 0.6935260572580645 0.174198 0.6842891016129032 0.18865374112903227 0.6914140241935484 0.20679342580645163 0.7131635137096775 0.23094868145161293 0.7274909233870968 0.23492978225806452 0.7348673725806452 0.24056549516129033 0.738130964516129 0.2399289741935484
1 0.8304138854838711 0.46684386129032257 0.8321899790322581 0.4483631008064516 0.8290917887096775 0.43043444758064514 0.81323125 0.39407066532258067 0.8015714056451613 0.37771221129032256 0.7929658338709678 0.3724158620967742 0.7747383120967742 0.365807689516129 0.7626159096774193 0.36597993951612906 0.7590585846774194 0.37992577903225805 0.7649595217741936 0.42142050967741934 0.7855220943548388 0.4451097822580646 0.7900604403225806 0.458672339516129 0.7978606661290323 0.4639264822580645 0.8134171983870968 0.46756821935483867 0.8304138854838711 0.46684386129032257
1 0.6114788354838709 0.22965740483870967 0.6137243370967742 0.22533351532258067 0.6098630056451613 0.20655730967741934 0.5995589040322581 0.18744345322580644 0.585613064516129 0.18388612822580644 0.5757800822580645 0.1866010370967742 0.5734923741935484 0.19173027258064518 0.5760806637096774 0.20397929435483872 0.584814566935484 0.21453149758064513 0.6062651870967741 0.228980389516129 0.6114788354838709 0.22965740483870967
1 0.6673044 0.2430813572580645 0.6694654887096774 0.24036816048387094 0.6615352193548387 0.22218626935483868 0.635801204032258 0.19701463548387096 0.6216426201612903 0.18981214919354839 0.6184651532258064 0.19650987096774192 0.6186796096774194 0.20782692661290325 0.6270353677419355 0.23329914193548387 0.6620907516129032 0.24240434193548388 0.6673044 0.2430813572580645
2 0.6704260491935484 0.745950025 0.6872892685483871 0.7169541298387097 0.6828775419354839 0.7009755330645161 0.6750773161290322 0.6957213903225806 0.665668110483871 0.6980547290322581 0.6627878008064516 0.7067869201612903 0.6371501838709678 0.7337078516129032 0.6397384733870968 0.7459568733870968 0.6704260491935484 0.745950025
1 0.6406367935483871 0.7827478572580645 0.6491123217741935 0.7751164572580646 0.6651753314516129 0.7690940379032258 0.6708093314516129 0.7540456951612903 0.6721633612903226 0.7436183983870968 0.6695345782258065 0.7398466169354839 0.6407126451612903 0.7427776943548388 0.6169001782258065 0.7811000943548387 0.6296168951612904 0.7849967830645161 0.6406367935483871 0.7827478572580645