1 0.8599988322147651 0.5898139723154363 0.8671243976510068 0.5583083288590603 0.8668785914429531 0.5513947348993289 0.8588470771812081 0.5488299161073825 0.8445481409395973 0.5475059194630872 0.8341004706375839 0.5542907156040268 0.827297990771812 0.5862938674496645 0.8299798187919464 0.5958694244966443 0.8515411946308725 0.5953064261744967 0.8599988322147651 0.5898139723154363
1 0.7230928582214765 0.6589167273489932 0.7303810570469799 0.654891038590604 0.7426561258389262 0.6193339463087248 0.7397741149328859 0.612717677852349 0.7185615847315436 0.6116394882550336 0.7037393800335571 0.6127772734899329 0.6931172877516778 0.6203826627516779 0.6805706526845637 0.6511648565436241 0.6851909932885906 0.6637254622483222 0.6946178875838926 0.6597255327181208 0.7230928582214765 0.6589167273489932
1 0.6032545343959731 0.6497400033557047 0.6469005545302013 0.6461522265100671 0.6560558817114094 0.6373773984899329 0.663181447147651 0.6058717550335571 0.6602994370805368 0.5992554865771812 0.6489855486577182 0.5959929773489933 0.6263776375838926 0.6014795369127517 0.6181717013422819 0.5997353112416107 0.6038668699664429 0.6125615889261745 0.5968185838926174 0.6376511459731543 0.5991773263422819 0.6467291954697987 0.6032545343959731 0.6497400033557047
1 0.5893935109060402 0.6120581862416107 0.5971652474832214 0.5815475587248322 0.5922932046979866 0.5762236333892617 0.5811537390939597 0.5721405302013423 0.5469346132550336 0.5717283766778524 0.5382510343959732 0.5823188145973154 0.5329153187919463 0.6154914052013423 0.5364692600671142 0.6209639941275168 0.5840438255033558 0.6190689236577182 0.5893935109060402 0.6120581862416107
1 0.5276208657718121 0.5496120788590604 0.546494519295302 0.553623797818792 0.5640044463087248 0.5479112961409396 0.5893199454697987 0.5498615989932886 0.5929769244966443 0.5467794060402684 0.5980668330536912 0.5066932223154362 0.603119192114094 0.49704628104026843 0.5943186040268457 0.49002964848993286 0.5820096996644296 0.4874133095637584 0.5479134781879195 0.49045795385906044 0.5392357927852348 0.48689811828859064 0.5235355813758389 0.506289144295302 0.5183544236577181 0.5266295629194631 0.5201383791946309 0.542446783557047 0.5276208657718121 0.5496120788590604
1 0.577361417785235 0.422529 0.5835714270134228 0.43971584144295306 0.6071228355704699 0.43786050167785234 0.6261709110738255 0.4410516266778523 0.6306484840604026 0.43814385654362414 0.6335879077181209 0.4263324605704698 0.6358612961409397 0.40151446979865774 0.6318356065436241 0.3942262709731543 0.6208705637583892 0.3893225738255034 0.6209220822147652 0.3850451837248322 0.6192293758389261 0.3889737290268456 0.594560047818792 0.3880184429530201 0.583466207214765 0.3938082231543624 0.577361417785235 0.422529
1 0.6689094505033557 0.5264684605704698 0.6740589538590603 0.5224170117449665 0.7087498280201342 0.5246447751677853 0.7145712625838927 0.5194496468120805 0.7168645151006712 0.5066432348993288 0.7200814001677852 0.48545646308724827 0.7159328070469798 0.47471146728187924 0.6950691216442952 0.4719920906040268 0.6841754630872483 0.47482258137583894 0.6764927944630873 0.4706165755033557 0.665767663590604 0.4867767466442953 0.6606063708053692 0.5191287432885906 0.6689094505033557 0.5264684605704698
1 0.7461166359060403 0.5505983691275168 0.7666829958053691 0.550681542785235 0.7720326812080537 0.5436708045302013 0.7757213145973154 0.5242996434563759 0.7768966476510066 0.5086826048657718 0.7731682843959731 0.5040306090604026 0.7636700058724832 0.5002963515100671 0.7408162877516778 0.498869317114094 0.7304915209731544 0.5091109102348993 0.7245810192953019 0.5490226719798658 0.732412350671141 0.5545467802013423 0.7461166359060403 0.5505983691275168
1 0.7964341560402685 0.4712385184563758 0.8005371241610739 0.4721106317114094 0.8062098951342282 0.46559740184563764 0.808308860738255 0.44160000419463086 0.8055041291946309 0.42856765016778525 0.7752967223154362 0.4092818431208054 0.7683573682885906 0.41166634563758386 0.7646231107382551 0.4211646241610738 0.7635449211409395 0.44237715436241615 0.7701037760067114 0.4579228087248322 0.7964341560402685 0.4712385184563758
1 0.49441444043624155 0.506102932885906 0.5006678926174496 0.47870025755033563 0.4992784068791946 0.4711147332214765 0.4924420914429531 0.4649444538590604 0.45611003020134233 0.4623678456375839 0.4452619958053691 0.47507121979865774 0.4439578649328859 0.5013817348993288 0.44686563422818787 0.505859307885906 0.4894135998322147 0.5114724840604027 0.49441444043624155 0.506102932885906
1 0.4672134790268456 0.3738151182885906 0.4657982332214765 0.36836828859060405 0.4569461258389262 0.36562904697986576 0.42727595721476513 0.3700433112416108 0.41794031291946304 0.3937890075503356 0.4200473540268456 0.41010373657718124 0.43926985234899324 0.41247426761744965 0.4587440520134228 0.40760811996644297 0.4672134790268456 0.3738151182885906
1 0.37122825251677855 0.4743440570469799 0.3867481476510067 0.4699238976510067 0.392395158557047 0.46554936325503354 0.3962066954697987 0.44963499832214765 0.39867437080536916 0.4360079924496645 0.3961154463087248 0.42988923238255033 0.377170408557047 0.4181433263422819 0.36645117281879197 0.4201532231543624 0.3606297382550336 0.4253483515100671 0.35489365855704696 0.464439519295302 0.35909377097315437 0.470907125 0.37122825251677855 0.4743440570469799
1 0.46421204614093964 0.7732793984899329 0.4708739387583893 0.7802702718120805 0.48417785906040267 0.7822404387583892 0.49544612332214766 0.7756300654362416 0.4988631895973154 0.751484005033557 0.5058341979865772 0.7328105335570471 0.5043218087248322 0.7217682122483221 0.4995984286912752 0.7177623875838927 0.4783858976510067 0.7166841979865771 0.46957941526845637 0.7238178397651007 0.46268568624161077 0.7360752248322148 0.45902281208053697 0.7533076904362416 0.4638433355704698 0.7629090075503355 0.46421204614093964 0.7732793984899329
1 0.6996885805369127 0.7851652424496645 0.7146395830536912 0.7733339815436242 0.7216105906040268 0.7546605100671141 0.7180308909395974 0.7513266166107383 0.7063166384228188 0.7539826845637584 0.694828327181208 0.751540769295302 0.6695326937919464 0.7616020453020135 0.6592079270134228 0.7718436384228188 0.6536065402684564 0.7860910562080536 0.6705159203020135 0.7892564219798657 0.6996885805369127 0.7851652424496645
1 0.3399727785234899 0.5830568850671142 0.3460518087248322 0.5564748036912751 0.3454829169463087 0.5490637013422819 0.34140570805369125 0.5460528934563759 0.32934261073825505 0.5503501484899329 0.3115611174496644 0.5512877508389261 0.307426494966443 0.5667046073825504 0.3129903330536913 0.582896432885906 0.3269404244966443 0.5858616166107382 0.3399727785234899 0.5830568850671142
1 0.5220443565436241 0.8623333473154363 0.520629110738255 0.8568865176174496 0.5158799714765101 0.8550193884228189 0.49479034395973154 0.8573979966442953 0.48896891023489936 0.8625931241610738 0.4833675234899329 0.8768405419463087 0.48920882214765105 0.8836569924496644 0.507959572147651 0.8842119144295303 0.5220443565436241 0.8623333473154363
2 0.5408900687919462 0.8140213615771812 0.5389515553691275 0.8110363129194631 0.5217904739932886 0.8151076266778523 0.5073171140939597 0.8146042248322147 0.4998544932885906 0.8194505075503355 0.5072140763422819 0.8231590058724833 0.5324066719798657 0.8216525109060403 0.5393460251677852 0.8192680092281879 0.5408900687919462 0.8140213615771812
1 0.7281100830536913 0.2560214102348993 0.7364904412751678 0.2569450419463087 0.7398243347315436 0.25336534144295303 0.7407737265100671 0.2428462869127517 0.7356043582214765 0.23488615771812082 0.7278105755033557 0.19892280704697987 0.7232616182885906 0.1940963884228188 0.70555740352349 0.18861790520134228 0.6995615469798657 0.19463362667785236 0.7110064144295302 0.2416650595637584 0.7281100830536913 0.2560214102348993
1 0.7071750125838927 0.2455678456375839 0.7105089060402684 0.24198814513422817 0.7031809773489933 0.221990677852349 0.6970997659395973 0.1941103590604027 0.6987924723154363 0.19018181375838925 0.6845192953020134 0.18671912248322148 0.6793638976510068 0.20492084479865771 0.6837325369127517 0.22471813003355706 0.6973278892617449 0.24347477432885906 0.7071750125838927 0.2455678456375839
1 0.6832747592281879 0.24906437248322147 0.689393519295302 0.2465054479865772 0.691111985738255 0.2404382072147651 0.6804302978187919 0.2120088615771812 0.6806878934563758 0.19062190771812082 0.6634811870805369 0.1848203389261745 0.6583059236577181 0.1910104832214765 0.6530018632550336 0.20789410402684563 0.6636577911073825 0.23846214513422817 0.6719608708053691 0.24580186325503353 0.6832747592281879 0.24906437248322147
1 0.6215676040268456 0.2085027265100671 0.6316465637583892 0.1913475394295302 0.6394580302013423 0.18486006879194633 0.6359813682885906 0.17297139429530203 0.6278269513422818 0.16694977768456376 0.617979827181208 0.1648567072147651 0.594648466442953 0.17576433640939598 0.5885753305369127 0.18819614429530201 0.5922521753355705 0.1971255302013423 0.6004065922818792 0.20314714681208054 0.6215676040268456 0.2085027265100671
1 0.5446717156040268 0.21317087416107383 0.5763002617449665 0.2237532365771812 0.5799830008389262 0.2185323489932886 0.5724033708053691 0.20577156124161072 0.5545247332214764 0.2011136711409396 0.5446717156040268 0.21317087416107383
1 0.5451456451342283 0.26944888338926176 0.5639677793624162 0.2777379932885906 0.5727742625838926 0.2706043515100671 0.5760110117449665 0.26142915855704696 0.5734520872483222 0.25531039848993287 0.5742587105704698 0.22932296895973156 0.5464100461409396 0.219115211409396 0.5396451149328859 0.22067911996644296 0.5369772575503357 0.23726541526845638 0.5432130268456375 0.25231356124161075 0.542412297818792 0.2641507172818792 0.5451456451342283 0.26944888338926176
1 0.4857457130872483 0.2422426770134228 0.5031526023489933 0.24508495721476511 0.5274017005033557 0.2399472432885906 0.5340437281879195 0.23492653775167788 0.5354648682885906 0.22622309312080535 0.5361883179530201 0.22080202348993289 0.5306443447986577 0.2166217768456376 0.5194533598993288 0.21681606375838927 0.5160480822147652 0.21266157718120807 0.5011029748322148 0.21034256459731546 0.48702408473154357 0.21807085738255036 0.4821917726510067 0.2367700880872483 0.4857457130872483 0.2422426770134228
1 0.5409750058724833 0.19222990939597315 0.5480946770134228 0.1748745402684564 0.5318572273489932 0.17056549496644294 0.5061413640939597 0.17453377097315437 0.5023099622483221 0.17843655704697986 0.49964210402684567 0.19502285151006712 0.507001687080537 0.19873135067114092 0.5190132659395973 0.19871148489932886 0.5287890050335571 0.19307036828859062 0.5409750058724833 0.19222990939597315
1 0.29266913003355705 0.41218938087248325 0.28757114597315436 0.41196343875838926 0.2685686946308725 0.418645197147651 0.26408522734899326 0.43570324077181205 0.26840824244966444 0.44562764261744964 0.2855435654362416 0.44369502432885904 0.2936126275167785 0.41582060067114096 0.29266913003355705 0.41218938087248325
3 0.23514440352348992 0.4205461610738255 0.25014692449664433 0.40443750922818794 0.25826161157718125 0.38643596895973154 0.2656984739932886 0.38372838087248323 0.27157142701342285 0.37425586241610737 0.20358505956375839 0.3632355872483221 0.1946041543624161 0.371189822147651 0.18964893875838926 0.3864322558724832 0.1871555033557047 0.4021979572147651 0.19175008473154362 0.4168972583892617 0.20579732046979865 0.4254579337248322 0.22044510234899328 0.4251407432885906 0.23514440352348992 0.4205461610738255
3 0.31371466526845637 0.276862817114094 0.29249623993288587 0.2899349010067114 0.28197129110738256 0.30313578355704696 0.2885102802013423 0.30666985906040267 0.34528579781879193 0.3058728439597316 0.4090462936241611 0.31256420889261743 0.41516505369127515 0.31000528439597314 0.4249982072147651 0.2859365033557047 0.41448504697986577 0.27083683808724834 0.4020532399328859 0.2647637021812081 0.39606327768456373 0.25662915016778526 0.38298529865771813 0.24956099832214768 0.3544389446308725 0.24263561577181209 0.3380211770134228 0.2532974379194631 0.32493140939597315 0.2745298338926174 0.31371466526845637 0.276862817114094
3 0.21799292953020136 0.34185452768456376 0.21191979362416108 0.3542863355704698 0.20448293204697987 0.35699392365771815 0.20756512416107384 0.36065090268456373 0.23481913674496643 0.3655862533557047 0.24635896644295305 0.36375077852348997 0.29940022567114094 0.3724520419463087 0.31444837248322144 0.3662162726510067 0.33906618120805365 0.37144894966442954 0.34913924580536915 0.36844403607382553 0.3736915654362416 0.3517922508389262 0.3836218624161074 0.33331896224832214 0.39576223825503354 0.322605619966443 0.39481874161073827 0.3189744010067114 0.3539119630872483 0.3137100696308725 0.29490060654362416 0.30888583305369127 0.2766216048657718 0.31014652097315437 0.26241981208053694 0.31441801761744964 0.25351029110738255 0.3301064404362416 0.23592897986577183 0.3280847533557047 0.21799292953020136 0.34185452768456376
3 0.14010791862416105 0.3330185729865772 0.1167868154362416 0.43870072734899335 0.10409741191275168 0.4540145453020134 0.0999826543624161 0.481442980704698 0.10296180872483221 0.4936547407718121 0.1116394932885906 0.49721457634228183 0.13409874161073826 0.4904099152684564 0.13994593540268455 0.483076091442953 0.14308554110738256 0.46830540687919464 0.1480863817114094 0.462935855704698 0.15385629697986578 0.4620181182885906 0.15813958221476512 0.44791936409395977 0.1538680855704698 0.4337175704697987 0.1574279211409396 0.42503988590604025 0.15278182046979866 0.41461797567114095 0.17355796979865773 0.32897891275167784 0.16953228104026846 0.3216907139261745 0.15160212416107383 0.3213102147651007 0.1434933322147651 0.3251614815436242 0.14010791862416105 0.3330185729865772
3 0.3268461124161074 0.8122659966442952 0.32149642617449664 0.8192767348993288 0.3246500033557047 0.8306679018456377 0.33867147902684563 0.8413672726510067 0.38551669966442953 0.8590435461409396 0.4295314295302014 0.8658261610738255 0.43843505620805373 0.8642880125838927 0.4422922172818792 0.8582465310402684 0.43448664513422824 0.8505837273489932 0.40564296476510064 0.8410221409395973 0.397365644295302 0.8315437273489933 0.374266119966443 0.8232030989932886 0.36956849999999997 0.8170585788590604 0.3608392961409396 0.8177761342281878 0.3411965679530201 0.8093126023489933 0.3268461124161074 0.8122659966442952
0 0.5576320360738255 0.02509448154362416 0.5178946963087248 0.01836338590604027 0.4792237575503356 0.018720307046979866 0.458534494966443 0.015180337248322146 0.38904970805369127 0.019279592281879195 0.33527910402684563 0.030149672818791943 0.27995266778523487 0.07456694798657719 0.2725158062080537 0.0772745360738255 0.26661709312080534 0.08888575 0.256369605704698 0.09271125755033557 0.2538563053691275 0.09646538003355705 0.2569127382550335 0.10226105453020135 0.24813201510067115 0.10725600083892617 0.24890108976510064 0.11170781375838926 0.238899408557047 0.12244691526845639 0.23464188255033558 0.13440697483221475 0.2247432399328859 0.13659129446308724 0.22551231459731544 0.14104310738255033 0.2189931904362416 0.14952061073825504 0.20996666023489932 0.14760196224832214 0.19588777097315435 0.15533025503355705 0.19730301593959731 0.16077708473154362 0.18722995134228188 0.16378199832214765 0.17110361577181207 0.19123029781879194 0.1604557634228188 0.20097438338926174 0.1508227927852349 0.22208387583892616 0.14701715016778522 0.22384796644295302 0.13738417953020135 0.24495745889261744 0.13357853691275168 0.2467215494966443 0.131485466442953 0.2565686728187919 0.13998872902684564 0.26094910234899327 0.1332892869127517 0.2843974723154362 0.14619284312080535 0.2922862172818792 0.14350512080536912 0.2968609337248322 0.13706327516778524 0.298922350671141 0.12608644295302013 0.3223192013422819 0.12264951090604027 0.33445368288590605 0.12747003439597315 0.344055 0.12020759563758389 0.3459419941275168 0.12244343456375839 0.35156324580536913 0.1176685360738255 0.3518348120805369 0.11366271140939598 0.35655819211409395 0.1069831350671141 0.39201814010067115 0.1137679312080537 0.40246581040268453 0.12262593288590604 0.3910547785234899 0.1237755067114094 0.37757643540268454 0.13066923573825504 0.3653190503355705 0.12644336409395973 0.36099014010067115 0.1312440226510067 0.3585798783557047 0.13380884144295302 0.35054836493288594 0.1315730025167785 0.3449271124161074 0.1385896350671141 0.3361265243288591 0.14357061073825503 0.31874539513422817 0.16841436073825505 0.3188800880872483 0.17851318624161075 0.31373647902684565 0.18142684983221477 0.3040637785234899 0.19187452013422818 0.29727898154362414 0.19580306543624162 0.29897168875838925 0.20950735067114096 0.29502327768456377 0.22263684815436244 0.297814038590604 0.23798232046979867 0.2942144731543624 0.25638422567114094 0.29641058221476513 0.2747147458053691 0.2908725033557047 0.27839748489932886 0.2856516157718121 0.29523548154362417 0.28108279362416105 0.2980976266778524 0.2756874832214765 0.3065295041946309 0.2723337248322148 0.3114074412751678 0.26350737751677855 0.3275992667785235 0.25794353859060404 0.3412836870805369 0.2419835494966443 0.36374293540268454 0.23517888842281878 0.3714057382550336 0.2273733162751678 0.3852329270134228 0.22688170302013425 0.3967013724832215 0.21731204026845638 0.41415978020134225 0.21587692953020138 0.4388607625838926 0.2005432466442953 0.4452768481543624 0.2006205260067114 0.44269216442953024 0.1966404605704698 0.4461747206375839 0.19437886241610738 0.47711147147651 0.1940933255033557 0.48414796895973156 0.1973043154362416 0.4924054244966443 0.19477115016778523 0.4940723716442953 0.19298130033557048 0.48755914177852344 0.18730852936241613 0.49681161325503354 0.18412919295302013 0.5013664647651007 0.17480533724832215 0.5073365620805369 0.17092831040268455 0.5111024739932886 0.1451410629194631 0.5211814337248323 0.12798587583892618 0.549707922818792 0.12289968036912752 0.5532162390939598 0.11849938674496645 0.5549803296979866 0.12230502852348994 0.5612477533557048 0.12106420553691276 0.5662942181208054 0.12556753859060402 0.5694993137583892 0.13268131459731544 0.5656679119127517 0.13658410067114093 0.5755150360738255 0.1386771711409396 0.5692792667785235 0.12362902516778525 0.5783057969798657 0.12554767365771813 0.5844701812080537 0.13286163171140938 0.5851936308724832 0.12744056208053692 0.5935997491610738 0.12622549832214763 0.6200331677852349 0.1309864270134228 0.6220945847315437 0.1374282726510067 0.626249072147651 0.13402299412751675 0.6359217726510067 0.13693665855704698 0.6347008154362416 0.14268081375838926 0.6454914354026846 0.14840510486577183 0.6538717944630872 0.1493287365771812 0.6590212978187919 0.14527728775167784 0.6689913246644296 0.15082715520134227 0.6671241954697986 0.15557629446308724 0.6572513129194631 0.15562191946308726 0.660507927852349 0.15845830453020132 0.6941522659395973 0.16560963003355705 0.6982809941275168 0.16434304697986576 0.6965426627516779 0.15839870973154363 0.705717855704698 0.1616354597315436 0.7076365041946309 0.15260892953020133 0.6992561451342282 0.15168529781879195 0.707565119966443 0.14487474161073827 0.7051548582214765 0.1400740830536913 0.7096581904362416 0.1350276182885906 0.7068990838926175 0.13186814681208053 0.7143617046979865 0.12702186409395974 0.7194081703020134 0.13152519630872483 0.7531555469798658 0.1301217399328859 0.7549969161073825 0.1275112961409396 0.7511198901006712 0.12154119966442951 0.7570642273489933 0.11980286828859059 0.762285114932886 0.12348560738255032 0.7687784798657719 0.11714679949664429 0.7507055553691275 0.10129792533557047 0.7166925067114094 0.08377620889261746 0.7097075276845637 0.07628782802013423 0.6745250402684564 0.06023287667785235 0.6419272374161074 0.048157989932885906 0.6243459261744966 0.046136303691275166 0.6206433221476509 0.03934561241610739 0.5576320360738255 0.02509448154362416
0 0.23922880620805367 0.7644816417785235 0.23102286996644295 0.7627374161073825 0.22699718036912753 0.7554492172818792 0.22839256040268455 0.7488844681208054 0.22178218708053693 0.7376162046979866 0.19538042281879195 0.7165663070469799 0.18499016610738253 0.7049234387583893 0.176641461409396 0.6877108380872483 0.12120172986577182 0.6459083691275168 0.10991360067114093 0.6405071644295303 0.11571735151006711 0.6777628573825504 0.10137279026845637 0.6665659781879195 0.09741848489932886 0.6670119672818792 0.09672079446308725 0.6702943414429531 0.10221324832214766 0.6787519790268457 0.10681372483221477 0.6793010067114095 0.10355121560402684 0.690614894295302 0.1053550360738255 0.7184436937919463 0.12905728859060403 0.7723688548657718 0.16745294798657717 0.8358497088926174 0.23062686828859058 0.877580793624161 0.28187238338926174 0.8987653833892617 0.28664728187919464 0.8984938171140939 0.2890119186241611 0.8934215922818792 0.3006231333892618 0.8993203053691275 0.30542379110738255 0.8969100436241612 0.33033892617449667 0.9047789236577181 0.37746160738255036 0.9130798221476509 0.3858677265100671 0.9118647592281879 0.39009949244966446 0.9020433951342282 0.3860995620805369 0.8926165008389262 0.35936881795302017 0.8852193691275168 0.3584054555369128 0.8695765713087248 0.3359521023489933 0.8622309588926175 0.31571472231543624 0.848495019295302 0.30562768624161074 0.8253380805369128 0.30704882634228187 0.8166346367449665 0.23922880620805367 0.7644816417785235
1 0.6333396870805369 0.8431064857382551 0.6203846124161074 0.8394951308724832 0.5999411552013423 0.8428687550335571 0.5896936677852349 0.8466942625838926 0.5805383397651007 0.8554690906040269 0.5893646879194631 0.8603470276845637 0.6173163901006712 0.8620000041946309 0.6285846535234899 0.8553896308724832 0.6333396870805369 0.8431064857382551
1 0.832682394295302 0.3168440134228188 0.8350727911073825 0.30963309395973154 0.8347298397651007 0.29712400671140937 0.8216062365771812 0.2801829723154362 0.8071843968120805 0.2754021786912752 0.792336432885906 0.27867865939597314 0.7945921367449664 0.29631148909395977 0.8018486812080537 0.30857476929530203 0.8087107567114094 0.31260635318791946 0.832682394295302 0.3168440134228188
1 0.8841817919463087 0.3852543238255034 0.887043937080537 0.3798590134228188 0.882506769295302 0.34673204781879197 0.8781322340604027 0.34108503607382545 0.8631871266778524 0.3387660234899329 0.8585351308724832 0.3424943875838926 0.8571397508389262 0.34905913590604026 0.8636927105704699 0.37875506459731545 0.8713496199664429 0.3850997659395973 0.8841817919463087 0.3852543238255034