1 0.334765625 0.47890625 0.36953125 0.466796875 0.37421875 0.419140625 0.362109375 0.39765625 0.341015625 0.390625 0.298046875 0.38359375 0.269921875 0.3640625 0.243359375 0.3609375 0.211328125 0.3703125 0.165625 0.406640625 0.15546875 0.434765625 0.1546875 0.450390625 0.169921875 0.47109375 0.176171875 0.471875 0.184765625 0.4640625 0.191796875 0.46484375 0.261328125 0.4765625 0.269140625 0.48515625 0.28125 0.487890625 0.298828125 0.48203125 0.334765625 0.47890625
2 0.71640625 0.616796875 0.721875 0.611328125 0.7234375 0.599609375 0.70234375 0.569140625 0.7046875 0.558984375 0.702734375 0.553125 0.695703125 0.553125 0.68984375 0.557421875 0.6875 0.569140625 0.67890625 0.583203125 0.67265625 0.601953125 0.66953125 0.618359375 0.6703125 0.642578125 0.674609375 0.65078125 0.6796875 0.650390625 0.709765625 0.63359375 0.71640625 0.616796875
1 0.189453125 0.38828125 0.1953125 0.380078125 0.191015625 0.3703125 0.162890625 0.3546875 0.155859375 0.35625 0.142578125 0.36640625 0.125 0.386328125 0.11953125 0.395703125 0.11640625 0.411328125 0.120703125 0.4328125 0.128515625 0.4265625 0.144921875 0.425 0.1546875 0.433203125 0.16640625 0.404296875 0.189453125 0.38828125
1 0.9015625 0.458203125 0.8953125 0.432421875 0.8953125 0.412109375 0.89140625 0.394921875 0.8828125 0.376171875 0.8703125 0.360546875 0.839453125 0.3359375 0.826171875 0.31953125 0.778515625 0.28828125 0.725390625 0.2609375 0.691015625 0.253125 0.631640625 0.2328125 0.565234375 0.2203125 0.561328125 0.2171875 0.540234375 0.2171875 0.516796875 0.221875 0.501171875 0.22578125 0.49296875 0.232421875 0.4859375 0.260546875 0.47734375 0.324609375 0.47578125 0.388671875 0.47734375 0.398046875 0.482421875 0.40390625 0.537109375 0.421875 0.576171875 0.4390625 0.675390625 0.45234375 0.689453125 0.47578125 0.709765625 0.48203125 0.718359375 0.48203125 0.721875 0.478515625 0.72890625 0.448828125 0.72890625 0.435546875 0.733984375 0.43359375 0.74296875 0.421484375 0.74453125 0.408984375 0.756640625 0.40390625 0.769921875 0.40625 0.796484375 0.41484375 0.829296875 0.43125 0.8359375 0.438671875 0.846875 0.461328125 0.86953125 0.487109375 0.87109375 0.502734375 0.875 0.504296875 0.876953125 0.5109375 0.8828125 0.512890625 0.9015625 0.486328125 0.9015625 0.458203125
1 0.854296875 0.53359375 0.862890625 0.53203125 0.8671875 0.522265625 0.8671875 0.489453125 0.86015625 0.476953125 0.8484375 0.466015625 0.826953125 0.43125 0.771484375 0.4078125 0.748046875 0.4078125 0.7421875 0.426171875 0.73046875 0.439453125 0.725 0.473046875 0.72578125 0.488671875 0.7390625 0.509765625 0.74375 0.531640625 0.752734375 0.53671875 0.764453125 0.5359375 0.771875 0.526953125 0.775 0.511328125 0.780859375 0.509375 0.828515625 0.52265625 0.83359375 0.542578125 0.84140625 0.546484375 0.847265625 0.5453125 0.854296875 0.53359375
1 0.92265625 0.520703125 0.9109375 0.492578125 0.901953125 0.48828125 0.88671875 0.508984375 0.88515625 0.544921875 0.890234375 0.55234375 0.901953125 0.54765625 0.9140625 0.555078125 0.9203125 0.549609375 0.92265625 0.520703125
1 0.58984375 0.197265625 0.566796875 0.18046875 0.550390625 0.17421875 0.495703125 0.17265625 0.466015625 0.17890625 0.459375 0.191796875 0.462890625 0.2015625 0.484765625 0.203125 0.504296875 0.2125 0.552734375 0.2125 0.5890625 0.217578125 0.59375 0.212109375 0.58984375 0.197265625
1 0.45390625 0.162109375 0.45390625 0.155078125 0.450390625 0.15078125 0.439453125 0.146875 0.390234375 0.153125 0.373828125 0.1609375 0.3671875 0.173046875 0.368359375 0.1765625 0.38203125 0.180078125 0.448046875 0.17109375 0.45390625 0.162109375
1 0.396875 0.117578125 0.387890625 0.11640625 0.367578125 0.12109375 0.3515625 0.132421875 0.3515625 0.136328125 0.35546875 0.137109375 0.388671875 0.1296875 0.396875 0.117578125
1 0.35234375 0.119140625 0.347265625 0.1171875 0.330859375 0.12109375 0.31640625 0.131640625 0.315625 0.133984375 0.31953125 0.135546875 0.348046875 0.1265625 0.35234375 0.119140625
1 0.12265625 0.427734375 0.107421875 0.403125 0.09375 0.408203125 0.0796875 0.433203125 0.08125 0.458984375 0.103125 0.463671875 0.1140625 0.455078125 0.12265625 0.427734375
1 0.0828125 0.417578125 0.076171875 0.40078125 0.0671875 0.407421875 0.06171875 0.431640625 0.0625 0.441796875 0.07265625 0.442578125 0.07890625 0.436328125 0.0828125 0.417578125
2 0.688671875 0.7984375 0.694921875 0.80078125 0.6984375 0.797265625 0.7171875 0.758203125 0.7203125 0.745703125 0.718359375 0.74296875 0.710546875 0.7453125 0.7015625 0.754296875 0.6890625 0.776953125 0.65546875 0.816015625 0.6546875 0.820703125 0.6578125 0.820703125 0.666796875 0.8171875 0.688671875 0.7984375
2 0.8875 0.631640625 0.887109375 0.60703125 0.87890625 0.621484375 0.8625 0.674609375 0.8640625 0.678515625 0.8734375 0.669921875 0.8875 0.631640625
2 0.8234375 0.732421875 0.8296875 0.725390625 0.83828125 0.694921875 0.836328125 0.69140625 0.83125 0.694921875 0.8109375 0.736328125 0.79609375 0.757421875 0.796875 0.761328125 0.81953125 0.743359375 0.8234375 0.732421875
2 0.85234375 0.680078125 0.851171875 0.67578125 0.83671875 0.701953125 0.8359375 0.715234375 0.84375 0.702734375 0.85234375 0.680078125
2 0.5015625 0.141796875 0.496484375 0.13046875 0.487890625 0.13203125 0.4828125 0.137109375 0.484375 0.151171875 0.4921875 0.153515625 0.5 0.147265625 0.5015625 0.141796875
2 0.66015625 0.184765625 0.643359375 0.1703125 0.630859375 0.1703125 0.6296875 0.173046875 0.64609375 0.189453125 0.6515625 0.200390625 0.659375 0.202734375 0.66171875 0.197265625 0.66015625 0.184765625
1 0.742578125 0.8359375 0.7578125 0.816015625 0.759375 0.798828125 0.756640625 0.79765625 0.708203125 0.81875 0.678515625 0.83515625 0.665625 0.854296875 0.67109375 0.863671875 0.6765625 0.865234375 0.718359375 0.85 0.742578125 0.8359375
1 0.82109375 0.789453125 0.840625 0.761328125 0.843359375 0.74453125 0.839453125 0.74375 0.829296875 0.7515625 0.7953125 0.783203125 0.78359375 0.803515625 0.78203125 0.812890625 0.7859375 0.813671875 0.805078125 0.803125 0.82109375 0.789453125
1 0.2625 0.836328125 0.247265625 0.81875 0.201171875 0.784375 0.19453125 0.784765625 0.19375 0.788671875 0.2015625 0.805078125 0.222265625 0.82890625 0.259765625 0.8515625 0.26796875 0.853515625 0.26953125 0.850390625 0.2625 0.836328125
1 0.41796875 0.884765625 0.393359375 0.86953125 0.355859375 0.86171875 0.320703125 0.84921875 0.3125 0.851953125 0.32890625 0.877734375 0.344140625 0.88828125 0.383984375 0.90078125 0.428125 0.905859375 0.4296875 0.898828125 0.41796875 0.884765625
1 0.596484375 0.90546875 0.6109375 0.894140625 0.61171875 0.881640625 0.603515625 0.878125 0.529296875 0.88515625 0.506640625 0.88984375 0.50234375 0.893359375 0.50078125 0.901953125 0.507421875 0.9125 0.52734375 0.913671875 0.561328125 0.91171875 0.596484375 0.90546875
1 0.72890625 0.884765625 0.734375 0.873828125 0.729296875 0.8734375 0.661328125 0.903125 0.65234375 0.917578125 0.65703125 0.919140625 0.709765625 0.9 0.72890625 0.884765625
1 0.83046875 0.827734375 0.853125 0.784765625 0.851953125 0.778125 0.8015625 0.817578125 0.771875 0.865234375 0.7734375 0.870703125 0.805859375 0.85 0.83046875 0.827734375
1 0.448046875 0.91953125 0.406640625 0.91015625 0.392578125 0.903125 0.35625 0.902734375 0.376953125 0.921875 0.416015625 0.93203125 0.4515625 0.934765625 0.4515625 0.924609375 0.448046875 0.91953125
1 0.60859375 0.920703125 0.6125 0.910546875 0.597265625 0.90859375 0.551171875 0.91328125 0.521875 0.921484375 0.526953125 0.934375 0.54765625 0.934765625 0.600390625 0.9265625 0.60859375 0.920703125
1 0.60078125 0.940234375 0.6015625 0.936328125 0.596484375 0.93203125 0.586328125 0.93203125 0.5125 0.942578125 0.518359375 0.9515625 0.53671875 0.952734375 0.593359375 0.9453125 0.60078125 0.940234375
1 0.466015625 0.94140625 0.404296875 0.93203125 0.3921875 0.933203125 0.406640625 0.94609375 0.449609375 0.95390625 0.47265625 0.953515625 0.475 0.949609375 0.466015625 0.94140625
1 0.29609375 0.880859375 0.277734375 0.86484375 0.201171875 0.81953125 0.19609375 0.819921875 0.21640625 0.851953125 0.244140625 0.88671875 0.282421875 0.91015625 0.291015625 0.91875 0.309765625 0.928125 0.341015625 0.940625 0.3578125 0.943359375 0.327734375 0.9171875 0.29609375 0.880859375
1 0.70625 0.913671875 0.7109375 0.905078125 0.694921875 0.9078125 0.646484375 0.92890625 0.64140625 0.933984375 0.6421875 0.937890625 0.64921875 0.937890625 0.695703125 0.92109375 0.70625 0.913671875
1 0.604296875 0.14296875 0.580859375 0.13046875 0.544921875 0.1265625 0.53359375 0.131640625 0.536328125 0.1390625 0.552734375 0.1453125 0.60546875 0.152734375 0.60703125 0.148828125 0.604296875 0.14296875