1 0.586328125 0.9234375 0.59453125 0.917578125 0.59453125 0.913671875 0.58203125 0.902734375 0.58515625 0.887109375 0.566015625 0.88046875 0.484765625 0.884375 0.45546875 0.891015625 0.463671875 0.909375 0.475390625 0.91484375 0.491015625 0.93046875 0.4984375 0.930859375 0.538671875 0.93046875 0.586328125 0.9234375
2 0.28671875 0.563671875 0.27734375 0.547265625 0.270703125 0.5453125 0.26640625 0.551171875 0.26640625 0.601171875 0.2859375 0.653515625 0.2890625 0.651171875 0.290234375 0.6421875 0.29140625 0.650390625 0.2953125 0.654296875 0.3 0.598828125 0.28671875 0.563671875
2 0.240625 0.741015625 0.244140625 0.75078125 0.248828125 0.753125 0.24921875 0.748828125 0.23828125 0.730078125 0.2390625 0.716796875 0.22890625 0.683984375 0.219921875 0.68125 0.216796875 0.6875 0.212890625 0.6875 0.201171875 0.68359375 0.2 0.687890625 0.21171875 0.717578125 0.23125 0.751953125 0.2375 0.753515625 0.235546875 0.73671875 0.240625 0.741015625
2 0.36875 0.404296875 0.371875 0.380078125 0.37734375 0.366015625 0.37421875 0.353515625 0.365234375 0.346875 0.35703125 0.351171875 0.3515625 0.366796875 0.3375 0.388671875 0.334375 0.403515625 0.337890625 0.4078125 0.35859375 0.412109375 0.364453125 0.41015625 0.36875 0.404296875
2 0.26171875 0.580078125 0.246484375 0.56015625 0.23203125 0.574609375 0.23515625 0.600390625 0.259375 0.604296875 0.26328125 0.600390625 0.26171875 0.580078125
3 0.137109375 0.31171875 0.141015625 0.31171875 0.173828125 0.28359375 0.244921875 0.240625 0.289453125 0.1953125 0.311328125 0.18046875 0.341796875 0.1671875 0.361328125 0.153125 0.36171875 0.142578125 0.357421875 0.14296875 0.351953125 0.134375 0.320703125 0.134375 0.271484375 0.15703125 0.255078125 0.16875 0.234765625 0.175 0.205859375 0.190625 0.15 0.237109375 0.12578125 0.277734375 0.115625 0.287890625 0.1140625 0.294140625 0.11015625 0.294921875 0.10703125 0.323828125 0.1015625 0.329296875 0.0984375 0.341015625 0.103125 0.342578125 0.112109375 0.33046875 0.137109375 0.31171875
3 0.05546875 0.594921875 0.059375 0.595703125 0.0609375 0.583984375 0.0578125 0.583984375 0.055078125 0.5921875 0.0484375 0.573046875 0.053515625 0.5671875 0.0578125 0.573046875 0.05703125 0.577734375 0.0609375 0.579296875 0.0640625 0.553515625 0.06171875 0.541796875 0.06953125 0.539453125 0.07578125 0.497265625 0.07578125 0.462890625 0.07890625 0.443359375 0.0765625 0.429296875 0.08671875 0.369921875 0.09140625 0.355859375 0.1 0.345703125 0.096875 0.340234375 0.1015625 0.330859375 0.103125 0.306640625 0.10703125 0.302734375 0.109375 0.287109375 0.103515625 0.28046875 0.098046875 0.2875 0.090234375 0.28828125 0.087109375 0.2953125 0.083203125 0.28828125 0.07734375 0.298828125 0.0796875 0.306640625 0.077734375 0.303125 0.0734375 0.305859375 0.05234375 0.366015625 0.04140625 0.417578125 0.0359375 0.461328125 0.03671875 0.541015625 0.0421875 0.588671875 0.05234375 0.617578125 0.05703125 0.601171875 0.05546875 0.594921875
3 0.92265625 0.409765625 0.9171875 0.373046875 0.9078125 0.341796875 0.8875 0.300390625 0.87421875 0.282421875 0.875 0.278515625 0.8703125 0.279296875 0.8671875 0.271484375 0.84609375 0.250390625 0.831640625 0.23046875 0.816796875 0.22421875 0.796484375 0.20703125 0.784765625 0.20390625 0.784375 0.211328125 0.78984375 0.211328125 0.790625 0.226171875 0.7890625 0.233984375 0.78125 0.236328125 0.7828125 0.247265625 0.776171875 0.24765625 0.773046875 0.25390625 0.769140625 0.2484375 0.7515625 0.251171875 0.7640625 0.262109375 0.765234375 0.26796875 0.78671875 0.278515625 0.78671875 0.283203125 0.79921875 0.295703125 0.803125 0.306640625 0.811328125 0.315625 0.83828125 0.334765625 0.84296875 0.345703125 0.84921875 0.348828125 0.85703125 0.360546875 0.85390625 0.365234375 0.85546875 0.376171875 0.8765625 0.392578125 0.8890625 0.415234375 0.89765625 0.443359375 0.90390625 0.444140625 0.92265625 0.428515625 0.92265625 0.409765625
3 0.57734375 0.133984375 0.58046875 0.119140625 0.602734375 0.11328125 0.576171875 0.1046875 0.544140625 0.1046875 0.529296875 0.10625 0.5234375 0.113671875 0.528515625 0.12109375 0.554296875 0.13046875 0.560546875 0.13828125 0.566015625 0.13359375 0.56953125 0.137109375 0.568359375 0.1421875 0.578125 0.144921875 0.5859375 0.143359375 0.57734375 0.133984375
3 0.64453125 0.154296875 0.6453125 0.145703125 0.65078125 0.131640625 0.658203125 0.13046875 0.658984375 0.12578125 0.631640625 0.11484375 0.611328125 0.1140625 0.573046875 0.10546875 0.56484375 0.109765625 0.56171875 0.123828125 0.55546875 0.126171875 0.570703125 0.1421875 0.608984375 0.153125 0.616015625 0.159375 0.633984375 0.1671875 0.65 0.169921875 0.6484375 0.157421875 0.64453125 0.154296875
3 0.69140625 0.184765625 0.69296875 0.169921875 0.705859375 0.15546875 0.71484375 0.153515625 0.682421875 0.13046875 0.647265625 0.12265625 0.6453125 0.128515625 0.64765625 0.130078125 0.6421875 0.130078125 0.64375 0.133984375 0.63828125 0.144140625 0.63984375 0.155078125 0.634375 0.157421875 0.63515625 0.162890625 0.671484375 0.18828125 0.686328125 0.19609375 0.6953125 0.197265625 0.696875 0.192578125 0.69140625 0.184765625
3 0.73203125 0.215234375 0.7296875 0.191015625 0.737890625 0.184375 0.746484375 0.18515625 0.74609375 0.180859375 0.722265625 0.15859375 0.709765625 0.14921875 0.701953125 0.14765625 0.6984375 0.149609375 0.69921875 0.155078125 0.69140625 0.168359375 0.68671875 0.188671875 0.67734375 0.188671875 0.7015625 0.208203125 0.7 0.216015625 0.702734375 0.22109375 0.703125 0.213671875 0.706640625 0.2109375 0.71171875 0.216015625 0.70625 0.220703125 0.708203125 0.22265625 0.718359375 0.22734375 0.722265625 0.2234375 0.734375 0.235546875 0.73828125 0.219140625 0.73203125 0.215234375
3 0.77890625 0.258203125 0.7828125 0.255078125 0.7828125 0.247265625 0.77890625 0.243359375 0.78359375 0.231640625 0.7796875 0.226953125 0.79609375 0.208203125 0.765234375 0.18359375 0.758203125 0.18515625 0.749609375 0.18203125 0.729296875 0.1671875 0.728125 0.180859375 0.72421875 0.184765625 0.7265625 0.188671875 0.7203125 0.192578125 0.7265625 0.196484375 0.718359375 0.20390625 0.7125 0.204296875 0.71328125 0.211328125 0.73203125 0.231640625 0.73359375 0.237890625 0.74609375 0.247265625 0.749609375 0.2671875 0.75078125 0.255859375 0.753515625 0.2546875 0.765234375 0.26640625 0.778125 0.271484375 0.78125 0.267578125 0.77890625 0.258203125