1 0.385546875 0.71953125 0.404296875 0.72109375 0.419921875 0.71640625 0.43125 0.706640625 0.4359375 0.695703125 0.42890625 0.687109375 0.42890625 0.665234375 0.425 0.646484375 0.40859375 0.621484375 0.394140625 0.60625 0.363671875 0.5921875 0.310546875 0.58046875 0.263671875 0.559375 0.235546875 0.5546875 0.208984375 0.5546875 0.173828125 0.55859375 0.16640625 0.562109375 0.1609375 0.578515625 0.1609375 0.596484375 0.17109375 0.641796875 0.1796875 0.658203125 0.19140625 0.667578125 0.205859375 0.6890625 0.220703125 0.69375 0.226171875 0.68515625 0.232421875 0.6859375 0.275390625 0.7015625 0.327734375 0.71328125 0.338671875 0.72421875 0.352734375 0.7296875 0.375 0.731640625 0.38046875 0.729296875 0.385546875 0.71953125
2 0.24921875 0.374609375 0.24765625 0.357421875 0.243359375 0.3515625 0.23515625 0.355859375 0.225 0.382421875 0.22265625 0.458203125 0.2265625 0.459765625 0.23984375 0.420703125 0.24921875 0.374609375
1 0.85234375 0.406640625 0.8515625 0.388671875 0.8375 0.330859375 0.83125 0.322265625 0.813671875 0.30703125 0.763671875 0.2765625 0.744140625 0.2734375 0.713671875 0.278125 0.709375 0.290234375 0.71328125 0.327734375 0.71796875 0.337890625 0.7296875 0.346484375 0.73671875 0.359765625 0.744921875 0.36640625 0.754296875 0.36640625 0.761328125 0.3609375 0.784765625 0.37109375 0.821484375 0.3921875 0.8296875 0.406640625 0.83984375 0.411328125 0.844140625 0.40625 0.85234375 0.406640625
1 0.31015625 0.870703125 0.284765625 0.85 0.204296875 0.80390625 0.173828125 0.7828125 0.152734375 0.76171875 0.1375 0.759765625 0.14140625 0.762890625 0.1421875 0.769140625 0.157421875 0.78515625 0.187890625 0.80859375 0.215234375 0.82265625 0.266796875 0.85859375 0.298046875 0.875 0.3109375 0.878515625 0.31328125 0.875390625 0.31015625 0.870703125
1 0.310546875 0.14609375 0.324609375 0.13828125 0.33046875 0.130078125 0.322265625 0.128125 0.302734375 0.1328125 0.268359375 0.15078125 0.26171875 0.157421875 0.26796875 0.159765625 0.291015625 0.1546875 0.310546875 0.14609375
2 0.25390625 0.287890625 0.251171875 0.28203125 0.247265625 0.28125 0.240625 0.290234375 0.22890625 0.330078125 0.23203125 0.331640625 0.25234375 0.301171875 0.25390625 0.287890625
2 0.225 0.308203125 0.2375 0.291015625 0.2390625 0.278515625 0.235546875 0.26953125 0.21953125 0.285546875 0.215625 0.294921875 0.21015625 0.336328125 0.2125 0.342578125 0.21640625 0.340234375 0.225 0.308203125
2 0.452734375 0.14140625 0.46171875 0.131640625 0.46171875 0.126953125 0.451171875 0.12421875 0.441796875 0.12734375 0.4375 0.133203125 0.43671875 0.141015625 0.437890625 0.14453125 0.440625 0.144140625 0.443359375 0.14140625 0.452734375 0.14140625
2 0.47421875 0.133984375 0.471484375 0.1296875 0.4625 0.128515625 0.4578125 0.136328125 0.46015625 0.142578125 0.47109375 0.139453125 0.47421875 0.133984375
2 0.506640625 0.11640625 0.498046875 0.11796875 0.49375 0.125390625 0.50390625 0.130859375 0.50859375 0.125390625 0.506640625 0.11640625
2 0.523828125 0.11484375 0.517578125 0.1140625 0.51171875 0.118359375 0.51328125 0.129296875 0.52265625 0.132421875 0.5296875 0.120703125 0.523828125 0.11484375
2 0.507421875 0.0953125 0.4953125 0.095703125 0.498046875 0.10546875 0.509375 0.105859375 0.51015625 0.098828125 0.507421875 0.0953125
1 0.93125 0.430859375 0.922265625 0.41796875 0.912890625 0.4171875 0.91015625 0.419921875 0.9109375 0.451953125 0.933984375 0.4765625 0.9390625 0.478515625 0.93984375 0.459765625 0.93125 0.430859375