1 0.56328125 0.507421875 0.56640625 0.462109375 0.56015625 0.438671875 0.551171875 0.43125 0.516015625 0.43125 0.5046875 0.438671875 0.50078125 0.457421875 0.4953125 0.462890625 0.50078125 0.470703125 0.4984375 0.509765625 0.506640625 0.515625 0.546875 0.516015625 0.559765625 0.51484375 0.56328125 0.507421875
1 0.40859375 0.614453125 0.41484375 0.592578125 0.4125 0.559765625 0.404296875 0.553125 0.366796875 0.55 0.36328125 0.552734375 0.35234375 0.580859375 0.34765625 0.584765625 0.35234375 0.592578125 0.35078125 0.623828125 0.362890625 0.63125 0.4015625 0.634765625 0.4078125 0.630859375 0.40859375 0.614453125
1 0.4125 0.733984375 0.4125 0.690234375 0.40703125 0.670703125 0.392578125 0.6640625 0.358984375 0.66171875 0.353125 0.673828125 0.35 0.712109375 0.353125 0.728515625 0.360546875 0.73515625 0.373828125 0.73984375 0.40546875 0.743359375 0.4109375 0.739453125 0.4125 0.733984375
1 0.55078125 0.717578125 0.553125 0.695703125 0.55703125 0.687109375 0.5578125 0.666796875 0.546484375 0.646875 0.511328125 0.64453125 0.489453125 0.65078125 0.48671875 0.654296875 0.48046875 0.688671875 0.48125 0.724609375 0.494140625 0.73125 0.51796875 0.732421875 0.541015625 0.72890625 0.55078125 0.717578125
1 0.670703125 0.68984375 0.67734375 0.679296875 0.6796875 0.653515625 0.68359375 0.646484375 0.673046875 0.6078125 0.634765625 0.61171875 0.6265625 0.621484375 0.61875 0.651953125 0.61875 0.694140625 0.624609375 0.6984375 0.63984375 0.699609375 0.655859375 0.696875 0.670703125 0.68984375
1 0.676171875 0.553125 0.6796875 0.549609375 0.684375 0.505859375 0.68125 0.502734375 0.6765625 0.461328125 0.673046875 0.45703125 0.641796875 0.45390625 0.6359375 0.458203125 0.63359375 0.487890625 0.628125 0.506640625 0.63125 0.518359375 0.63046875 0.549609375 0.631640625 0.55390625 0.6375 0.553515625 0.666796875 0.54921875 0.676171875 0.553125
1 0.68515625 0.790234375 0.68984375 0.780078125 0.690625 0.764453125 0.68671875 0.741015625 0.683203125 0.73671875 0.671484375 0.73671875 0.647265625 0.74296875 0.63203125 0.752734375 0.6234375 0.771484375 0.62265625 0.781640625 0.625 0.806640625 0.6328125 0.809765625 0.662109375 0.80390625 0.68515625 0.790234375
2 0.61171875 0.804296875 0.608984375 0.79453125 0.604296875 0.79453125 0.59375 0.808203125 0.59140625 0.822265625 0.596875 0.826171875 0.60859375 0.816015625 0.61171875 0.804296875
2 0.733203125 0.75546875 0.730078125 0.75546875 0.7203125 0.766796875 0.7140625 0.783984375 0.72265625 0.788671875 0.73359375 0.761328125 0.733203125 0.75546875
1 0.8546875 0.569921875 0.8546875 0.544921875 0.85234375 0.536328125 0.847265625 0.53125 0.83671875 0.534765625 0.83203125 0.551953125 0.834375 0.584765625 0.83515625 0.589453125 0.83828125 0.589453125 0.85 0.583203125 0.8546875 0.569921875
1 0.89140625 0.615234375 0.891015625 0.58984375 0.883203125 0.59140625 0.87734375 0.603515625 0.87578125 0.632421875 0.88046875 0.633203125 0.8875 0.627734375 0.89140625 0.615234375
1 0.6671875 0.385546875 0.6640625 0.366015625 0.65546875 0.349609375 0.643359375 0.34453125 0.626171875 0.34375 0.621875 0.355078125 0.62421875 0.391796875 0.66015625 0.398046875 0.66640625 0.395703125 0.6671875 0.385546875
1 0.65625 0.322265625 0.646875 0.297265625 0.629296875 0.290625 0.619921875 0.29140625 0.615625 0.310546875 0.61875 0.314453125 0.62265625 0.336328125 0.635546875 0.34140625 0.65625 0.344140625 0.65859375 0.341796875 0.65625 0.322265625
1 0.630859375 0.265625 0.60703125 0.262109375 0.6046875 0.271484375 0.612109375 0.290625 0.64140625 0.292578125 0.640625 0.277734375 0.630859375 0.265625
1 0.561328125 0.26484375 0.549609375 0.259375 0.535546875 0.259375 0.52890625 0.263671875 0.52578125 0.269921875 0.527734375 0.290625 0.56484375 0.293359375 0.56796875 0.281640625 0.561328125 0.26484375
1 0.767578125 0.29765625 0.76484375 0.303515625 0.771875 0.319140625 0.780078125 0.32578125 0.7890625 0.326953125 0.78203125 0.307421875 0.767578125 0.29765625
1 0.275390625 0.34921875 0.287109375 0.34140625 0.29453125 0.328515625 0.29375 0.322265625 0.271484375 0.3203125 0.237109375 0.3390625 0.23125 0.344921875 0.23046875 0.355859375 0.24765625 0.357421875 0.251171875 0.35234375 0.275390625 0.34921875
1 0.1359375 0.533203125 0.140625 0.512109375 0.13984375 0.490234375 0.137109375 0.48671875 0.130078125 0.4875 0.125 0.496484375 0.11640625 0.529296875 0.1125 0.533984375 0.11171875 0.544140625 0.11875 0.570703125 0.123828125 0.57578125 0.13359375 0.578515625 0.1375 0.555078125 0.1359375 0.533203125
3 0.146875 0.437890625 0.1578125 0.418359375 0.15859375 0.402734375 0.16484375 0.384765625 0.1609375 0.376953125 0.16171875 0.361328125 0.153515625 0.35859375 0.1375 0.371484375 0.13203125 0.393359375 0.121875 0.411328125 0.1203125 0.431640625 0.1234375 0.445703125 0.1203125 0.464453125 0.12265625 0.473828125 0.130078125 0.48046875 0.133984375 0.478125 0.13828125 0.483203125 0.146875 0.455859375 0.146875 0.437890625
2 0.26640625 0.553515625 0.258984375 0.5375 0.2546875 0.539453125 0.25 0.555078125 0.2546875 0.570703125 0.260546875 0.57109375 0.2671875 0.580078125 0.26484375 0.569921875 0.26640625 0.553515625
2 0.30859375 0.524609375 0.304296875 0.52265625 0.2953125 0.541796875 0.29765625 0.555859375 0.31484375 0.561328125 0.31640625 0.538671875 0.30859375 0.524609375