1 0.8375 0.569921875 0.84140625 0.551953125 0.84140625 0.509765625 0.83828125 0.506640625 0.82578125 0.458984375 0.819140625 0.45390625 0.803515625 0.4515625 0.79375 0.458984375 0.79296875 0.514453125 0.79921875 0.537890625 0.80078125 0.576953125 0.805078125 0.58203125 0.81796875 0.583203125 0.833203125 0.57734375 0.8375 0.569921875
1 0.809375 0.392578125 0.79921875 0.368359375 0.79765625 0.357421875 0.77734375 0.321484375 0.764453125 0.309375 0.736328125 0.30078125 0.734375 0.316015625 0.7390625 0.336328125 0.76015625 0.376171875 0.76796875 0.403515625 0.778515625 0.4109375 0.80859375 0.417578125 0.8109375 0.414453125 0.809375 0.392578125
1 0.72734375 0.243359375 0.702734375 0.21796875 0.694921875 0.2109375 0.678515625 0.2046875 0.665234375 0.20234375 0.6609375 0.205859375 0.66640625 0.228515625 0.68203125 0.243359375 0.690234375 0.2609375 0.714453125 0.26640625 0.7390625 0.277734375 0.7375 0.264453125 0.72734375 0.243359375
1 0.6734375 0.182421875 0.654296875 0.16484375 0.631640625 0.15625 0.61328125 0.155078125 0.615625 0.165234375 0.631640625 0.18046875 0.665234375 0.19296875 0.6765625 0.194140625 0.67734375 0.187890625 0.6734375 0.182421875
1 0.8359375 0.686328125 0.84296875 0.651953125 0.84296875 0.623046875 0.839453125 0.6078125 0.830859375 0.6078125 0.81796875 0.616015625 0.8 0.655078125 0.79609375 0.672265625 0.79609375 0.698046875 0.78984375 0.721484375 0.792578125 0.725 0.7984375 0.724609375 0.82265625 0.709765625 0.8359375 0.686328125
1 0.80859375 0.776953125 0.81640625 0.755078125 0.815234375 0.734375 0.795703125 0.7453125 0.77265625 0.769140625 0.7640625 0.783984375 0.7640625 0.808203125 0.76796875 0.808984375 0.790234375 0.79765625 0.80859375 0.776953125
1 0.85703125 0.766015625 0.85859375 0.757421875 0.847265625 0.75703125 0.830078125 0.76640625 0.79609375 0.805078125 0.79765625 0.811328125 0.835546875 0.7921875 0.85703125 0.766015625
3 0.5015625 0.919140625 0.5015625 0.910546875 0.49921875 0.902734375 0.486328125 0.89375 0.463671875 0.88359375 0.455078125 0.87578125 0.43125 0.866796875 0.42734375 0.854296875 0.4375 0.847265625 0.430078125 0.8375 0.4171875 0.835546875 0.41484375 0.822265625 0.4078125 0.816015625 0.4125 0.811328125 0.4140625 0.799609375 0.409375 0.778515625 0.39921875 0.762890625 0.383984375 0.75078125 0.373828125 0.7484375 0.362109375 0.73828125 0.334765625 0.734375 0.328125 0.726953125 0.32578125 0.711328125 0.313671875 0.69609375 0.306640625 0.69453125 0.299609375 0.69921875 0.287109375 0.6984375 0.265234375 0.67265625 0.230859375 0.64609375 0.224609375 0.6453125 0.219921875 0.65 0.212109375 0.64765625 0.208203125 0.65 0.20234375 0.663671875 0.20390625 0.677734375 0.2296875 0.706640625 0.2421875 0.741015625 0.25859375 0.768359375 0.256640625 0.77578125 0.246875 0.776171875 0.25546875 0.795703125 0.25625 0.810546875 0.24140625 0.830078125 0.24140625 0.835546875 0.25078125 0.848828125 0.272265625 0.8640625 0.281640625 0.87578125 0.330078125 0.90703125 0.394140625 0.92734375 0.45 0.933984375 0.496484375 0.9234375 0.5015625 0.919140625
3 0.20234375 0.498828125 0.20390625 0.469921875 0.20703125 0.462109375 0.20078125 0.451171875 0.2015625 0.440234375 0.20859375 0.428515625 0.21171875 0.415234375 0.22265625 0.404296875 0.225 0.392578125 0.2296875 0.388671875 0.23359375 0.377734375 0.231640625 0.371875 0.2234375 0.373828125 0.21953125 0.361328125 0.234375 0.318359375 0.2375 0.275390625 0.25078125 0.247265625 0.24765625 0.230078125 0.25703125 0.216796875 0.25859375 0.203515625 0.2671875 0.180078125 0.28203125 0.156640625 0.2953125 0.145703125 0.294921875 0.13359375 0.282421875 0.1359375 0.251953125 0.159375 0.20390625 0.208203125 0.19375 0.227734375 0.19453125 0.234765625 0.1875 0.235546875 0.1921875 0.239453125 0.1796875 0.248046875 0.1703125 0.262890625 0.16171875 0.300390625 0.15546875 0.308984375 0.13515625 0.362109375 0.12890625 0.392578125 0.13203125 0.400390625 0.13359375 0.458203125 0.1390625 0.463671875 0.140625 0.479296875 0.14765625 0.487109375 0.146875 0.498828125 0.14140625 0.501171875 0.14140625 0.508984375 0.145703125 0.521875 0.16640625 0.525390625 0.183203125 0.52265625 0.20234375 0.498828125
3 0.323828125 0.20859375 0.333203125 0.2 0.344140625 0.19921875 0.353515625 0.18984375 0.372265625 0.18125 0.390625 0.166015625 0.4 0.152734375 0.39296875 0.138671875 0.39375 0.130078125 0.4046875 0.108203125 0.41328125 0.101953125 0.412109375 0.0953125 0.387109375 0.09140625 0.356640625 0.1 0.335546875 0.11171875 0.3171875 0.127734375 0.2609375 0.204296875 0.2609375 0.212890625 0.266015625 0.21640625 0.276171875 0.21875 0.298046875 0.21328125 0.301171875 0.21875 0.30390625 0.218359375 0.313671875 0.2109375 0.323828125 0.20859375
3 0.5125 0.624609375 0.51484375 0.600390625 0.505078125 0.58984375 0.487890625 0.58515625 0.467578125 0.5859375 0.448046875 0.59375 0.43515625 0.607421875 0.4328125 0.626171875 0.43828125 0.643359375 0.4640625 0.661328125 0.484765625 0.6390625 0.5125 0.624609375
3 0.544140625 0.56875 0.557421875 0.56171875 0.582421875 0.55703125 0.58515625 0.553515625 0.578125 0.542578125 0.557421875 0.53203125 0.537109375 0.53046875 0.519140625 0.53515625 0.502734375 0.54453125 0.49296875 0.562109375 0.48984375 0.577734375 0.493359375 0.5828125 0.51875 0.597265625 0.52890625 0.581640625 0.544140625 0.56875
3 0.6015625 0.655078125 0.60625 0.639453125 0.62109375 0.625390625 0.62578125 0.612109375 0.62578125 0.591015625 0.6203125 0.580859375 0.600390625 0.5625 0.576953125 0.5578125 0.555859375 0.5625 0.539453125 0.571875 0.52109375 0.594140625 0.515625 0.616015625 0.518359375 0.6234375 0.549609375 0.628125 0.565234375 0.63515625 0.578125 0.648046875 0.58515625 0.665234375 0.591015625 0.6640625 0.6015625 0.655078125
3 0.56953125 0.694921875 0.58125 0.669140625 0.578125 0.651171875 0.561328125 0.63359375 0.533203125 0.62578125 0.521484375 0.625 0.491796875 0.63515625 0.4765625 0.648046875 0.4703125 0.658203125 0.4703125 0.674609375 0.4796875 0.692578125 0.487890625 0.7015625 0.505078125 0.709375 0.5359375 0.710546875 0.556640625 0.7046875 0.56953125 0.694921875
3 0.57265625 0.786328125 0.5875 0.773046875 0.586328125 0.76875 0.577734375 0.76484375 0.555078125 0.765625 0.544140625 0.76953125 0.53203125 0.781640625 0.53203125 0.788671875 0.541796875 0.796875 0.5609375 0.798046875 0.56953125 0.794140625 0.57265625 0.786328125
3 0.622265625 0.79140625 0.635546875 0.79609375 0.65703125 0.776953125 0.65859375 0.765234375 0.651171875 0.7578125 0.633203125 0.75625 0.599609375 0.765625 0.57265625 0.786328125 0.57109375 0.797265625 0.57734375 0.800390625 0.605078125 0.7921875 0.622265625 0.79140625
3 0.63515625 0.804296875 0.63515625 0.800390625 0.627734375 0.7921875 0.608984375 0.79140625 0.584765625 0.796875 0.56796875 0.807421875 0.5671875 0.819140625 0.573828125 0.8265625 0.59296875 0.827734375 0.617578125 0.8203125 0.63515625 0.804296875
3 0.609765625 0.89140625 0.584765625 0.8921875 0.549609375 0.89921875 0.52265625 0.909765625 0.529296875 0.9140625 0.55859375 0.914453125 0.6171875 0.894140625 0.609765625 0.89140625
3 0.63984375 0.898046875 0.635546875 0.89453125 0.614453125 0.89609375 0.578515625 0.90625 0.56953125 0.912890625 0.60078125 0.915234375 0.616015625 0.9109375 0.63984375 0.898046875
3 0.584765625 0.9265625 0.59296875 0.921484375 0.584765625 0.91484375 0.545703125 0.91796875 0.523828125 0.921875 0.50859375 0.928515625 0.517578125 0.93515625 0.54296875 0.934765625 0.558984375 0.93359375 0.584765625 0.9265625
3 0.60390625 0.362109375 0.6046875 0.345703125 0.59765625 0.325390625 0.585546875 0.315625 0.571484375 0.31015625 0.556640625 0.31015625 0.541796875 0.31640625 0.534375 0.333203125 0.53515625 0.353515625 0.561328125 0.3703125 0.5859375 0.373046875 0.599609375 0.36953125 0.60390625 0.362109375
3 0.53671875 0.323046875 0.5421875 0.315234375 0.540625 0.306640625 0.55 0.296484375 0.5484375 0.285546875 0.535546875 0.275 0.520703125 0.26796875 0.501953125 0.2640625 0.478515625 0.2671875 0.478125 0.262109375 0.481640625 0.25859375 0.466796875 0.2609375 0.4640625 0.265234375 0.475 0.270703125 0.458984375 0.2828125 0.451953125 0.2796875 0.45078125 0.283984375 0.45546875 0.305859375 0.4515625 0.316015625 0.45546875 0.333984375 0.480859375 0.34609375 0.5140625 0.348046875 0.53125 0.344921875 0.53671875 0.323046875
3 0.578125 0.273046875 0.57578125 0.260546875 0.566796875 0.2515625 0.543359375 0.24296875 0.506640625 0.2453125 0.496875 0.251171875 0.500390625 0.2640625 0.529296875 0.271875 0.549609375 0.284375 0.5625 0.283984375 0.571484375 0.28125 0.578125 0.273046875
3 0.485546875 0.16328125 0.48984375 0.156640625 0.475390625 0.14765625 0.442578125 0.1484375 0.419140625 0.15703125 0.39609375 0.173046875 0.3953125 0.176953125 0.400390625 0.18125 0.409375 0.181640625 0.470703125 0.16953125 0.485546875 0.16328125
3 0.93046875 0.602734375 0.93203125 0.573046875 0.918359375 0.56328125 0.90546875 0.564453125 0.89609375 0.608203125 0.90078125 0.612109375 0.8984375 0.619921875 0.90546875 0.631640625 0.90234375 0.652734375 0.905859375 0.65859375 0.9109375 0.658203125 0.921875 0.643359375 0.93046875 0.602734375
1 0.9375 0.477734375 0.93125 0.454296875 0.922265625 0.44453125 0.91875 0.448046875 0.92109375 0.473046875 0.9296875 0.505859375 0.934375 0.507421875 0.9375 0.500390625 0.9375 0.477734375
1 0.91328125 0.404296875 0.903125 0.376171875 0.8953125 0.362109375 0.886328125 0.35625 0.884375 0.363671875 0.89921875 0.403515625 0.903125 0.412109375 0.9109375 0.417578125 0.9140625 0.413671875 0.91328125 0.404296875
1 0.871875 0.310546875 0.858203125 0.29140625 0.844921875 0.284375 0.84453125 0.292578125 0.86328125 0.326171875 0.88046875 0.341796875 0.88125 0.332421875 0.871875 0.310546875
1 0.800390625 0.22421875 0.80078125 0.231640625 0.81875 0.254296875 0.8359375 0.263671875 0.81953125 0.238671875 0.800390625 0.22421875