1 0.564453125 0.3921875 0.581640625 0.38359375 0.58671875 0.375390625 0.58671875 0.369140625 0.569140625 0.34375 0.552734375 0.33671875 0.508984375 0.328125 0.50625 0.332421875 0.50625 0.358984375 0.51015625 0.396484375 0.517578125 0.40625 0.5421875 0.408203125 0.553515625 0.4046875 0.564453125 0.3921875
1 0.392578125 0.40078125 0.403515625 0.39609375 0.475390625 0.39140625 0.478125 0.385546875 0.48046875 0.343359375 0.47734375 0.319140625 0.471484375 0.31328125 0.462890625 0.3109375 0.415234375 0.309375 0.366796875 0.31796875 0.355078125 0.321875 0.341796875 0.3328125 0.33125 0.345703125 0.31875 0.373828125 0.31796875 0.392578125 0.326171875 0.4015625 0.345703125 0.40234375 0.355078125 0.4171875 0.36875 0.419140625 0.381640625 0.41640625 0.392578125 0.40078125
1 0.18828125 0.476171875 0.196484375 0.44609375 0.19765625 0.468359375 0.201171875 0.4734375 0.220703125 0.47265625 0.229296875 0.47890625 0.233984375 0.47890625 0.259765625 0.46328125 0.265625 0.451171875 0.2625 0.423828125 0.250390625 0.41328125 0.227734375 0.41015625 0.216796875 0.4046875 0.196484375 0.40546875 0.177734375 0.4140625 0.16484375 0.423828125 0.15546875 0.448046875 0.1546875 0.473828125 0.165234375 0.48671875 0.1703125 0.487109375 0.177734375 0.47890625 0.18828125 0.476171875
1 0.821484375 0.446875 0.827734375 0.4390625 0.839453125 0.453125 0.84765625 0.444140625 0.84296875 0.420703125 0.792578125 0.37578125 0.765234375 0.37265625 0.737109375 0.3796875 0.7328125 0.401171875 0.7390625 0.419921875 0.750390625 0.43515625 0.765234375 0.440625 0.773046875 0.453125 0.7828125 0.455078125 0.792578125 0.44453125 0.821484375 0.446875
1 0.78125 0.318359375 0.764453125 0.30625 0.730078125 0.2921875 0.701953125 0.29765625 0.671484375 0.29765625 0.6625 0.305859375 0.6609375 0.316015625 0.68125 0.333984375 0.6828125 0.341796875 0.693359375 0.3546875 0.739453125 0.36640625 0.80078125 0.376953125 0.796875 0.340234375 0.78125 0.318359375
1 0.482421875 0.26796875 0.444140625 0.27421875 0.433203125 0.28046875 0.42734375 0.288671875 0.433984375 0.30078125 0.449609375 0.3015625 0.459765625 0.30703125 0.47578125 0.309765625 0.48203125 0.298828125 0.482421875 0.26796875
1 0.66875 0.293359375 0.658984375 0.2828125 0.626953125 0.2703125 0.604296875 0.2546875 0.592578125 0.25078125 0.526953125 0.25078125 0.509765625 0.25703125 0.50546875 0.261328125 0.50546875 0.306640625 0.508984375 0.31328125 0.597265625 0.31328125 0.608203125 0.315625 0.608203125 0.3125 0.604296875 0.3140625 0.6015625 0.310546875 0.6 0.298046875 0.608984375 0.296875 0.612109375 0.290625 0.61640625 0.294921875 0.61328125 0.299609375 0.62109375 0.301171875 0.61796875 0.309765625 0.626953125 0.31640625 0.6359375 0.317578125 0.656640625 0.31484375 0.66875 0.293359375
1 0.72890625 0.286328125 0.721484375 0.278125 0.694140625 0.2625 0.669921875 0.253125 0.646484375 0.25 0.61875 0.262890625 0.632421875 0.271875 0.657421875 0.28046875 0.671484375 0.29453125 0.69921875 0.297265625 0.726171875 0.2921875 0.72890625 0.286328125
1 0.340234375 0.30390625 0.358984375 0.29921875 0.424609375 0.28828125 0.441015625 0.27421875 0.479296875 0.26640625 0.4828125 0.246484375 0.451953125 0.240625 0.408203125 0.23984375 0.371484375 0.2484375 0.298828125 0.2859375 0.29140625 0.295703125 0.28828125 0.309765625 0.293359375 0.3140625 0.30234375 0.313671875 0.323828125 0.31328125 0.340234375 0.30390625
1 0.175390625 0.41015625 0.185546875 0.409375 0.196484375 0.403125 0.20078125 0.398828125 0.20390625 0.380078125 0.211328125 0.37578125 0.223828125 0.37578125 0.235546875 0.36171875 0.239453125 0.365625 0.247265625 0.36015625 0.251953125 0.36328125 0.259765625 0.35859375 0.26484375 0.347265625 0.26640625 0.329296875 0.27265625 0.322265625 0.2703125 0.316796875 0.2765625 0.290234375 0.2875 0.280078125 0.28984375 0.266796875 0.274609375 0.26796875 0.198046875 0.30234375 0.151171875 0.3328125 0.123828125 0.3578125 0.11328125 0.368359375 0.10703125 0.388671875 0.09921875 0.439453125 0.10390625 0.444921875 0.153515625 0.41875 0.175390625 0.41015625
1 0.88984375 0.402734375 0.873046875 0.3875 0.863671875 0.38984375 0.8625 0.408203125 0.8703125 0.430078125 0.877734375 0.4359375 0.903125 0.442578125 0.903125 0.426171875 0.88984375 0.402734375
1 0.8640625 0.340234375 0.844921875 0.32265625 0.827734375 0.32265625 0.82578125 0.332421875 0.83203125 0.346484375 0.845703125 0.35859375 0.8578125 0.362109375 0.8671875 0.348828125 0.8640625 0.340234375
1 0.88359375 0.371484375 0.878125 0.358203125 0.866796875 0.34765625 0.85859375 0.355859375 0.8578125 0.362109375 0.86640625 0.380859375 0.871875 0.382421875 0.882421875 0.37734375 0.88359375 0.371484375
1 0.90703125 0.404296875 0.9 0.389453125 0.886328125 0.37578125 0.874609375 0.3796875 0.87109375 0.385546875 0.88125 0.393359375 0.901171875 0.41796875 0.9046875 0.418359375 0.90703125 0.416796875 0.90703125 0.404296875
2 0.26640625 0.515234375 0.2703125 0.498046875 0.2671875 0.480078125 0.262890625 0.47734375 0.25859375 0.481640625 0.25703125 0.493359375 0.2515625 0.499609375 0.25078125 0.565234375 0.252734375 0.571875 0.26796875 0.576171875 0.27109375 0.568359375 0.26640625 0.515234375
2 0.58125 0.516796875 0.5796875 0.504296875 0.569921875 0.5 0.565625 0.505859375 0.5640625 0.517578125 0.553125 0.524609375 0.5484375 0.537890625 0.55390625 0.545703125 0.553125 0.570703125 0.55703125 0.584765625 0.561328125 0.5875 0.569140625 0.58515625 0.57890625 0.591796875 0.5875 0.526171875 0.58125 0.516796875
2 0.38125 0.559765625 0.3734375 0.517578125 0.364453125 0.5109375 0.35859375 0.516015625 0.3578125 0.530859375 0.353125 0.535546875 0.353125 0.550390625 0.35703125 0.563671875 0.359375 0.626171875 0.362109375 0.63046875 0.36953125 0.630078125 0.37421875 0.624609375 0.38125 0.559765625
2 0.39296875 0.609765625 0.3953125 0.597265625 0.3984375 0.588671875 0.40546875 0.581640625 0.4078125 0.571484375 0.412109375 0.571875 0.4203125 0.565234375 0.4203125 0.557421875 0.41640625 0.551953125 0.4125 0.529296875 0.396875 0.517578125 0.3984375 0.502734375 0.395703125 0.4984375 0.391015625 0.49765625 0.38359375 0.503515625 0.38515625 0.518359375 0.378125 0.526171875 0.37578125 0.536328125 0.38828125 0.616796875 0.39140625 0.628515625 0.39609375 0.629296875 0.39609375 0.616015625 0.39296875 0.609765625
2 0.534375 0.562109375 0.53359375 0.541015625 0.53203125 0.527734375 0.521875 0.505078125 0.512109375 0.5 0.5078125 0.502734375 0.50703125 0.508203125 0.50625 0.549609375 0.51015625 0.575390625 0.51796875 0.579296875 0.5203125 0.573828125 0.534375 0.562109375
2 0.428125 0.634765625 0.42734375 0.622265625 0.4328125 0.596484375 0.426171875 0.5859375 0.41640625 0.580859375 0.415625 0.569140625 0.408203125 0.565625 0.40390625 0.569140625 0.4046875 0.583203125 0.39765625 0.591015625 0.39296875 0.609765625 0.39921875 0.633984375 0.407421875 0.6421875 0.4140625 0.641796875 0.424609375 0.63984375 0.428125 0.634765625
2 0.565625 0.694140625 0.5859375 0.666796875 0.5828125 0.655078125 0.57109375 0.648046875 0.571875 0.637890625 0.568359375 0.634375 0.55546875 0.637890625 0.55625 0.653515625 0.54140625 0.672265625 0.546875 0.687890625 0.5359375 0.717578125 0.5359375 0.725390625 0.541015625 0.73359375 0.5578125 0.733984375 0.5625 0.726171875 0.565625 0.694140625
2 0.728125 0.591015625 0.72734375 0.580859375 0.721875 0.573828125 0.721484375 0.56015625 0.7140625 0.562890625 0.71171875 0.576171875 0.70234375 0.590234375 0.7 0.616796875 0.6921875 0.637890625 0.690625 0.655078125 0.68515625 0.662890625 0.6921875 0.662890625 0.7046875 0.658984375 0.728125 0.591015625
2 0.6578125 0.616015625 0.65625 0.594921875 0.651171875 0.5859375 0.64296875 0.588671875 0.640625 0.601171875 0.63046875 0.613671875 0.62734375 0.623046875 0.62890625 0.637890625 0.62265625 0.655078125 0.623828125 0.6609375 0.630859375 0.66171875 0.6359375 0.666015625 0.6390625 0.679296875 0.64453125 0.679296875 0.6515625 0.672265625 0.6578125 0.616015625
2 0.67578125 0.632421875 0.6765625 0.588671875 0.67265625 0.578515625 0.667578125 0.57578125 0.6609375 0.580859375 0.6625 0.596484375 0.65390625 0.643359375 0.6546875 0.671484375 0.65 0.682421875 0.6609375 0.683984375 0.66796875 0.651171875 0.67578125 0.632421875
2 0.7765625 0.576953125 0.765234375 0.5609375 0.7609375 0.568359375 0.75859375 0.609765625 0.76171875 0.623828125 0.765625 0.626953125 0.77265625 0.608203125 0.7765625 0.576953125
2 0.825 0.635546875 0.83046875 0.624609375 0.834375 0.601171875 0.834375 0.589453125 0.831640625 0.58671875 0.81796875 0.627734375 0.81484375 0.652734375 0.8078125 0.663671875 0.8125 0.664453125 0.82421875 0.648046875 0.825 0.635546875
2 0.296875 0.610546875 0.289453125 0.60703125 0.28203125 0.619921875 0.28203125 0.639453125 0.28984375 0.672265625 0.30078125 0.694140625 0.30859375 0.694921875 0.3046875 0.628515625 0.296875 0.610546875
2 0.23828125 0.578515625 0.228125 0.558203125 0.223046875 0.55625 0.21640625 0.576953125 0.22265625 0.587890625 0.22578125 0.605078125 0.23671875 0.612890625 0.24296875 0.604296875 0.23828125 0.578515625
2 0.2515625 0.572265625 0.24609375 0.533203125 0.24453125 0.527734375 0.2375 0.523046875 0.23671875 0.513671875 0.231640625 0.5125 0.23046875 0.537890625 0.23359375 0.562890625 0.2421875 0.594140625 0.2484375 0.601171875 0.2515625 0.598828125 0.2515625 0.572265625
2 0.329296875 0.79921875 0.321484375 0.80078125 0.314453125 0.79765625 0.3125 0.801171875 0.31640625 0.811328125 0.32734375 0.825390625 0.32890625 0.833203125 0.333203125 0.83671875 0.341015625 0.834375 0.349609375 0.846875 0.3546875 0.847265625 0.3421875 0.809765625 0.329296875 0.79921875
2 0.55625 0.776953125 0.5609375 0.757421875 0.55703125 0.749609375 0.55703125 0.733984375 0.554296875 0.73203125 0.53984375 0.734765625 0.53828125 0.744921875 0.5265625 0.761328125 0.534375 0.795703125 0.53359375 0.808984375 0.54296875 0.810546875 0.54375 0.799609375 0.55625 0.776953125
2 0.5828125 0.788671875 0.5765625 0.766015625 0.569921875 0.7609375 0.5609375 0.764453125 0.559375 0.773828125 0.55 0.788671875 0.55234375 0.805078125 0.54609375 0.811328125 0.558203125 0.81171875 0.565625 0.816015625 0.5734375 0.811328125 0.5828125 0.788671875
2 0.58828125 0.730859375 0.584765625 0.7203125 0.576171875 0.721875 0.569140625 0.73359375 0.565234375 0.73125 0.56484375 0.737109375 0.55859375 0.743359375 0.56171875 0.760546875 0.56875 0.761328125 0.57265625 0.759765625 0.58828125 0.730859375
2 0.5953125 0.706640625 0.58828125 0.691015625 0.590625 0.674609375 0.584765625 0.66953125 0.5765625 0.676953125 0.575 0.683203125 0.56484375 0.695703125 0.5609375 0.737109375 0.565625 0.737109375 0.57265625 0.733203125 0.5953125 0.706640625
2 0.60390625 0.753515625 0.6 0.735546875 0.595703125 0.73125 0.584375 0.735546875 0.58203125 0.744140625 0.571875 0.756640625 0.5796875 0.782421875 0.58515625 0.791015625 0.5890625 0.776953125 0.60390625 0.753515625
2 0.7125 0.788671875 0.709765625 0.78515625 0.697265625 0.78359375 0.6921875 0.787890625 0.69140625 0.792578125 0.69453125 0.796484375 0.68359375 0.808203125 0.6875 0.811328125 0.68359375 0.827734375 0.68671875 0.829296875 0.71015625 0.803515625 0.7125 0.788671875
2 0.72109375 0.722265625 0.72421875 0.705859375 0.72421875 0.698046875 0.721484375 0.69609375 0.71015625 0.705859375 0.7125 0.710546875 0.7 0.723828125 0.69453125 0.741015625 0.694921875 0.7484375 0.698828125 0.746875 0.702734375 0.75078125 0.70703125 0.750390625 0.71484375 0.740234375 0.72109375 0.722265625
2 0.746875 0.703515625 0.744921875 0.68125 0.73828125 0.684765625 0.72265625 0.710546875 0.7109375 0.745703125 0.709375 0.761328125 0.71171875 0.761328125 0.72578125 0.744921875 0.746875 0.703515625
2 0.679296875 0.79921875 0.684375 0.794921875 0.70390625 0.752734375 0.71015625 0.745703125 0.708984375 0.74296875 0.69453125 0.746484375 0.6796875 0.767578125 0.6734375 0.787109375 0.6625 0.800390625 0.665625 0.800390625 0.673828125 0.79609375 0.679296875 0.79921875
2 0.675 0.749609375 0.675 0.735546875 0.667578125 0.72578125 0.65859375 0.730078125 0.65625 0.737890625 0.64296875 0.753515625 0.6390625 0.769140625 0.64296875 0.776953125 0.6390625 0.794140625 0.64453125 0.794921875 0.65546875 0.792578125 0.675 0.749609375
2 0.63671875 0.773828125 0.64453125 0.749609375 0.640234375 0.74453125 0.632421875 0.74609375 0.621875 0.756640625 0.61328125 0.773046875 0.61328125 0.798046875 0.61015625 0.804296875 0.62421875 0.806640625 0.62734375 0.789453125 0.63671875 0.773828125
2 0.671875 0.716015625 0.67265625 0.710546875 0.6671875 0.704296875 0.66875 0.698046875 0.664453125 0.69296875 0.6546875 0.698046875 0.65546875 0.709765625 0.64921875 0.719140625 0.64609375 0.731640625 0.647265625 0.73671875 0.65234375 0.736328125 0.66953125 0.723828125 0.671875 0.716015625
2 0.640625 0.728515625 0.64375 0.719140625 0.643359375 0.69609375 0.641015625 0.7 0.630078125 0.703125 0.623828125 0.7109375 0.610546875 0.715625 0.60234375 0.725390625 0.60078125 0.738671875 0.6046875 0.757421875 0.60078125 0.762109375 0.6015625 0.776171875 0.60703125 0.776953125 0.6328125 0.743359375 0.640625 0.728515625
2 0.405078125 0.78984375 0.40625 0.783984375 0.3953125 0.766796875 0.386328125 0.76171875 0.381640625 0.75390625 0.371484375 0.7515625 0.36953125 0.755078125 0.371875 0.761328125 0.3671875 0.769140625 0.37265625 0.776171875 0.37734375 0.799609375 0.38515625 0.801953125 0.388671875 0.79375 0.405078125 0.78984375
2 0.47578125 0.798046875 0.462109375 0.79140625 0.458203125 0.7828125 0.451171875 0.78203125 0.440625 0.800390625 0.4375 0.808203125 0.4390625 0.811328125 0.475 0.823046875 0.48046875 0.812109375 0.47578125 0.798046875
2 0.3453125 0.776171875 0.3453125 0.772265625 0.334375 0.750390625 0.326953125 0.746875 0.321484375 0.7375 0.317578125 0.7375 0.31640625 0.741796875 0.31953125 0.744921875 0.31640625 0.747265625 0.31640625 0.757421875 0.33125 0.781640625 0.33515625 0.793359375 0.34140625 0.796484375 0.33984375 0.780859375 0.3453125 0.776171875
2 0.442578125 0.66953125 0.453515625 0.67109375 0.45546875 0.676171875 0.45390625 0.666015625 0.44453125 0.654296875 0.44375 0.639453125 0.439453125 0.634375 0.430859375 0.634375 0.42421875 0.646484375 0.42265625 0.667578125 0.428125 0.679296875 0.431640625 0.6734375 0.442578125 0.66953125
2 0.4515625 0.735546875 0.459375 0.692578125 0.45546875 0.672265625 0.451171875 0.66875 0.442578125 0.66796875 0.42890625 0.673046875 0.42109375 0.689453125 0.41796875 0.711328125 0.41953125 0.718359375 0.43125 0.725390625 0.4328125 0.747265625 0.440234375 0.75234375 0.4484375 0.752734375 0.45234375 0.748828125 0.4515625 0.735546875
2 0.15546875 0.516796875 0.159375 0.487890625 0.152734375 0.4734375 0.14921875 0.476171875 0.14296875 0.497265625 0.14765625 0.510546875 0.15078125 0.541015625 0.15390625 0.545703125 0.15625 0.541796875 0.15546875 0.516796875