1 0.40274637457337886 0.7508685145051195 0.40605890529010236 0.7385059829351536 0.412829773890785 0.7297201339590443 0.426377313993174 0.7302584914675767 0.4294314948805461 0.7271018199658703 0.4378665563139932 0.705511768771331 0.438765752559727 0.6889692201365188 0.4473466211604096 0.6833183839590444 0.4278407747440273 0.6555666015358362 0.3730631365187714 0.6391222943686007 0.3489472090443686 0.651652292662116 0.33868629266211603 0.683353204778157 0.3185512056313993 0.6991582192832765 0.3136928276450512 0.7172899325938566 0.32475200597269627 0.730411656996587 0.38950050170648465 0.750852659556314 0.40274637457337886 0.7508685145051195
2 0.5656127192832764 0.73974125 0.5778294436860067 0.7271145656996587 0.5908861919795222 0.701462843003413 0.5880845563139931 0.6773035981228669 0.5792611936860068 0.6789144215017064 0.5677069752559727 0.6890685998293515 0.5597135853242321 0.709010313993174 0.5518977124573379 0.7183994957337884 0.5506751902730376 0.7295553609215017 0.5600052005119454 0.7408887440273038 0.5656127192832764 0.73974125
2 0.46846754010238906 0.6704275469283276 0.4781092679180887 0.6509275034129692 0.4886184820819112 0.6413766587030717 0.4917101774744027 0.629838295221843 0.48447017576791807 0.6172982457337883 0.484184364334471 0.6035298703071672 0.4764060059726963 0.6045373600682594 0.47375598122866897 0.614427385665529 0.4652342858361775 0.6165607116040955 0.460553425767918 0.6241398933447099 0.4543541800341297 0.6604624931740615 0.45829750597269625 0.6721192013651877 0.46846754010238906 0.6704275469283276
2 0.1874534428327645 0.6180969240614335 0.19327019027303755 0.5799051518771331 0.18168270648464163 0.5489750392491467 0.17483100682593855 0.5564142167235495 0.17218098293515358 0.5663042423208191 0.17844675938566554 0.6121502244027304 0.18409759556313993 0.620731093003413 0.1874534428327645 0.6180969240614335
2 0.6034622005119454 0.6182651117747441 0.6161956237201366 0.5872267056313993 0.6209948293515358 0.572612502559727 0.621872366894198 0.5512057730375426 0.616103186006826 0.5496599249146757 0.6103556629692832 0.5529782593856655 0.6014947858361775 0.5629707747440272 0.5916596851535837 0.6062692226962458 0.5972513481228668 0.6183676015358361 0.6034622005119454 0.6182651117747441
2 0.6408023421501706 0.6008867875426621 0.651930744880546 0.5791350733788396 0.6570099590443685 0.5601791911262799 0.6572466493174062 0.5461091493174062 0.6543108131399317 0.5422307994880546 0.638657409556314 0.5561449820819112 0.6294256416382253 0.6004884343003413 0.6408023421501706 0.6008867875426621
1 0.597180569112628 0.5856650025597269 0.5994047781569966 0.5641774419795221 0.6071614778156996 0.5583057696245735 0.6142123540955632 0.5451782423208191 0.6063632158703072 0.5134831331058021 0.5699381262798635 0.5010730358361775 0.5608939283276451 0.5035080281569966 0.5444380145051195 0.5220655571672355 0.533218728668942 0.5738265281569965 0.597180569112628 0.5856650025597269
2 0.5155762517064846 0.5275821928327645 0.532091337883959 0.5055071527303754 0.5355813865187713 0.4825920895904437 0.5300272363481229 0.46211201877133107 0.518068861774744 0.4655328421501707 0.5067787960750854 0.48459121501706487 0.5029062491467576 0.5056371049488054 0.508923728668942 0.5293330204778157 0.5155762517064846 0.5275821928327645
2 0.7267251254266212 0.5868093873720136 0.7373685401023891 0.5569776476109215 0.7335652184300341 0.5431500998293515 0.7280168720136518 0.5407800836177474 0.7216068430034129 0.5465709232081911 0.7196193250853242 0.5539884428327645 0.7188659351535837 0.5864702064846417 0.7267251254266212 0.5868093873720136
2 0.626153319112628 0.4874272534129693 0.6279791740614334 0.47731639249146757 0.6229691860068259 0.46139883617747446 0.6178841689419795 0.46224466382252566 0.6114957986348123 0.4728996860068259 0.6093307619453925 0.4908697363481229 0.626153319112628 0.4874272534129693
1 0.6183649087030716 0.5197906723549488 0.6255341305460751 0.49962812286689423 0.624224973549488 0.4913272619453925 0.6196407994880546 0.48700724146757673 0.6099340955631399 0.4919147406143345 0.6046932192832765 0.5081772807167235 0.6137432209897611 0.5238523430034129 0.6183649087030716 0.5197906723549488
1 0.6359095605802049 0.7625522687713311 0.6486112730375426 0.758005609215017 0.6572354590443685 0.762083135665529 0.6666404965870307 0.7566531348122867 0.676148023890785 0.7574339863481229 0.6823372175767918 0.7524673148464164 0.6907131058020478 0.734394773890785 0.6801389155290102 0.7293530742320818 0.6724038745733788 0.7400889274744028 0.6658321825938567 0.7431864257679182 0.6427554564846416 0.7370030358361774 0.6306628813993174 0.7607047542662116 0.6359095605802049 0.7625522687713311
2 0.6683046894197953 0.7438489317406143 0.6835755947098976 0.7280655759385666 0.6822664377133105 0.7197647158703072 0.6867639769624574 0.7046280102389079 0.6806339556313993 0.7060771715017065 0.6618671979522184 0.7266655358361775 0.6568471578498294 0.7421039078498293 0.6683046894197953 0.7438489317406143
2 0.15142670648464165 0.5943101262798635 0.1518567704778157 0.5564416791808874 0.1471701075085324 0.5459108054607509 0.1382717167235495 0.5642850136518771 0.14240416723549487 0.6016092994880546 0.14789334129692833 0.6074968267918088 0.15142670648464165 0.5943101262798635
2 0.16403753668941978 0.6197727235494881 0.16453837969283275 0.6146068754266212 0.16458594539249147 0.5748692559726962 0.15474928924914674 0.5505916655290103 0.14958924488054606 0.5682008771331057 0.15030667491467578 0.611676843003413 0.15286001279863481 0.6136860204778156 0.15643669539249147 0.6102276825938566 0.16156502986348123 0.6191102175767919 0.16403753668941978 0.6197727235494881
1 0.15455747098976108 0.6419661083617747 0.15549998549488053 0.6351519232081911 0.1459433370307167 0.6065326535836177 0.13490581740614335 0.5982751109215018 0.11141913054607509 0.5672483114334471 0.09949826962457338 0.5622874436860069 0.0910574052901024 0.5657674402730375 0.08718485836177475 0.5868133302047782 0.09543234982935155 0.6071317389078499 0.10240819795221844 0.6107675947098976 0.11529903583617748 0.6318885127986349 0.12321739846416381 0.628710183447099 0.13909744027303755 0.6320818865187714 0.15164329351535838 0.6429519402730375 0.15455747098976108 0.6419661083617747
3 0.23704160324232085 0.30940607252559726 0.24773413907849828 0.3074127508532423 0.2569775136518771 0.29928940870307164 0.2591858668941979 0.2910477201365188 0.2706000810580205 0.28306438139931744 0.3125460554607508 0.2748702593856655 0.33109197696245735 0.25510606399317404 0.3705062721843004 0.24976694624573378 0.41867895307167236 0.22822446075085323 0.4386365221843003 0.22297197781569963 0.46140577815699657 0.21052281058020478 0.5056034232081912 0.20381536348122867 0.524192662116041 0.19377953071672355 0.5354077005119454 0.19148454266211604 0.547263585324232 0.18185286604095563 0.5470586049488054 0.16943116126279864 0.5355577559726962 0.1579577747440273 0.5158960503412969 0.145622704778157 0.4935843199658703 0.14317766040955632 0.47199426877133105 0.1347425989761092 0.45665838737201364 0.13593341126279865 0.4329191544368601 0.13222252730375425 0.4093849027303754 0.14093334812286687 0.3934890051194539 0.15080751791808875 0.3825539752559727 0.1487608276450512 0.3552813771331058 0.15823664419795222 0.3266563046075085 0.1496832380546075 0.31813460836177476 0.15181656313993175 0.2953061800341297 0.16778324061433447 0.2834878088737201 0.1690332252559727 0.2702044215017065 0.1773990614334471 0.23739508447098975 0.2207249718430034 0.21789079266211603 0.26054922696245736 0.2087340529010239 0.28812929522184305 0.211169045221843 0.29717349317406144 0.2301465861774744 0.30711688737201365 0.23704160324232085 0.30940607252559726
3 0.8527405648464164 0.5516744889078499 0.845662226109215 0.5418277807167236 0.8496805802047782 0.5367211058020478 0.8509031023890785 0.5255652406143344 0.8560689505119454 0.5260660836177474 0.8534997568259385 0.5373027798634812 0.8580030989761092 0.5402761296928328 0.8645747909556314 0.5371786313993174 0.8626623003412969 0.5278327670648464 0.8689323250853243 0.5242127662116041 0.8702573378839591 0.5192677534129693 0.8654306706484642 0.5109077201365188 0.8765057039249148 0.5107835716723549 0.8794415401023891 0.5146619215017064 0.8737156757679181 0.5228444368600683 0.8793448532423207 0.5265611237201365 0.8892449308873719 0.4978552201365188 0.8933441160409555 0.4940952150170649 0.8968024539249148 0.4976718984641639 0.8994741365187714 0.49264605460750854 0.895692473549488 0.48368268771331063 0.900949204778157 0.45417427389078496 0.8997742482935154 0.42559251877133103 0.8939617491467576 0.4143183088737201 0.8940367773037543 0.39755492491467576 0.887857635665529 0.3711656680887372 0.8803159675767918 0.3581031160409556 0.8784684530716724 0.363349795221843 0.8736042721843003 0.3633714539249147 0.8537534411262798 0.3253688063139932 0.8418325802047781 0.3204079385665529 0.8318242090443686 0.32479293515358365 0.8188308822525597 0.2974611646757679 0.8133417081911263 0.2915736373720137 0.8005375059726962 0.28990944453924916 0.7940033284982936 0.28462525085324236 0.7845708284982935 0.2670810162116041 0.7490290802047781 0.25137424317406143 0.7361815605802048 0.23998168771331058 0.7160781843003413 0.22929495477815698 0.7093823438566553 0.22131741979522182 0.6938256262798634 0.22333240017064845 0.670764755119454 0.20390313651877134 0.6591672201365188 0.20432895221843003 0.6179587798634812 0.19328718430034128 0.5828587022184301 0.1759320733788396 0.5505761160409557 0.16949033447098977 0.5503985972696246 0.18004286604095565 0.5539377670648464 0.18496622013651876 0.5717894726962457 0.19416627730375424 0.5868453464163822 0.19731714505119455 0.6405621254266212 0.22761065870307165 0.6539538054607509 0.24356572866894197 0.663327133105802 0.2646274752559727 0.6765571510238908 0.27788920307167236 0.6889196825938566 0.28120173378839586 0.6953355153583618 0.29352094880546076 0.7039005281569966 0.30111598549488056 0.7402072730375426 0.32056110409556315 0.8189565853242321 0.37611223549488054 0.8268215793515359 0.3945614709897611 0.8210206868600683 0.4195073703071672 0.8124989906143345 0.4216406962457338 0.8129031476109215 0.42837405034129694 0.8182090000000001 0.42670405375426623 0.8097147662116041 0.45181161604095565 0.8121280998293515 0.45599163225255973 0.8082555529010238 0.47703752303754265 0.8146872406143345 0.476110864334471 0.8116547184300341 0.4841317167235495 0.8137072133105802 0.4913067423208191 0.8347531032423209 0.49517928839590447 0.834015569112628 0.5144151791808874 0.8418155870307168 0.5182718703071673 0.8479456075085324 0.5168227090443687 0.8424088686006825 0.5506728020477816 0.8527405648464164 0.5516744889078499
2 0.626965880546075 0.4514279795221843 0.6363867738907849 0.43275210494880545 0.6339676365187714 0.41046203412969284 0.6299276237201366 0.4107045281569966 0.6177108993174062 0.4233312124573379 0.6201516953924914 0.4504854658703072 0.626965880546075 0.4514279795221843
2 0.6452000844709898 0.46249720989761095 0.652988494880546 0.43013379180887373 0.6501118319112628 0.422737930887372 0.645166819112628 0.4214129189419795 0.6395809581911263 0.4274245947098976 0.6323525639931741 0.4511046544368601 0.6330583873720137 0.4583605102389079 0.638326726109215 0.4650722064846416 0.6452000844709898 0.46249720989761095
0 0.17899900000000002 0.26558667747440273 0.18870570392491468 0.2606791783276451 0.19653743174061433 0.2380441228668942 0.20885664675767918 0.23162829095563142 0.22261921843003413 0.21323242491467576 0.23636593515358362 0.20808243174061433 0.2568402030716724 0.18441822781569966 0.2622268865187713 0.1840949018771331 0.26586274232081913 0.1771190537542662 0.2893753353242321 0.16354405119453927 0.29327534470989763 0.1654723967576792 0.31005458361774746 0.15230155119453925 0.32709797525597273 0.14803490017064846 0.3565472167235495 0.15680914163822526 0.39712486092150173 0.14383166979522186 0.4041165639931741 0.13422165187713309 0.4158757627986348 0.13648917832764504 0.42901914590443685 0.13029418174061433 0.44353085921501706 0.12888253498293514 0.4708135093856656 0.08805078924914676 0.4773043694539249 0.08360662030716723 0.46349267662116045 0.07416406911262799 0.4357942627986348 0.07204234982935154 0.4145867098976109 0.06547646160409556 0.3862257901023891 0.06582724914675768 0.34082147866894197 0.07044468856655291 0.3285022636518771 0.07686052047781569 0.3152563907849829 0.07684466552901024 0.2896913029010239 0.08324464249146757 0.276062930887372 0.08135961433447099 0.23862029948805458 0.0925270861774744 0.2202143813993174 0.11012044197952219 0.17645415870307166 0.16464553498293513 0.15624404436860068 0.19721393344709898 0.14218560921501708 0.23319735238907852 0.1295272133105802 0.24747237457337884 0.13328721843003413 0.25157155972696243 0.14241224744027303 0.2504832380546075 0.1468564172354949 0.2569740981228669 0.15578226962457337 0.26157412713310585 0.17899900000000002 0.26558667747440273
0 0.0538885614334471 0.3022890819112628 0.06632612116040955 0.28883822866894193 0.06435445819112627 0.28300987457337884 0.06905117320819112 0.262184819112628 0.07978122269624573 0.2518098054607508 0.07594038651877133 0.24636394880546073 0.08116540784982934 0.2433472824232082 0.10579222952218431 0.19429550767918088 0.1295790281569966 0.15826877133105804 0.14113324658703072 0.14811459300341298 0.1469182832764505 0.13641456740614333 0.16315336177474404 0.11868120733788397 0.16104169453924916 0.11502369283276451 0.12729989505119454 0.13380786006825937 0.08370133532423209 0.19102629436860066 0.07659128583617748 0.20767133361774745 0.05577783788395905 0.23919472781569967 0.04647444112627986 0.26072877730375427 0.03200890614334471 0.314714885665529 0.04588936689419795 0.3041207406143345 0.0538885614334471 0.3022890819112628
0 0.7802074906143345 0.26193682679180885 0.7807083336177475 0.256770978668942 0.7775458592150171 0.2356067423208191 0.7652958694539249 0.20714913651877132 0.7593650247440273 0.2029099470989761 0.7440883156996587 0.20058324829351534 0.7015274018771331 0.17151225682593857 0.6912765375426622 0.17185724061433447 0.6891389633105802 0.21280152730375426 0.6932222926621161 0.22228739590443686 0.7027889931740614 0.2195507372013652 0.7102065119453925 0.2215382551194539 0.7498532491467577 0.25159507849829355 0.772348300341297 0.26159764590443685 0.7802074906143345 0.26193682679180885
0 0.9221324061433447 0.5729180008532423 0.917106561433447 0.5702463182593857 0.9156574010238908 0.5641162969283277 0.9189324172354949 0.560135457337884 0.9241199240614335 0.5655004820819113 0.9250191211604095 0.548957933447099 0.9310091373720136 0.5496796126279864 0.9456592994880547 0.4785210878839591 0.9454152508532423 0.4069050375426621 0.9370753208191126 0.3490198489761092 0.9241036518771331 0.3265522593856655 0.9072536339590445 0.30702050597269626 0.8237209701365188 0.25283770392491467 0.8206667892491467 0.2559943754266212 0.8274492645051195 0.2834286365187713 0.8266525580204779 0.3061820366894198 0.8292275546075085 0.3130553950511945 0.8334292295221842 0.31550624317406145 0.8394784189419795 0.31271041126279864 0.8540334496587031 0.32102712713310577 0.8692784479522184 0.3498455725255972 0.8783443046075086 0.3522747619453925 0.8844368114334471 0.35920729266211604 0.8924634675767918 0.3803498703071672 0.8946401109215016 0.398599928327645 0.8891942542662116 0.40244076450511945 0.8953459343003413 0.4058557849829352 0.8950067534129692 0.4137149752559727 0.8998925938566552 0.41855749744027304 0.9043209078498293 0.43829423122866895 0.9043916877133106 0.47099683020477817 0.8990324658703072 0.4942943916382253 0.9047424752559727 0.49935775000000004 0.8998682414675768 0.5307353370307166 0.904974917235495 0.5347536911262798 0.8992490529010237 0.5429362064846417 0.9039198609215017 0.5667129522184301 0.9071357047781569 0.5662496228668942 0.9117140750853242 0.5524595887372014 0.9151724129692832 0.5560362721843004 0.9070173592150171 0.5732846441979522 0.9121240349829353 0.5773029982935154 0.9101365170648464 0.5847205170648464 0.9136973447098976 0.5945080529010238 0.9221324061433447 0.5729180008532423