2 0.6140625 0.795703125 0.63203125 0.743359375 0.6421875 0.726171875 0.65078125 0.683984375 0.65078125 0.662109375 0.644140625 0.65390625 0.63515625 0.651171875 0.6375 0.630859375 0.626953125 0.6171875 0.6078125 0.623828125 0.60234375 0.639453125 0.60390625 0.653515625 0.5765625 0.673046875 0.5625 0.701171875 0.5640625 0.716015625 0.559375 0.751171875 0.561328125 0.75546875 0.5703125 0.756640625 0.5640625 0.780859375 0.5765625 0.784765625 0.5765625 0.796484375 0.5671875 0.804296875 0.5671875 0.808203125 0.575390625 0.809375 0.5859375 0.803515625 0.590625 0.796484375 0.590625 0.780859375 0.597265625 0.77265625 0.601953125 0.7796875 0.60625 0.780859375 0.6046875 0.791015625 0.59765625 0.804296875 0.603515625 0.81015625 0.609375 0.809765625 0.61640625 0.804296875 0.6140625 0.795703125
2 0.709375 0.733984375 0.713671875 0.73125 0.7171875 0.733984375 0.7125 0.748828125 0.719921875 0.7515625 0.72421875 0.748046875 0.728125 0.726953125 0.7375 0.716796875 0.75078125 0.685546875 0.75859375 0.674609375 0.76328125 0.650390625 0.77265625 0.628515625 0.76953125 0.608203125 0.77421875 0.583984375 0.769921875 0.57578125 0.7578125 0.585546875 0.753125 0.605078125 0.73515625 0.630859375 0.72578125 0.668359375 0.71171875 0.707421875 0.6921875 0.749609375 0.6921875 0.754296875 0.696875 0.755078125 0.70390625 0.748828125 0.709375 0.733984375
2 0.48828125 0.482421875 0.484765625 0.459375 0.513671875 0.4609375 0.52890625 0.444140625 0.53125 0.411328125 0.528125 0.399609375 0.521875 0.389453125 0.51015625 0.379296875 0.50546875 0.363671875 0.499609375 0.359375 0.488671875 0.36015625 0.48203125 0.368359375 0.48359375 0.381640625 0.490625 0.395703125 0.4875 0.416015625 0.479296875 0.4234375 0.466015625 0.421875 0.46171875 0.427734375 0.46015625 0.452734375 0.4703125 0.478515625 0.4625 0.494921875 0.471875 0.495703125 0.48671875 0.490234375 0.48828125 0.482421875
2 0.7671875 0.333203125 0.7671875 0.326953125 0.7484375 0.286328125 0.744921875 0.28203125 0.741015625 0.28203125 0.73671875 0.294140625 0.7375 0.313671875 0.7484375 0.332421875 0.75546875 0.365234375 0.76640625 0.371484375 0.76328125 0.337890625 0.7671875 0.333203125
2 0.82734375 0.608203125 0.83046875 0.590234375 0.83125 0.569921875 0.8265625 0.561328125 0.82734375 0.549609375 0.823828125 0.54375 0.819921875 0.54375 0.815625 0.548828125 0.81328125 0.566796875 0.8046875 0.578515625 0.796875 0.600390625 0.800390625 0.60703125 0.808203125 0.5984375 0.81171875 0.601171875 0.81484375 0.632421875 0.8171875 0.633203125 0.8203125 0.630859375 0.82734375 0.608203125
2 0.79921875 0.660546875 0.8125 0.638671875 0.8140625 0.619921875 0.81015625 0.616015625 0.8125 0.605859375 0.808203125 0.59765625 0.79921875 0.608203125 0.7984375 0.616015625 0.77890625 0.653515625 0.77890625 0.675390625 0.77265625 0.687109375 0.76796875 0.710546875 0.769921875 0.7125 0.773046875 0.71015625 0.7734375 0.713671875 0.77734375 0.714453125 0.78828125 0.703515625 0.79921875 0.660546875
2 0.80234375 0.694140625 0.81484375 0.658984375 0.816796875 0.63828125 0.808203125 0.6421875 0.8 0.654296875 0.7875 0.701953125 0.788671875 0.70546875 0.79296875 0.705078125 0.7984375 0.701953125 0.80234375 0.694140625
2 0.39375 0.265234375 0.388671875 0.2578125 0.3765625 0.267578125 0.36875 0.284765625 0.36953125 0.314453125 0.373046875 0.31640625 0.376953125 0.3109375 0.3796875 0.318359375 0.38515625 0.319921875 0.39375 0.275390625 0.39375 0.265234375
2 0.53515625 0.254296875 0.5390625 0.234765625 0.534375 0.216015625 0.530078125 0.21171875 0.525390625 0.21171875 0.51875 0.223046875 0.51796875 0.233984375 0.52265625 0.246484375 0.5234375 0.267578125 0.527734375 0.27109375 0.534375 0.270703125 0.53671875 0.268359375 0.53515625 0.254296875
2 0.5765625 0.219140625 0.570703125 0.20859375 0.565234375 0.20859375 0.55859375 0.222265625 0.56796875 0.260546875 0.574609375 0.26640625 0.58828125 0.266796875 0.58984375 0.262890625 0.5765625 0.219140625
2 0.552734375 0.196875 0.545703125 0.1953125 0.54296875 0.204296875 0.546875 0.239453125 0.559375 0.240234375 0.5578125 0.203515625 0.552734375 0.196875
3 0.925 0.413671875 0.9109375 0.352734375 0.88671875 0.289453125 0.848046875 0.24921875 0.783984375 0.2015625 0.730078125 0.17265625 0.691015625 0.16171875 0.690625 0.157421875 0.685546875 0.15546875 0.671484375 0.15390625 0.66484375 0.159765625 0.66484375 0.169140625 0.67890625 0.180859375 0.69375 0.203515625 0.752734375 0.24921875 0.773046875 0.271875 0.78671875 0.282421875 0.81796875 0.317578125 0.85625 0.371484375 0.8859375 0.425390625 0.90625 0.475390625 0.909765625 0.478125 0.917578125 0.47109375 0.9234375 0.480859375 0.92578125 0.494921875 0.92421875 0.537109375 0.9296875 0.542578125 0.93203125 0.486328125 0.925 0.413671875
2 0.3625 0.271484375 0.3640625 0.257421875 0.358984375 0.2484375 0.35234375 0.251953125 0.33359375 0.276953125 0.333984375 0.28203125 0.33984375 0.281640625 0.352734375 0.2796875 0.3625 0.271484375