1 0.25546875 0.755078125 0.234375 0.718359375 0.211328125 0.70703125 0.21015625 0.712109375 0.21796875 0.745703125 0.22890625 0.765234375 0.244140625 0.77890625 0.2640625 0.785546875 0.265625 0.782421875 0.25546875 0.755078125
1 0.7921875 0.747265625 0.7984375 0.734765625 0.799609375 0.7109375 0.769921875 0.721875 0.7609375 0.730078125 0.75234375 0.749609375 0.75390625 0.765234375 0.7578125 0.766796875 0.780078125 0.7578125 0.7921875 0.747265625
1 0.746484375 0.57734375 0.75078125 0.573046875 0.753125 0.565234375 0.74921875 0.537109375 0.75078125 0.526171875 0.741015625 0.51875 0.713671875 0.51875 0.7 0.530078125 0.6984375 0.557421875 0.7046875 0.572265625 0.70546875 0.583984375 0.7109375 0.586328125 0.719140625 0.57890625 0.746484375 0.57734375
1 0.5765625 0.346484375 0.56953125 0.329296875 0.560546875 0.3203125 0.519921875 0.31796875 0.50703125 0.326171875 0.50703125 0.351171875 0.5171875 0.360546875 0.521484375 0.36953125 0.530859375 0.3671875 0.559765625 0.36796875 0.5734375 0.371484375 0.578125 0.365234375 0.5765625 0.346484375
1 0.68984375 0.366796875 0.677734375 0.34453125 0.650390625 0.33671875 0.6359375 0.345703125 0.6390625 0.365234375 0.650390625 0.38125 0.663671875 0.38046875 0.69140625 0.387109375 0.69296875 0.380859375 0.68984375 0.366796875
1 0.5875 0.255078125 0.580859375 0.24921875 0.557421875 0.2453125 0.55 0.250390625 0.55 0.263671875 0.554296875 0.27109375 0.5890625 0.275390625 0.59140625 0.266796875 0.5875 0.255078125
1 0.141796875 0.49453125 0.153125 0.494140625 0.15 0.469140625 0.145703125 0.465625 0.133984375 0.46796875 0.11875 0.491015625 0.11796875 0.503515625 0.122265625 0.51015625 0.1265625 0.510546875 0.1359375 0.505078125 0.141796875 0.49453125
1 0.1484375 0.642578125 0.14140625 0.628515625 0.131640625 0.62265625 0.1296875 0.655078125 0.13515625 0.671484375 0.146484375 0.68671875 0.159375 0.691015625 0.16015625 0.678515625 0.1484375 0.642578125
2 0.15 0.573828125 0.147265625 0.5734375 0.14609375 0.582421875 0.153125 0.614453125 0.156640625 0.6203125 0.1609375 0.620703125 0.1546875 0.585546875 0.15 0.573828125
1 0.524609375 0.2109375 0.513671875 0.209375 0.5 0.216015625 0.5 0.224609375 0.502734375 0.2265625 0.53046875 0.228515625 0.534375 0.222265625 0.524609375 0.2109375
1 0.581640625 0.2140625 0.560546875 0.2109375 0.55625 0.215234375 0.55625 0.223046875 0.562109375 0.2296875 0.58671875 0.233203125 0.5875 0.222265625 0.581640625 0.2140625
1 0.225 0.318359375 0.23203125 0.301953125 0.233203125 0.2890625 0.219140625 0.29453125 0.20546875 0.306640625 0.19375 0.333203125 0.19296875 0.338671875 0.19765625 0.340234375 0.205859375 0.33671875 0.225 0.318359375
1 0.160546875 0.46015625 0.165625 0.458984375 0.17265625 0.441015625 0.17109375 0.420703125 0.168359375 0.4171875 0.152734375 0.42265625 0.13515625 0.443359375 0.13125 0.455859375 0.13359375 0.465234375 0.1390625 0.466015625 0.153515625 0.45703125 0.160546875 0.46015625
1 0.834375 0.433203125 0.824609375 0.4171875 0.812109375 0.41484375 0.80703125 0.418359375 0.81015625 0.439453125 0.819140625 0.4546875 0.828125 0.454296875 0.83671875 0.450390625 0.834375 0.433203125
1 0.85625 0.486328125 0.8484375 0.457421875 0.835546875 0.4515625 0.828125 0.458984375 0.82890625 0.479296875 0.83515625 0.501171875 0.840625 0.503515625 0.85546875 0.498828125 0.85625 0.486328125
2 0.819921875 0.4625 0.8171875 0.470703125 0.81875 0.503515625 0.82421875 0.505859375 0.825 0.470703125 0.819921875 0.4625
1 0.48203125 0.171484375 0.476171875 0.16640625 0.466015625 0.16640625 0.4578125 0.172265625 0.459765625 0.1765625 0.46796875 0.176953125 0.479296875 0.1765625 0.48203125 0.171484375
1 0.555078125 0.19375 0.537109375 0.19140625 0.52890625 0.194921875 0.531640625 0.20234375 0.5578125 0.205078125 0.5609375 0.199609375 0.555078125 0.19375
1 0.73828125 0.295703125 0.730859375 0.290625 0.722265625 0.290625 0.72109375 0.307421875 0.72578125 0.318359375 0.7421875 0.323046875 0.7453125 0.312890625 0.73828125 0.295703125
1 0.7625 0.322265625 0.744921875 0.315625 0.74296875 0.327734375 0.753125 0.349609375 0.7734375 0.355078125 0.77109375 0.337890625 0.7625 0.322265625
1 0.80703125 0.396484375 0.80703125 0.384765625 0.798046875 0.36796875 0.787890625 0.36640625 0.7859375 0.374609375 0.79609375 0.410546875 0.80859375 0.417578125 0.815625 0.410546875 0.80703125 0.396484375