1 0.614453125 0.309375 0.636328125 0.30234375 0.6453125 0.290234375 0.64375 0.281640625 0.6328125 0.269921875 0.62421875 0.254296875 0.603515625 0.240625 0.565234375 0.22890625 0.513671875 0.21875 0.510546875 0.2203125 0.50859375 0.232421875 0.51171875 0.288671875 0.5171875 0.320703125 0.525390625 0.32578125 0.541015625 0.32890625 0.58046875 0.330859375 0.596484375 0.32578125 0.614453125 0.309375
1 0.319140625 0.3328125 0.337109375 0.3265625 0.373046875 0.3234375 0.384765625 0.31953125 0.388671875 0.32265625 0.393359375 0.31796875 0.416015625 0.3140625 0.434765625 0.31796875 0.437890625 0.32578125 0.451171875 0.325 0.45703125 0.317578125 0.4625 0.291796875 0.4671875 0.241015625 0.4671875 0.221484375 0.4640625 0.215234375 0.451171875 0.20625 0.400390625 0.20625 0.392578125 0.2078125 0.3890625 0.216015625 0.380859375 0.221875 0.354296875 0.22734375 0.321484375 0.22734375 0.315234375 0.234375 0.309765625 0.23203125 0.307421875 0.23984375 0.294140625 0.2390625 0.275390625 0.25 0.2515625 0.275390625 0.225 0.330078125 0.225 0.338671875 0.230859375 0.3484375 0.247265625 0.3484375 0.25625 0.355078125 0.262109375 0.36484375 0.27109375 0.366015625 0.301171875 0.35625 0.319140625 0.3328125
1 0.106640625 0.46171875 0.112109375 0.465625 0.126171875 0.4640625 0.133984375 0.47109375 0.14140625 0.466796875 0.15703125 0.447265625 0.16171875 0.437109375 0.16484375 0.407421875 0.1625 0.389453125 0.158203125 0.38203125 0.137109375 0.38125 0.129296875 0.378125 0.118359375 0.38203125 0.09765625 0.402734375 0.08984375 0.418359375 0.08203125 0.454296875 0.084375 0.476171875 0.088671875 0.4828125 0.09140625 0.482421875 0.10546875 0.466796875 0.106640625 0.46171875
1 0.9125 0.405859375 0.88125 0.357421875 0.870703125 0.34453125 0.857421875 0.3359375 0.848046875 0.3328125 0.827734375 0.334375 0.825 0.337109375 0.82734375 0.358203125 0.8375 0.387890625 0.84453125 0.404296875 0.8609375 0.418359375 0.8671875 0.435546875 0.876953125 0.43984375 0.88125 0.430859375 0.887109375 0.4296875 0.900390625 0.43359375 0.903515625 0.43828125 0.9109375 0.440234375 0.909765625 0.44375 0.9125 0.443359375 0.91640625 0.435546875 0.9125 0.405859375
1 0.4609375 0.194140625 0.47109375 0.184765625 0.47421875 0.168359375 0.470703125 0.16171875 0.412109375 0.17265625 0.39296875 0.188671875 0.396484375 0.19609375 0.403515625 0.1984375 0.419921875 0.1984375 0.424609375 0.19453125 0.433203125 0.20078125 0.45234375 0.201171875 0.458984375 0.2 0.4609375 0.194140625
1 0.718359375 0.20390625 0.694921875 0.1890625 0.676953125 0.18515625 0.664453125 0.17421875 0.639453125 0.16015625 0.549609375 0.14921875 0.513671875 0.15234375 0.5078125 0.156640625 0.5078125 0.200390625 0.513671875 0.20625 0.566796875 0.20703125 0.648828125 0.21640625 0.651171875 0.203125 0.655078125 0.209375 0.656640625 0.203125 0.668359375 0.20390625 0.674609375 0.2109375 0.679296875 0.209375 0.694140625 0.215625 0.69765625 0.223828125 0.713671875 0.23515625 0.7265625 0.235546875 0.73203125 0.218359375 0.718359375 0.20390625
1 0.8640625 0.305859375 0.84453125 0.276953125 0.823828125 0.25859375 0.780859375 0.23046875 0.760546875 0.22890625 0.740234375 0.221875 0.734765625 0.221875 0.728125 0.227734375 0.73359375 0.251171875 0.737109375 0.24453125 0.7421875 0.251171875 0.74296875 0.271484375 0.748046875 0.28203125 0.769921875 0.2890625 0.847265625 0.33046875 0.86875 0.337890625 0.87109375 0.333984375 0.8640625 0.305859375
1 0.784765625 0.21953125 0.733984375 0.184375 0.680078125 0.1640625 0.65390625 0.162890625 0.6546875 0.167578125 0.670703125 0.18125 0.712890625 0.20078125 0.733984375 0.21640625 0.767578125 0.23046875 0.7890625 0.233984375 0.79140625 0.229296875 0.784765625 0.21953125
1 0.91328125 0.323046875 0.898046875 0.30078125 0.882421875 0.29375 0.8828125 0.301953125 0.89375 0.324609375 0.91171875 0.341796875 0.91484375 0.330859375 0.91328125 0.323046875
1 0.93203125 0.383984375 0.922265625 0.37890625 0.92109375 0.387890625 0.9296875 0.420703125 0.936328125 0.428125 0.94921875 0.433984375 0.9453125 0.408203125 0.93203125 0.383984375
1 0.93984375 0.506640625 0.92421875 0.478515625 0.917578125 0.4734375 0.9046875 0.480078125 0.88984375 0.503515625 0.8890625 0.523828125 0.891015625 0.528125 0.89453125 0.528515625 0.930078125 0.51484375 0.93984375 0.506640625
1 0.278515625 0.22421875 0.325390625 0.20625 0.388671875 0.18984375 0.412890625 0.17265625 0.467578125 0.16328125 0.47265625 0.145703125 0.390234375 0.14609375 0.328515625 0.1640625 0.238671875 0.21640625 0.2203125 0.239453125 0.21953125 0.248046875 0.22421875 0.248828125 0.255078125 0.2390625 0.278515625 0.22421875
2 0.3203125 0.680859375 0.32265625 0.655859375 0.333984375 0.646875 0.344921875 0.64765625 0.3484375 0.644921875 0.35 0.626171875 0.3578125 0.616015625 0.34375 0.585546875 0.34296875 0.571484375 0.334375 0.548046875 0.309375 0.530859375 0.3125 0.505078125 0.308984375 0.49765625 0.301953125 0.49609375 0.29453125 0.501171875 0.29140625 0.507421875 0.29140625 0.517578125 0.296875 0.533984375 0.2828125 0.548828125 0.28203125 0.560546875 0.3140625 0.689453125 0.321875 0.708203125 0.32734375 0.711328125 0.32734375 0.698828125 0.3203125 0.680859375
2 0.3734375 0.710546875 0.37890625 0.676171875 0.37734375 0.667578125 0.368359375 0.65546875 0.35 0.645703125 0.345703125 0.625 0.340234375 0.625 0.337890625 0.62890625 0.330859375 0.6265625 0.32890625 0.634765625 0.33203125 0.645703125 0.321875 0.655859375 0.31953125 0.674609375 0.3296875 0.710546875 0.349609375 0.73046875 0.37734375 0.732421875 0.3828125 0.726171875 0.3734375 0.710546875
2 0.64453125 0.663671875 0.64453125 0.633984375 0.65390625 0.598828125 0.65546875 0.571484375 0.6625 0.550390625 0.66015625 0.538671875 0.65078125 0.532421875 0.653125 0.516796875 0.64765625 0.506640625 0.641015625 0.5015625 0.63125 0.502734375 0.6265625 0.517578125 0.62734375 0.531640625 0.607421875 0.53984375 0.6 0.548046875 0.59140625 0.567578125 0.5921875 0.575390625 0.60234375 0.589453125 0.5984375 0.624609375 0.60078125 0.647265625 0.59609375 0.678515625 0.612890625 0.6796875 0.619921875 0.69453125 0.62734375 0.687109375 0.62578125 0.682421875 0.629296875 0.68125 0.63125 0.683203125 0.628125 0.687109375 0.62890625 0.694140625 0.63203125 0.696484375 0.63203125 0.682421875 0.64453125 0.663671875
2 0.548828125 0.63046875 0.5640625 0.616796875 0.56171875 0.565234375 0.55859375 0.547265625 0.55390625 0.541796875 0.54140625 0.509765625 0.533203125 0.50078125 0.520703125 0.5 0.5171875 0.501953125 0.515625 0.508203125 0.5140625 0.607421875 0.51875 0.639453125 0.5265625 0.644140625 0.53359375 0.655078125 0.53828125 0.635546875 0.548828125 0.63046875
2 0.58671875 0.834765625 0.59296875 0.823828125 0.60078125 0.796484375 0.616015625 0.784375 0.6203125 0.776171875 0.63515625 0.762890625 0.63515625 0.752734375 0.631640625 0.746875 0.615625 0.745703125 0.61953125 0.733984375 0.616796875 0.72734375 0.607421875 0.72734375 0.59296875 0.733984375 0.59375 0.753515625 0.580859375 0.7609375 0.5671875 0.777734375 0.56640625 0.781640625 0.57265625 0.785546875 0.57265625 0.794140625 0.5546875 0.831640625 0.557421875 0.8375 0.5625 0.837890625 0.582421875 0.8375 0.58671875 0.834765625
2 0.671875 0.770703125 0.67421875 0.760546875 0.66328125 0.741015625 0.665625 0.728515625 0.6734375 0.718359375 0.6765625 0.706640625 0.674609375 0.70234375 0.663671875 0.703125 0.65078125 0.712890625 0.64921875 0.726171875 0.634375 0.746484375 0.63671875 0.764453125 0.64453125 0.769140625 0.634375 0.789453125 0.6390625 0.798046875 0.64375 0.799609375 0.66640625 0.780859375 0.671875 0.770703125
2 0.1609375 0.527734375 0.16484375 0.507421875 0.16328125 0.478515625 0.1609375 0.469140625 0.157421875 0.46796875 0.15390625 0.474609375 0.15390625 0.487890625 0.14765625 0.501953125 0.15078125 0.577734375 0.15546875 0.599609375 0.16953125 0.606640625 0.17109375 0.600390625 0.1609375 0.527734375
2 0.725 0.741796875 0.746875 0.676953125 0.74921875 0.648046875 0.745703125 0.63828125 0.733984375 0.64296875 0.728515625 0.65234375 0.713671875 0.65859375 0.70546875 0.670703125 0.7078125 0.688671875 0.703125 0.699609375 0.70390625 0.712109375 0.68984375 0.745703125 0.702734375 0.7484375 0.70546875 0.752734375 0.7046875 0.761328125 0.7140625 0.762890625 0.72421875 0.754296875 0.725 0.741796875
2 0.75234375 0.712890625 0.7625 0.698046875 0.77421875 0.641015625 0.77421875 0.632421875 0.767578125 0.62109375 0.7578125 0.628515625 0.75625 0.655078125 0.73125 0.721484375 0.72578125 0.749609375 0.72578125 0.753515625 0.7296875 0.755859375 0.7359375 0.748828125 0.75234375 0.712890625
2 0.780859375 0.72265625 0.78515625 0.718359375 0.80390625 0.684765625 0.815625 0.655859375 0.82734375 0.621484375 0.82734375 0.607421875 0.8234375 0.604296875 0.82578125 0.593359375 0.823828125 0.58828125 0.8171875 0.591796875 0.8109375 0.612109375 0.8015625 0.628515625 0.7953125 0.659765625 0.778125 0.698046875 0.771875 0.721484375 0.7734375 0.723828125 0.776171875 0.72109375 0.780859375 0.72265625
2 0.409765625 0.771875 0.420703125 0.7734375 0.421875 0.769140625 0.40625 0.755859375 0.403125 0.733984375 0.394921875 0.72734375 0.383984375 0.72578125 0.37421875 0.741796875 0.38359375 0.782421875 0.40546875 0.784765625 0.398828125 0.7765625 0.409765625 0.771875
2 0.22109375 0.712890625 0.2125 0.677734375 0.205078125 0.66796875 0.192578125 0.66171875 0.19375 0.685546875 0.21171875 0.730859375 0.22734375 0.753515625 0.234375 0.755859375 0.2359375 0.752734375 0.22109375 0.712890625
2 0.146875 0.565234375 0.1453125 0.544921875 0.13828125 0.531640625 0.1375 0.519921875 0.133984375 0.51796875 0.1328125 0.549609375 0.13828125 0.584765625 0.146875 0.617578125 0.1578125 0.637109375 0.1578125 0.612109375 0.146875 0.565234375
2 0.15234375 0.631640625 0.13515625 0.580078125 0.130078125 0.575 0.12734375 0.600390625 0.13515625 0.618359375 0.13828125 0.634765625 0.15078125 0.648046875 0.15390625 0.640234375 0.15234375 0.631640625
2 0.1234375 0.626953125 0.11796875 0.606640625 0.1171875 0.587109375 0.106640625 0.55234375 0.10390625 0.573046875 0.10546875 0.589453125 0.11640625 0.639453125 0.1203125 0.641796875 0.1234375 0.639453125 0.1234375 0.626953125
2 0.111328125 0.43125 0.103125 0.469140625 0.10546875 0.506640625 0.11015625 0.513671875 0.11328125 0.502734375 0.111328125 0.43125