1 0.5422461126279863 0.5242051467576792 0.5420928831058021 0.48409397440273044 0.534953111774744 0.47756905716723547 0.5128317542662116 0.4737694377133106 0.45462652901023887 0.48384730204778154 0.44624431655290103 0.4751672670648464 0.42755245904436856 0.4948952482935154 0.42429323890784987 0.5349468558020478 0.42911409044368604 0.5520984505119454 0.43707719197952216 0.560344483788396 0.450682316552901 0.5631420784982936 0.4908977269624573 0.5570170631399317 0.5327151237201365 0.5568936160409556 0.5387166928327645 0.5552916288395904 0.5457053941979523 0.5460265221843004 0.5422461126279863 0.5242051467576792
1 0.4027396817406143 0.35194896672354953 0.3904514539249147 0.34704092747440274 0.35867782081911265 0.3584335281569966 0.32852106484641636 0.3749745861774744 0.319258116894198 0.3923070324232082 0.3187667098976109 0.4204597406143345 0.3233769266211604 0.42523376023890785 0.3490000793515359 0.4239742696245734 0.37566993003412974 0.41163920904436857 0.3919386296928328 0.40850969112627983 0.40295247610921503 0.3886476894197952 0.40549476279863483 0.3652243267918089 0.4027396817406143 0.35194896672354953
1 0.4788861749146758 0.6340375930034129 0.47174640273037544 0.627512675767918 0.3916729692832765 0.6192880102389079 0.3773658029010239 0.6322655486348123 0.3801826066552901 0.6664496075085324 0.38512258788395903 0.6767763029010239 0.3990128029010239 0.6876859112627987 0.45949443430034126 0.6938618558020477 0.47493980375426625 0.6890112218430035 0.4801776066552901 0.6822756697952218 0.4788861749146758 0.6340375930034129
1 0.2850211911262798 0.6426008796928327 0.27783458703071673 0.6143141510238908 0.2706352508532423 0.611201683447099 0.2433356552901024 0.6107251672354949 0.24170604522184302 0.6307509709897611 0.2498202175767918 0.6547870281569966 0.2791855836177475 0.6591397781569965 0.2852020435153584 0.6566846791808874 0.2850211911262798 0.6426008796928327
1 0.40456354095563135 0.8341361476109215 0.4073313540955631 0.8222372482935154 0.39269226450511946 0.8053409624573379 0.3697773600682594 0.7981140025597269 0.3479857662116041 0.7998670597269625 0.34783685494880545 0.808398183447099 0.3559659180887372 0.8315811288395905 0.37981055034129696 0.8588785656996587 0.40521033617747443 0.8704157602389078 0.4137563515358362 0.8697115588737202 0.4155370315699659 0.8654757798634812 0.40456354095563135 0.8341361476109215
1 0.5079390486348123 0.8274068515358362 0.4974017192832765 0.8199692568259386 0.4429663293515358 0.8096319880546075 0.4310078651877133 0.8102766245733788 0.4236447269624573 0.81654839334471 0.4284506877133106 0.8345530998293516 0.4474595767918089 0.8455520546075085 0.4942765187713311 0.8523428532423208 0.5079858813993174 0.849168662116041 0.5098112346416382 0.842373545221843 0.5079390486348123 0.8274068515358362
1 0.3235880042662116 0.7798136322525597 0.3132740409556314 0.7595793523890785 0.28534469965870307 0.7462912593856655 0.277217795221843 0.7474294624573379 0.27947930972696244 0.7645363831058021 0.28741262969283277 0.7744886416382253 0.3119593037542662 0.7860109445392491 0.32306465529010236 0.785351417235495 0.3235880042662116 0.7798136322525597
1 0.5357759991467577 0.13708787542662115 0.5152864112627986 0.13758360068259387 0.46558252645051196 0.14951660068259384 0.450422247440273 0.16247924744027303 0.4541197875426621 0.17065082508532423 0.47884515529010235 0.17193577986348124 0.5311083762798635 0.16004745392491468 0.5398033029010239 0.15081212883959044 0.5357759991467577 0.13708787542662115
1 0.4401253344709898 0.1657130034129693 0.4320431040955631 0.1642918686006826 0.4045648148464164 0.17405270136518772 0.38301363822525597 0.18647710836177475 0.3730315981228669 0.19611665273037543 0.37021911177474404 0.21057488907849828 0.38343490784982937 0.21123225853242322 0.3997631715017065 0.2046902909556314 0.41532767064846415 0.1930147576791809 0.43164104351535837 0.18732590273037544 0.4404104249146758 0.1738250162116041 0.4401253344709898 0.1657130034129693
1 0.32740184982935155 0.24353571672354948 0.3205769505119454 0.24341658788395906 0.29039041296928325 0.2616638703071672 0.2759045529010239 0.28487875682593855 0.2748280733788396 0.2976605511945392 0.2786298515358362 0.29986034215017066 0.2863525358361775 0.2974350255972696 0.3140244104095563 0.2765837320819113 0.32408090614334467 0.2626786262798635 0.3281805068259385 0.24781616979522186 0.32740184982935155 0.24353571672354948
1 0.2828166399317406 0.25555806313993173 0.2543363267918089 0.2738351279863481 0.24254382337883962 0.28941667662116044 0.24059934129692834 0.30303669283276446 0.2486815716723549 0.3044578267918089 0.2746323302047782 0.2844298634812287 0.28437395307167235 0.26411896928327644 0.2828166399317406 0.25555806313993173
3 0.5404393037542662 0.06548600085324233 0.525995957337884 0.06182040187713311 0.48248722696245727 0.061060954778157 0.46877786433447094 0.06423514590443687 0.4198079633105802 0.08300793600682595 0.39581657935153586 0.0885627704778157 0.3622324829351536 0.10589737627986348 0.3151198771331058 0.14048997269624572 0.32062787969283274 0.14271954607508533 0.3385879129692833 0.14047292320819113 0.3506208327645051 0.13556272440273037 0.35326951621160413 0.13048872354948804 0.36299840784982934 0.13535208959044367 0.36165172866894196 0.1391687585324232 0.3248338771331058 0.1462064513651877 0.3132200674061434 0.1515506510238908 0.3366285383959044 0.15494605119453925 0.3390985290102389 0.1601093984641638 0.3450554249146758 0.16106674829351536 0.3724890409556314 0.15386525341296928 0.39211062457337886 0.15420775 0.40839421587030716 0.15022511945392492 0.43507895733788393 0.1370369462457338 0.458995885665529 0.13574767320819112 0.46510169283276454 0.12817390017064845 0.4873272875426621 0.12600173208191126 0.5056149257679181 0.10498663737201365 0.5365354462457338 0.09357914419795221 0.5478790563139931 0.079269819112628 0.5404393037542662 0.06548600085324233
3 0.29797260068259385 0.19395312030716721 0.29904908020477816 0.18117132593856655 0.2884075119453925 0.17970551877133106 0.25997187286689416 0.1954232457337884 0.23508270221843003 0.20352252730375425 0.2102701476109215 0.23167739419795225 0.20925323208191127 0.24104673890784983 0.213878340443686 0.24496764590443687 0.22070323890784982 0.2450867747440273 0.2244007790102389 0.25325835238907846 0.2146123233788396 0.2518074360068259 0.21030208873720138 0.25429231740614333 0.20750233447098976 0.24357629351535834 0.20452388651877135 0.2430976186006826 0.20180074658703073 0.25243718088737205 0.19755007593856658 0.2515096134812287 0.17983045989761093 0.2644275870307167 0.17534153156996585 0.27714981655290105 0.19707355972696247 0.27880920904436857 0.20566424829351537 0.2755456706484642 0.2174589104095563 0.2842852704778157 0.22777071416382252 0.2801984018771331 0.24472656484641636 0.2621468634812287 0.25098128242320816 0.24604196587030716 0.30428904266211604 0.19875692235494882 0.29797260068259385 0.19395312030716721
3 0.24044611177474404 0.2629255196245734 0.23243833617747442 0.2572388242320819 0.22724520648464167 0.2614150392491468 0.21468677901023892 0.24754187372013653 0.1940631715017065 0.2557156109215017 0.18152179351535835 0.26531048122866896 0.14551669880546075 0.32356469880546074 0.14010020221843003 0.34053759897610925 0.13315617406143343 0.34724336860068256 0.11379421501706484 0.405361406996587 0.1257228976109215 0.40642299488054606 0.14198943771331057 0.37897232849829354 0.1484994641638225 0.37268566979522183 0.15619236689419796 0.3719665776450512 0.16354061433447098 0.36654792150170645 0.17504802645051193 0.34285436006825937 0.1940994300341297 0.32697283020477813 0.20071369453924914 0.3147143839590444 0.2071194829351536 0.31439951109215014 0.22645381740614332 0.28230884641638226 0.239952545221843 0.2667570802047782 0.24044611177474404 0.2629255196245734
1 0.7690798950511946 0.14244026877133106 0.7586170204778158 0.13073711262798635 0.7467776851535836 0.12455684982935153 0.7076685366894198 0.11619384641638227 0.6935400631399317 0.11893403583617748 0.7014287098976109 0.13144563139931742 0.7217247124573378 0.14204036689419794 0.7625549769624573 0.14958004010238907 0.7694096587030717 0.14799294453924916 0.7690798950511946 0.14244026877133106
1 0.6950952175767918 0.10317379436860068 0.6764458745733789 0.09602129010238908 0.6491760614334471 0.0938385494880546 0.6375473609215018 0.10003586177474402 0.641274683447099 0.10650121416382252 0.6539671305460751 0.11269636774744027 0.6991820861774745 0.11348559812286689 0.6950952175767918 0.10317379436860068
3 0.8258201979522184 0.8274085674061433 0.818052840443686 0.8323932209897611 0.7306333182593856 0.8539083600682594 0.6844461211604095 0.8599291373720137 0.6535851646757679 0.867924180887372 0.6399353668941979 0.8676859223549488 0.6491706911262798 0.8763808489761092 0.6535553822525597 0.8696304052901024 0.6577911621160409 0.8714110861774744 0.6596782389078498 0.8855246680887371 0.6643331296928328 0.8877393498293514 0.6682093626279864 0.8856735793515358 0.6700942807167236 0.8754660127986348 0.6748385179180888 0.8725620204778157 0.6768745068259385 0.8781444786689419 0.6732684726962457 0.8891753754266212 0.6367357107508532 0.9043250810580206 0.6316766015358362 0.9008232849829351 0.6185523105802048 0.9193683899317406 0.6048429488054607 0.9225425810580204 0.5931993566552901 0.9295930059726963 0.5938737755972696 0.9398452457337885 0.6376527056313993 0.9495698191126279 0.6651607773037543 0.9381027619453925 0.6753981254266211 0.9382814556313993 0.6943006177474402 0.9309310486348124 0.7047166595563139 0.9208723941979522 0.7124095622866895 0.9201533020477816 0.7211044889078498 0.9109179769624574 0.7357116365187714 0.9051993395904437 0.747640319112628 0.906260928327645 0.7560374223549489 0.9140878506825938 0.7567841373720137 0.895753380546075 0.7632048174061433 0.8945853950511946 0.7648365861774744 0.8988807397610922 0.7662279385665529 0.892504733788396 0.7778864206484642 0.8846011962457339 0.7820924180887372 0.8880881015358363 0.7906682150170649 0.8856776757679181 0.818129454778157 0.8524488080204778 0.83176220221843 0.8292190298634812 0.8258201979522184 0.8274085674061433
3 0.5846958566552901 0.9034167218430034 0.5515882764505119 0.8934517320819113 0.5131237645051194 0.8970471928327646 0.4501721424914676 0.8857079001706485 0.4315227994880546 0.8785553967576791 0.3744089445392491 0.8749983540955631 0.3705476023890785 0.8762110119453925 0.36698624146757675 0.884682571672355 0.3666139633105802 0.9060103805460752 0.3788128447098976 0.9160370938566552 0.3872844035836177 0.919598454778157 0.4094802158703072 0.9191325119453926 0.4247320008532423 0.9253723387372013 0.473240276450512 0.9330460324232083 0.5346048029010239 0.9375306433447099 0.5810004752559726 0.919566292662116 0.5888422892491467 0.9103160767918088 0.5846958566552901 0.9034167218430034