2 0.49165549125874125 0.7881118374125875 0.4903866704545454 0.7830228732517484 0.48477017132867134 0.7803692368881119 0.4733211433566433 0.781422027972028 0.45191249737762235 0.775048284965035 0.4345263452797203 0.7775813671328672 0.41904570454545453 0.7841437823426574 0.36498857517482514 0.7769013592657343 0.35459689772727276 0.7821949536713286 0.3511996958041958 0.7902490594405595 0.3731404361888112 0.7933370358391608 0.37228771590909093 0.8007567316433566 0.3764170847902098 0.8082855812937063 0.38893030332167833 0.8006612561188811 0.4122467403846154 0.8074602194055944 0.4444700034965035 0.8102366905594405 0.4735189344405594 0.8038948645104895 0.49165549125874125 0.7881118374125875
2 0.518294173076923 0.7377770952797202 0.5312212132867133 0.7462655402097902 0.548182145104895 0.7456402491258741 0.5845666949300699 0.7054879938811188 0.5835161835664335 0.6904348531468532 0.5958338907342657 0.6567335786713286 0.5904311416083916 0.6513239895104895 0.5866132788461539 0.6540776617132867 0.5779088033216783 0.6733647657342657 0.5524685454545454 0.6725006468531468 0.5425020882867133 0.6758864493006993 0.5387865410839161 0.6844703706293706 0.5468338068181817 0.6986799108391608 0.5412127482517483 0.7032344991258741 0.516616090909091 0.7093671346153846 0.4941432552447553 0.7095649256993006 0.45428882604895104 0.7050875743006993 0.44390398863636366 0.6995688304195804 0.43966318531468535 0.7006261818181818 0.43849439947552443 0.7049715795454545 0.4411389169580419 0.7137715314685315 0.4903185524475525 0.7231309353146853 0.49445020104895104 0.7270556730769231 0.4693168881118881 0.7436823015734266 0.45299264685314683 0.7432479615384615 0.4535179020979021 0.7507745323426573 0.4618880734265734 0.7572460314685314 0.5019676520979021 0.740946868006993 0.518294173076923 0.7377770952797202
2 0.7040436250000001 0.6878610113636364 0.7345842456293706 0.6694357465034965 0.7372424423076923 0.6566110218531468 0.7144512604895105 0.6573386284965035 0.6887926931818181 0.6664386861888112 0.644892972027972 0.6890956346153847 0.6421324606643356 0.6960901092657342 0.7040436250000001 0.6878610113636364
2 0.6461503942307693 0.7122051608391609 0.6391536389860141 0.7130487622377623 0.638726138986014 0.7185606660839161 0.6525058986013986 0.7196294160839161 0.7038184755244755 0.7086375262237762 0.7337269659090909 0.684063666958042 0.7355347220279721 0.6750545253496504 0.7292815323426574 0.6734605192307692 0.7040436250000001 0.6878610113636364 0.6800836573426574 0.6929340157342657 0.6461503942307693 0.7122051608391609
2 0.6938087010489511 0.7805014676573426 0.6894587430069931 0.7865409073426574 0.6908275996503497 0.8010642325174825 0.7217843216783217 0.7951476276223776 0.7387498138111888 0.7873141110139861 0.7572069965034965 0.7673971555944056 0.7592262220279721 0.7592361748251748 0.7536097229020978 0.7565825384615384 0.745976277972028 0.7584857701048952 0.7167090375874126 0.7747917727272727 0.6938087010489511 0.7805014676573426
2 0.5137484265734266 0.8857549012237763 0.5400436853146853 0.8755952132867133 0.5443936424825175 0.8695557736013986 0.5150354860139861 0.8620109641608391 0.46096467832167826 0.8763932167832168 0.48703706730769225 0.883405930944056 0.5137484265734266 0.8857549012237763
2 0.2933383828671329 0.7641356337412587 0.28062509353146853 0.752891236013986 0.2609127692307692 0.7460945524475524 0.25116006206293706 0.7467244029720279 0.24320371153846157 0.7563656748251748 0.2435174973776224 0.7630440847902098 0.2520968583916084 0.7739678575174825 0.2833582465034965 0.7891461118881119 0.29671506643356643 0.7885185410839161 0.3009604291958042 0.780252965034965 0.3128323977272727 0.7808964947552448 0.3165456652097902 0.7759166861888112 0.30542182167832166 0.7656273243006992 0.2933383828671329 0.7641356337412587
2 0.289047979020979 0.5084528304195804 0.2786585812937063 0.510142312062937 0.25830956643356645 0.5044052587412587 0.251519722027972 0.5133052456293706 0.21228602447552447 0.5329970506993007 0.20899569755244757 0.5396731809440559 0.21142418531468532 0.5548331966783218 0.2141778575174825 0.5586510594405595 0.2300791590909091 0.5573890777972028 0.25192214423076925 0.5474385795454545 0.25828220891608394 0.5476546092657343 0.27567747989510494 0.530705076923077 0.2943370131118881 0.5260527325174825 0.2957218286713287 0.5153472701048951 0.289047979020979 0.5084528304195804
2 0.19435637762237762 0.5568364641608391 0.18937656905594405 0.5531231966783217 0.17856195192307694 0.5567204694055945 0.16160557954545454 0.5501375358391608 0.14464464685314685 0.5507628269230769 0.1405061590909091 0.5576504265734266 0.14750063461538462 0.5604109388111888 0.1462249737762238 0.566134312937063 0.14123832517482515 0.5732333828671329 0.13296818968531468 0.5761962456293707 0.12819301136363637 0.5841434763986014 0.12415683916083917 0.596861326048951 0.1261669458041958 0.6031167954545454 0.14122692657342656 0.5912539458041958 0.15362643006993007 0.5958199335664336 0.15923836975524477 0.6056817954545455 0.17259518968531468 0.6050542246503496 0.18330977185314684 0.592022590034965 0.18586565297202795 0.5733676162587412 0.1941380681818182 0.5668006407342657 0.19435637762237762 0.5568364641608391
2 0.2235552229020979 0.6486538382867133 0.21550795629370628 0.6344442989510489 0.1929373645104895 0.6216036153846154 0.18212046765734263 0.6288050008741259 0.168975118006993 0.6302807325174825 0.16579166608391607 0.6355788863636364 0.1511591853146853 0.6419298321678322 0.14818720367132868 0.6480761468531469 0.15390829807692308 0.6529559195804197 0.16482751048951047 0.6515847832167833 0.15517939947552448 0.654440770979021 0.1531624527972028 0.6589976389860139 0.15602072027972028 0.6650416381118881 0.19269397639860142 0.6712130314685315 0.2037200646853147 0.6684639187062937 0.2235552229020979 0.6486538382867133
2 0.16958217045454546 0.6760745655594406 0.1603524388111888 0.6878350996503497 0.16257401573426575 0.6949387298951049 0.18207031031468532 0.7080954781468531 0.20136425437062935 0.7059876153846153 0.21302247290209791 0.709387097902098 0.22532194143356643 0.7045187237762238 0.22861226835664336 0.6978425935314685 0.22374161451048952 0.6891472377622379 0.1935398575174825 0.6746056739510489 0.16958217045454546 0.6760745655594406
2 0.10842396853146853 0.4994342910839161 0.12868662762237762 0.4741123076923077 0.12784530594405594 0.46351143968531466 0.10929492744755244 0.4631816958041958 0.08234929982517483 0.49602569055944057 0.10354647552447552 0.5015512736013986 0.10842396853146853 0.4994342910839161
2 0.08571914423076923 0.5312209353146854 0.08146694143356643 0.5502988487762238 0.0861306853146853 0.5509378190559441 0.09419163024475524 0.5435226835664335 0.11772865734265733 0.5367533575174825 0.12780654895104895 0.524781354020979 0.12569640646853145 0.5090915227272728 0.10841940909090908 0.5066425166083915 0.09038288723776224 0.5318599055944055 0.08571914423076923 0.5312209353146854
2 0.047529118006993006 0.5767782194055945 0.05579697465034965 0.5774194694055944 0.07053860926573427 0.5660864361888112 0.07075919930069931 0.5525181459790209 0.07521831206293707 0.541496618006993 0.07193710402097903 0.533756298076923 0.059003224650349656 0.5360801896853147 0.04531438111888112 0.5588622517482518 0.047529118006993006 0.5767782194055945
2 0.11550279807692307 0.3688426372377622 0.0916360270979021 0.3941623417832168 0.08993742657342658 0.3981893942307692 0.09269109790209791 0.402007256993007 0.08791136013986013 0.4171627132867133 0.11421345891608392 0.39619068706293703 0.12800917744755244 0.3720306494755245 0.1381893846153846 0.3658888942307692 0.14042236013986015 0.3549719615384615 0.13225909965034965 0.3565568479020979 0.1269609458041958 0.35337339597902095 0.12102154195804196 0.3584577998251748 0.11550279807692307 0.3688426372377622
2 0.0963157298951049 0.36957252360139864 0.09684098513986014 0.3770990944055944 0.11826331031468532 0.3618481625874126 0.1371457124125874 0.34002341608391606 0.14668922902097903 0.33494129195804195 0.14892220541958043 0.3240243583916084 0.1365181416083916 0.3266665961538462 0.1265494047202797 0.3336565113636364 0.10045421678321678 0.36268492395104895 0.0963157298951049 0.36957252360139864
2 0.1809681958041958 0.27189097989510486 0.1469280576923077 0.2925401013986014 0.13355983916083916 0.31118823513986016 0.15115974125874126 0.3058992010489511 0.1789489702797203 0.28005196066433563 0.1809681958041958 0.27189097989510486
2 0.16243605681818182 0.2427283347902098 0.13549726835664336 0.2647599921328671 0.11745618618881119 0.29718560576923075 0.17727544755244756 0.24443377534965038 0.17929467307692307 0.2362727945804196 0.16243605681818182 0.2427283347902098
2 0.1261826276223776 0.7459033225524475 0.12480693094405595 0.7421923347902099 0.12522075174825176 0.7583051066433566 0.13083269143356643 0.7681669685314685 0.14990604545454544 0.779627395979021 0.1619826451048951 0.791931423951049 0.17883670192307694 0.7926841092657342 0.1797940174825175 0.7874905498251749 0.16284676398601397 0.7664911660839161 0.13540323863636364 0.7485592395104895 0.1261826276223776 0.7459033225524475
2 0.04738148426573426 0.47501490646853145 0.053104858391608396 0.47629056730769226 0.06424694055944057 0.45774702884615387 0.06509966083916084 0.4503273330419581 0.061177202797202804 0.45085486888111886 0.05524463811188811 0.44512693444055945 0.05121530506993007 0.4470324466783217 0.04558968706293706 0.4587952596153846 0.04738148426573426 0.47501490646853145
2 0.3804948496503497 0.3946630743006993 0.39321953846153845 0.38788690909090906 0.39439288374125875 0.37633328583916087 0.3868685935314685 0.3732544291958042 0.359518263986014 0.3755692019230769 0.32028912587412584 0.38805278234265733 0.29334805769230765 0.4136885515734266 0.2831701311188811 0.416226194055944 0.2721486022727273 0.41176708129370626 0.2701316564685315 0.4163239501748252 0.2729876442307692 0.4259720620629371 0.2776491075174825 0.43021514423076923 0.28485733216783216 0.43021970454545455 0.32111904807692304 0.4166742132867133 0.3385006407342657 0.42134935576923077 0.3469822465034965 0.4192346538461538 0.3550431923076923 0.4118195183566434 0.3669174405594406 0.4088589353146853 0.3804948496503497 0.3946630743006993
1 0.8057142972027972 0.33143604545454547 0.766523916958042 0.2826497124125874 0.7305010297202797 0.2537940131118881 0.7062341171328671 0.24137627010489512 0.6962699396853147 0.24115796066433565 0.6917085113636363 0.2463492395104895 0.6954080996503497 0.26299410664335665 0.7158434711538462 0.2997901966783217 0.7372475576923077 0.31337216608391605 0.7764402176573426 0.35855438636363635 0.7936034999999999 0.3731937062937063 0.8000681599650349 0.37563587237762236 0.8055823435314685 0.3724592604895105 0.8126950935314686 0.35582123339160837 0.8057142972027972 0.33143604545454547
3 0.9137507631118882 0.636476034965035 0.919797041958042 0.6300136555944056 0.921818548076923 0.618248562062937 0.9294519930069929 0.6163453304195804 0.9340088618881118 0.6183622762237762 0.926161666083916 0.6230214597902097 0.9296543444055945 0.6316099405594405 0.9363373138111888 0.62408793006993 0.9422926765734265 0.5937747386363637 0.9402326914335665 0.49879443006993 0.9313623426573425 0.4451511223776224 0.9159227386363636 0.3868395104895105 0.9055493006993007 0.36330020454545453 0.8866851363636363 0.3562920498251748 0.8664566756993007 0.32755234527972027 0.8535227963286713 0.3298762377622378 0.8477948627622378 0.33580880244755246 0.8408913033216783 0.35689910227272725 0.8386628872377623 0.3606078103146853 0.829758340909091 0.3610261905594406 0.8241304423076923 0.37639311713286716 0.8287713872377622 0.41307321328671326 0.822613673951049 0.4281217945804196 0.8420757701048951 0.4953402316433566 0.8395084903846154 0.5320157683566433 0.8458571555944056 0.550252361013986 0.842869215034965 0.5816274641608391 0.8497408557692308 0.6109947395104895 0.860011979020979 0.6287037972027971 0.8660536984265734 0.6294496424825174 0.8679660498251749 0.6226666372377623 0.8734779536713286 0.6230941372377623 0.8725206381118881 0.6282876958041957 0.886511868006993 0.6302046066433566 0.8965738006993006 0.6434613907342657 0.9137507631118882 0.636476034965035
2 0.7631651949300698 0.3974492202797203 0.7600886171328671 0.4013693977272727 0.762310194055944 0.40847302797202795 0.7663349676573427 0.4137757412587412 0.7757693295454545 0.41367570629370626 0.7785207211538462 0.421097680944056 0.7879505236013986 0.42820587062937066 0.8090499431818182 0.4206929798951049 0.8041815690559441 0.4083935113636364 0.7928439763986014 0.4008601013986014 0.7631651949300698 0.3974492202797203
2 0.5523442648601399 0.19866557604895105 0.5482080568181819 0.20194906381118882 0.5500066931818182 0.20735637237762236 0.5565759484265734 0.2120246756993007 0.5667538750000001 0.20948703321678322 0.6165724816433567 0.21418269493006992 0.6374558715034965 0.213029868006993 0.623576076048951 0.2025267561188811 0.5998344187062936 0.19763558391608393 0.5807519449300699 0.20059160664335665 0.5523442648601399 0.19866557604895105
2 0.669187798951049 0.32223339510489507 0.6689786083916084 0.3177811215034965 0.6629391687062938 0.3134311643356643 0.6512786704545455 0.31363579458041957 0.6402594222027972 0.30557256905594404 0.6309319353146853 0.30429462849650346 0.6186324667832168 0.3091630026223776 0.5738982648601398 0.31040674562937065 0.5628721774475525 0.31315585839160837 0.5605368854895104 0.3182425419580419 0.5822661564685314 0.32048235751748255 0.5726180445804196 0.3233383452797203 0.5708125681818182 0.3287433741258741 0.5736708356643357 0.33478737325174823 0.6154376153846154 0.3324817194055944 0.6423581652097903 0.33928296328671326 0.6542324134615385 0.33632238111888113 0.669187798951049 0.32223339510489507
2 0.6188120192307692 0.3604687395104895 0.608845562062937 0.36385454283216784 0.6053437648601399 0.3696825122377622 0.6069309309440559 0.37424165996503495 0.6501757229020979 0.381477243006993 0.6658678339160838 0.37576298863636365 0.68091869493007 0.37831659003496504 0.6827241704545455 0.3729115611888112 0.6784879274475525 0.3667606861888112 0.643413236013986 0.34712787937062933 0.6292059763986014 0.35157103321678324 0.6188120192307692 0.3604687395104895
2 0.6574021870629371 0.3526489020979021 0.6671503339160839 0.3592272770979021 0.6900461101398601 0.36072580681818184 0.7057382211538461 0.35501155157342656 0.7090285489510489 0.3483354222027972 0.7034143295454546 0.3420776730769231 0.6813667132867133 0.3403676722027972 0.6595260078671329 0.3467140576923077 0.6574021870629371 0.3526489020979021
2 0.6551874493006993 0.33473293444055946 0.6565631451048951 0.3384439222027972 0.6694970244755244 0.3361200297202797 0.7019317578671329 0.33974466083916083 0.7100995786713287 0.33095154982517483 0.7109545786713287 0.3199277412587413 0.7008880865384616 0.3138791826923077 0.6701473942307693 0.3134357237762238 0.6648378409090909 0.3282728347902098 0.6551874493006993 0.33473293444055946
2 0.34857425 0.24857026136363636 0.36129209965034964 0.2526064335664336 0.3861002272727273 0.24732195891608394 0.41515143793706294 0.23737602010489514 0.4182302945804196 0.22985172989510488 0.40879821241258746 0.22634765209790209 0.3710562062937063 0.23395601923076925 0.3494246905594406 0.2447546783216783 0.34857425 0.24857026136363636
2 0.6485591958041959 0.255756243006993 0.6229074676573426 0.25404396328671325 0.6220570270979021 0.2578595454545454 0.6321212395104895 0.2675122176573427 0.6333900611888111 0.27260118094405594 0.6291469781468532 0.27726264423076924 0.6387905305944056 0.281614881993007 0.6502418382867133 0.27695797814685313 0.6567156171328671 0.2649836940559441 0.6541756949300699 0.25840988024475525 0.6485591958041959 0.255756243006993
2 0.5798536276223776 0.28009355332167835 0.5806995087412588 0.28348619580419576 0.5924554825174826 0.2999241520979021 0.6073994685314685 0.3038557298951049 0.622454888986014 0.29920110576923076 0.6289286687062937 0.2872268216783217 0.627873597027972 0.2793819064685315 0.6207745270979022 0.27439525786713287 0.5840944309440559 0.2790362027972028 0.5798536276223776 0.28009355332167835
2 0.5957731678321678 0.24999867132867132 0.5826278181818182 0.25147440297202794 0.578384736013986 0.25613586625874124 0.5682068085664336 0.2586735087412587 0.5446720620629371 0.26183872202797204 0.5395785384615385 0.27031576835664334 0.5480555847902098 0.275409291958042 0.5575968216783217 0.2739312805944056 0.5811270087412588 0.27797429195804196 0.6122929213286714 0.2765099597902098 0.6259703653846154 0.27174846066433567 0.6240694134615385 0.26051090297202795 0.6187735393356644 0.2537233382867133 0.5957731678321678 0.24999867132867132
2 0.3267917097902098 0.8332709816433567 0.3770218575174825 0.8576835270979022 0.4045768173076923 0.8670292526223776 0.4167694108391608 0.863538854895105 0.4150799291958042 0.8531494571678322 0.40734644842657347 0.8456183269230769 0.33082332255244756 0.8277613575174825 0.32658252010489514 0.8288187089160839 0.3267917097902098 0.8332709816433567
2 0.4380689020979021 0.874894687062937 0.4513256861888112 0.8648327543706293 0.4474077875874126 0.8581520646853147 0.41539599475524475 0.8562237543706294 0.4141180541958042 0.8655512412587413 0.42089877884615384 0.8710677045454546 0.4380689020979021 0.874894687062937
2 0.5008424606643357 0.5087988111888112 0.4838838085664336 0.5058199895104895 0.44910466433566437 0.521698493006993 0.40563700349650345 0.531635312062937 0.4038292473776224 0.5406444536713286 0.4075379554195804 0.5428728697552447 0.452167562062937 0.5394029903846154 0.43000395192307694 0.5534874160839162 0.4138911800699301 0.5539012377622378 0.4095412229020979 0.5599406765734266 0.410914638986014 0.5672557770979021 0.41578985227272725 0.5687429082167832 0.471134041958042 0.5522413933566434 0.5122641311188811 0.5509953715034965 0.5300823435314685 0.5357421590909092 0.5425000856643356 0.5114752465034965 0.538475312937063 0.5061725323426574 0.5260758085664335 0.5016065454545455 0.5008424606643357 0.5087988111888112
2 0.5053494501748251 0.42209091870629367 0.5237952333916084 0.4201945270979021 0.5266626206293706 0.41182207517482516 0.5230630673076923 0.4046115708041958 0.5076961407342657 0.3989836722027972 0.47038163461538457 0.4010801354895105 0.4432404956293707 0.407847180944056 0.4211837596153846 0.4205536311188811 0.3861954256993007 0.431979861013986 0.3685978024475524 0.4336647832167832 0.353549222027972 0.42750706905594404 0.35629377447552446 0.445741381993007 0.36031854720279716 0.45104409615384616 0.3722973907342657 0.45030964947552443 0.3764222001748252 0.46504672552447557 0.39063173951048946 0.4569994589160839 0.421165520979021 0.44938653234265735 0.4468149702797203 0.4547029248251749 0.4720483173076923 0.44751065821678326 0.5053494501748251 0.42209091870629367
2 0.5254416756993007 0.3310467473776224 0.49926925174825176 0.31459967220279716 0.47106848164335663 0.3207300270979021 0.460044673951049 0.3198750270979021 0.454107548951049 0.32135531905594406 0.44307462237762235 0.33491676923076924 0.44073249125874125 0.3508157902097902 0.4517585786713287 0.3480666783216783 0.45737279807692305 0.35432442744755244 0.4668048802447552 0.3578285043706294 0.4767713374125874 0.35444270104895104 0.48461397290209784 0.356991743006993 0.5102771005244756 0.34068345979020975 0.5215146582167832 0.3387825087412587 0.5254416756993007 0.3310467473776224
2 0.5380344117132867 0.3652937963286713 0.5663238173076923 0.38661836538461536 0.5825389047202797 0.3920347937062937 0.6007823365384615 0.37487379108391605 0.6085294965034965 0.3607802456293706 0.593801541083916 0.35048860402097903 0.5596727657342657 0.3436827998251748 0.5412201433566434 0.3563915297202797 0.5380344117132867 0.3652937963286713