1 0.5890625 0.681640625 0.59453125 0.657421875 0.5953125 0.607421875 0.596484375 0.60390625 0.60859375 0.596484375 0.580078125 0.58359375 0.568359375 0.58125 0.500390625 0.58203125 0.483203125 0.59140625 0.470703125 0.59375 0.46875 0.598046875 0.4765625 0.603515625 0.4734375 0.662109375 0.478125 0.684765625 0.493359375 0.68984375 0.55234375 0.690234375 0.584765625 0.6875 0.5890625 0.681640625
1 0.37734375 0.665234375 0.375 0.641015625 0.37734375 0.593359375 0.353515625 0.5796875 0.341015625 0.5765625 0.293359375 0.57265625 0.284375 0.584765625 0.28359375 0.600390625 0.284375 0.626953125 0.29140625 0.664453125 0.337890625 0.67890625 0.36953125 0.682421875 0.37421875 0.679296875 0.37734375 0.665234375
1 0.36015625 0.757421875 0.36015625 0.749609375 0.355859375 0.7453125 0.341796875 0.73515625 0.317578125 0.72578125 0.280859375 0.71640625 0.27421875 0.718359375 0.271875 0.724609375 0.2859375 0.748828125 0.29140625 0.764453125 0.305859375 0.784375 0.339453125 0.7984375 0.37734375 0.805078125 0.37890625 0.794140625 0.36015625 0.757421875
1 0.353515625 0.8390625 0.337890625 0.8296875 0.298046875 0.8140625 0.286328125 0.8109375 0.278125 0.812109375 0.305859375 0.85234375 0.343359375 0.86796875 0.37109375 0.873046875 0.35859375 0.843359375 0.353515625 0.8390625
1 0.594140625 0.9140625 0.60078125 0.907421875 0.60234375 0.891015625 0.583984375 0.8890625 0.514453125 0.89765625 0.5109375 0.902734375 0.5171875 0.919140625 0.53046875 0.923046875 0.564453125 0.92109375 0.594140625 0.9140625
1 0.747265625 0.875 0.759375 0.862109375 0.7578125 0.851953125 0.737890625 0.85703125 0.698828125 0.8765625 0.68671875 0.886328125 0.687890625 0.890625 0.7015625 0.894921875 0.722265625 0.8890625 0.747265625 0.875
1 0.446484375 0.30234375 0.45234375 0.292578125 0.45703125 0.263671875 0.446484375 0.2546875 0.401171875 0.25859375 0.3828125 0.282421875 0.37890625 0.298046875 0.38125 0.308203125 0.389453125 0.30546875 0.446484375 0.30234375
1 0.65234375 0.353515625 0.637109375 0.3359375 0.619921875 0.33125 0.591015625 0.32890625 0.580859375 0.33984375 0.575 0.341015625 0.57734375 0.344140625 0.57578125 0.386328125 0.580859375 0.40546875 0.584765625 0.40625 0.591015625 0.40078125 0.618359375 0.4015625 0.644140625 0.40546875 0.65234375 0.413671875 0.6546875 0.399609375 0.65234375 0.353515625
1 0.771875 0.519921875 0.771875 0.492578125 0.765625 0.462890625 0.765625 0.448828125 0.750390625 0.43125 0.716015625 0.425 0.698828125 0.42890625 0.68828125 0.439453125 0.6890625 0.490234375 0.69453125 0.496484375 0.6984375 0.533984375 0.702734375 0.5359375 0.726171875 0.52734375 0.754296875 0.528125 0.765625 0.536328125 0.76953125 0.531640625 0.771875 0.519921875
1 0.73359375 0.713671875 0.7421875 0.693359375 0.74609375 0.653515625 0.75078125 0.644140625 0.744140625 0.63671875 0.732421875 0.6359375 0.703515625 0.64140625 0.67109375 0.658984375 0.671875 0.672265625 0.6640625 0.700390625 0.66171875 0.725390625 0.6640625 0.733203125 0.729296875 0.7171875 0.73359375 0.713671875
1 0.8546875 0.651171875 0.86171875 0.609765625 0.858984375 0.60390625 0.842578125 0.60703125 0.8296875 0.621484375 0.828125 0.637890625 0.8171875 0.678515625 0.82109375 0.681640625 0.843359375 0.66953125 0.8546875 0.651171875
1 0.5734375 0.223828125 0.562890625 0.2140625 0.527734375 0.21015625 0.51484375 0.217578125 0.51171875 0.227734375 0.514453125 0.24140625 0.57109375 0.245703125 0.57421875 0.241015625 0.5734375 0.223828125
1 0.4765625 0.208203125 0.47890625 0.195703125 0.469140625 0.18984375 0.433984375 0.1921875 0.42265625 0.202734375 0.4171875 0.213671875 0.41640625 0.220703125 0.42421875 0.222265625 0.467578125 0.21953125 0.4765625 0.208203125
1 0.5703125 0.192578125 0.560546875 0.18125 0.535546875 0.17890625 0.52734375 0.187109375 0.52578125 0.196484375 0.528515625 0.20078125 0.56953125 0.204296875 0.571875 0.201171875 0.5703125 0.192578125
1 0.620703125 0.184375 0.601953125 0.1796875 0.59375 0.182421875 0.594140625 0.196875 0.63203125 0.204296875 0.62890625 0.193359375 0.620703125 0.184375
1 0.503125 0.173828125 0.494921875 0.16171875 0.473046875 0.1625 0.46171875 0.173046875 0.462890625 0.18046875 0.490625 0.180859375 0.498828125 0.18046875 0.503125 0.173828125
1 0.82734375 0.442578125 0.807421875 0.43359375 0.787890625 0.4296875 0.78671875 0.444140625 0.79375 0.456640625 0.79609375 0.472265625 0.828125 0.476171875 0.8296875 0.453515625 0.82734375 0.442578125
1 0.171875 0.551953125 0.161328125 0.53671875 0.149609375 0.534375 0.14296875 0.538671875 0.13984375 0.549609375 0.13984375 0.592578125 0.145703125 0.60859375 0.16953125 0.616796875 0.17421875 0.591015625 0.171875 0.551953125
1 0.19296875 0.519921875 0.19375 0.478515625 0.18828125 0.454296875 0.179296875 0.45078125 0.16640625 0.456640625 0.1578125 0.474609375 0.15234375 0.495703125 0.15078125 0.530078125 0.162109375 0.53671875 0.173046875 0.5515625 0.18515625 0.551953125 0.18671875 0.534765625 0.19296875 0.519921875
1 0.1625 0.437109375 0.17109375 0.416015625 0.175 0.393359375 0.173828125 0.37109375 0.15703125 0.384765625 0.146875 0.405078125 0.140625 0.433203125 0.14140625 0.443359375 0.14609375 0.444140625 0.157421875 0.4421875 0.1625 0.437109375
1 0.128125 0.560546875 0.12578125 0.518359375 0.119140625 0.5125 0.1109375 0.519140625 0.10625 0.531640625 0.10703125 0.569140625 0.10859375 0.574609375 0.11875 0.583203125 0.1265625 0.577734375 0.128125 0.560546875
1 0.109375 0.507421875 0.11015625 0.483984375 0.105859375 0.471875 0.0953125 0.483984375 0.09140625 0.513671875 0.09375 0.529296875 0.10234375 0.530859375 0.10625 0.525390625 0.109375 0.507421875
1 0.0875 0.455078125 0.083984375 0.45078125 0.0765625 0.459765625 0.07265625 0.480859375 0.07265625 0.493359375 0.0796875 0.494921875 0.08828125 0.466796875 0.0875 0.455078125
1 0.09140625 0.643359375 0.081640625 0.63359375 0.07890625 0.635546875 0.0796875 0.645703125 0.0859375 0.669921875 0.09453125 0.686328125 0.10234375 0.690234375 0.09921875 0.666796875 0.09140625 0.643359375
1 0.1125 0.737109375 0.103125 0.722265625 0.094921875 0.715625 0.0921875 0.724609375 0.09453125 0.737109375 0.115625 0.764453125 0.121875 0.767578125 0.12109375 0.757421875 0.1125 0.737109375
1 0.13203125 0.749609375 0.121484375 0.740625 0.121875 0.752734375 0.128125 0.769140625 0.152734375 0.79765625 0.1609375 0.800390625 0.146875 0.769921875 0.13203125 0.749609375
1 0.525 0.470703125 0.5265625 0.419140625 0.527734375 0.415625 0.53515625 0.412109375 0.530078125 0.4078125 0.523046875 0.40703125 0.513671875 0.396875 0.506640625 0.39453125 0.443359375 0.39375 0.439453125 0.39609375 0.4328125 0.407421875 0.43125 0.423828125 0.41796875 0.455859375 0.4171875 0.490234375 0.41953125 0.498046875 0.426171875 0.4984375 0.435546875 0.4921875 0.448828125 0.490625 0.504296875 0.49453125 0.51953125 0.498828125 0.52265625 0.494140625 0.525 0.470703125
1 0.65234375 0.251171875 0.644140625 0.24296875 0.631640625 0.23515625 0.616015625 0.23125 0.60234375 0.236328125 0.59921875 0.243359375 0.59921875 0.262109375 0.604296875 0.27109375 0.613671875 0.2703125 0.65625 0.280859375 0.65703125 0.270703125 0.65234375 0.251171875
1 0.69921875 0.273046875 0.719921875 0.275 0.7203125 0.270703125 0.716015625 0.26640625 0.689453125 0.25703125 0.68046875 0.263671875 0.68125 0.269921875 0.68984375 0.290234375 0.69921875 0.294921875 0.7015625 0.294140625 0.69921875 0.273046875
1 0.27578125 0.317578125 0.28203125 0.297265625 0.280859375 0.290625 0.269140625 0.2890625 0.252734375 0.29609375 0.234375 0.318359375 0.22890625 0.334765625 0.243359375 0.346875 0.24765625 0.346484375 0.2640625 0.338671875 0.27578125 0.317578125
1 0.228125 0.387109375 0.2421875 0.352734375 0.239453125 0.34140625 0.231640625 0.3375 0.2140625 0.345703125 0.2 0.366796875 0.196875 0.391015625 0.215234375 0.3859375 0.228125 0.387109375
1 0.22734375 0.307421875 0.23046875 0.294921875 0.228515625 0.29140625 0.216015625 0.29453125 0.20390625 0.306640625 0.1890625 0.330859375 0.1859375 0.342578125 0.190625 0.345703125 0.21328125 0.333984375 0.22734375 0.307421875
1 0.17265625 0.353515625 0.17890625 0.330859375 0.176953125 0.32578125 0.16875 0.329296875 0.15234375 0.351171875 0.1453125 0.372265625 0.146484375 0.3765625 0.1515625 0.376171875 0.165625 0.366015625 0.17265625 0.353515625
1 0.2109375 0.459765625 0.22421875 0.424609375 0.2265625 0.400390625 0.225 0.388671875 0.221484375 0.38671875 0.197265625 0.39140625 0.18046875 0.423046875 0.1765625 0.447265625 0.185546875 0.45078125 0.1921875 0.463671875 0.196875 0.465234375 0.204296875 0.46484375 0.2109375 0.459765625
1 0.30625 0.271484375 0.31171875 0.258984375 0.306640625 0.25078125 0.294140625 0.25 0.285546875 0.25390625 0.2625 0.280078125 0.262890625 0.2890625 0.28671875 0.291015625 0.293359375 0.28828125 0.30625 0.271484375
1 0.33515625 0.243359375 0.3390625 0.233203125 0.337109375 0.225 0.314453125 0.2265625 0.29375 0.247265625 0.293359375 0.2515625 0.305859375 0.2515625 0.310546875 0.2578125 0.315625 0.257421875 0.323046875 0.25546875 0.33515625 0.243359375
1 0.28125 0.245703125 0.28984375 0.227734375 0.287890625 0.2203125 0.278515625 0.221875 0.26328125 0.236328125 0.25078125 0.254296875 0.25078125 0.260546875 0.25390625 0.260546875 0.274609375 0.25234375 0.28125 0.245703125
1 0.23984375 0.256640625 0.239453125 0.24609375 0.227734375 0.25078125 0.21796875 0.258984375 0.2046875 0.278515625 0.2046875 0.285546875 0.23046875 0.271484375 0.23984375 0.256640625
1 0.2578125 0.223828125 0.259375 0.216015625 0.251953125 0.215625 0.237890625 0.22265625 0.225 0.240234375 0.225390625 0.24453125 0.2296875 0.244140625 0.245703125 0.2359375 0.2578125 0.223828125
1 0.36171875 0.205078125 0.357421875 0.2015625 0.333984375 0.2046875 0.31328125 0.223828125 0.314453125 0.22734375 0.333984375 0.225 0.34296875 0.227734375 0.35859375 0.216015625 0.36171875 0.205078125
1 0.50546875 0.147265625 0.501171875 0.14296875 0.486328125 0.1421875 0.4734375 0.152734375 0.476171875 0.159375 0.496875 0.158984375 0.50625 0.153515625 0.50546875 0.147265625
1 0.608203125 0.16796875 0.588671875 0.16484375 0.584375 0.168359375 0.58515625 0.176953125 0.589453125 0.18046875 0.61640625 0.180859375 0.6171875 0.173828125 0.608203125 0.16796875