1 0.30078125 0.583984375 0.30546875 0.576171875 0.339453125 0.546875 0.391796875 0.5109375 0.396484375 0.49296875 0.3953125 0.513671875 0.399609375 0.5234375 0.414453125 0.52265625 0.42421875 0.511328125 0.4328125 0.474609375 0.435546875 0.46953125 0.439453125 0.4734375 0.44296875 0.462109375 0.4484375 0.460546875 0.45234375 0.439453125 0.4515625 0.404296875 0.440625 0.358203125 0.4421875 0.343359375 0.439453125 0.3375 0.430859375 0.3328125 0.391015625 0.3234375 0.380078125 0.3234375 0.361328125 0.3296875 0.314453125 0.36015625 0.287109375 0.38828125 0.266796875 0.3921875 0.26484375 0.408984375 0.2421875 0.431640625 0.2390625 0.443359375 0.234375 0.447265625 0.21953125 0.479296875 0.21875 0.491796875 0.2109375 0.501953125 0.20546875 0.534765625 0.20703125 0.554296875 0.21875 0.576953125 0.236328125 0.59296875 0.259765625 0.6078125 0.267578125 0.60625 0.278515625 0.61640625 0.28671875 0.616015625 0.296875 0.608203125 0.30078125 0.583984375
1 0.71171875 0.709765625 0.78203125 0.631640625 0.78359375 0.623828125 0.7890625 0.623828125 0.80703125 0.583203125 0.8109375 0.557421875 0.8109375 0.501171875 0.801953125 0.4875 0.769921875 0.46640625 0.762890625 0.4671875 0.75546875 0.474609375 0.7234375 0.516796875 0.65859375 0.587890625 0.6265625 0.647265625 0.60859375 0.667578125 0.5921875 0.706640625 0.590625 0.723046875 0.596484375 0.728125 0.636328125 0.73671875 0.675390625 0.7296875 0.681640625 0.73828125 0.6875 0.738671875 0.703125 0.724609375 0.71171875 0.709765625
1 0.773046875 0.78125 0.7859375 0.766015625 0.84765625 0.677734375 0.86875 0.620703125 0.866015625 0.6140625 0.848828125 0.61015625 0.84296875 0.614453125 0.80390625 0.677734375 0.7671875 0.721484375 0.7546875 0.741015625 0.71875 0.777734375 0.70234375 0.799609375 0.706640625 0.80625 0.72265625 0.806640625 0.753515625 0.796875 0.773046875 0.78125
1 0.689453125 0.32734375 0.726953125 0.31484375 0.733203125 0.31484375 0.740234375 0.31953125 0.75 0.317578125 0.753125 0.291015625 0.75 0.278515625 0.741015625 0.26796875 0.705078125 0.24453125 0.682421875 0.23515625 0.658203125 0.23046875 0.630859375 0.23515625 0.604296875 0.246875 0.595703125 0.24296875 0.594140625 0.25234375 0.569140625 0.26484375 0.55703125 0.274609375 0.55390625 0.287109375 0.5546875 0.301953125 0.573046875 0.31875 0.630078125 0.3421875 0.655078125 0.34375 0.659765625 0.35 0.671875 0.353515625 0.68046875 0.348828125 0.689453125 0.32734375
1 0.878125 0.433203125 0.8859375 0.404296875 0.88359375 0.375390625 0.8796875 0.363671875 0.86953125 0.350390625 0.860546875 0.34140625 0.852734375 0.3390625 0.84375 0.357421875 0.83984375 0.387890625 0.8421875 0.415234375 0.86171875 0.442578125 0.8734375 0.448046875 0.878125 0.443359375 0.878125 0.433203125
1 0.9203125 0.392578125 0.915625 0.376171875 0.905078125 0.36171875 0.9015625 0.376953125 0.903125 0.417578125 0.9109375 0.438671875 0.91953125 0.446484375 0.92265625 0.419921875 0.9203125 0.392578125
2 0.184375 0.494921875 0.1890625 0.447265625 0.1875 0.423046875 0.184765625 0.4203125 0.17890625 0.424609375 0.17265625 0.455859375 0.175 0.486328125 0.1734375 0.517578125 0.17734375 0.524609375 0.18671875 0.514453125 0.184375 0.494921875
2 0.2546875 0.391796875 0.2484375 0.384765625 0.25078125 0.373046875 0.248046875 0.36875 0.243359375 0.36875 0.2390625 0.373046875 0.23671875 0.389453125 0.23125 0.400390625 0.228125 0.446484375 0.23203125 0.448828125 0.25390625 0.411328125 0.2546875 0.391796875
2 0.205078125 0.49140625 0.20703125 0.488671875 0.203125 0.458984375 0.2109375 0.412109375 0.204296875 0.39375 0.19765625 0.397265625 0.18828125 0.427734375 0.19140625 0.450390625 0.19140625 0.495703125 0.192578125 0.4984375 0.196875 0.498046875 0.200390625 0.4890625 0.205078125 0.49140625
3 0.67109375 0.173828125 0.66796875 0.159765625 0.670703125 0.15703125 0.683203125 0.16328125 0.691015625 0.16328125 0.69453125 0.161328125 0.6921875 0.148046875 0.655078125 0.1140625 0.627734375 0.1109375 0.616015625 0.115625 0.6140625 0.122265625 0.619921875 0.13046875 0.653125 0.145703125 0.66484375 0.177734375 0.6796875 0.199609375 0.68125 0.192578125 0.67109375 0.173828125
1 0.730078125 0.19140625 0.694140625 0.16875 0.672265625 0.15859375 0.667578125 0.15859375 0.66484375 0.162109375 0.6671875 0.169140625 0.663671875 0.17109375 0.6609375 0.157421875 0.653515625 0.153125 0.613671875 0.14453125 0.600390625 0.14375 0.5921875 0.148046875 0.59375 0.153515625 0.600390625 0.1578125 0.612890625 0.15703125 0.639453125 0.171875 0.662109375 0.17890625 0.670703125 0.178125 0.680078125 0.18828125 0.699609375 0.2 0.718359375 0.20625 0.7375 0.208203125 0.73984375 0.203515625 0.730078125 0.19140625
1 0.39609375 0.200390625 0.388671875 0.1984375 0.370703125 0.20078125 0.369140625 0.1859375 0.350390625 0.19765625 0.3484375 0.204296875 0.3375 0.216015625 0.344140625 0.2203125 0.38125 0.220703125 0.39296875 0.212109375 0.39609375 0.200390625
1 0.4484375 0.245703125 0.45234375 0.240234375 0.450390625 0.23671875 0.403515625 0.23515625 0.394140625 0.23046875 0.377734375 0.2296875 0.368359375 0.23359375 0.362890625 0.24140625 0.351953125 0.246875 0.34453125 0.255078125 0.349609375 0.2609375 0.358984375 0.2609375 0.380859375 0.25390625 0.388671875 0.2671875 0.396484375 0.2609375 0.401171875 0.2609375 0.416796875 0.26796875 0.43359375 0.268359375 0.4484375 0.256640625 0.4484375 0.245703125
1 0.37421875 0.298828125 0.370703125 0.29609375 0.359765625 0.29609375 0.355078125 0.28984375 0.344921875 0.2890625 0.340625 0.291015625 0.3390625 0.301171875 0.33203125 0.302734375 0.32890625 0.287890625 0.334375 0.277734375 0.34765625 0.266796875 0.344140625 0.265625 0.325390625 0.2734375 0.31328125 0.286328125 0.31484375 0.294921875 0.3 0.321484375 0.314453125 0.32109375 0.326171875 0.3125 0.35078125 0.332421875 0.3640625 0.326171875 0.37421875 0.298828125
1 0.8859375 0.313671875 0.866796875 0.2953125 0.8640625 0.301953125 0.86640625 0.323828125 0.88515625 0.352734375 0.890625 0.353515625 0.88984375 0.326953125 0.8859375 0.313671875
1 0.905859375 0.3265625 0.90625 0.344921875 0.9125 0.361328125 0.921875 0.371484375 0.91796875 0.341796875 0.905859375 0.3265625