1 0.5145867098865479 0.5287682333873582 0.5194489465153971 0.5174230145867099 0.5170178282009724 0.47366288492706643 0.520259319286872 0.4436790923824959 0.516612641815235 0.43841166936790926 0.5076985413290114 0.4359805510534846 0.4712317666126418 0.43841166936790926 0.4651539708265802 0.44692058346839547 0.46353322528363045 0.5060777957860616 0.4659643435980551 0.5214748784440842 0.47042139384116693 0.5275526742301458 0.5076985413290114 0.5275526742301458 0.5105348460291734 0.5303889789303079 0.5145867098865479 0.5287682333873582
1 0.3658833063209076 0.5769854132901134 0.3695299837925446 0.5733387358184765 0.3711507293354943 0.5668557536466775 0.3727714748784441 0.5482171799027553 0.3666936790923825 0.5332252836304701 0.3358995137763371 0.5291734197730956 0.32455429497568883 0.5348460291734197 0.30834683954619124 0.5364667747163695 0.30226904376012964 0.5409238249594813 0.3014586709886548 0.5514586709886548 0.30915721231766613 0.56645056726094 0.36142625607779577 0.576580226904376 0.3658833063209076 0.5769854132901134
1 0.38695299837925445 0.5453808752025932 0.4039708265802269 0.5453808752025932 0.40842787682333875 0.5376823338735819 0.40842787682333875 0.5198541329011345 0.39910858995137766 0.4991896272285251 0.376418152350081 0.49351701782820095 0.36912479740680715 0.4959481361426256 0.33752025931928686 0.49270664505672607 0.3241491085899514 0.4955429497568882 0.320097244732577 0.5036466774716369 0.32050243111831445 0.5251215559157212 0.3253646677471637 0.5251215559157212 0.3326580226904376 0.5316045380875203 0.3448136142625608 0.5291734197730956 0.36993517017828204 0.5316045380875203 0.3752025931928687 0.5360615883306321 0.38168557536466774 0.5506482982171799 0.38695299837925445 0.5453808752025932
3 0.41572123176661263 0.8780388978930308 0.413290113452188 0.869935170178282 0.40842787682333875 0.8666936790923825 0.40032414910858993 0.8496758508914101 0.3897893030794165 0.8407617504051864 0.38168557536466774 0.8156401944894651 0.3914100486223663 0.8091572123176661 0.3950567260940032 0.8022690437601296 0.40640194489465153 0.7965964343598055 0.4112641815235008 0.7884927066450568 0.419773095623987 0.7848460291734197 0.419773095623987 0.7759319286871961 0.41085899513776336 0.7645867098865479 0.40923824959481364 0.7572933549432739 0.419773095623987 0.7427066450567261 0.419773095623987 0.7281199351701783 0.40923824959481364 0.7119124797406807 0.373581847649919 0.6738249594813615 0.3646677471636953 0.6454619124797407 0.3557536466774716 0.630064829821718 0.33752025931928686 0.6215559157212318 0.32374392220421394 0.6061588330632091 0.3123987034035656 0.6037277147487844 0.3002431118314425 0.6110210696920584 0.2901134521880065 0.623581847649919 0.29578606158833065 0.6559967585089141 0.2945705024311183 0.6596434359805511 0.28282009724473256 0.6649108589951378 0.2852512155591572 0.6924635332252836 0.2787682333873582 0.6989465153970826 0.2820097244732577 0.7111021069692058 0.28038897893030795 0.715964343598055 0.2686385737439222 0.7285251215559158 0.24675850891410048 0.7252836304700162 0.2325769854132901 0.7394651539708266 0.23500810372771475 0.7516207455429498 0.24878444084278767 0.7686385737439222 0.25283630470016205 0.7913290113452188 0.2706645056726094 0.8051053484602917 0.2909238249594814 0.8342787682333873 0.303484602917342 0.8444084278768234 0.3253646677471637 0.8541329011345219 0.35696920583468394 0.8743922204213939 0.36993517017828204 0.8776337115072933 0.40235008103727715 0.8760129659643436 0.40923824959481364 0.8788492706645057 0.41572123176661263 0.8780388978930308
1 0.44773095623987036 0.7439222042139384 0.4538087520259319 0.7386547811993517 0.4554294975688817 0.6957050243111832 0.4428687196110211 0.686385737439222 0.4039708265802269 0.6855753646677472 0.39951377633711505 0.6957050243111832 0.4019448946515397 0.7029983792544571 0.4181523500810373 0.7200162074554295 0.42787682333873583 0.7386547811993517 0.44084278768233387 0.743517017828201 0.44773095623987036 0.7439222042139384
1 0.45016207455429497 0.8241491085899514 0.4529983792544571 0.8196920583468396 0.4497568881685575 0.7970016207455429 0.43638573743922204 0.7901134521880064 0.4145056726094003 0.7884927066450568 0.4035656401944895 0.8026742301458671 0.4059967585089141 0.8188816855753647 0.4104538087520259 0.8225283630470016 0.44165316045380876 0.8261750405186385 0.45016207455429497 0.8241491085899514
1 0.48338735818476497 0.859805510534846 0.48703403565640196 0.8553484602917342 0.48946515397082657 0.8375202593192869 0.48419773095623986 0.8322528363047001 0.45502431118314424 0.8273905996758509 0.4404376012965964 0.8282009724473258 0.4367909238249595 0.8310372771474879 0.43557536466774716 0.853322528363047 0.47811993517017826 0.8594003241491086 0.48338735818476497 0.859805510534846
1 0.4793354943273906 0.9181523500810372 0.4829821717990275 0.9145056726094003 0.4837925445705024 0.9039708265802269 0.47771474878444087 0.8978930307941653 0.4582658022690438 0.8946515397082658 0.4428687196110211 0.8946515397082658 0.43841166936790926 0.8974878444084279 0.43881685575364665 0.9149108589951378 0.4692058346839546 0.9177471636952999 0.4793354943273906 0.9181523500810372
1 0.7175850891410048 0.8581847649918962 0.7313614262560778 0.8508914100486223 0.7439222042139384 0.8334683954619124 0.7439222042139384 0.8221231766612642 0.7321717990275527 0.8233387358184765 0.715964343598055 0.8322528363047001 0.7017828200972447 0.8496758508914101 0.7017828200972447 0.8610210696920584 0.7175850891410048 0.8581847649918962
1 0.7289303079416531 0.6774716369529984 0.7390599675850892 0.6705834683954619 0.7455429497568882 0.6470826580226904 0.7410858995137763 0.6288492706645057 0.7248784440842788 0.6296596434359806 0.7139384116693679 0.6373581847649918 0.7050243111831442 0.6657212317666127 0.706645056726094 0.6770664505672609 0.7106969205834684 0.6794975688816856 0.7289303079416531 0.6774716369529984
1 0.536871961102107 0.6766612641815235 0.5465964343598055 0.6693679092382496 0.5806320907617504 0.6693679092382496 0.5850891410048622 0.663290113452188 0.5834683954619124 0.6349270664505673 0.5875202593192869 0.630064829821718 0.5741491085899514 0.6239870340356564 0.5506482982171799 0.6247974068071313 0.5352512155591572 0.6296596434359806 0.5388978930307942 0.6405996758508914 0.5316045380875203 0.6535656401944895 0.5324149108589952 0.6762560777957861 0.536871961102107 0.6766612641815235
2 0.7123176661264181 0.583063209076175 0.7188006482982172 0.5660453808752026 0.7167747163695299 0.5453808752025932 0.7123176661264181 0.5465964343598055 0.7074554294975689 0.5563209076175041 0.7090761750405187 0.5717179902755267 0.7034035656401945 0.5854943273905997 0.706645056726094 0.5871150729335495 0.7123176661264181 0.583063209076175
2 0.6908427876823339 0.5875202593192869 0.6977309562398704 0.5822528363047001 0.7034035656401945 0.5538897893030794 0.7005672609400324 0.5405186385737439 0.6912479740680713 0.5506482982171799 0.6912479740680713 0.5709076175040518 0.6847649918962723 0.5846839546191248 0.686385737439222 0.5871150729335495 0.6908427876823339 0.5875202593192869
2 0.5773905996758509 0.7188006482982172 0.5940032414910859 0.703808752025932 0.5923824959481362 0.6794975688816856 0.5854943273905997 0.6742301458670988 0.5777957860615883 0.6778768233387358 0.5777957860615883 0.6908427876823339 0.5648298217179902 0.7200162074554295 0.5773905996758509 0.7188006482982172
2 0.46231766612641817 0.6564019448946515 0.4647487844408428 0.6474878444084279 0.47487844408427876 0.6462722852512156 0.4627228525121556 0.6405996758508914 0.4534035656401945 0.6191247974068071 0.4481361426256078 0.6211507293354943 0.4473257698541329 0.6324959481361426 0.44246353322528365 0.6373581847649918 0.44408427876823336 0.6576175040518638 0.4481361426256078 0.6592382495948136 0.46231766612641817 0.6564019448946515
1 0.796191247974068 0.7196110210696921 0.8038897893030794 0.7135332252836305 0.8103727714748784 0.6997568881685575 0.8111831442463533 0.6803079416531604 0.8083468395461912 0.6758508914100486 0.7953808752025932 0.6782820097244733 0.7876823338735819 0.6843598055105349 0.7787682333873582 0.7070502431118314 0.7803889789303079 0.7248784440842788 0.796191247974068 0.7196110210696921
1 0.8375202593192869 0.6807131280388979 0.8500810372771475 0.6705834683954619 0.8484602917341977 0.6551863857374393 0.843192868719611 0.6482982171799028 0.8269854132901134 0.653160453808752 0.8184764991896273 0.663290113452188 0.8176661264181524 0.6778768233387358 0.8290113452188006 0.6827390599675851 0.8375202593192869 0.6807131280388979
1 0.8456239870340356 0.646677471636953 0.8500810372771475 0.6389789303079416 0.8484602917341977 0.6211507293354943 0.8423824959481362 0.6118314424635333 0.8342787682333873 0.6142625607779578 0.8257698541329012 0.6243922204213939 0.8241491085899514 0.6422204213938412 0.8290113452188006 0.6519448946515397 0.8456239870340356 0.646677471636953
1 0.8249594813614263 0.630064829821718 0.826580226904376 0.623581847649919 0.8363047001620746 0.6130470016207455 0.8354943273905997 0.5976499189627229 0.8318476499189628 0.5907617504051864 0.8196920583468396 0.593192868719611 0.8160453808752026 0.5976499189627229 0.813614262560778 0.6260129659643436 0.8176661264181524 0.6316855753646677 0.8249594813614263 0.630064829821718
1 0.8123987034035657 0.5810372771474879 0.8209076175040518 0.5741491085899514 0.8233387358184765 0.5603727714748784 0.8172609400324149 0.5388978930307942 0.8067260940032415 0.539708265802269 0.8022690437601296 0.5457860615883307 0.799837925445705 0.5773905996758509 0.8038897893030794 0.5806320907617504 0.8123987034035657 0.5810372771474879
1 0.8286061588330632 0.720421393841167 0.8435980551053485 0.7094813614262561 0.8492706645056726 0.6948946515397083 0.8464343598055105 0.6790923824959482 0.8334683954619124 0.6831442463533225 0.8273905996758509 0.6892220421393841 0.8233387358184765 0.7021880064829822 0.8249594813614263 0.7200162074554295 0.8286061588330632 0.720421393841167
1 0.8415721231766613 0.7820097244732577 0.8525121555915721 0.7710696920583469 0.8553484602917342 0.7455429497568882 0.8480551053484603 0.747163695299838 0.839546191247974 0.7556726094003241 0.8290113452188006 0.7775526742301458 0.8306320907617504 0.7848460291734197 0.8415721231766613 0.7820097244732577
1 0.7783630470016207 0.6110210696920584 0.7844408427876823 0.6065640194489466 0.7893030794165316 0.5822528363047001 0.7884927066450568 0.5676661264181524 0.7856564019448946 0.5648298217179902 0.7759319286871961 0.5656401944894651 0.7714748784440842 0.5717179902755267 0.7682333873581848 0.5935980551053485 0.7641815235008104 0.6008914100486223 0.7641815235008104 0.609805510534846 0.7674230145867099 0.6114262560777958 0.7783630470016207 0.6110210696920584
1 0.8051053484602917 0.49756888168557534 0.8095623987034035 0.48824959481361424 0.8038897893030794 0.4615072933549433 0.7978119935170178 0.45623987034035657 0.7888978930307942 0.45623987034035657 0.7852512155591572 0.46636952998379255 0.7876823338735819 0.4923014586709887 0.7925445705024311 0.49716369529983795 0.8051053484602917 0.49756888168557534
3 0.8683144246353323 0.7228525121555915 0.8780388978930308 0.7098865478119936 0.8861426256077796 0.7123176661264181 0.8982982171799028 0.7090761750405187 0.9043760129659644 0.703808752025932 0.9059967585089141 0.6908427876823339 0.9141004862236629 0.6884116693679092 0.9230145867098866 0.6535656401944895 0.9294975688816856 0.6438411669367909 0.9327390599675851 0.6057536466774717 0.9274716369529984 0.5980551053484603 0.9193679092382496 0.5980551053484603 0.9149108589951378 0.5935980551053485 0.9059967585089141 0.5749594813614263 0.899513776337115 0.5409238249594813 0.8914100486223663 0.5182333873581848 0.8881685575364667 0.4923014586709887 0.8630470016207455 0.429902755267423 0.850486223662885 0.41491085899513774 0.8399513776337115 0.40761750405186387 0.8326580226904376 0.406807131280389 0.8225283630470016 0.4120745542949757 0.8257698541329012 0.4274716369529984 0.8217179902755267 0.4307131280388979 0.8209076175040518 0.4598865478119935 0.8233387358184765 0.4679902755267423 0.8314424635332253 0.4752836304700162 0.8314424635332253 0.48905996758508913 0.8403565640194489 0.5109400324149108 0.8444084278768234 0.5360615883306321 0.8419773095623987 0.5652350081037277 0.8541329011345219 0.589546191247974 0.8508914100486223 0.6487034035656402 0.8565640194489466 0.6705834683954619 0.8565640194489466 0.6876012965964343 0.8606158833063209 0.6957050243111832 0.8606158833063209 0.7240680713128039 0.8683144246353323 0.7228525121555915
0 0.953808752025932 0.6657212317666127 0.960291734197731 0.6535656401944895 0.9764991896272285 0.5919773095623987 0.9813614262560778 0.549837925445705 0.9821717990275527 0.4979740680713128 0.9716369529983793 0.46312803889789306 0.963128038897893 0.4529983792544571 0.9380064829821718 0.43841166936790926 0.9343598055105349 0.4428687196110211 0.9384116693679092 0.48824959481361424 0.9343598055105349 0.5085089141004863 0.940032414910859 0.543354943273906 0.9327390599675851 0.5919773095623987 0.9343598055105349 0.6438411669367909 0.940032414910859 0.6470826580226904 0.9416531604538088 0.6665316045380876 0.946515397082658 0.6713938411669368 0.953808752025932 0.6657212317666127
0 0.9764991896272285 0.4444894651539708 0.9764991896272285 0.4307131280388979 0.9683954619124797 0.38857374392220423 0.9594813614262561 0.3610210696920583 0.9448946515397083 0.33752025931928686 0.9319286871961102 0.32698541329011344 0.9238249594813615 0.3107779578606159 0.9108589951377634 0.2961912479740681 0.8942463533225283 0.27957860615883307 0.8869529983792545 0.2779578606158833 0.856969205834684 0.2479740680713128 0.8334683954619124 0.233387358184765 0.8294165316045381 0.24230145867098865 0.8253646677471637 0.24149108589951376 0.763776337115073 0.20502431118314424 0.7216369529983793 0.18962722852512157 0.7005672609400324 0.1766612641815235 0.6859805510534847 0.17585089141004862 0.6730145867098866 0.1693679092382496 0.6535656401944895 0.16612641815235007 0.6422204213938412 0.15883306320907617 0.6179092382495948 0.15883306320907617 0.5935980551053485 0.1507293354943274 0.5794165316045381 0.15437601296596434 0.5794165316045381 0.16653160453808752 0.5927876823338736 0.18314424635332252 0.623581847649919 0.19448946515397084 0.6592382495948136 0.21555915721231766 0.6746353322528363 0.2188006482982172 0.6778768233387358 0.2252836304700162 0.6843598055105349 0.22690437601296595 0.6912479740680713 0.2346029173419773 0.703808752025932 0.25283630470016205 0.7524311183144247 0.293354943273906 0.7597244732576985 0.29578606158833065 0.7690437601296597 0.30834683954619124 0.7739059967585089 0.3213128038897893 0.8055105348460292 0.3585899513776337 0.8168557536466775 0.3812803889789303 0.8512965964343598 0.4051863857374392 0.8666936790923825 0.42625607779578606 0.8845218800648298 0.42787682333873583 0.890194489465154 0.42382495948136145 0.9266612641815235 0.4505672609400324 0.9355753646677472 0.44084278768233387 0.9396272285251216 0.44084278768233387 0.9639384116693679 0.4546191247974068 0.9708265802269044 0.45502431118314424 0.9764991896272285 0.4444894651539708
3 0.8144246353322528 0.43476499189627227 0.8168557536466775 0.42017828200972446 0.8241491085899514 0.40640194489465153 0.820097244732577 0.39100486223662884 0.793354943273906 0.34562398703403563 0.776742301458671 0.33063209076175043 0.7653970826580226 0.32901134521880065 0.7576985413290114 0.3448136142625608 0.7633711507293355 0.3739870340356564 0.7763371150729336 0.39019448946515395 0.7787682333873582 0.40235008103727715 0.7884927066450568 0.42179902755267423 0.7978119935170178 0.42544570502431117 0.8087520259319287 0.4380064829821718 0.8144246353322528 0.43476499189627227
3 0.4752836304700162 0.23500810372771475 0.49432739059967584 0.2273095623987034 0.5 0.1867909238249595 0.4983792544570502 0.18030794165316044 0.4923014586709887 0.17504051863857376 0.48419773095623986 0.17423014586709887 0.47771474878444087 0.1774716369529984 0.44408427876823336 0.21029173419773095 0.44084278768233387 0.21839546191247974 0.44246353322528365 0.23055105348460292 0.44692058346839547 0.23419773095623986 0.46110210696920584 0.23622366288492708 0.4752836304700162 0.23500810372771475
3 0.4282820097244733 0.3249594813614263 0.4380064829821718 0.3249594813614263 0.45786061588330634 0.30429497568881686 0.4619124797406807 0.29294975688816854 0.47811993517017826 0.2799837925445705 0.4692058346839546 0.2540518638573744 0.4590761750405186 0.24230145867098865 0.43476499189627227 0.24635332252836303 0.40559157212317665 0.2706645056726094 0.396677471636953 0.2747163695299838 0.3897893030794165 0.28565640194489467 0.386547811993517 0.3123987034035656 0.3950567260940032 0.3184764991896272 0.40964343598055103 0.3192868719611021 0.4213938411669368 0.3286061588330632 0.4282820097244733 0.3249594813614263
3 0.6924635332252836 0.2560777957860616 0.6961102106969206 0.2532414910858995 0.6961102106969206 0.24756888168557536 0.6884116693679092 0.23743922204213938 0.6657212317666127 0.22042139384116693 0.6373581847649918 0.2098865478119935 0.6219611021069692 0.1952998379254457 0.6017017828200972 0.18719611021069693 0.5952188006482982 0.18719611021069693 0.5907617504051864 0.19084278768233387 0.5984602917341977 0.2098865478119935 0.6357374392220422 0.23095623987034036 0.6592382495948136 0.2560777957860616 0.6685575364667747 0.25891410048622365 0.6924635332252836 0.2560777957860616
1 0.4793354943273906 0.41247974068071314 0.48703403565640196 0.4072123176661264 0.4886547811993517 0.3958670988654781 0.48419773095623986 0.38168557536466774 0.4679902755267423 0.38006482982171796 0.4586709886547812 0.38614262560777957 0.4538087520259319 0.40640194489465153 0.4586709886547812 0.4120745542949757 0.4793354943273906 0.41247974068071314
0 0.17260940032414912 0.7986223662884927 0.17260940032414912 0.7880875202593193 0.17098865478119935 0.7394651539708266 0.16612641815235007 0.7346029173419774 0.16693679092382496 0.6219611021069692 0.16450567260940033 0.5992706645056726 0.16612641815235007 0.5863047001620746 0.17585089141004862 0.5660453808752026 0.17504051863857376 0.5287682333873582 0.19286871961102106 0.4866288492706645 0.19651539708265803 0.47974068071312803 0.20745542949756887 0.4752836304700162 0.21110210696920584 0.4627228525121556 0.22123176661264182 0.4598865478119935 0.22082658022690438 0.44408427876823336 0.24473257698541329 0.4428687196110211 0.2520259319286872 0.41774716369529985 0.25364667747163694 0.3974878444084279 0.2706645056726094 0.36993517017828204 0.2884927066450567 0.32374392220421394 0.29294975688816854 0.3192868719611021 0.30105348460291737 0.320097244732577 0.30429497568881686 0.31685575364667745 0.3172609400324149 0.3184764991896272 0.32212317666126417 0.31442463533225284 0.353322528363047 0.27836304700162073 0.36709886547811993 0.2670178282009725 0.373581847649919 0.25486223662884927 0.3974878444084279 0.23500810372771475 0.41855753646677474 0.21150729335494328 0.4805510534846029 0.17382495948136142 0.49351701782820095 0.15680713128038898 0.4874392220421394 0.14829821717990274 0.4590761750405186 0.14991896272285252 0.45948136142625606 0.1373581847649919 0.4534035656401945 0.13452188006482982 0.4104538087520259 0.14019448946515398 0.37155591572123176 0.14910858995137763 0.36223662884927066 0.1559967585089141 0.35777957860615883 0.16369529983792544 0.34562398703403563 0.1693679092382496 0.3326580226904376 0.16693679092382496 0.2726904376012966 0.1880064829821718 0.2686385737439222 0.1920583468395462 0.2516207455429498 0.1920583468395462 0.2313614262560778 0.2025931928687196 0.2273095623987034 0.20826580226904376 0.21191247974068073 0.21231766612641814 0.20542949756888168 0.2171799027552674 0.18719611021069693 0.24432739059967584 0.1786871961102107 0.25283630470016205 0.16247974068071314 0.2593192868719611 0.15761750405186387 0.26661264181523503 0.15153970826580226 0.2645867098865478 0.15559157212317667 0.25729335494327393 0.15437601296596434 0.24716369529983792 0.14141004862236628 0.2568881685575365 0.1272285251215559 0.276742301458671 0.12236628849270664 0.29051863857374394 0.10575364667747164 0.3055105348460292 0.09116693679092383 0.31361426256077796 0.08103727714748785 0.3286061588330632 0.05834683954619125 0.3918152350081037 0.04781199351701783 0.4574554294975689 0.046191247974068074 0.5287682333873582 0.055105348460291734 0.6057536466774717 0.06482982171799027 0.643030794165316 0.07050243111831442 0.6535656401944895 0.07860615883306321 0.6584278768233387 0.07698541329011345 0.6641004862236629 0.08508914100486224 0.6657212317666127 0.0846839546191248 0.6685575364667747 0.0773905996758509 0.666936790923825 0.0753646677471637 0.6713938411669368 0.08914100486223663 0.6746353322528363 0.08346839546191248 0.6770664505672609 0.08184764991896272 0.6867909238249594 0.08833063209076175 0.6908427876823339 0.08914100486223663 0.703808752025932 0.09359805510534847 0.7058346839546191 0.10170178282009724 0.7034035656401945 0.10575364667747164 0.7090761750405187 0.11021069692058347 0.7094813614262561 0.10696920583468396 0.7143435980551054 0.1094003241491086 0.723257698541329 0.10615883306320907 0.736223662884927 0.11831442463533225 0.7394651539708266 0.11345218800648298 0.743517017828201 0.11507293354943274 0.7516207455429498 0.12074554294975688 0.7516207455429498 0.12520259319286872 0.7382495948136143 0.13047001620745544 0.7491896272285251 0.1272285251215559 0.7605348460291734 0.13047001620745544 0.7678282009724473 0.1393841166936791 0.7718800648298217 0.14222042139384117 0.7844408427876823 0.15356564019448946 0.7884927066450568 0.16410048622366288 0.8014586709886548 0.1693679092382496 0.8026742301458671 0.17260940032414912 0.7986223662884927
1 0.22204213938411668 0.6146677471636953 0.22366288492706646 0.6081847649918962 0.2171799027552674 0.5846839546191248 0.2013776337115073 0.5737439222042139 0.18354943273905996 0.5769854132901134 0.17909238249594814 0.583063209076175 0.17990275526742303 0.5984602917341977 0.1867909238249595 0.6053484602917342 0.1932739059967585 0.6045380875202593 0.20461912479740682 0.6150729335494327 0.21393841166936792 0.6179092382495948 0.22204213938411668 0.6146677471636953
1 0.22123176661264182 0.5814424635332253 0.22285251215559157 0.5733387358184765 0.21961102106969205 0.5522690437601296 0.21191247974068073 0.5437601296596435 0.1973257698541329 0.5388978930307942 0.1847649918962723 0.5482171799027553 0.18638573743922204 0.5676661264181524 0.19084278768233387 0.5753646677471637 0.2005672609400324 0.5737439222042139 0.21636952998379255 0.583063209076175 0.22123176661264182 0.5814424635332253
1 0.6175040518638574 0.3002431118314425 0.6158833063209076 0.28970826580226905 0.6089951377633711 0.2852512155591572 0.596839546191248 0.28444084278768234 0.5940032414910859 0.28889789303079416 0.5948136142625607 0.2978119935170178 0.6053484602917342 0.30105348460291737 0.6175040518638574 0.3002431118314425