2 0.318359375 0.25546875 0.322265625 0.25546875 0.325 0.262890625 0.328125 0.262890625 0.323046875 0.23359375 0.318359375 0.234375 0.30625 0.250390625 0.296875 0.278515625 0.29921875 0.283203125 0.31015625 0.277734375 0.318359375 0.25546875
2 0.49921875 0.270703125 0.502734375 0.26171875 0.51015625 0.262109375 0.5078125 0.251171875 0.49296875 0.231640625 0.486328125 0.2296875 0.48203125 0.233203125 0.48359375 0.239453125 0.4765625 0.245703125 0.47734375 0.260546875 0.48359375 0.257421875 0.48359375 0.275390625 0.48046875 0.282421875 0.487109375 0.284375 0.491015625 0.27734375 0.494921875 0.27734375 0.5109375 0.287109375 0.5125 0.277734375 0.49921875 0.270703125
2 0.7484375 0.323046875 0.741796875 0.31796875 0.73828125 0.326171875 0.7390625 0.337109375 0.74609375 0.355078125 0.7515625 0.387890625 0.75859375 0.393359375 0.7625 0.370703125 0.7484375 0.323046875
2 0.580859375 0.58671875 0.566015625 0.590625 0.537890625 0.5921875 0.54140625 0.600390625 0.54140625 0.644140625 0.546875 0.641015625 0.546875 0.614453125 0.549609375 0.609375 0.5546875 0.614453125 0.55390625 0.638671875 0.55703125 0.656640625 0.56171875 0.658984375 0.56328125 0.670703125 0.5734375 0.679296875 0.584375 0.588671875 0.580859375 0.58671875
2 0.8421875 0.543359375 0.84296875 0.527734375 0.839453125 0.5078125 0.83515625 0.508984375 0.83125 0.524609375 0.8265625 0.568359375 0.8203125 0.595703125 0.825 0.596484375 0.8328125 0.590234375 0.8421875 0.543359375
2 0.775 0.626171875 0.7796875 0.597265625 0.778515625 0.57265625 0.77265625 0.576171875 0.765625 0.608984375 0.7578125 0.619921875 0.75859375 0.644921875 0.76171875 0.647265625 0.76875 0.641015625 0.775 0.626171875
2 0.7546875 0.597265625 0.76484375 0.556640625 0.761328125 0.5234375 0.7546875 0.526953125 0.753125 0.540234375 0.74453125 0.550390625 0.73984375 0.567578125 0.740625 0.616796875 0.74296875 0.631640625 0.74609375 0.632421875 0.753125 0.616015625 0.7546875 0.597265625
2 0.70859375 0.612109375 0.7109375 0.580078125 0.7171875 0.565234375 0.71328125 0.562890625 0.71328125 0.558984375 0.71875 0.561328125 0.722265625 0.56953125 0.72421875 0.564453125 0.71875 0.553515625 0.71796875 0.540234375 0.7125 0.525390625 0.701953125 0.5203125 0.6921875 0.530078125 0.68203125 0.555859375 0.6890625 0.557421875 0.69375 0.608203125 0.698046875 0.58984375 0.7 0.621484375 0.70703125 0.624609375 0.7109375 0.621484375 0.70859375 0.612109375
2 0.69453125 0.601171875 0.69296875 0.556640625 0.689453125 0.54765625 0.6828125 0.550390625 0.671875 0.573046875 0.6703125 0.592578125 0.6625 0.612109375 0.6609375 0.653515625 0.6546875 0.667578125 0.65546875 0.675390625 0.66015625 0.676171875 0.67421875 0.658984375 0.69453125 0.601171875
3 0.38125 0.150390625 0.3796875 0.142578125 0.3890625 0.136328125 0.390625 0.127734375 0.365234375 0.1296875 0.362109375 0.12578125 0.356640625 0.12578125 0.333984375 0.13671875 0.313671875 0.1421875 0.26484375 0.181640625 0.2671875 0.191015625 0.271875 0.192578125 0.375390625 0.1578125 0.38125 0.150390625
3 0.24921875 0.177734375 0.26484375 0.162890625 0.27421875 0.142578125 0.268359375 0.14140625 0.227734375 0.165625 0.19609375 0.201171875 0.1875 0.216015625 0.1890625 0.223046875 0.246484375 0.1859375 0.24921875 0.177734375
3 0.662109375 0.13828125 0.655859375 0.13125 0.643359375 0.128125 0.623828125 0.115625 0.604296875 0.1109375 0.582421875 0.109375 0.57265625 0.112890625 0.589453125 0.1453125 0.635546875 0.15625 0.669921875 0.16796875 0.6765625 0.167578125 0.68515625 0.152734375 0.662109375 0.13828125
0 0.91328125 0.420703125 0.90546875 0.369921875 0.90703125 0.362890625 0.8953125 0.356640625 0.88671875 0.326953125 0.88203125 0.323046875 0.86953125 0.296484375 0.86171875 0.285546875 0.838671875 0.265625 0.83671875 0.271484375 0.840625 0.285546875 0.827734375 0.28125 0.82734375 0.283984375 0.84140625 0.306640625 0.84765625 0.333203125 0.859375 0.353515625 0.8625 0.366015625 0.86796875 0.369140625 0.878125 0.411328125 0.88515625 0.416015625 0.884375 0.419921875 0.878125 0.423828125 0.889453125 0.43671875 0.9 0.440234375 0.90703125 0.438671875 0.91328125 0.420703125
0 0.58125 0.137890625 0.57890625 0.126171875 0.571875 0.119921875 0.57265625 0.112109375 0.57890625 0.107421875 0.5765625 0.094921875 0.562890625 0.08984375 0.518359375 0.0859375 0.465234375 0.08671875 0.400390625 0.09609375 0.366015625 0.10546875 0.361328125 0.1125 0.356640625 0.11015625 0.3546875 0.116796875 0.357421875 0.1234375 0.361328125 0.12265625 0.369921875 0.128125 0.385546875 0.12578125 0.3875 0.130078125 0.3828125 0.133984375 0.385546875 0.13984375 0.396484375 0.13984375 0.409765625 0.134375 0.423828125 0.1453125 0.458984375 0.146875 0.530078125 0.1421875 0.533203125 0.14453125 0.58125 0.147265625 0.58515625 0.141796875 0.58125 0.137890625