1 0.07926101077943616 0.4226314245439469 0.07450545688225539 0.42431193615257046 0.0571637520729685 0.43578953648424545 0.052791830016583746 0.4420332868988391 0.04755299751243781 0.464848487562189 0.044714610281923715 0.49650219320066336 0.046537114427860696 0.5163883308457712 0.049898137645107796 0.52589943946932 0.06651691791044777 0.5318098789386401 0.07208906218905473 0.5299853805970149 0.07617300995024875 0.5221084494195688 0.08050956218905472 0.4249372081260365 0.07926101077943616 0.4226314245439469
1 0.5631776036484245 0.920374295190713 0.5544840820895522 0.9164343341625207 0.47109722222222217 0.9210339402985075 0.46124981260364845 0.9248752512437811 0.4549064154228855 0.9462012587064677 0.46446286152570476 0.962197757048093 0.49179197595356555 0.9763234228855722 0.5275286326699834 0.9784418756218906 0.5669656036484246 0.9681201583747927 0.5729263648424544 0.9350739145936983 0.5631776036484245 0.920374295190713
1 0.9238434203980098 0.7048019800995025 0.8967972951907132 0.7280944784411277 0.8758992620232172 0.7528288391376451 0.8501953532338308 0.7956711741293532 0.8442365854063019 0.8144034237147595 0.848943811774461 0.8148363814262023 0.8619619237147597 0.8074890630182422 0.8948208358208954 0.7789617189054726 0.9092818067993367 0.758309311774461 0.9275417421227197 0.7066758034825871 0.9238434203980098 0.7048019800995025
1 0.5587813092868988 0.06696183665008293 0.5416822404643449 0.060715096185737984 0.4957145414593698 0.057874714759535664 0.4147754585406302 0.07635635406301824 0.38859524792703154 0.09023439966832504 0.3848959295190713 0.09551757379767827 0.3894581724709784 0.10229093781094527 0.4000728474295191 0.10757610530679934 0.4243299104477612 0.10666684660033168 0.4895131376451078 0.09433130597014926 0.5383172305140962 0.0798319751243781 0.5624303059701492 0.07810612603648424 0.5657933225538972 0.07330324046434494 0.5587813092868988 0.06696183665008293
1 0.7416845505804313 0.12774973466003317 0.6938953441127695 0.09786621890547265 0.6523478938640133 0.08666861857379768 0.6002321036484245 0.08238637562189055 0.5850531915422886 0.08464183747927032 0.6064255323383084 0.10318575953565505 0.6247731525704809 0.11173828441127695 0.692161520729685 0.13100911774461027 0.7578693772802653 0.14552439718076285 0.7416845505804313 0.12774973466003317
2 0.9566266094527364 0.53020464013267 0.9514874228855722 0.527321912106136 0.9449063731343283 0.5305872761194029 0.9390895986733002 0.5644501094527363 0.9434595265339967 0.5725203524046435 0.9504252056384743 0.5666612313432836 0.9581148059701493 0.5362570729684909 0.9566266094527364 0.53020464013267
1 0.19822510696517415 0.18526625538971808 0.1835738142620232 0.19290154726368158 0.155038495854063 0.2172986094527363 0.13404480348258704 0.2391029112769486 0.12256122305140961 0.2647031865671642 0.12726844941956883 0.26513614427860693 0.17271351243781094 0.22681171144278606 0.18635689635157546 0.21346028855721394 0.20288400497512438 0.1878126815920398 0.19822510696517415 0.18526625538971808
1 0.121221 0.23083935655058044 0.09585438971807628 0.26604440630182424 0.08922301907131011 0.2857372330016584 0.09378625870646766 0.28535360033167495 0.10771761608623548 0.2736353573797678 0.12203460033167497 0.25216636069651743 0.1262152031509121 0.24006249170812602 0.121221 0.23083935655058044
3 0.12699044361525705 0.191932995854063 0.11868055472636815 0.1925562744610282 0.11152256135986732 0.19971227446102818 0.10657568905472636 0.19553266749585407 0.055072212271973474 0.27828727860696517 0.0268188864013267 0.3472595016583748 0.010141810116086235 0.41503249917081264 0.0069671210613598674 0.44716649336650083 0.01023348175787728 0.4465905456053068 0.03194910199004975 0.41455520149253733 0.05386102487562189 0.35259499087893864 0.0861479759535655 0.2921732985074627 0.08797446849087895 0.2834314494195688 0.09734358291873964 0.26493984245439467 0.12266186567164178 0.23184826202321726 0.13193731509121062 0.19611260281923715 0.12699044361525705 0.191932995854063
3 0.43735400248756223 0.05637754726368159 0.41045585157545605 0.05185864842454395 0.3724607429519071 0.05603227446102819 0.3320631948590381 0.06568138888888889 0.2523233374792703 0.09573927777777777 0.21759259618573798 0.11365094941956881 0.17728771641791044 0.1477011135986733 0.14289028606965173 0.18660348756218906 0.1337618134328358 0.20168474709784412 0.1281423383084577 0.19846571724709786 0.12727542703150913 0.21503716666666664 0.12256820066334992 0.2146042089552239 0.12083736733001657 0.2262761177446103 0.11598615422885572 0.2250265696517413 0.11622580016583749 0.22877321890547264 0.12045273797678274 0.22886987479270315 0.12242122305140962 0.2352586094527363 0.12645584577114427 0.23665214427860698 0.15479984660033166 0.20639496351575456 0.16916316500829187 0.19712649087893863 0.17502328358208954 0.19693517330016583 0.1839111127694859 0.18526426202321725 0.2188824975124378 0.16394224212271974 0.2472264983416252 0.13368506135986732 0.2938707877280265 0.10693687810945275 0.3324438374792703 0.09171561940298507 0.38797196932006633 0.08192451160862355 0.4442220290215589 0.06190236069651741 0.43735400248756223 0.05637754726368159
3 0.3295421384742952 0.9228394991708126 0.3215212205638474 0.9179389618573798 0.27012735737976784 0.903425675787728 0.22387567164179104 0.870324127694859 0.1927042487562189 0.853508048092869 0.1485690223880597 0.7989838374792704 0.11062722470978442 0.7652590099502488 0.08013139552238806 0.7260113631840796 0.07624075953565505 0.7254344195688226 0.07234912603648425 0.7320144718076285 0.06351062106135986 0.7344149179104478 0.07138555887230515 0.7528128590381425 0.07258478524046434 0.7643891086235489 0.08891260199004976 0.7901373582089553 0.0999109096185738 0.7999857645107794 0.11830386733001659 0.8278958109452736 0.15787884494195686 0.8613326641791044 0.17392167744610282 0.8639767429519072 0.17512190049751244 0.8683959958540629 0.18429571061359867 0.8726722578772803 0.19318054975124377 0.8824723374792703 0.25182507462686565 0.9142306724709784 0.3227677777777778 0.9345587388059702 0.33026107628524043 0.9340794469320065 0.33376807960199 0.930093152570481 0.3295421384742952 0.9228394991708126
3 0.7709871351575456 0.11247915091210614 0.7329003540630182 0.08509473051409619 0.6953885240464345 0.06813366749585406 0.6379432255389718 0.04795158208955224 0.5583533358208955 0.035884079601990054 0.5350568499170812 0.037465941127694864 0.5268426210613599 0.04101927943615257 0.6615710290215588 0.08167441542288557 0.7661812595356551 0.13058712520729687 0.7759803416252073 0.12885928275290215 0.7793433582089553 0.12405639718076286 0.7709871351575456 0.11247915091210614
1 0.18483030762852404 0.8279531102819236 0.17450460281923716 0.8171441260364842 0.16888712106135986 0.7996111028192372 0.17157952736318408 0.7814548009950248 0.15933266832504148 0.769300611111111 0.11923505555555554 0.6946989436152571 0.11270333084577115 0.6886938416252073 0.10506604560530679 0.688356543946932 0.10203733665008292 0.7069931343283582 0.10457778275290215 0.7452762164179105 0.10880272636815921 0.7596868656716418 0.148281048092869 0.7973506567164179 0.17695237976782754 0.83102615920398 0.18521394029850746 0.8325163499170812 0.18483030762852404 0.8279531102819236
1 0.3322878565505804 0.8667847446102819 0.32133887313432835 0.8476658723051409 0.27628940381426204 0.8046695829187396 0.24185062354892206 0.795586447761194 0.22374165257048093 0.797937568822554 0.207074543946932 0.7941405986733002 0.1735953441127695 0.7928870638474296 0.1790688391376451 0.8096034966832504 0.19386013018242124 0.8314127827529021 0.21326299004975122 0.8507249668325042 0.2337714096185738 0.8643693474295191 0.3128326824212272 0.8782140165837479 0.33339142371475955 0.8754309353233831 0.3322878565505804 0.8667847446102819