1 0.466796875 0.82890625 0.474609375 0.83125 0.492578125 0.82890625 0.5046875 0.819140625 0.50859375 0.812109375 0.51171875 0.797265625 0.50859375 0.776953125 0.485546875 0.74453125 0.469140625 0.73359375 0.419140625 0.71015625 0.391015625 0.6921875 0.380859375 0.68203125 0.326953125 0.6515625 0.228515625 0.61953125 0.173046875 0.59765625 0.1609375 0.598046875 0.16484375 0.637109375 0.17890625 0.694140625 0.19609375 0.735546875 0.209375 0.748046875 0.213671875 0.7578125 0.241796875 0.775 0.255859375 0.77421875 0.337109375 0.80625 0.384765625 0.81875 0.401171875 0.81953125 0.407421875 0.828125 0.419921875 0.834375 0.45234375 0.837109375 0.458984375 0.8359375 0.466796875 0.82890625
1 0.349609375 0.27890625 0.377734375 0.2640625 0.390234375 0.26328125 0.439453125 0.25 0.592578125 0.24921875 0.614453125 0.26328125 0.645703125 0.2671875 0.656640625 0.2640625 0.662890625 0.2578125 0.687890625 0.2578125 0.6921875 0.255078125 0.69296875 0.247265625 0.6671875 0.206640625 0.644921875 0.1921875 0.562109375 0.16484375 0.472265625 0.1640625 0.418359375 0.17578125 0.384765625 0.19140625 0.317578125 0.215625 0.29140625 0.239453125 0.28046875 0.258984375 0.282421875 0.26328125 0.285546875 0.26328125 0.295703125 0.2609375 0.298828125 0.25625 0.303515625 0.2578125 0.30546875 0.263671875 0.30234375 0.282421875 0.30703125 0.283203125 0.316796875 0.2796875 0.349609375 0.27890625
1 0.121875 0.439453125 0.125390625 0.43984375 0.128515625 0.44609375 0.148046875 0.44140625 0.1546875 0.434765625 0.156640625 0.4234375 0.1609375 0.425390625 0.15546875 0.444140625 0.15703125 0.458984375 0.161328125 0.45703125 0.168359375 0.4609375 0.180859375 0.4609375 0.19296875 0.439453125 0.19765625 0.401171875 0.205078125 0.39375 0.220703125 0.38515625 0.262109375 0.371875 0.270703125 0.37578125 0.28046875 0.373828125 0.28203125 0.345703125 0.2875 0.341796875 0.2953125 0.298046875 0.30390625 0.269140625 0.303515625 0.2578125 0.298828125 0.2578125 0.294140625 0.2640625 0.282421875 0.265625 0.246484375 0.28203125 0.192578125 0.3109375 0.184765625 0.3140625 0.171484375 0.3125 0.167578125 0.32578125 0.152734375 0.3265625 0.15546875 0.317578125 0.153515625 0.3125 0.141796875 0.31328125 0.134765625 0.32421875 0.12109375 0.325390625 0.12109375 0.330859375 0.10546875 0.358984375 0.0921875 0.419140625 0.0921875 0.466015625 0.095703125 0.47578125 0.10390625 0.476171875 0.11171875 0.473046875 0.121875 0.439453125
1 0.161328125 0.315625 0.177734375 0.29765625 0.18515625 0.294140625 0.18828125 0.282421875 0.192578125 0.28125 0.20859375 0.262109375 0.228125 0.233203125 0.23125 0.226171875 0.229296875 0.221875 0.212109375 0.225 0.189453125 0.23828125 0.16796875 0.256640625 0.1265625 0.314453125 0.1265625 0.323828125 0.134375 0.326171875 0.144921875 0.31875 0.161328125 0.315625
1 0.905078125 0.57265625 0.914453125 0.57265625 0.918359375 0.5765625 0.9234375 0.573828125 0.93203125 0.543359375 0.9328125 0.508203125 0.92890625 0.491015625 0.9109375 0.462890625 0.898828125 0.45625 0.887109375 0.45703125 0.87890625 0.462109375 0.86953125 0.496484375 0.86484375 0.542578125 0.865625 0.579296875 0.87734375 0.588671875 0.87734375 0.594140625 0.8828125 0.600390625 0.896484375 0.5765625 0.905078125 0.57265625
1 0.623828125 0.6703125 0.647265625 0.671875 0.654296875 0.66953125 0.671875 0.649609375 0.68046875 0.632421875 0.68359375 0.611328125 0.68046875 0.600390625 0.6796875 0.566796875 0.67109375 0.533984375 0.65859375 0.517578125 0.646484375 0.509375 0.626171875 0.503125 0.598046875 0.48828125 0.513671875 0.48671875 0.498046875 0.4796875 0.486328125 0.4703125 0.443359375 0.45625 0.428515625 0.44296875 0.420703125 0.43984375 0.413671875 0.43984375 0.396484375 0.44765625 0.279296875 0.45234375 0.247265625 0.46953125 0.221484375 0.48828125 0.205859375 0.48828125 0.1984375 0.493359375 0.19375 0.513671875 0.19453125 0.540234375 0.203125 0.600390625 0.211328125 0.609375 0.225390625 0.61171875 0.234765625 0.61796875 0.274609375 0.62890625 0.282421875 0.63359375 0.291015625 0.6328125 0.309765625 0.640625 0.326171875 0.6421875 0.329296875 0.64765625 0.339453125 0.6484375 0.344140625 0.65546875 0.356640625 0.65703125 0.361328125 0.6609375 0.423828125 0.66953125 0.463671875 0.67109375 0.470703125 0.675 0.480078125 0.67265625 0.486328125 0.67578125 0.498046875 0.67265625 0.527734375 0.6765625 0.5375 0.681640625 0.548828125 0.69921875 0.566015625 0.703125 0.5828125 0.702734375 0.608203125 0.6953125 0.623828125 0.6703125
1 0.0953125 0.562109375 0.090625 0.501953125 0.07578125 0.474609375 0.066015625 0.47265625 0.059375 0.477734375 0.0546875 0.489453125 0.0578125 0.553515625 0.062890625 0.56015625 0.073828125 0.5625 0.08203125 0.576953125 0.0890625 0.579296875 0.09375 0.573828125 0.0953125 0.562109375
2 0.705859375 0.76640625 0.71015625 0.761328125 0.7078125 0.748828125 0.7265625 0.721484375 0.73046875 0.699609375 0.7390625 0.680859375 0.734765625 0.66484375 0.726953125 0.665625 0.71796875 0.675390625 0.71484375 0.691015625 0.69921875 0.714453125 0.69375 0.733203125 0.69609375 0.741796875 0.68984375 0.755078125 0.6859375 0.776953125 0.6921875 0.776953125 0.699609375 0.7640625 0.705859375 0.76640625
2 0.734375 0.745703125 0.74296875 0.743359375 0.7484375 0.730078125 0.76484375 0.711328125 0.76640625 0.690234375 0.77421875 0.663671875 0.773046875 0.6578125 0.766015625 0.65859375 0.7609375 0.664453125 0.759375 0.679296875 0.75234375 0.694921875 0.7234375 0.732421875 0.721875 0.745703125 0.725390625 0.75078125 0.73203125 0.751953125 0.74140625 0.748828125 0.734375 0.745703125
1 0.87109375 0.733984375 0.90703125 0.671484375 0.9296875 0.612109375 0.93125 0.598046875 0.926171875 0.58828125 0.921875 0.592578125 0.90078125 0.645703125 0.8890625 0.664453125 0.884375 0.680078125 0.8453125 0.744921875 0.84453125 0.750390625 0.85078125 0.751953125 0.859765625 0.74765625 0.87109375 0.733984375
1 0.827734375 0.74609375 0.832421875 0.74765625 0.83984375 0.741796875 0.85234375 0.719921875 0.85859375 0.704296875 0.8546875 0.698828125 0.8578125 0.686328125 0.851953125 0.6765625 0.8375 0.695703125 0.82578125 0.718359375 0.812890625 0.72734375 0.80078125 0.743359375 0.7921875 0.765234375 0.801953125 0.76640625 0.8046875 0.769921875 0.819921875 0.75 0.827734375 0.74609375
1 0.49609375 0.078515625 0.49609375 0.073046875 0.486328125 0.0671875 0.461328125 0.06796875 0.448828125 0.0703125 0.43671875 0.078515625 0.4359375 0.083203125 0.439453125 0.0859375 0.45234375 0.085546875 0.487890625 0.08359375 0.49609375 0.078515625
1 0.212890625 0.225 0.234765625 0.221875 0.3125 0.144921875 0.308984375 0.14296875 0.276953125 0.1546875 0.233203125 0.178125 0.2109375 0.198046875 0.18515625 0.228515625 0.16875 0.251953125 0.16953125 0.256640625 0.194921875 0.23515625 0.212890625 0.225
1 0.58125 0.066796875 0.572265625 0.0625 0.543359375 0.0578125 0.53359375 0.058984375 0.534765625 0.06328125 0.57578125 0.071484375 0.580078125 0.07109375 0.58125 0.066796875
2 0.618359375 0.08828125 0.612109375 0.08359375 0.60390625 0.083203125 0.61171875 0.093359375 0.612109375 0.0984375 0.619921875 0.09765625 0.62421875 0.100390625 0.6265625 0.098046875 0.618359375 0.08828125
1 0.95390625 0.374609375 0.91953125 0.322265625 0.909765625 0.3171875 0.91015625 0.330859375 0.9234375 0.349609375 0.93984375 0.417578125 0.95703125 0.439453125 0.961328125 0.44375 0.965625 0.443359375 0.96015625 0.395703125 0.95390625 0.374609375