1 0.5365093177419356 0.7466960879032258 0.5471926717741935 0.7442094572580644 0.5642584233870968 0.7255964991935484 0.592539010483871 0.6564330322580645 0.6039536814516129 0.6434880685483871 0.6035429814516129 0.6378004032258064 0.6121897459677419 0.6181945217741935 0.6143836991935484 0.5868195233870968 0.6056102669354838 0.5793344483870968 0.5810649524193549 0.5719591266129033 0.5568178274193548 0.5718804435483871 0.5419798572580645 0.581756554032258 0.5302276540322581 0.5995284403225806 0.5176485370967742 0.6406867088709677 0.4857562153225807 0.7152565645161291 0.48474362177419356 0.729737333064516 0.4879418991935484 0.7360241346774193 0.5176319975806452 0.7449718467741936 0.5365093177419356 0.7466960879032258
1 0.6255816193548388 0.5249499403225806 0.6401776548387097 0.5069727032258065 0.6705396846774193 0.4080432129032258 0.6781793685483871 0.3681563870967742 0.6760302693548387 0.35264611048387096 0.6674818572580645 0.3419430862903226 0.6493161846774194 0.3358222935483871 0.6426552669354838 0.3385902 0.638053364516129 0.3350347201612903 0.6346103951612903 0.3380276483870968 0.6270155653225806 0.33102919838709677 0.6182590467741935 0.33486319838709677 0.6200537008064516 0.3438813225806452 0.6165544766129032 0.34767873709677416 0.6192661282258064 0.3551441419354839 0.5911767338709678 0.398451510483871 0.5848871758064516 0.41903064435483867 0.5746314362903227 0.4385240153225806 0.5582718185483871 0.4875021346774194 0.5562859717741936 0.5043401088709678 0.563506685483871 0.5109081870967742 0.6153848927419355 0.5262579677419355 0.6255816193548388 0.5249499403225806
1 0.6887639943548387 0.28037444919354837 0.6935543330645162 0.27545468629032255 0.6913883193548387 0.24862533467741935 0.6977734741935484 0.21511815161290324 0.6899732943548387 0.2052758693548387 0.6775515419354838 0.1979398887096774 0.6561679201612903 0.191594075 0.6495998427419355 0.19881478870967742 0.6400529943548386 0.23129246451612903 0.6391135693548387 0.25628782096774194 0.6477744919354839 0.2653818709677419 0.6786797774193548 0.2800735024193548 0.6887639943548387 0.28037444919354837
1 0.7343565233870968 0.645735145967742 0.7433380629032258 0.6386831983870968 0.7741839629032258 0.555955960483871 0.7786226120967742 0.5271631895161291 0.7749377080645161 0.5220549903225807 0.7804003516129032 0.5248622387096774 0.7850246814516129 0.5049750806451613 0.7834550475806451 0.4927390080645161 0.7677225072580646 0.48072519999999996 0.7605383782258065 0.47941441532258067 0.7548310419354839 0.4858868975806452 0.7380945516129033 0.5518155016129032 0.723158229032258 0.5920005169354838 0.7032824717741936 0.6334569758064517 0.7063119846774194 0.642157239516129 0.7169756677419356 0.645732389516129 0.7343565233870968 0.645735145967742
1 0.7819648467741935 0.6874642362903226 0.8043103201612903 0.6453720564516129 0.8236290370967743 0.5771987564516129 0.8237246338709677 0.5642707072580646 0.8150074564516129 0.5559811443548387 0.8086643991935484 0.5599839096774194 0.7976773419354839 0.5899356129032258 0.7948870080645162 0.6067173330645161 0.7622857959677419 0.6683028838709677 0.7550792403225807 0.6904347370967743 0.762730325 0.6966286991935483 0.7819648467741935 0.6874642362903226
1 0.7665871258064516 0.7975467935483871 0.7826233701612904 0.7820955282258064 0.8187969766129033 0.7272271508064516 0.8218489161290323 0.7124847766129032 0.8111655620967742 0.7149714072580645 0.7919282838709678 0.7415167266129032 0.7802154217741936 0.74716505 0.7657291403225807 0.7809141693548387 0.7542019580645161 0.7954681064516129 0.7546126588709677 0.8011557717741936 0.7665871258064516 0.7975467935483871
1 0.8895293266129032 0.5365353838709677 0.8988904951612903 0.49515209516129033 0.9002968758064517 0.47503991612903224 0.8937512249999999 0.45881799274193547 0.8889608862903225 0.4637377556451613 0.8753298338709676 0.5315003548387096 0.876786956451613 0.5453454016129032 0.8828290677419355 0.5514268532258065 0.8895293266129032 0.5365353838709677
1 0.5119868048387097 0.8314823411290323 0.5202201129032258 0.8235696508064516 0.49107840887096776 0.7778771362903225 0.48507563951612903 0.7596721225806452 0.4646849419354839 0.7449073217741935 0.43222418064516127 0.7466795483870968 0.4180416016129032 0.752963593548387 0.414410195967742 0.7644317637096775 0.4209192629032258 0.7753963935483871 0.46285683467741934 0.8288552596774194 0.4765134451612903 0.8358733798387098 0.5119868048387097 0.8314823411290323
1 0.4344440669354839 0.9056894822580644 0.44436227500000003 0.8910230338709678 0.44670256693548394 0.8806772112903225 0.4258055717741936 0.8731527943548386 0.3975922669354839 0.8719883491935484 0.3934939056451613 0.8785733411290323 0.39133929274193546 0.8978247774193547 0.4196820225806452 0.9086993233870968 0.4344440669354839 0.9056894822580644
1 0.7135508693548387 0.18024668467741936 0.7142625169354838 0.17585013306451613 0.7089348096774194 0.14799127338709678 0.6915932951612903 0.13586495483870967 0.6756723177419355 0.13232638870967742 0.6749775846774194 0.14804201532258066 0.6812616298387096 0.1622245943548387 0.687677856451613 0.16873641693548388 0.7091543177419355 0.1795350379032258 0.7135508693548387 0.18024668467741936
1 0.6529216572580645 0.13396919112903224 0.6559905104838709 0.13054589274193548 0.6435321733870968 0.11795261774193548 0.6154707201612902 0.10305563548387096 0.6027676911290322 0.09974209032258065 0.5820563758064516 0.1011232879032258 0.5861716516129032 0.10585737016129032 0.637262285483871 0.13246997096774193 0.6529216572580645 0.13396919112903224
1 0.7033258274193548 0.12415484919354838 0.6979391088709677 0.11448133306451612 0.6839646370967741 0.10622835483870968 0.6729634225806451 0.10748012741935485 0.6764598911290323 0.12106356935483872 0.7010980451612904 0.13289169758064517 0.7033258274193548 0.12415484919354838
2 0.5087807653225807 0.166331975 0.5090620411290323 0.1623095387096774 0.5048905104838709 0.1583799435483871 0.496845639516129 0.15781739112903226 0.4879203548387097 0.1640648516129032 0.4961509056451613 0.17353301774193547 0.5087807653225807 0.166331975
1 0.8836666330645161 0.3429128330645161 0.8828452314516129 0.3315375024193548 0.8731968991935485 0.29610072741935484 0.8674923201612904 0.28519235322580644 0.8579144 0.27765102177419354 0.8701422032258064 0.3282239580645161 0.8811969161290323 0.34354855483870966 0.8836666330645161 0.3429128330645161
1 0.8744514282258065 0.289721085483871 0.8749014701612904 0.28328518870967745 0.8621646137096775 0.2573334935483871 0.8468455298387098 0.23362649354838708 0.8371550991935485 0.2276941370967742 0.8625359725806451 0.27514472096774195 0.8621984411290322 0.27997164354838705 0.8704289927419354 0.2894398096774194 0.8744514282258065 0.289721085483871