1 0.2850680133333333 0.6695425983333333 0.29850698 0.69282271 0.31043632000000004 0.6930506733333334 0.3350670508333333 0.7018458333333334 0.3471553983333333 0.7028918191666667 0.37251410083333336 0.6979625866666667 0.3815468275 0.6898398233333333 0.3787076775 0.6708662941666667 0.3668032116666667 0.6358273425 0.354931335 0.6249765775 0.32489246 0.6189305158333334 0.320030295 0.6113863191666666 0.31346312833333334 0.6169074999999999 0.2950125925 0.6137024758333333 0.2809472 0.6155875808333333 0.27536855666666665 0.6196432166666667 0.2753110933333333 0.6302660183333333 0.2850680133333333 0.6695425983333333
1 0.15100801666666666 0.6174996083333334 0.15920933916666666 0.6422222808333333 0.18939573 0.6512109258333334 0.20003002416666668 0.6491438283333333 0.21102830416666668 0.640214535 0.2143578575 0.6289557033333334 0.205271445 0.5865775325 0.19993225666666667 0.5765792683333334 0.1869013575 0.5685005858333333 0.17629004833333334 0.5663185625 0.16931481499999998 0.5566383133333332 0.16649676166666666 0.5639775316666668 0.15440841416666667 0.5629315466666667 0.145069165 0.5672937041666667 0.14434119416666666 0.5810180966666667 0.15100801666666666 0.6174996083333334
1 0.12093860166666666 0.7379501391666666 0.13650212833333333 0.7612417433333334 0.15769026916666665 0.7719794716666667 0.17223268416666668 0.772548435 0.17115410916666665 0.7604485950000001 0.15061538000000002 0.7202965291666666 0.12992724666666666 0.7077637491666667 0.11097670333333333 0.7063537775000001 0.12093860166666666 0.7379501391666666
1 0.07184181166666666 0.6294922374999999 0.08275964333333333 0.6354348666666667 0.09012184749999999 0.6340037991666667 0.09233834833333333 0.6170188083333333 0.08663706416666667 0.5833208725 0.08018482333333334 0.5675964491666666 0.06749492416666666 0.5569046916666667 0.059621219999999996 0.5622553725 0.06562902666666666 0.5997139141666666 0.07184181166666666 0.6294922374999999
1 0.21816033499999998 0.31878138 0.23322574333333335 0.31330617 0.2418600075 0.3184192833333333 0.25956147583333333 0.3090359525 0.2684811658333333 0.291596925 0.2735272125 0.265148155 0.26569947833333335 0.26200059416666666 0.23854572333333332 0.26642981916666664 0.23247856500000003 0.2701559466666667 0.2247408833333333 0.28057377083333335 0.21670628249999999 0.3156682966666667 0.21816033499999998 0.31878138
1 0.4841809633333333 0.7505381733333333 0.4919627266666667 0.762183975 0.5369309875 0.7576876841666667 0.5531554183333334 0.7494403908333334 0.5625291458333334 0.7387045516666667 0.5569638833333334 0.7100737583333334 0.5261184783333334 0.7020621433333333 0.4796501941666667 0.7119435933333333 0.47746817083333337 0.7225549025 0.4841809633333333 0.7505381733333333
1 0.43660875000000005 0.23939082916666668 0.4400283558333334 0.2416973825 0.4672951475 0.24658442166666664 0.48186054833333336 0.24290426416666666 0.4879391991666666 0.23705357583333334 0.48993923000000006 0.22987336499999997 0.48705411 0.21939807833333333 0.4777953091666667 0.20888831333333333 0.45182356166666665 0.20629633416666665 0.43185001749999996 0.21272558916666665 0.43660875000000005 0.23939082916666668
1 0.07870951416666667 0.3569239716666667 0.0824816125 0.3544928883333333 0.09124229416666667 0.3362358383333333 0.10103746999999999 0.30801500083333333 0.09925391 0.3053904333333333 0.09269823583333334 0.30878705333333334 0.07807348416666667 0.3536518808333333 0.07870951416666667 0.3569239716666667
1 0.7308483266666667 0.7115046658333334 0.7373925083333333 0.7102326058333334 0.7616611425 0.6953280941666667 0.7653316966666667 0.6814561866666667 0.7634236066666666 0.671639915 0.7519827825 0.6717414591666666 0.7326452683333333 0.6814428058333333 0.7295532816666667 0.709209605 0.7308483266666667 0.7115046658333334
1 0.7046870325000001 0.8345912566666667 0.7218884933333334 0.8270029783333334 0.7371703716666667 0.8117229891666666 0.7386933791666667 0.8020887099999999 0.7288886 0.8018722391666666 0.7097100941666666 0.8123916083333333 0.7029149641666667 0.8298421283333334 0.7046870325000001 0.8345912566666667
1 0.795769035 0.6742663716666667 0.8013361858333333 0.6723352966666667 0.8143230041666666 0.6583503516666667 0.8158460116666667 0.6487160725 0.8119723691666667 0.6397063308333334 0.7960774458333334 0.6474651091666667 0.7934969591666667 0.6713122958333333 0.795769035 0.6742663716666667
1 0.8267868291666667 0.6504095808333333 0.8367850933333333 0.6450703933333334 0.8417506925 0.6334935458333334 0.840319625 0.6261313425 0.82985583 0.6268919016666666 0.8257312391666667 0.6340606208333334 0.8251737683333333 0.646478475 0.8267868291666667 0.6504095808333333
1 0.8227176516666667 0.4962707183333333 0.8280913175 0.4998953016666667 0.8348289841666666 0.49306758333333334 0.8339209091666667 0.4796612058333333 0.8213900175 0.46978747083333333 0.8190719716666667 0.47533163666666667 0.8227176516666667 0.4962707183333333
2 0.2707474141666667 0.20498995666666667 0.28351776166666665 0.20080979166666665 0.3005832 0.18815437000000002 0.30191272333333335 0.18407574916666666 0.2839047325 0.189698475 0.2652032483333333 0.20267191083333333 0.2707474141666667 0.20498995666666667
1 0.5459293975 0.9371852491666668 0.5530981158333333 0.94130984 0.5683225308333333 0.9366526525000001 0.5754011975000001 0.9272118583333334 0.5746291458333334 0.9188726241666666 0.5637342991666667 0.9086808741666665 0.5447607708333334 0.9115200241666668 0.5375345891666666 0.9180182349999999 0.5459293975 0.9371852491666668
1 0.589522165 0.9452658191666665 0.6073826408333333 0.9367005116666667 0.6164383525 0.9243286266666666 0.6155072933333333 0.9151713699999999 0.6049074766666667 0.9108647866666666 0.5862519625 0.9153399816666666 0.5835239616666666 0.9362445850000001 0.589522165 0.9452658191666665
1 0.39689340333333334 0.179196265 0.4021080616666667 0.182002825 0.43269291416666666 0.17775559333333335 0.449087845 0.16820176250000002 0.446838755 0.16099856583333336 0.43183080999999995 0.15585097416666666 0.4038590325 0.16043920666666667 0.39515581333333333 0.16807345499999998 0.39689340333333334 0.179196265
1 0.7286793641666667 0.3269362516666667 0.7418922566666667 0.33158383583333334 0.74827743 0.3294937533333333 0.7491529158333333 0.31871194333333336 0.741382645 0.30494158083333334 0.7241026241666666 0.2968399133333333 0.7159223975000001 0.29842998833333334 0.7286793641666667 0.3269362516666667
1 0.7539116475000001 0.34537718333333334 0.7633984125 0.34395760833333333 0.762649345 0.3313692541666667 0.7535725366666667 0.3174283908333333 0.7480168783333334 0.31723490583333336 0.7436873091666666 0.33208384333333335 0.7539116475000001 0.34537718333333334
1 0.78448312 0.37381638 0.7898567858333333 0.3774409633333333 0.7964009666666666 0.37616890333333336 0.7995255425 0.37259029 0.7929142941666667 0.3560478441666666 0.7859045833333334 0.35274127583333337 0.7787013866666667 0.35499036666666667 0.78448312 0.37381638
0 0.36262256583333335 0.07931705333333333 0.42388232416666666 0.08438797416666667 0.43235758 0.088683065 0.457852305 0.08882097583333333 0.4676226066666666 0.0954111275 0.48234701416666664 0.0925489925 0.4899812625 0.10125221166666667 0.49800248166666666 0.09884411416666666 0.5267463116666667 0.10259511583333333 0.5342215525 0.11048031250000001 0.5406067266666666 0.10839023 0.5412887266666666 0.10316407916666667 0.5543541041666666 0.10486908 0.5661014508333333 0.10852814083333333 0.5756782675000001 0.12067395166666667 0.5870961066666667 0.1248215275 0.6886650491666667 0.1407336091666667 0.7045254950000001 0.1393485125 0.7715554933333333 0.16537000666666665 0.7817012725 0.16297340166666666 0.7719769416666667 0.14788500916666666 0.7562084366666666 0.13227362333333334 0.71097002 0.09607376 0.6764444574999999 0.07349674416666667 0.6377943033333333 0.0580884475 0.5675822666666667 0.046268367500000004 0.47476062500000005 0.04478566333333333 0.39461739 0.056119277499999995 0.358419415 0.07079582583333334 0.36262256583333335 0.07931705333333333