2 0.5203125 0.591796875 0.52890625 0.576171875 0.5359375 0.546484375 0.534375 0.533203125 0.54140625 0.521484375 0.54140625 0.512109375 0.5359375 0.498828125 0.5234375 0.485546875 0.52421875 0.464453125 0.512890625 0.46015625 0.50546875 0.466796875 0.50546875 0.487109375 0.495703125 0.48984375 0.4921875 0.495703125 0.4859375 0.552734375 0.5 0.563671875 0.50703125 0.623046875 0.512109375 0.628125 0.5171875 0.627734375 0.521875 0.623828125 0.5203125 0.591796875
2 0.3890625 0.393359375 0.39296875 0.359765625 0.400390625 0.35 0.404296875 0.3546875 0.4078125 0.350390625 0.4078125 0.321484375 0.40234375 0.300390625 0.398046875 0.29765625 0.38984375 0.300390625 0.38828125 0.309765625 0.375 0.318359375 0.37109375 0.330078125 0.3671875 0.380078125 0.3671875 0.400390625 0.36953125 0.401171875 0.383984375 0.39765625 0.3890625 0.393359375
2 0.35078125 0.344140625 0.35390625 0.314453125 0.34453125 0.305859375 0.341796875 0.2984375 0.337109375 0.2984375 0.3265625 0.320703125 0.328125 0.362109375 0.33125 0.380859375 0.34140625 0.380859375 0.34375 0.353515625 0.35078125 0.344140625
2 0.4203125 0.283203125 0.4234375 0.260546875 0.42890625 0.254296875 0.42734375 0.240234375 0.4234375 0.231640625 0.418359375 0.2296875 0.4109375 0.231640625 0.41015625 0.239453125 0.3953125 0.262109375 0.396484375 0.265625 0.399609375 0.2609375 0.4015625 0.262109375 0.4 0.296484375 0.40546875 0.294140625 0.408203125 0.2828125 0.40859375 0.296484375 0.4125 0.301171875 0.415625 0.286328125 0.4203125 0.283203125
2 0.37421875 0.274609375 0.378125 0.267578125 0.374609375 0.25546875 0.36640625 0.262890625 0.359375 0.281640625 0.36171875 0.296484375 0.365625 0.297265625 0.37421875 0.283203125 0.37421875 0.274609375
2 0.3953125 0.276171875 0.3953125 0.270703125 0.387890625 0.2609375 0.384765625 0.2609375 0.3734375 0.274609375 0.3734375 0.294140625 0.3796875 0.294921875 0.38828125 0.291796875 0.3953125 0.276171875
0 0.5 0.605078125 0.496875 0.564453125 0.48515625 0.552734375 0.48671875 0.512890625 0.49453125 0.490234375 0.50546875 0.482421875 0.50546875 0.465234375 0.513671875 0.46015625 0.5265625 0.466796875 0.52890625 0.475390625 0.52578125 0.480859375 0.54375 0.512890625 0.5421875 0.530078125 0.53828125 0.533203125 0.53828125 0.545703125 0.53125 0.565234375 0.5296875 0.597265625 0.533203125 0.60390625 0.559765625 0.60546875 0.628515625 0.59609375 0.63515625 0.589453125 0.6375 0.580859375 0.6375 0.557421875 0.621875 0.458203125 0.62109375 0.432421875 0.6109375 0.409765625 0.6 0.351171875 0.571875 0.308203125 0.565625 0.289453125 0.55703125 0.282421875 0.553515625 0.27421875 0.546875 0.271484375 0.54375 0.260546875 0.53984375 0.204296875 0.573828125 0.20390625 0.57890625 0.200390625 0.568359375 0.19296875 0.537890625 0.18046875 0.454296875 0.15859375 0.4515625 0.156640625 0.453125 0.152734375 0.446484375 0.14921875 0.444140625 0.1578125 0.383203125 0.18359375 0.32578125 0.216796875 0.326171875 0.22421875 0.344140625 0.2234375 0.34609375 0.237109375 0.32109375 0.313671875 0.3109375 0.330859375 0.30546875 0.355078125 0.29375 0.430859375 0.2921875 0.516015625 0.2953125 0.539453125 0.33203125 0.565234375 0.340625 0.577734375 0.346875 0.596484375 0.354296875 0.6046875 0.380078125 0.609375 0.459375 0.611328125 0.490234375 0.61015625 0.5 0.605078125
3 0.33046875 0.691015625 0.3265625 0.687109375 0.333203125 0.684375 0.33984375 0.676171875 0.3453125 0.661328125 0.35078125 0.637109375 0.34765625 0.608984375 0.334375 0.575390625 0.318359375 0.5578125 0.287109375 0.54296875 0.276171875 0.540625 0.262890625 0.5421875 0.235546875 0.56015625 0.228125 0.571484375 0.22421875 0.583203125 0.22421875 0.614453125 0.2203125 0.642578125 0.243359375 0.66171875 0.255078125 0.66328125 0.270703125 0.6734375 0.289453125 0.6921875 0.307421875 0.69765625 0.314453125 0.70625 0.31796875 0.705859375 0.31640625 0.702734375 0.33046875 0.691015625
3 0.34453125 0.751171875 0.322265625 0.71953125 0.309765625 0.71171875 0.296484375 0.7109375 0.282421875 0.70390625 0.26328125 0.708203125 0.26015625 0.715234375 0.2609375 0.729296875 0.280078125 0.75859375 0.292578125 0.765625 0.313671875 0.76953125 0.337890625 0.77890625 0.34453125 0.778515625 0.346875 0.776953125 0.34453125 0.751171875
3 0.4390625 0.848046875 0.42421875 0.827734375 0.412109375 0.8171875 0.359765625 0.7859375 0.312109375 0.7703125 0.278515625 0.76640625 0.2671875 0.773828125 0.26484375 0.780859375 0.26640625 0.792578125 0.278125 0.811328125 0.303515625 0.840625 0.356640625 0.86171875 0.396875 0.868359375 0.428515625 0.8625 0.4390625 0.848046875
3 0.72578125 0.633203125 0.728125 0.611328125 0.72265625 0.598828125 0.715234375 0.59296875 0.687109375 0.59296875 0.673828125 0.596875 0.65546875 0.619921875 0.65 0.632421875 0.6484375 0.647265625 0.6546875 0.662890625 0.66328125 0.670703125 0.670703125 0.68359375 0.684375 0.686328125 0.7203125 0.644921875 0.72578125 0.633203125
3 0.746484375 0.80546875 0.75859375 0.791015625 0.759375 0.780078125 0.751953125 0.77890625 0.741796875 0.78203125 0.708984375 0.80234375 0.69765625 0.817578125 0.69453125 0.831640625 0.6984375 0.831640625 0.726953125 0.82109375 0.746484375 0.80546875
3 0.301171875 0.33984375 0.3078125 0.335546875 0.31875 0.305078125 0.314453125 0.29453125 0.309765625 0.2953125 0.2890625 0.312109375 0.2796875 0.330078125 0.26953125 0.341796875 0.27109375 0.349609375 0.281640625 0.34296875 0.301171875 0.33984375
3 0.326953125 0.26796875 0.312109375 0.27265625 0.30546875 0.280859375 0.306640625 0.28828125 0.321875 0.290234375 0.33046875 0.274609375 0.326953125 0.26796875
3 0.333984375 0.25078125 0.320703125 0.25234375 0.31328125 0.258203125 0.309375 0.270703125 0.31484375 0.272265625 0.3296875 0.268359375 0.333984375 0.25078125
3 0.184765625 0.27890625 0.200390625 0.2703125 0.208203125 0.2703125 0.214453125 0.2609375 0.219921875 0.2625 0.231640625 0.25546875 0.239453125 0.25546875 0.245703125 0.24453125 0.262890625 0.23671875 0.270703125 0.23671875 0.273828125 0.23125 0.294140625 0.22265625 0.331640625 0.2109375 0.33984375 0.204296875 0.32890625 0.196484375 0.333984375 0.1953125 0.3390625 0.188671875 0.33203125 0.184765625 0.3328125 0.180859375 0.330078125 0.17890625 0.316796875 0.184375 0.301953125 0.18046875 0.274609375 0.190625 0.266796875 0.18828125 0.269140625 0.19296875 0.251171875 0.2 0.240234375 0.209375 0.2359375 0.208203125 0.236328125 0.20390625 0.230859375 0.20390625 0.2328125 0.208203125 0.228515625 0.2140625 0.223828125 0.21796875 0.221875 0.215234375 0.225 0.212109375 0.219140625 0.21171875 0.21328125 0.217578125 0.209765625 0.22734375 0.169921875 0.25390625 0.155078125 0.26953125 0.137109375 0.2796875 0.11171875 0.305078125 0.1 0.326171875 0.09375 0.348046875 0.09765625 0.349609375 0.147265625 0.30546875 0.184765625 0.27890625
3 0.5859375 0.184765625 0.59140625 0.178515625 0.59296875 0.161328125 0.596875 0.153515625 0.568359375 0.14609375 0.566015625 0.14296875 0.530078125 0.14765625 0.5265625 0.145703125 0.528515625 0.14140625 0.507421875 0.1375 0.437109375 0.14140625 0.434765625 0.146875 0.411328125 0.1484375 0.400390625 0.15234375 0.396875 0.160546875 0.38671875 0.169140625 0.393359375 0.17734375 0.395703125 0.17265625 0.400390625 0.17421875 0.408984375 0.17109375 0.416015625 0.16484375 0.423828125 0.165625 0.448828125 0.15078125 0.455859375 0.15859375 0.533984375 0.1796875 0.545703125 0.18125 0.555078125 0.17890625 0.566796875 0.18203125 0.58125 0.194140625 0.58828125 0.188671875 0.5859375 0.184765625
3 0.623828125 0.19765625 0.6328125 0.200390625 0.63359375 0.190234375 0.6296875 0.180078125 0.63515625 0.173046875 0.6328125 0.169140625 0.6390625 0.165234375 0.609765625 0.153125 0.592578125 0.15390625 0.590625 0.185546875 0.600390625 0.190625 0.605078125 0.19765625 0.612109375 0.19609375 0.61796875 0.207421875 0.62421875 0.208203125 0.621875 0.200390625 0.623828125 0.19765625
3 0.67265625 0.205078125 0.665625 0.196484375 0.6671875 0.180859375 0.66484375 0.176171875 0.66796875 0.173046875 0.655859375 0.16328125 0.649609375 0.165625 0.633203125 0.16328125 0.63125 0.165234375 0.63359375 0.169140625 0.624609375 0.171875 0.62421875 0.174609375 0.63828125 0.203515625 0.650390625 0.2078125 0.656640625 0.21953125 0.6796875 0.223828125 0.6734375 0.212890625 0.67265625 0.205078125
3 0.725 0.219921875 0.72109375 0.216015625 0.71796875 0.204296875 0.7125 0.200390625 0.71328125 0.188671875 0.698046875 0.17890625 0.674609375 0.16953125 0.659765625 0.1703125 0.6578125 0.174609375 0.66015625 0.192578125 0.6703125 0.212890625 0.682421875 0.21484375 0.691015625 0.228125 0.6953125 0.223828125 0.698828125 0.23203125 0.702734375 0.23203125 0.706640625 0.2265625 0.712109375 0.228125 0.716015625 0.23515625 0.7203125 0.234765625 0.7234375 0.232421875 0.725 0.219921875
3 0.763671875 0.24921875 0.76484375 0.243359375 0.7609375 0.238671875 0.76953125 0.237109375 0.769140625 0.234375 0.762109375 0.23515625 0.75546875 0.231640625 0.75859375 0.226953125 0.7578125 0.212890625 0.753515625 0.20546875 0.745703125 0.20625 0.735546875 0.19609375 0.718359375 0.190625 0.728125 0.234765625 0.741015625 0.246875 0.7515625 0.251171875 0.752734375 0.24765625 0.763671875 0.24921875
3 0.8359375 0.271484375 0.8296875 0.255859375 0.803515625 0.23359375 0.787890625 0.22734375 0.761328125 0.20234375 0.750390625 0.20390625 0.75 0.208203125 0.759375 0.216796875 0.76796875 0.232421875 0.7703125 0.248828125 0.77421875 0.251171875 0.771875 0.255078125 0.784765625 0.2625 0.788671875 0.271875 0.795703125 0.275 0.800390625 0.2734375 0.812890625 0.284375 0.8296875 0.291015625 0.83203125 0.290234375 0.8359375 0.271484375
3 0.90078125 0.322265625 0.88984375 0.298046875 0.8734375 0.283203125 0.87734375 0.278515625 0.873828125 0.2765625 0.870703125 0.28046875 0.867578125 0.275 0.855078125 0.26953125 0.840234375 0.253125 0.831640625 0.24921875 0.83515625 0.262109375 0.8421875 0.266796875 0.83671875 0.278515625 0.83828125 0.301171875 0.848828125 0.30546875 0.8546875 0.316796875 0.865234375 0.32265625 0.889453125 0.35078125 0.905078125 0.36484375 0.91171875 0.366796875 0.9109375 0.353515625 0.90078125 0.322265625