1 0.6479523833605221 0.8481362259380097 0.6308886892332789 0.8496291052202284 0.6189441769983687 0.8441239037520392 0.5650715848287113 0.8553873564437194 0.5553461337683524 0.8705668091353997 0.5542591639477977 0.8862186582381729 0.5591192185970636 0.890296728384992 0.5780923841761827 0.8919118972267537 0.6234533890701468 0.8863057707993476 0.6384096288743882 0.8747625644371941 0.64904929771615 0.8513153637846655 0.6479523833605221 0.8481362259380097
1 0.8240440611745513 0.7926101574225122 0.8079756199021207 0.8054788336052202 0.788326735725938 0.8288954616639478 0.7777734420880914 0.8486506125611746 0.7910029061990211 0.8454462430668842 0.8086253711256117 0.8316228319738989 0.8217432283849918 0.8177841337683524 0.840823396411093 0.7878670505709624 0.8240440611745513 0.7926101574225122
1 0.5319123800978793 0.11606762561174552 0.5260264991843393 0.10962297389885807 0.5201964225122349 0.10849548694942904 0.47115865334420876 0.10951063050570962 0.4352334004893964 0.12002266965742252 0.4321100660685155 0.12643674877650896 0.4331053197389886 0.13781254486133768 0.44224142740619904 0.14397283849918435 0.5319781280587276 0.14021577650897227 0.5390067822185971 0.13632574306688416 0.5319123800978793 0.11606762561174552
1 0.579239396411093 0.05338453670473083 0.5614648075040783 0.04675184828711256 0.5325987805872757 0.04436464029363785 0.499126484502447 0.050158803425774875 0.5025746941272431 0.05681672349102773 0.5176272544861338 0.060412453507340945 0.5728505481239804 0.06458758156606852 0.584084165579119 0.0619672145187602 0.579239396411093 0.05338453670473083
2 0.7098623295269167 0.10049902202283849 0.7024935146818924 0.09582166313213704 0.6743284380097879 0.08272903670473084 0.6566096525285481 0.08141351305057096 0.6582194804241436 0.08577594127243067 0.679000455954323 0.09869581566068515 0.7106596003262643 0.10493253996737356 0.7098623295269167 0.10049902202283849
1 0.8580917055464926 0.20379687765089724 0.8416173548123981 0.18395001060358893 0.8157630554649266 0.16451439477977162 0.8015230522022839 0.16084757504078304 0.8162859135399674 0.18452867210440457 0.8362948491027733 0.20734140783034258 0.857060539151713 0.22476589070146816 0.8751194861337684 0.23464880668841762 0.8580917055464926 0.20379687765089724
1 0.3327900929853181 0.14699837846655792 0.3270311060358891 0.14668344779771617 0.30233946982055465 0.1545751207177814 0.2718582748776509 0.17116107830342578 0.2567598556280587 0.1810791704730832 0.24776058646003263 0.19987958482871124 0.2651239241435563 0.1971323254486134 0.32036784502446986 0.17346725203915173 0.3275539632952692 0.1666977251223491 0.3338870081566068 0.15017751631321372 0.3327900929853181 0.14699837846655792
1 0.41133166639477975 0.7873696068515498 0.40358217292006526 0.7643030848287112 0.40523785889070146 0.7551516908646003 0.40207400652528547 0.7517439983686787 0.37963734502446983 0.7479755171288743 0.36313242251223493 0.7371378646003263 0.33560715089722676 0.7313582504078303 0.3184012781402936 0.7312260163132137 0.31054478140293634 0.739691746329527 0.3092751158238173 0.7438967096247961 0.31592769494290374 0.7637840938009788 0.3332704053833605 0.7888770358890701 0.35479284828711255 0.800913264274062 0.3815766525285481 0.8075765252854813 0.40556733768352365 0.8103902699836868 0.42174738580750404 0.8081559233278957 0.41133166639477975 0.7873696068515498
1 0.45915483605220225 0.8613787650897227 0.42021325122349107 0.846772632137031 0.39629365497553015 0.8447714437194126 0.3872691541598695 0.8492454787928222 0.38900587520391516 0.8597376288743882 0.4048962234910277 0.8775886484502446 0.4409736003262643 0.8875327088091355 0.4670465089722675 0.8860704013050571 0.45915483605220225 0.8613787650897227
1 0.2366426256117455 0.7559826639477977 0.21917302202283848 0.7247600008156606 0.20657341843393148 0.7164463955954323 0.19070830097879282 0.7129217544861337 0.18710262642740622 0.7091433287112561 0.1831820212071778 0.7111238898858075 0.18256744616639478 0.7181372577487766 0.1971017528548124 0.7438852903752039 0.202916544045677 0.7495173849918434 0.23800861256117456 0.7669166362153343 0.2366426256117455 0.7559826639477977
1 0.16189881484502447 0.6503495367047308 0.15535784257748778 0.6410964804241436 0.14371297471451874 0.6343368988580751 0.13917779526916804 0.6433308278955955 0.14816638254486134 0.671201601141925 0.1650114665579119 0.690606645187602 0.17356357259380098 0.6947710913539967 0.17585906443719412 0.6929327088091354 0.16189881484502447 0.6503495367047308
1 0.13477945350734094 0.6772854641109298 0.1264000986949429 0.6657369176182708 0.12175331239804242 0.6640965171288744 0.12075271859706363 0.6760563156606851 0.1278624061990212 0.6918098262642741 0.13726758646003262 0.7057249543230016 0.14212764110929854 0.7098030244698206 0.1461193360522023 0.708635020391517 0.13477945350734094 0.6772854641109298