1 0.692601365935919 0.5944658195615514 0.6901584131534569 0.6000336441821248 0.6658834097807756 0.5983207386172007 0.6400439426644182 0.6071578220910624 0.6370624460370995 0.6218104704890388 0.6393037596964587 0.6612275236087689 0.642135800168634 0.6675775792580102 0.6629429468802698 0.6690457833052277 0.6921038558178753 0.6596230404721753 0.6977228499156829 0.6453615075885328 0.6959197681281619 0.6157132242833053 0.6992913667790893 0.6057007672849916 0.6957272504215851 0.5951989080944351 0.692601365935919 0.5944658195615514
1 0.17667686003372682 0.5236196677908938 0.1313961112984823 0.543590370994941 0.1289521450252951 0.5564358836424957 0.13500430269814503 0.5883315615514334 0.14408507251264754 0.6179808583473861 0.1577107892074199 0.6297052074198988 0.19239139291736929 0.6175968381112984 0.1996199384485666 0.619746960370995 0.2047996871838111 0.6029943456998313 0.19562367200674535 0.5558102032040473 0.1832706020236088 0.5245974569983137 0.17667686003372682 0.5236196677908938
1 0.3351399586846543 0.7692270851602023 0.27819616779089373 0.7133421382799325 0.2593947571669477 0.6892596509274873 0.24064046121416527 0.6775834317032041 0.22706186087689714 0.6782653507588532 0.2225660573355818 0.6940411897133221 0.22525067032040472 0.7068385725126476 0.23330653541315347 0.7306753448566611 0.2499598507588533 0.747431 0.2972802731871838 0.8118622276559865 0.3339595168634064 0.8280833929173693 0.35418100252951096 0.826230155143339 0.3539874721753794 0.8129935269814502 0.34627357925801017 0.7886683667790894 0.3351399586846543 0.7692270851602023
1 0.5203453726812816 0.13467753372681282 0.5254258229342327 0.12950082546374367 0.507794718381113 0.11933891231028669 0.4698448549747049 0.10805076812816189 0.45680378499156826 0.1069255497470489 0.4420037082630692 0.11039138026981449 0.4396098979763912 0.1138100952782462 0.44185526644182127 0.12411639629005058 0.4462016138279932 0.129343260539629 0.4588515682967959 0.1331059755480607 0.480047802698145 0.14649205902192244 0.5130656576728498 0.14923189629005057 0.5278657344013491 0.14576606576728499 0.5317738507588533 0.14122416020236087 0.5301141433389545 0.1342393018549747 0.5203453726812816 0.13467753372681282
2 0.5705079401349072 0.8343194688026981 0.589752650084317 0.8317822841483979 0.6034295362563238 0.8268021475548061 0.6142252386172007 0.8176210640809444 0.5892171467116358 0.819034044688027 0.5660151770657673 0.8282622428330523 0.564109755480607 0.8320229308600336 0.5705079401349072 0.8343194688026981
1 0.5507216441821249 0.8677745413153456 0.562248408094435 0.8700229502529511 0.5990289780775716 0.8601128330522766 0.6170050961214165 0.8479532934232715 0.6156392327150084 0.8353514688026982 0.6055776323777403 0.834128978920742 0.5536058693086003 0.8501424232715008 0.5498441677908937 0.855514689713322 0.5507216441821249 0.8677745413153456
1 0.36033043170320406 0.861105302698145 0.35695984654300167 0.8638400716694773 0.3586195539629005 0.8708249300168635 0.3680934671163575 0.8832813541315345 0.387922823777403 0.8913433001686342 0.43100329342327154 0.8880279392917368 0.43794002192242837 0.881239652613828 0.43256876981450254 0.87020026306914 0.4223617681281619 0.8608697242833052 0.40546273861720067 0.8548596146711636 0.36033043170320406 0.861105302698145
1 0.13576220741989883 0.7577210834738617 0.1517786930860034 0.787859781618887 0.1634017150084317 0.8003653482293424 0.21834686677908938 0.827920760539629 0.21678544435075883 0.8166376838111298 0.19529840725126474 0.787035502529511 0.1459712360876897 0.7524962462057335 0.13595877908937604 0.7491246467116357 0.13576220741989883 0.7577210834738617
1 0.3263788625632378 0.8991985396290051 0.2899954898819561 0.8628050311973019 0.2518019392917369 0.8477070564924115 0.24647780269814504 0.8490739342327149 0.24784468043844854 0.8543980708263069 0.2527275455311973 0.8650954873524452 0.27948957672849917 0.8954798996627318 0.2920903878583474 0.9013917242833052 0.3169490244519393 0.9209814477234401 0.3233472091062395 0.9232779856661045 0.3272061821247892 0.920885189713322 0.3294535775716695 0.9166361138279933 0.3263788625632378 0.8991985396290051
1 0.6792659620573356 0.25177764586846546 0.6956735632377741 0.27927884738617204 0.7133046677908937 0.289440760539629 0.7247833018549746 0.2865605902192243 0.7259075059021922 0.28079720826306914 0.7101828372681281 0.25959691905564924 0.6840535817875211 0.24494021669477234 0.6789250025295109 0.24498834569983136 0.6792659620573356 0.25177764586846546
1 0.2432065489038786 0.13859526222596963 0.23753841231028666 0.1550059047217538 0.23963837858347387 0.1572041568296796 0.26137417116357503 0.1542277276559865 0.29815474114671164 0.14431761045531197 0.3097316610455312 0.13713922175379428 0.3128595733558179 0.12331693338954469 0.2988908701517707 0.1193586610455312 0.26264783136593595 0.12746164165261384 0.2432065489038786 0.13859526222596963
3 0.443082823777403 0.0776663549747049 0.46061665682967956 0.08484879848229342 0.49500341652613833 0.07835739544688027 0.48445545615514335 0.06223755649241147 0.47415016863406406 0.057205236087689716 0.4717092428330523 0.04821768381112985 0.46746016779089383 0.0459702892074199 0.402499518549747 0.036876342327150084 0.33929584907251265 0.03774672344013491 0.3112100016863406 0.043555193929173695 0.2790204797639123 0.055224317875210795 0.23310391483979767 0.0813003760539629 0.21400359190556492 0.0992232976391231 0.21932671585160202 0.10513410792580101 0.24428566526138282 0.10587023693086003 0.2859019839797639 0.09425126981450252 0.33298784148397975 0.08937347301854974 0.3604880295109612 0.08024355986509275 0.4143631871838111 0.07502480354131534 0.43829520404721756 0.0845037849915683 0.443082823777403 0.0776663549747049
3 0.7729513161888701 0.2271247032040472 0.7583979671163574 0.21256730016863407 0.7183993077571669 0.1823764182124789 0.6827459822934232 0.16469008853288364 0.6500711138279932 0.15418417537942666 0.644893392074199 0.1563814139966273 0.6434262015177066 0.1699108718381113 0.6512393929173693 0.18266012563237774 0.6816167107925801 0.20684191146711636 0.7312878811129848 0.2263374038785835 0.7422761003372682 0.2376706365935919 0.7539001365935919 0.24289851517706576 0.7682108119730185 0.2463684005059022 0.7777850379426644 0.23997122934232717 0.7729513161888701 0.2271247032040472
3 0.6020515092748735 0.9015325801011805 0.558969013490725 0.9194033178752108 0.48472392748735244 0.9402003279932546 0.4784711441821248 0.9460118389544688 0.48574883220910625 0.9460128524451938 0.4891675472175379 0.9484066627318719 0.48760409780775715 0.9516789620573356 0.4700201087689713 0.9539233161888702 0.4706057689713323 0.9572447588532884 0.47382892580101177 0.9609573178752108 0.48784677150084316 0.9627664814502529 0.5338094376053962 0.9563743777403035 0.5897384595278246 0.9336699190556492 0.6250548802698145 0.915456194772344 0.63208989460371 0.9043696897133222 0.6258391391231028 0.8956258246205734 0.6020515092748735 0.9015325801011805
3 0.7024749940978078 0.8932431644182125 0.7215753161888702 0.8753202428330522 0.7261192487352445 0.8646729831365936 0.7444874966273187 0.8425982588532884 0.7455144283305227 0.8338554064080944 0.7585595531197301 0.8058698718381113 0.7475693069139967 0.8090920151770657 0.7071222799325464 0.841909244519393 0.6656503490725126 0.8689139494097808 0.6554894494097807 0.879267365935919 0.6481626180438449 0.8814154620573355 0.6435705564924115 0.8869341424957841 0.644350760539629 0.8962145252951096 0.6360942698145026 0.9100849426644183 0.6533352723440135 0.9156066644182125 0.6717496222596965 0.9132158954468802 0.6714086627318718 0.9064265944350759 0.6801033853288364 0.9023249477234402 0.6880640050590219 0.9086268735244519 0.6926560674536256 0.9031081930860034 0.685769494940978 0.9004696821247893 0.7024749940978078 0.8932431644182125
3 0.8072798111298483 0.2882816037099494 0.8016126880269814 0.29741455733558175 0.8035652251264755 0.30606013659359194 0.8187994797639123 0.3414738296795953 0.829446739460371 0.34601776222596964 0.8438557006745363 0.34518942833052274 0.8455174359190557 0.337618910623946 0.8424908507588533 0.32530991568296797 0.8291108482293423 0.302840021079258 0.8125548052276559 0.2890638347386172 0.8072798111298483 0.2882816037099494
1 0.04748358178752108 0.5386943296795953 0.03380770910623946 0.5363967782462057 0.03287703541315346 0.5553967883642495 0.03678109696458685 0.5799656357504216 0.04556903709949409 0.60795421079258 0.07072151770657673 0.6219269679595278 0.07585009612141652 0.6218788389544688 0.07834219224283305 0.6141619055649241 0.06706823777403036 0.550224134064081 0.060866624789207416 0.5393311602023608 0.055640773187183815 0.5363998195615514 0.04748358178752108 0.5386943296795953
0 0.43649820404721756 0.01118937268128162 0.443189218381113 0.015146631534569983 0.4509071652613828 0.010361038785834739 0.4737661483979764 0.00889891568296796 0.4728364881956155 0.020621237774030354 0.482213129005059 0.030098191399662733 0.48309161888701513 0.03508035497470489 0.47605761804384483 0.03888917200674536 0.4781074274873524 0.05051422175379427 0.4882663001686341 0.054716181281618884 0.48616532040472177 0.059795617200674535 0.49070823946037095 0.0564260455311973 0.5041885539629005 0.06004234569983137 0.5099017799325464 0.070593347386172 0.5251882175379426 0.08202486593591905 0.5323686332209105 0.07904640978077572 0.5465328937605396 0.08168593338954469 0.557033739460371 0.08539950590219225 0.559377392074199 0.09140758853288365 0.5654827470489039 0.09204340472175379 0.5793060489038786 0.0878936281618887 0.5889273903878584 0.09390272428330522 0.5965470514333896 0.09341534991568297 0.5989900042158516 0.08784752613827994 0.6131542647554806 0.09048705059021923 0.6138863397976392 0.09463885413153457 0.6050452023608769 0.0979101399662732 0.6011380994940978 0.09517435750421585 0.6000138954468803 0.10093773946037099 0.6061683929173692 0.0994244460370995 0.610221910623946 0.10299059021922428 0.6146184139966273 0.0987906568296796 0.6157897344013491 0.10543354215851601 0.6307843558178752 0.10792665177065768 0.6335191247892075 0.11129723693086004 0.6258011779089376 0.11608282967959528 0.6338109409780776 0.12023564671163575 0.639184220910624 0.11671966020236088 0.6439216838111298 0.11930902782462058 0.6445083575042159 0.11535278246205734 0.6407476703204047 0.1134473600337268 0.6493932495784148 0.11149482209106239 0.6531047942664417 0.11554935328836424 0.6520778625632377 0.12429220489038785 0.6624804215851602 0.1323039957841484 0.6661438372681282 0.13122994772344015 0.6614555168634063 0.1264914704890388 0.6719082327150084 0.12507646374367623 0.6724437360876897 0.13782470404721756 0.6818695202360877 0.14515254806070826 0.6917847048903879 0.1455446779089376 0.7014050328836424 0.1588314620573356 0.7124434089376054 0.1607378979763912 0.7088772655986509 0.16479141483979765 0.7114656197301855 0.16733163996627318 0.7201603423271501 0.1632299932546374 0.7254343220910624 0.17128991315345699 0.7303673431703205 0.17256053204047217 0.731100431703204 0.16943464755480606 0.7263629688026981 0.16684527908937605 0.7315898330522765 0.16249893170320406 0.7311516020236087 0.1527301618887015 0.7471219856661045 0.1631849047217538 0.7404791003372682 0.1643562242833052 0.7472182436762226 0.1734420623946037 0.7483915910623946 0.16552957166947724 0.7512246458684655 0.16460193929173692 0.7648012192242833 0.17847539713322091 0.7671950295109613 0.1750566821247892 0.7643148583473862 0.16357804721753796 0.758747034569983 0.1611350952782462 0.767099784148398 0.15752183558178753 0.7767201121416526 0.1708086197301855 0.7832647116357504 0.17393551854974704 0.7879520185497471 0.18595168381112986 0.799184939291737 0.19381705902192242 0.8031411846543002 0.19440373271500844 0.8023118372681282 0.18727245952782462 0.8281984190556493 0.19084164333895448 0.8219968060708263 0.17994866863406409 0.8137914856661046 0.17711460033726814 0.8123273355817875 0.16881099409780775 0.7907901416526139 0.14863560961214164 0.7800957655986509 0.13168540978077573 0.7452748288364249 0.09929729005059022 0.6780728659359191 0.0507862892074199 0.6288910969645868 0.02435508178752108 0.5680341214165261 0.009400480607082632 0.5111323785834738 0.002310241146711636 0.4401072748735244 0.0028473971332209106 0.40077981281618885 0.009781890387858348 0.4015749266441821 0.012210222596964587 0.43649820404721756 0.01118937268128162
0 0.8016653971332209 0.26615478161888706 0.8214947537942664 0.27421672849915685 0.8255964005059022 0.2829114510961214 0.8377569536256324 0.2936098811129848 0.8403442934232714 0.30342779426644184 0.8379494704890388 0.314124197301855 0.8446404848229342 0.3180814561551433 0.8588989772344013 0.34553351433389545 0.8644668010118044 0.3479764671163575 0.8620238482293423 0.35354429089376055 0.8666148962900505 0.3553032984822934 0.8715469038785835 0.3638516053962901 0.8816034359190555 0.4014625362563238 0.8966953296795953 0.40693511551433387 0.9213614494097807 0.406010523608769 0.9236088440134907 0.40176144772344013 0.915945107925801 0.36800949072512645 0.8965620910623947 0.31149480860033724 0.8771770472175379 0.2695355033726813 0.83861039460371 0.23584660033726812 0.8156510910623946 0.2124925286677909 0.8090023634064081 0.19122980438448567 0.7964005387858347 0.19259566863406408 0.7649471458684655 0.17930584317032042 0.7604042268128162 0.18267541568296797 0.7871171155143338 0.21520893760539628 0.8101686155143338 0.23426113069139967 0.8176378069139966 0.2620541483979764 0.8086993979763912 0.26234596458684656 0.8042066349072513 0.256288739460371 0.7939003347386172 0.2585341070826307 0.8011288794266442 0.26068423018549747 0.8016653971332209 0.26615478161888706