3 0.87578125 0.724609375 0.8921875 0.698046875 0.90859375 0.652734375 0.9203125 0.608203125 0.93046875 0.538671875 0.93046875 0.459765625 0.92265625 0.402734375 0.90859375 0.347265625 0.88671875 0.291015625 0.855859375 0.25703125 0.820703125 0.22734375 0.774609375 0.19609375 0.730859375 0.17265625 0.689453125 0.1578125 0.658984375 0.1546875 0.654296875 0.14921875 0.637109375 0.14140625 0.576953125 0.13828125 0.565234375 0.13359375 0.528515625 0.1296875 0.525 0.133984375 0.537109375 0.13828125 0.563671875 0.1390625 0.608203125 0.1484375 0.616015625 0.16015625 0.673828125 0.209375 0.71328125 0.250390625 0.73828125 0.280859375 0.78359375 0.345703125 0.784375 0.351171875 0.790625 0.349609375 0.788671875 0.34453125 0.79765625 0.345703125 0.79921875 0.378515625 0.82578125 0.442578125 0.83671875 0.477734375 0.85234375 0.555859375 0.8578125 0.632421875 0.8546875 0.681640625 0.846875 0.726171875 0.8484375 0.744921875 0.855859375 0.7421875 0.87578125 0.724609375
2 0.4359375 0.459765625 0.4359375 0.437109375 0.44375 0.399609375 0.44140625 0.385546875 0.423828125 0.3640625 0.416015625 0.36484375 0.4125 0.368359375 0.41171875 0.382421875 0.4046875 0.396484375 0.40234375 0.417578125 0.403125 0.429296875 0.409375 0.441796875 0.4125 0.484765625 0.41015625 0.496484375 0.4171875 0.497265625 0.43125 0.483984375 0.4359375 0.459765625
2 0.4515625 0.317578125 0.43984375 0.298828125 0.430859375 0.2953125 0.41328125 0.319921875 0.41171875 0.344921875 0.4171875 0.348828125 0.419921875 0.3625 0.4359375 0.365234375 0.44140625 0.358203125 0.4515625 0.317578125
2 0.471875 0.306640625 0.4703125 0.297265625 0.455078125 0.2828125 0.44765625 0.287109375 0.44453125 0.298046875 0.45078125 0.317578125 0.44609375 0.355859375 0.4484375 0.362109375 0.46171875 0.351953125 0.471875 0.306640625
2 0.6 0.330078125 0.59296875 0.301953125 0.585546875 0.29296875 0.576953125 0.28984375 0.56484375 0.302734375 0.56171875 0.317578125 0.5703125 0.339453125 0.57421875 0.366015625 0.577734375 0.36796875 0.58046875 0.365234375 0.580859375 0.346875 0.5859375 0.374609375 0.59140625 0.376171875 0.5921875 0.348046875 0.6 0.330078125
2 0.5625 0.307421875 0.57421875 0.291015625 0.578125 0.276171875 0.5765625 0.269921875 0.562109375 0.2546875 0.557421875 0.2546875 0.54921875 0.265234375 0.5453125 0.278515625 0.5453125 0.287109375 0.55078125 0.292578125 0.55625 0.309765625 0.5578125 0.324609375 0.5625 0.321484375 0.5625 0.307421875
2 0.2484375 0.542578125 0.2390625 0.509765625 0.230859375 0.4984375 0.22421875 0.504296875 0.221875 0.561328125 0.22421875 0.569921875 0.2328125 0.579296875 0.23515625 0.593359375 0.23984375 0.595703125 0.2515625 0.591796875 0.2484375 0.542578125
2 0.203125 0.717578125 0.184375 0.691015625 0.176953125 0.68671875 0.1796875 0.700390625 0.175 0.706640625 0.18359375 0.726171875 0.195703125 0.7375 0.21015625 0.738671875 0.2109375 0.733203125 0.203125 0.717578125
2 0.18828125 0.672265625 0.165234375 0.63828125 0.16640625 0.658984375 0.178125 0.678515625 0.1859375 0.683203125 0.18828125 0.681640625 0.18828125 0.672265625
2 0.137109375 0.59921875 0.1359375 0.612890625 0.14921875 0.653515625 0.15390625 0.655078125 0.14296875 0.609765625 0.137109375 0.59921875
2 0.14140625 0.570703125 0.13671875 0.558203125 0.133203125 0.55625 0.134375 0.582421875 0.1375 0.589453125 0.14140625 0.591015625 0.14375 0.584765625 0.14140625 0.570703125
2 0.145703125 0.5703125 0.1421875 0.580078125 0.14296875 0.587890625 0.1484375 0.608984375 0.15390625 0.616015625 0.153125 0.596484375 0.145703125 0.5703125
2 0.147265625 0.7046875 0.15390625 0.719140625 0.15390625 0.712109375 0.147265625 0.7046875
2 0.132421875 0.66640625 0.13515625 0.684765625 0.14296875 0.701953125 0.146875 0.704296875 0.14453125 0.691015625 0.132421875 0.66640625
2 0.15390625 0.490234375 0.15 0.476953125 0.145703125 0.47421875 0.14375 0.484765625 0.15 0.524609375 0.1546875 0.510546875 0.15390625 0.490234375
2 0.1640625 0.491796875 0.160546875 0.4875 0.15625 0.507421875 0.15703125 0.523046875 0.165625 0.554296875 0.16953125 0.556640625 0.16953125 0.518359375 0.1640625 0.491796875
2 0.14765625 0.522265625 0.140625 0.503515625 0.137109375 0.5015625 0.1328125 0.513671875 0.14296875 0.568359375 0.14609375 0.570703125 0.1484375 0.566015625 0.14765625 0.522265625
2 0.20078125 0.592578125 0.203125 0.584765625 0.20078125 0.569140625 0.19609375 0.549609375 0.184765625 0.5296875 0.18046875 0.533203125 0.17890625 0.549609375 0.18359375 0.577734375 0.1921875 0.608203125 0.196484375 0.61171875 0.20078125 0.610546875 0.2015625 0.619921875 0.2046875 0.622265625 0.20625 0.616015625 0.20078125 0.592578125
2 0.18125 0.564453125 0.175390625 0.5609375 0.17109375 0.565234375 0.1765625 0.599609375 0.18359375 0.623046875 0.19296875 0.631640625 0.1953125 0.618359375 0.18125 0.564453125
2 0.174609375 0.54921875 0.16640625 0.556640625 0.1734375 0.569921875 0.18046875 0.566015625 0.174609375 0.54921875
2 0.3109375 0.380078125 0.31796875 0.366796875 0.31875 0.344921875 0.316015625 0.3421875 0.312109375 0.34296875 0.2984375 0.358984375 0.290625 0.376953125 0.29140625 0.398046875 0.2984375 0.423828125 0.30234375 0.419921875 0.3109375 0.380078125
2 0.33671875 0.425390625 0.34453125 0.376953125 0.353125 0.357421875 0.35234375 0.348046875 0.34453125 0.340234375 0.34375 0.330859375 0.341015625 0.32890625 0.3328125 0.332421875 0.321875 0.357421875 0.32109375 0.416796875 0.31796875 0.429296875 0.32265625 0.433984375 0.330078125 0.43359375 0.33671875 0.425390625
2 0.3796875 0.219921875 0.374609375 0.21640625 0.36875 0.218359375 0.36328125 0.230078125 0.36484375 0.244921875 0.36953125 0.248046875 0.3796875 0.225390625 0.3796875 0.219921875
2 0.424609375 0.20625 0.419921875 0.20625 0.41328125 0.216015625 0.41328125 0.230859375 0.41640625 0.231640625 0.42734375 0.216015625 0.424609375 0.20625
2 0.498046875 0.21796875 0.49140625 0.220703125 0.4828125 0.233984375 0.484375 0.266796875 0.48203125 0.272265625 0.4984375 0.273046875 0.50625 0.230859375 0.498046875 0.21796875
2 0.5328125 0.243359375 0.5265625 0.230078125 0.519921875 0.22734375 0.51328125 0.236328125 0.51171875 0.251171875 0.515625 0.274609375 0.5265625 0.275390625 0.528125 0.255078125 0.5328125 0.243359375
2 0.56328125 0.215234375 0.55546875 0.204296875 0.549609375 0.2015625 0.54609375 0.213671875 0.55078125 0.232421875 0.5546875 0.235546875 0.5640625 0.233203125 0.56328125 0.215234375
2 0.59921875 0.252734375 0.591796875 0.24453125 0.583203125 0.24453125 0.5765625 0.255078125 0.57890625 0.263671875 0.580859375 0.265625 0.590234375 0.2625 0.60078125 0.267578125 0.60390625 0.262890625 0.59921875 0.252734375
2 0.71328125 0.733203125 0.7140625 0.722265625 0.683203125 0.725 0.677734375 0.72890625 0.66796875 0.741015625 0.67421875 0.748828125 0.67265625 0.757421875 0.67578125 0.759765625 0.701953125 0.7484375 0.71328125 0.733203125
2 0.46875 0.218359375 0.46875 0.211328125 0.462890625 0.20390625 0.4546875 0.209765625 0.45078125 0.223046875 0.4546875 0.239453125 0.46015625 0.240234375 0.46328125 0.238671875 0.46875 0.218359375