1 0.55625 0.592578125 0.559375 0.551953125 0.5578125 0.528515625 0.5640625 0.501953125 0.56640625 0.473828125 0.57109375 0.467578125 0.565625 0.451171875 0.558203125 0.44140625 0.533203125 0.4328125 0.491015625 0.43046875 0.469921875 0.4328125 0.454296875 0.43828125 0.443359375 0.453125 0.435546875 0.45390625 0.42890625 0.459765625 0.431640625 0.46328125 0.440234375 0.46328125 0.44453125 0.466796875 0.43984375 0.484765625 0.43984375 0.510546875 0.43359375 0.530859375 0.43359375 0.581640625 0.439453125 0.5875 0.449609375 0.58984375 0.530859375 0.59453125 0.53828125 0.601953125 0.551953125 0.5984375 0.55625 0.592578125
1 0.4453125 0.158203125 0.4453125 0.150390625 0.423828125 0.15 0.397265625 0.1578125 0.390625 0.165234375 0.3890625 0.176953125 0.3984375 0.177734375 0.436328125 0.16953125 0.4453125 0.158203125
1 0.32109375 0.173828125 0.32578125 0.165234375 0.312109375 0.1671875 0.298046875 0.17421875 0.27890625 0.192578125 0.27734375 0.197265625 0.2828125 0.198046875 0.307421875 0.18671875 0.32109375 0.173828125
1 0.581640625 0.92265625 0.60078125 0.898828125 0.6 0.893359375 0.536328125 0.89765625 0.521484375 0.90234375 0.5171875 0.909765625 0.515625 0.927734375 0.521484375 0.93046875 0.5421875 0.930078125 0.571484375 0.9265625 0.581640625 0.92265625
3 0.928125 0.615234375 0.94140625 0.573046875 0.94609375 0.519921875 0.94296875 0.457421875 0.94609375 0.435546875 0.94296875 0.410546875 0.93203125 0.359765625 0.91484375 0.305078125 0.89609375 0.275390625 0.8953125 0.269921875 0.886328125 0.2796875 0.886328125 0.27421875 0.875390625 0.27109375 0.874609375 0.26640625 0.87421875 0.270703125 0.871484375 0.27109375 0.855078125 0.2546875 0.85 0.255078125 0.851953125 0.25078125 0.845703125 0.25078125 0.83984375 0.247265625 0.840234375 0.24296875 0.831640625 0.24140625 0.827734375 0.2484375 0.81953125 0.252734375 0.86015625 0.325390625 0.8734375 0.357421875 0.88515625 0.402734375 0.88828125 0.434765625 0.88671875 0.457421875 0.89296875 0.471484375 0.8921875 0.500390625 0.89609375 0.517578125 0.89296875 0.553515625 0.89453125 0.576953125 0.89921875 0.589453125 0.89921875 0.608203125 0.8953125 0.632421875 0.896875 0.644140625 0.903125 0.652734375 0.909375 0.647265625 0.928125 0.615234375
3 0.121484375 0.32890625 0.118359375 0.34921875 0.15 0.307421875 0.153515625 0.30390625 0.157421875 0.30625 0.17265625 0.283984375 0.1859375 0.274609375 0.19296875 0.259765625 0.1859375 0.255078125 0.190625 0.244921875 0.20078125 0.236328125 0.19765625 0.231640625 0.240625 0.194140625 0.25 0.176953125 0.249609375 0.1625 0.244921875 0.16171875 0.223046875 0.1765625 0.208203125 0.18046875 0.198046875 0.18671875 0.1953125 0.194140625 0.190625 0.196484375 0.19296875 0.201953125 0.187890625 0.20234375 0.184765625 0.19921875 0.180859375 0.20234375 0.178125 0.208984375 0.171875 0.213671875 0.17265625 0.219921875 0.15625 0.231640625 0.1609375 0.236328125 0.15234375 0.238671875 0.144921875 0.2546875 0.13359375 0.258203125 0.1 0.326171875 0.1 0.338671875 0.09609375 0.349609375 0.10234375 0.353515625 0.0984375 0.357421875 0.09921875 0.373046875 0.103125 0.376953125 0.11171875 0.340234375 0.121484375 0.32890625
3 0.07578125 0.670703125 0.0703125 0.656640625 0.06484375 0.624609375 0.0671875 0.580078125 0.0734375 0.569140625 0.0734375 0.563671875 0.0703125 0.561328125 0.07265625 0.553515625 0.06875 0.549609375 0.07265625 0.503515625 0.0703125 0.472265625 0.0734375 0.416015625 0.070703125 0.4125 0.065234375 0.4140625 0.05859375 0.423828125 0.04375 0.470703125 0.0390625 0.558984375 0.04375 0.596484375 0.0546875 0.641015625 0.0703125 0.686328125 0.07734375 0.701953125 0.0828125 0.703515625 0.07734375 0.691015625 0.07578125 0.670703125
1 0.4921875 0.117578125 0.487890625 0.1140625 0.470703125 0.1140625 0.453515625 0.11796875 0.4484375 0.122265625 0.451171875 0.12734375 0.46484375 0.126953125 0.481640625 0.12578125 0.4921875 0.117578125
1 0.56640625 0.137109375 0.561328125 0.13046875 0.542578125 0.128125 0.525 0.130078125 0.52421875 0.137109375 0.527734375 0.140625 0.56171875 0.143359375 0.56640625 0.141796875 0.56640625 0.137109375
1 0.83125 0.774609375 0.8484375 0.734765625 0.848046875 0.7265625 0.835546875 0.73203125 0.81796875 0.751171875 0.7921875 0.800390625 0.79140625 0.805078125 0.7953125 0.805078125 0.814453125 0.79296875 0.83125 0.774609375
1 0.683984375 0.21953125 0.673828125 0.21171875 0.655859375 0.20546875 0.63828125 0.208203125 0.6453125 0.232421875 0.651171875 0.24140625 0.675390625 0.25234375 0.70078125 0.257421875 0.7 0.244921875 0.683984375 0.21953125