1 0.5441598177419356 0.3121161709677419 0.5369860725806452 0.30745748629032255 0.521662985483871 0.30906557258064515 0.49178654435483876 0.3236606879032258 0.46275412258064513 0.3558024685483871 0.4709699879032258 0.3944550758064516 0.4800128741935484 0.40984678306451616 0.48606245000000003 0.4130954814516129 0.5163732822580646 0.4083016516129032 0.5362121459677419 0.40078689838709675 0.5411318846774194 0.3890230887096774 0.5630705137096774 0.3719928653225807 0.5441598177419356 0.3121161709677419
1 0.452539014516129 0.4531998362903226 0.42605417903225806 0.4604782983870968 0.4184021838709678 0.4555090346774193 0.4128117620967742 0.46411752983870963 0.39178010725806456 0.4776570959677419 0.3848044612903226 0.4894456685483871 0.39543633709677417 0.5317070774193549 0.43144230806451617 0.5401309024193549 0.43402598951612903 0.5445285330645161 0.4440635669354839 0.537448170967742 0.4751632282258065 0.5324866701612903 0.48807030403225804 0.5272697814516129 0.4736753846774194 0.4614864201612903 0.4748434137096774 0.4534056991935484 0.452539014516129 0.4531998362903226
1 0.38564700887096776 0.3886814564516129 0.3786409338709677 0.3848116 0.3412306427419355 0.3911144661290323 0.3314788814516129 0.39566067177419356 0.3250748685483871 0.4023809298387097 0.32206812822580644 0.4153870556451613 0.32781845806451615 0.4463190459677419 0.3470418298387097 0.4533633137096775 0.3542403379032258 0.4600779056451613 0.3575137983870968 0.45608423709677415 0.3723833983870968 0.4562214790322581 0.3886134596774194 0.4511227362903226 0.39422864435483873 0.44457014838709674 0.3883049774193548 0.3992468080645161 0.38564700887096776 0.3886814564516129
1 0.3692039451612903 0.2841712 0.36585619758064514 0.2819971467741936 0.3380109008064516 0.2945115935483871 0.3106742830645161 0.32299504677419355 0.30914615080645164 0.32744220241935484 0.3144125637096774 0.3444610927419355 0.32636880645161287 0.3522255677419355 0.35313945806451613 0.3424129491935484 0.37302217983870967 0.32540748870967745 0.37241445161290326 0.30121485241935486 0.3692039451612903 0.2841712
1 0.3328924379032258 0.4604932008064516 0.30466227500000004 0.46731817500000006 0.2879348677419355 0.4836529532258064 0.29418820887096775 0.5169514290322581 0.3078897798387097 0.525169391935484 0.3139145935483871 0.5263621830645162 0.317355725 0.5231573427419355 0.34293358467741936 0.5193695370967742 0.34589646693548387 0.515854118548387 0.34251828951612906 0.4980216370967742 0.3328924379032258 0.4604932008064516
1 0.2848884629032258 0.4014414298387097 0.27621134758064514 0.40328580806451614 0.2611054556451613 0.40979453709677416 0.2440179443548387 0.42249575 0.24160760000000003 0.4324894693548387 0.2448428685483871 0.4515890290322581 0.28870669758064516 0.4426777185483871 0.2874721443548387 0.405839060483871 0.2848884629032258 0.4014414298387097
1 0.26301069112903225 0.44978850967741935 0.2454640266129032 0.4506325298387097 0.24017285080645165 0.4315577322580645 0.23157002258064519 0.43956983145161294 0.23344482903225805 0.4639053758064516 0.23808441774193548 0.4682782443548387 0.24253157338709677 0.4698063766129032 0.26304112016129033 0.46544693790322583 0.26609738548387096 0.45655262661290325 0.26301069112903225 0.44978850967741935
1 0.24047566693548386 0.4698311387096774 0.2320596048387097 0.46708545322580647 0.2165745137096774 0.48150723145161295 0.21940581935483872 0.5064639338709677 0.2238777379032258 0.5100479733870967 0.23824432499999998 0.5078187290322581 0.24515135080645165 0.5034649572580645 0.24179227016129032 0.47408586129032265 0.24047566693548386 0.4698311387096774
1 0.2118436387096774 0.4301590782258064 0.2035018637096774 0.4335811137096774 0.19150742903225806 0.44890986693548385 0.19476745967741935 0.47006533387096777 0.21054403387096776 0.4667119193548387 0.2147492314516129 0.4612835016129032 0.21735200967741938 0.4541345185483871 0.21538381935483872 0.4351778669354838 0.2118436387096774 0.4301590782258064
1 0.3650908822580645 0.6255508338709678 0.35707311612903225 0.6033454846774193 0.35737802903225807 0.5892647137096775 0.33483167177419354 0.5821023008064516 0.31793092741935486 0.5840457282258065 0.3120051637096774 0.5910765653225807 0.31071898951612903 0.6024802717741936 0.32115276612903226 0.6282944233870968 0.33373016693548385 0.6351023991935484 0.3537176048387097 0.6399230879032258 0.37181114032258067 0.6319548475806451 0.3650908822580645 0.6255508338709678
1 0.2776263758064516 0.5864292137096775 0.26842148548387096 0.5838511983870968 0.2572102129032258 0.5854097596774194 0.2519303693548387 0.5935400048387096 0.26095415967741936 0.6204783266129033 0.2752768887096774 0.6277397895161291 0.29026463387096774 0.6245540459677419 0.2776263758064516 0.5864292137096775
1 0.620246229032258 0.6409834556451612 0.6121902709677419 0.6418713346774193 0.5565187741935483 0.6553536129032258 0.5522944806451613 0.6723286443548386 0.5617526612903226 0.7090682524193549 0.5730382217741936 0.7136774120967742 0.5774358524193548 0.7110937306451612 0.5899389661290323 0.7117339846774194 0.628877389516129 0.7009839629032257 0.6316726 0.6966797153225807 0.6255374048387097 0.6600582532258065 0.6259852258064517 0.6447104040322581 0.620246229032258 0.6409834556451612
1 0.7431358370967742 0.6140379951612903 0.7336698927419355 0.6160500435483871 0.7081910822580645 0.6280614774193549 0.698321175 0.6359306685483871 0.6707121701612904 0.6417991435483871 0.669376470967742 0.6490910354838709 0.6605125879032259 0.6616931983870967 0.6638964314516129 0.6931282016129032 0.6785049766129032 0.6978555072580646 0.6893313830645161 0.6906074741935484 0.7128285741935484 0.6847885241935484 0.7384255298387097 0.6694541040322581 0.7441588604838709 0.6595785306451613 0.7424517241935483 0.6360318153225806 0.7449306903225806 0.6186032967741936 0.7431358370967742 0.6140379951612903
1 0.37273511451612906 0.6692717548387097 0.3515987435483871 0.6609851717741936 0.33948049596774194 0.666034389516129 0.3364489935483871 0.6769846080645161 0.3491997314516129 0.6981839330645161 0.3734914169354839 0.7057998338709677 0.3884791629032258 0.702614089516129 0.37273511451612906 0.6692717548387097
2 0.6277517467741935 0.5812630991935485 0.6236151701612903 0.5792567169354839 0.5825960766129032 0.5879755943548387 0.5660801991935484 0.5956084935483871 0.560297343548387 0.6013722524193549 0.5603468685483871 0.6054840669354838 0.5662287733870968 0.6079439362903225 0.5964214604838709 0.6064730919354838 0.6149189580645161 0.5926477088709677 0.6286148629032259 0.5872631500000001 0.6277517467741935 0.5812630991935485
1 0.7383795750000001 0.7312989887096775 0.7171802491935484 0.7440497266129033 0.6939993040322581 0.7629929483870967 0.6913031427419355 0.775520825 0.6952777153225806 0.7903408991935483 0.6937495830645162 0.7947880548387097 0.700084975 0.7955025967741935 0.7178431685483871 0.7859566983870968 0.728570525 0.7704850370967742 0.7404715766129032 0.7605351758064516 0.744857875 0.7307464516129032 0.7383795750000001 0.7312989887096775
1 0.8747846112903225 0.5526642209677419 0.8694057185483871 0.5525708379032258 0.854753314516129 0.5573342387096775 0.8397217104838709 0.5700106895161291 0.8348019717741935 0.5817744991935484 0.8303470524193549 0.6189980233870968 0.834681729032258 0.6374516629032259 0.8599928685483871 0.6246514 0.8705773169354839 0.6104468169354839 0.876150739516129 0.5610307580645161 0.8747846112903225 0.5526642209677419
1 0.9227220620967742 0.5667966137096775 0.9129703016129033 0.5713428193548388 0.903913985483871 0.5811002467741936 0.8945088983870967 0.6144291524193548 0.8917688790322581 0.636447735483871 0.8948308104838709 0.6411559451612903 0.9053714 0.6364420685483871 0.9158377024193548 0.6255604709677419 0.925808756451613 0.5735607306451613 0.9227220620967742 0.5667966137096775
1 0.5733962282258064 0.7696651548387097 0.5419117008064516 0.7689371838709678 0.5135138677419355 0.7749733298387097 0.5027122233870968 0.7842772693548388 0.5050100887096773 0.7912090572580646 0.5192146717741936 0.8017935056451613 0.5390344395161291 0.8058253661290322 0.5771840338709677 0.7952430145161291 0.5748557403225806 0.7726527991935483 0.5733962282258064 0.7696651548387097
3 0.5485499088709678 0.8079251322580645 0.5193823427419354 0.8025823346774194 0.5039106806451613 0.7918549774193548 0.489780385483871 0.7874382508064517 0.45023989999999997 0.7875981580645162 0.4291282911290323 0.7813674822580645 0.407326904032258 0.7835281056451613 0.39759423951612904 0.7765276967741935 0.3685943435483871 0.7719737282258065 0.3606070064516129 0.7654268064516129 0.347433210483871 0.7616312379032258 0.3403337516129032 0.7631402741935484 0.33488623870967743 0.7704816911290322 0.3366810911290323 0.7750469919354839 0.35119625322580644 0.7851531911290323 0.356866629032258 0.7963149387096774 0.37645010483870966 0.8069927701612903 0.3758784717741936 0.8120610838709678 0.3691638798387097 0.8192595919354838 0.38975337983870967 0.834670395967742 0.38726874758064517 0.838496393548387 0.3888959306451613 0.8422728669354839 0.4041751588709677 0.8501554870967742 0.46920578709677413 0.8651891887096773 0.4787898774193548 0.8598541540322581 0.504821225 0.8543210201612902 0.5222249814516129 0.854744079032258 0.5311383887096773 0.8462537298387096 0.5434243064516129 0.8419933411290322 0.5510897322580646 0.8218134693548388 0.5505124322580645 0.8132792620967741 0.5485499088709678 0.8079251322580645
3 0.3211351427419355 0.7581519145161291 0.31336500080645163 0.7565056362903226 0.30277488629032256 0.7571076975806451 0.3005265459677419 0.7542877241935484 0.2924705887096774 0.7551756032258065 0.2775514637096774 0.7509265467741936 0.27014142661290325 0.7529138330645161 0.2770293556451613 0.7601066750000001 0.29594214838709676 0.7676291919354838 0.30956943225806455 0.7696794322580646 0.32292999516129034 0.7627172161290323 0.3211351427419355 0.7581519145161291
3 0.30139742580645157 0.7215361185483871 0.2800438588709678 0.7083488927419355 0.2511373467741935 0.6984160306451613 0.25283315 0.694757704032258 0.25041713951612904 0.6911489016129032 0.2072069943548387 0.6624079637096775 0.15203494032258064 0.612300029032258 0.14569954758064516 0.6115854879032258 0.1440780322580645 0.6214115362903225 0.14946259112903226 0.6351074403225807 0.1650523983870968 0.6425118112903226 0.16818861693548387 0.6533877427419355 0.183020025 0.6766182129032258 0.19016900806451614 0.6792209911290322 0.19547927983870966 0.6867491741935484 0.20929899677419356 0.6916441508064516 0.22604340322580643 0.7161169370967742 0.2605021451612903 0.740534531451613 0.31006111209677417 0.7448408758064515 0.30139742580645157 0.7215361185483871
3 0.7469952080645161 0.8688028088709678 0.7349455822580645 0.8664172266129033 0.7226596645161291 0.8706776161290322 0.7169892887096775 0.8595158677419356 0.7083121725806452 0.8613602459677419 0.6486774362903226 0.8872274919354839 0.5874841379032257 0.9018834653225807 0.5833475612903225 0.8998770830645161 0.5870992717741935 0.896193993548387 0.5997205314516129 0.8935112620967741 0.6032798080645161 0.8869834370967741 0.6189820951612903 0.8774623008064516 0.6009819435483871 0.8800516491935483 0.5602677629032258 0.8746897556451614 0.5324415620967742 0.8756575879032259 0.48024938870967737 0.8628417983870967 0.4658828016129032 0.8650710427419355 0.4216284403225806 0.854690360483871 0.39712522499999997 0.8557763379032258 0.38528712822580646 0.8446888774193547 0.3763928169354839 0.8416326129032259 0.3702441911290323 0.830160285483871 0.35221927661290325 0.8306937266129032 0.330747564516129 0.8208294862903226 0.3256049637096774 0.8140901314516129 0.33720110241935486 0.818221041935484 0.3412386298387097 0.812003795967742 0.33308362177419354 0.8046680459677419 0.29757499758064515 0.785008185483871 0.2943453951612903 0.7795111467741935 0.28499759677419356 0.778200210483871 0.26935826451612904 0.766684025 0.2615881225806452 0.7650377467741936 0.25293010322580645 0.7553355104838709 0.24231522580645162 0.7538816653225806 0.2406385185483871 0.7459933782258065 0.23599892983870965 0.7416205096774193 0.22318523709677418 0.7414585056451612 0.21796834919354838 0.7285514290322581 0.21194353629032256 0.7273586379032259 0.2118940112903226 0.7232468241935484 0.20086950483870966 0.7140476 0.19660911612903226 0.7017616822580645 0.18157184596774195 0.7008356112903226 0.17142388548387097 0.6724873024193548 0.1575051193548387 0.6593686975806451 0.1473932540322581 0.6602813387096774 0.1567714814516129 0.6772507040322581 0.1650064427419355 0.7043566967741935 0.1731119258064516 0.7075806322580646 0.1822729572580645 0.7196493548387096 0.1844526766129032 0.7299041274193548 0.19170070967741934 0.7407305338709678 0.20475636048387097 0.7478490887096774 0.22083008387096772 0.7691665596774193 0.22640140967741937 0.7721046790322581 0.23269294354838707 0.7823099274193548 0.2373381983870968 0.8002853169354839 0.24862375887096771 0.8048944774193548 0.28356075 0.8296226508064517 0.2924550620967742 0.8326789161290323 0.29623153467741936 0.8310517338709678 0.3015170435483871 0.8365240096774195 0.3059394370967742 0.835996235483871 0.30916903951612906 0.8414932733870968 0.3205479830645161 0.8407235411290322 0.32970901451612905 0.8527922637096774 0.34331153548387094 0.8527865967741937 0.34819308306451613 0.8641160153225805 0.3616526959677419 0.8653774274193547 0.3689997782258065 0.8844274629032257 0.377894089516129 0.8874837274193549 0.3787324435483871 0.891427870967742 0.38989985725806453 0.899360016935484 0.40819149274193545 0.9078390330645162 0.4253094322580645 0.9107962483870967 0.44027808225806453 0.9191571185483871 0.4741786201612903 0.9234938919354838 0.47850763064516133 0.928345010483871 0.5089861330645161 0.9243400088709677 0.5180481153225807 0.9281851024193548 0.5243587451612903 0.9268437370967741 0.5278741637096773 0.9298066185483872 0.5240290701612904 0.9388686008064516 0.5402647983870968 0.9473723798387097 0.557836225 0.9485842669354838 0.5810475991935483 0.9452994733870967 0.6699680475806451 0.9214520395161291 0.7122980782258064 0.9033853629032258 0.746690295967742 0.8828835798387097 0.7463988129032259 0.8718152153225806 0.7523988637096775 0.8709520991935483 0.7553369830645161 0.8653807733870968 0.7469952080645161 0.8688028088709678
3 0.8725908379032258 0.7382236379032258 0.8625037354838709 0.7411921862903226 0.8162790870967742 0.7642090298387096 0.7603217733870967 0.7802254653225806 0.7509548782258064 0.7904611419354839 0.7411535927419355 0.7908955338709678 0.7353955 0.7987152 0.7140476 0.7991304951612903 0.69279875 0.8077694185483871 0.6670836475806452 0.8264268233870967 0.6422316612903226 0.8510842798387097 0.6661384806451612 0.8530107080645161 0.6828220298387097 0.8461666379032258 0.6841386330645162 0.8504213596774194 0.6769705532258065 0.8593651959677421 0.6800324846774194 0.8640734064516129 0.6841442991935484 0.8640238814516129 0.7071384774193549 0.8558384451612903 0.7109644758064516 0.8583230766129033 0.7409399661290323 0.851951589516129 0.7608969758064517 0.8411138508064515 0.7705305911290323 0.8398906306451612 0.7988979959677419 0.818196056451613 0.8294833120967742 0.7836630274193549 0.857949766935484 0.7701920814516129 0.8738826790322581 0.7404224532258065 0.8725908379032258 0.7382236379032258
3 0.6499243475806452 0.15030009677419354 0.6365581177419355 0.14365979193548387 0.5454161879032258 0.11438898225806453 0.5196211322580645 0.11327614435483872 0.47506185806451606 0.11697623306451614 0.47716729032258065 0.12106328548387096 0.4740367379032258 0.12378987500000001 0.43003000080645165 0.1339682637096774 0.4196132233870967 0.14896167580645162 0.4291534548387097 0.15311734838709676 0.4615449572580645 0.15035466370967743 0.5071597806451612 0.15549936129032257 0.538072675 0.16129564596774193 0.561767964516129 0.17192395322580645 0.6053516435483871 0.17914932096774194 0.640898460483871 0.17571595241935484 0.6504521217741935 0.15472249032258065 0.6499243475806452 0.15030009677419354
3 0.35590276774193547 0.20413939677419357 0.33448624677419353 0.21198949112903223 0.31624413629032255 0.20762228951612904 0.30142406129032256 0.2115968620967742 0.2878958274193549 0.21777024919354837 0.2757089596774194 0.23025426693548387 0.2611060806451613 0.23912948225806452 0.2411547370967742 0.2635697427419355 0.24467015645161289 0.2665326241935484 0.250980785483871 0.2651912588709677 0.309944839516129 0.23616869758064515 0.3176159306451613 0.22959134758064514 0.35103255322580645 0.22001502016129032 0.35858549919354843 0.21676065564516128 0.3594924733870968 0.21326999919354836 0.35590276774193547 0.20413939677419357
3 0.4031942983870968 0.21717238145161288 0.3712371870967742 0.22973635241935486 0.35072764112903226 0.23409579112903225 0.34633000967741934 0.23667947338709677 0.34186375806451613 0.24669795483870968 0.33251595967741937 0.24538701774193547 0.3340002338709677 0.2504305693548387 0.33086968145161294 0.25315715887096774 0.3190372508064516 0.2556722201612903 0.30240322661290325 0.2666281048387097 0.29867627822580645 0.27236710161290323 0.28983149193548385 0.2734226508064516 0.2859559693548387 0.26682620403225804 0.27660817096774193 0.26551526693548383 0.26432225322580644 0.2697756564516129 0.21893595806451613 0.2967366435483871 0.19513385483870968 0.31663636451612903 0.17877221774193547 0.35020722822580647 0.1776289516129032 0.3603438556451613 0.18200748629032257 0.36930678790322585 0.14381969919354837 0.40298236774193547 0.14234109193548386 0.41154133790322583 0.14621661451612905 0.4181377838709678 0.13391160000000002 0.4339447870967742 0.13281785887096773 0.44819322822580643 0.12175516129032259 0.4620872322580645 0.11951815322580644 0.48647230161290317 0.11244345725806452 0.49003724516129027 0.10874127177419356 0.4978321491935484 0.10831821370967741 0.5152359056451613 0.11971625322580644 0.5029195588709677 0.12289066370967741 0.4907022620967742 0.13476695322580645 0.47869649435483874 0.1426248112903226 0.46136135887096774 0.14984241532258066 0.45652933629032255 0.15944560161290322 0.43964768790322584 0.16965085 0.43335615483870965 0.1821426314516129 0.4067913661290323 0.20352872338709677 0.3832828427419355 0.2210011008064516 0.3762711016129032 0.2327344814516129 0.36553241209677423 0.24166698548387094 0.3454954491935484 0.2718787677419355 0.3324779903225807 0.3170174387096774 0.28495793145161286 0.35214896048387095 0.2601766637096774 0.37915590322580645 0.2437180741935484 0.40779002822580646 0.2310359572580645 0.41096443951612904 0.21881865967741934 0.4031942983870968 0.21717238145161288
3 0.5815996895161291 0.032495801612903226 0.5420783008064516 0.021109095161290323 0.4800657451612903 0.020274310483870968 0.4200652379032258 0.028905470967741938 0.41380413306451613 0.03435865080645161 0.3925057580645161 0.03888576048387096 0.37379106451612903 0.04781050080645161 0.3645670782258065 0.056779099193548385 0.36875317983870964 0.06289729596774193 0.38125629354838714 0.06353755 0.43348665887096777 0.05326011129032258 0.5319530056451612 0.04717087096774194 0.552748368548387 0.04027727580645161 0.5869347241935483 0.04207989193548387 0.5815996895161291 0.032495801612903226
3 0.361552575 0.1085368814516129 0.35741599758064513 0.10653049919354837 0.3359994766129032 0.11438059435483872 0.32203685161290324 0.11075269596774194 0.2980861741935484 0.11831697419354838 0.2535382322580645 0.1492221056451613 0.24154379758064518 0.16455085887096776 0.2366735830645161 0.1804264830645161 0.24712078951612904 0.1810914991935484 0.29796026451612906 0.16039161693548387 0.3191404943548387 0.1591874927419355 0.3343397685483871 0.14729987096774194 0.3298430879032258 0.1416599241935484 0.3311787879032258 0.1343680322580645 0.35794943870967744 0.12455541370967742 0.3631111362903226 0.11974815403225805 0.3632045193548387 0.11436926129032257 0.361552575 0.1085368814516129
1 0.3887116612903226 0.17037043387096776 0.3831650983870968 0.16948822177419354 0.34967985483870967 0.18649934838709678 0.3432758419354838 0.1932196064516129 0.34342441612903224 0.2055550491935484 0.35776624112903227 0.20126989838709677 0.36417592096774193 0.20815216129032257 0.3748841814516129 0.20422711370967742 0.38991578548387096 0.1915506629032258 0.3900282653225806 0.1746251564516129 0.3887116612903226 0.17037043387096776
1 0.305395064516129 0.1604602379032258 0.29497262096774196 0.16185112822580647 0.28182925322580643 0.1737139879032258 0.275474764516129 0.18454606048387098 0.27438102338709675 0.1987945016129032 0.2992634387096774 0.1897954741935484 0.30781674193548386 0.17767156048387098 0.3073575887096774 0.16581436774193548 0.305395064516129 0.1604602379032258
2 0.7103819104838709 0.20588030725806453 0.6985933387096773 0.19890466129032258 0.6653139580645162 0.19361138870967742 0.6550839475806451 0.19784701532258064 0.6614688645161291 0.20267337096774193 0.6824128024193549 0.20811521774193548 0.7118661846774194 0.21092385887096776 0.7103819104838709 0.20588030725806453