1 0.7873111152570481 0.508121675787728 0.7796348001658374 0.5019836625207297 0.7682394593698176 0.4997686326699834 0.748908548092869 0.5036134469320066 0.7379096890547263 0.5145684444444444 0.7311521243781094 0.5580243805970149 0.7272863184079602 0.5648753076285241 0.7020995199004976 0.56842656053068 0.7025074361525705 0.5837105779436152 0.7095737562189055 0.5973323839137644 0.7147967777777777 0.6008817570480929 0.742131872305141 0.6036610398009951 0.7502256592039801 0.5967872421227197 0.7734338126036484 0.588205491708126 0.7822157628524047 0.5582360157545605 0.7873111152570481 0.508121675787728
1 0.8884414726368158 0.47456288142620234 0.8865867379767828 0.4623764593698175 0.8782318159203981 0.4510382960199005 0.8736874021558872 0.45268907213930354 0.8683061650082919 0.4499536517412935 0.8529211077943615 0.4617454726368159 0.8480831318407961 0.46925213598673304 0.8445146459369817 0.5310668142620233 0.8539999543946932 0.5409352877280266 0.8622976998341625 0.5417034991708125 0.8679496285240463 0.534355052238806 0.8812550008291874 0.5289166384742952 0.8855840215588723 0.5175098623548922 0.8884414726368158 0.47456288142620234
1 0.8731421019900498 0.5923820928689885 0.8700330713101161 0.5888212835820895 0.8589770339966832 0.5892063291873963 0.8561958723051409 0.5861316044776119 0.8516857645107794 0.5941243524046435 0.8106735663349918 0.6182512562189054 0.7930410530679933 0.6655062653399668 0.7903628092868988 0.6814574552238806 0.7991580746268656 0.684011788557214 0.8115027131011608 0.6813431011608624 0.8510566575456053 0.6581998018242122 0.8620212106135987 0.6409028333333333 0.8701474253731344 0.609961188225539 0.8731421019900498 0.5923820928689885
1 0.9202981102819238 0.47146340713101165 0.9174464560530678 0.4252949212271973 0.9109005265339968 0.41768721890547267 0.8967468946932006 0.41662544610281926 0.8895566641791045 0.41015956467661696 0.8862455555555555 0.42936656550580427 0.8889161218905473 0.47212102321724714 0.9012054635157546 0.48929220232172477 0.9070613499170812 0.48958576451077945 0.9179134286898838 0.4815587106135987 0.9202981102819238 0.47146340713101165
1 0.6139848913764511 0.48287754063018246 0.6148655779436152 0.46530988142620233 0.6109425945273632 0.4615908557213931 0.5948217529021559 0.45761257462686566 0.5827935464344942 0.4586533565505804 0.5439963789386401 0.4713849195688226 0.5297531426202322 0.48382104228855716 0.5169224195688226 0.48681759784411277 0.5114305862354892 0.5237619104477612 0.5161789577114428 0.5297531426202322 0.5157729212271974 0.544878943615257 0.5215048980099503 0.5523284303482586 0.5506718557213931 0.5630661550580431 0.5670862595356551 0.5611885497512438 0.5805155422885573 0.5485942106135986 0.6009768391376451 0.5432797064676617 0.60420978026534 0.5396845912106135 0.6139848913764511 0.48287754063018246
1 0.41038983250414596 0.5438228084577115 0.4064668490878939 0.5401037835820895 0.3901877918739635 0.5369394552238806 0.36807571807628525 0.5377095456053068 0.3437371791044776 0.5477609859038143 0.33971315671641794 0.5554258656716419 0.3377478258706467 0.5829191766169155 0.3446559303482587 0.597354935323383 0.3816231135986733 0.6070747487562189 0.39964255223880596 0.6012855953565506 0.402061539800995 0.5975322636815921 0.41038983250414596 0.5438228084577115
1 0.48406682338308454 0.6058701127694859 0.47802984991708125 0.6021625232172471 0.4334435281923715 0.596874648424544 0.4260950812603649 0.59122271973466 0.41931276699834164 0.600040855721393 0.37937377777777775 0.6121281177446103 0.3742212487562189 0.6516725058043118 0.39806414676616914 0.6702447620232173 0.43046404560530677 0.6773873714759535 0.4672044004975124 0.6752371956882255 0.472053811774461 0.6698445232172471 0.4845872147595357 0.6118842155887231 0.48406682338308454 0.6058701127694859
1 0.5252008930348259 0.7245223888888889 0.5113636940298507 0.7218327097844113 0.47769806301824214 0.7212017230514096 0.45153909618573795 0.7254087131011608 0.4454010829187397 0.733085027363184 0.44341288142620233 0.7563503582089552 0.4509309800995025 0.763302324212272 0.4683632951907131 0.7692249436152571 0.514215347429519 0.7680011956882256 0.5278238383084577 0.7284110663349918 0.5252008930348259 0.7245223888888889
1 0.4284452968490879 0.755130368159204 0.42921350829187394 0.7468326227197347 0.4330107023217247 0.7272977537313433 0.43981588723051407 0.7227075978441128 0.4394651484245439 0.7179935323383085 0.3896558059701492 0.709156284411277 0.3829630953565506 0.704476524875622 0.37192992951907133 0.7090895514096186 0.35289258043117744 0.7070784792703151 0.3413733291873964 0.7120193739635158 0.3395433449419569 0.734470751243781 0.34593105804311775 0.7428924063018242 0.36514949419568826 0.7483175066334992 0.3795070845771144 0.757021288557214 0.42296301990049756 0.7637788524046435 0.432707583747927 0.7614494684908789 0.4284452968490879 0.755130368159204
1 0.34459671393034824 0.7367200870646766 0.34094442205638475 0.7229171940298507 0.34462914096185737 0.7126522396351576 0.3573016484245439 0.7104696368159203 0.35987885240464346 0.7059023524046434 0.3322044543946932 0.7005229941956882 0.31254567495854063 0.703881723880597 0.3099913416252073 0.7126769900497512 0.31382472056384747 0.7298939104477612 0.33259137893864016 0.7419888499170813 0.3596100406301824 0.7463960381426202 0.34459671393034824 0.7367200870646766
1 0.3192117553897181 0.6435138648424544 0.31689380679933665 0.6358832918739635 0.2870939834162521 0.6284013781094527 0.27037458208955223 0.6340208797678275 0.26886103067993367 0.6548443515754561 0.2747740945273632 0.6657078656716419 0.29075959038142624 0.6747280804311775 0.3166249950248756 0.6763769776119403 0.3192117553897181 0.6435138648424544
1 0.2861866674958541 0.5809214195688226 0.2628984668325041 0.5747052379767827 0.25072347927031513 0.5786739626865672 0.24823775870646764 0.6001531708126037 0.25302043615257047 0.6124863747927031 0.2698198855721393 0.6216648059701493 0.28591785572139305 0.6214151061359867 0.2861866674958541 0.5809214195688226
1 0.2311237562189055 0.623012464344942 0.21872194029850747 0.6151111998341625 0.21026597844112768 0.6151569411276949 0.20494191873963516 0.622991472636816 0.20697774046434494 0.6385919228855721 0.21124002736318406 0.6449110240464345 0.22331397512437814 0.6523262039800996 0.23111420066334992 0.6513082927031509 0.2311237562189055 0.623012464344942
1 0.3083291293532338 0.7060185854063018 0.2868270505804312 0.6993048839137644 0.27349880679933664 0.7005153175787727 0.27325098673300163 0.7148271658374793 0.2773550572139304 0.7219602189054727 0.2946520257048093 0.7329247728026534 0.3172844900497513 0.7381687852404644 0.3083291293532338 0.7060185854063018
1 0.280464087893864 0.7255210281923714 0.27440424295190713 0.7175854568822554 0.2708872960199005 0.6987406301824213 0.254924671641791 0.6939483963515755 0.24469402321724712 0.696605648424544 0.2473970165837479 0.7152922587064677 0.26534972222222225 0.7272289817578772 0.27918692122719735 0.7299186608623549 0.280464087893864 0.7255210281923714
1 0.24694335903814263 0.6915522794361526 0.23161359950248758 0.6835042338308458 0.22185760033167498 0.6837196268656717 0.22124760530679935 0.6912034195688226 0.22684423631840794 0.7036948399668325 0.23566237230514095 0.7104771542288557 0.24542980762852404 0.712375751243781 0.24694335903814263 0.6915522794361526
1 0.2920785804311774 0.7983116948590382 0.27267905638474293 0.7894725671641791 0.2652066998341625 0.7909765630182422 0.26836147180762854 0.8029933333333333 0.2827190613598673 0.811697115257048 0.2963980447761194 0.8152007470978442 0.2920785804311774 0.7983116948590382
2 0.550482932835821 0.7987026973466004 0.5277379933665007 0.8027285995024875 0.5130868416252073 0.7998807039800995 0.5074120422885573 0.8030011699834162 0.4958584850746268 0.8016000928689884 0.49376736567164176 0.8058395091210614 0.5160719618573798 0.8105974369817579 0.5324863648424544 0.8087198316749585 0.5516361890547263 0.8014609883913765 0.550482932835821 0.7987026973466004
2 0.5610871907131012 0.8049874908789387 0.5185138200663351 0.8110720862354892 0.5017601135986733 0.8103496160862356 0.49788287147595356 0.8150865530679934 0.5027780240464345 0.8181498416252073 0.5392019461028192 0.8176275713101161 0.552564495854063 0.8227591094527363 0.5564417379767828 0.8180221733001659 0.5502579825870647 0.8172425265339966 0.5512187172470978 0.8144727993366501 0.5620822313432836 0.8085597354892206 0.5610871907131012 0.8049874908789387
3 0.6117184825870646 0.39458746268656714 0.6062571973466003 0.3770541094527363 0.5803460505804312 0.3669492504145937 0.5471779394693201 0.3681043864013267 0.5435713888888889 0.36275745522388064 0.5498561832504146 0.35215319651741295 0.5499800936981758 0.3449972728026534 0.5424734303482587 0.34015929684908786 0.5252222031509121 0.3376507048092869 0.5091471036484245 0.3421283855721393 0.4896351053067994 0.3425591724709784 0.4666537810945273 0.3630109129353234 0.4567071384742952 0.3881081069651741 0.4601897786069652 0.40061096268656715 0.4464669336650083 0.41906118822553895 0.45214361276948595 0.4463505406301824 0.48288317910447764 0.47724456467661697 0.5103536194029851 0.47498191459369815 0.5361046699834162 0.45549090713101165 0.5890325995024877 0.439593135986733 0.6071873830845771 0.4287620489220564 0.6117184825870646 0.39458746268656714
3 0.46390692454394694 0.36627816003316754 0.4450277918739635 0.363453135986733 0.4177613101160862 0.3733577951907131 0.4112839933665008 0.3784340348258706 0.411306864013267 0.38266201575456055 0.4507044709784411 0.39074248839137643 0.4618501111111111 0.376859548092869 0.46390692454394694 0.36627816003316754
3 0.45264113266998346 0.4481366633499171 0.4468062371475954 0.42166126285240463 0.44838840132669977 0.41352173383084573 0.45372389718076284 0.4078011932006634 0.4472008391376451 0.40442147097844117 0.41025652570480925 0.3989296384742952 0.3948142918739635 0.4001515074626866 0.3852622504145937 0.4080089096185738 0.3631749270315091 0.4434168001658375 0.36134494278606966 0.46586817744610287 0.3673837960199005 0.4999855862354892 0.37331973051409617 0.5150770812603648 0.39443676368159203 0.5107347462686567 0.4624447529021559 0.4867870497512438 0.47784124543946926 0.4771092197346601 0.45264113266998346 0.4481366633499171
3 0.3653479742951907 0.48438513598673294 0.3602374278606965 0.471565847429519 0.3592862504145937 0.4460397462686567 0.37583411940298506 0.40871038805970145 0.36978571061359866 0.402888807628524 0.35759928772802657 0.40474354228855725 0.3379062023217247 0.40176030099502485 0.3283312902155887 0.40538972222222225 0.3066957454394693 0.4341277728026534 0.304299627694859 0.4421090854063018 0.30583792951907135 0.45592341376451073 0.2956644585406302 0.4691506185737977 0.2926354759535655 0.48038774212271973 0.29440060613598673 0.5060720605306799 0.3079118167495854 0.5386854734660033 0.32371622553897184 0.5442916600331675 0.33977988971807627 0.5376999892205638 0.361789043946932 0.5179039850746269 0.3653479742951907 0.48438513598673294
3 0.30333309701492533 0.5339942786069652 0.2932244792703151 0.49908578772802653 0.2937429908789386 0.4746900721393035 0.3001860016583748 0.46327186069651743 0.27772318905472637 0.4593278855721393 0.26751541127694856 0.46621311857379766 0.26369534660033167 0.48152000746268653 0.2527307927031509 0.4988169759535655 0.2541794908789386 0.5261291998341625 0.25996864427860694 0.5441486376451078 0.258884 0.5540742893864012 0.2631462868988391 0.5603933897180763 0.270946512437811 0.5593754784411277 0.2944825339966833 0.551279811774461 0.3082511202321725 0.5412855489220564 0.30333309701492533 0.5339942786069652
3 0.2528890091210614 0.4980030232172471 0.24928245854063016 0.492656092039801 0.24264692537313431 0.4985462844112769 0.2389622064676617 0.5088112396351575 0.24125728358208953 0.5122138316749585 0.2511829344941957 0.5132984759535655 0.2528890091210614 0.4980030232172471
3 0.2597875572139303 0.5407346102819237 0.2536819701492537 0.5243430779436152 0.23626109121061362 0.5205344485903814 0.2243148126036484 0.5667829817578772 0.22519737810945273 0.5796251409618574 0.22878105804311777 0.5807440912106137 0.260387995854063 0.5615466459369817 0.2597875572139303 0.5407346102819237
3 0.21770982669983413 0.518195508291874 0.21231715422885572 0.5133460970149253 0.2015775505804312 0.5121032363184079 0.18400033416252073 0.5395183789386402 0.17104570066334993 0.5496708590381426 0.16614099170812605 0.5749033988391377 0.17519739220563849 0.5956696932006633 0.18333692122719736 0.5972518573797678 0.21367812769485905 0.5845660348258707 0.21770982669983413 0.518195508291874
3 0.533022587893864 0.15628787147595355 0.5375326956882255 0.14829512354892205 0.5153405737976783 0.13426728109452737 0.5230950580431177 0.12479340796019901 0.5173402106135987 0.11311594112769485 0.5104892835820896 0.1092501351575456 0.4808705472636816 0.10518224958540631 0.4662422653399669 0.10656233499170811 0.4381847014925373 0.12053675870646767 0.42518432587064675 0.12223327694859037 0.42067421890547263 0.13022602487562188 0.40996892122719736 0.135325135986733 0.38509855555555556 0.13724848341625207 0.37036923548922057 0.15001247346600333 0.3671591650082919 0.15783556965174128 0.3904816724709785 0.17039372222222224 0.44010992786069647 0.17581694278606966 0.5192883076285241 0.17262410613598675 0.542349679933665 0.1669702985074627 0.533022587893864 0.15628787147595355
3 0.5303900862354892 0.1806950223880597 0.52059978026534 0.17456844444444444 0.5100183930348259 0.17251163101160863 0.4685525373134328 0.17289855555555556 0.44759372056384744 0.17642693781094526 0.41017475870646763 0.17337696351575455 0.39831620398009954 0.17571778275290217 0.388323820066335 0.19235901492537313 0.39945990464344944 0.20677190298507464 0.4206455505804312 0.21511351077943616 0.47773472719734666 0.21691874461028193 0.48500312603648427 0.20777274046434493 0.4958895116086235 0.20608765754560532 0.5083466252072968 0.19414905555555556 0.5254167645107795 0.19324361940298507 0.5326965995024876 0.18621160530679934 0.5303900862354892 0.1806950223880597
3 0.42812934245439466 0.21572350497512438 0.3999345538971808 0.204330043946932 0.3902795936981758 0.19316153233830846 0.38442370729684905 0.19286797097844113 0.37273480514096186 0.19650882752902155 0.33643667247097847 0.22028499253731343 0.33209621641791043 0.22957777777777777 0.34474773217247096 0.25357701326699833 0.3638308233830846 0.2640440464344942 0.39096195936981754 0.25918132089552237 0.4060420190713101 0.25113139552238806 0.42192459618573797 0.24112569651741295 0.4369474792703151 0.22250582006633499 0.42812934245439466 0.21572350497512438
3 0.35991927529021556 0.26243901160862354 0.34474773217247096 0.25357701326699833 0.3335887769485904 0.23493614427860696 0.3325708656716418 0.22713591956882256 0.3366177595356551 0.22369902072968492 0.3284667951907131 0.22000286567164182 0.30623081177446104 0.2279288805970149 0.2826737985074627 0.2622063847429519 0.28989833499170814 0.27501423797678276 0.2980607346600332 0.28082438308457713 0.3190652935323383 0.28575196268656716 0.3297820265339967 0.2827668424543947 0.35336378938640134 0.2831271376451078 0.3630854825870647 0.2765697728026534 0.35991927529021556 0.26243901160862354
3 0.3254415713101161 0.29205962769485905 0.320851416252073 0.28525444278606965 0.2996886409618574 0.28114081592039797 0.2790901185737977 0.2610874344941957 0.2616253772802653 0.2792326625207297 0.25470771807628523 0.29309273217247095 0.26356016003316746 0.3062170182421227 0.2802013922056385 0.3162094021558872 0.2919131658374793 0.31679652653399665 0.2985715696517413 0.3151343142620232 0.3032513291873964 0.30844160364842454 0.3171895671641791 0.29974737810945273 0.33410149087893865 0.2996558946932007 0.3435067512437811 0.2947264361525705 0.3254415713101161 0.29205962769485905
3 0.31370880679933666 0.3176543416252073 0.27644806053067994 0.31379041459369816 0.2506493888888889 0.2944156409618574 0.24274812437810944 0.3068174568822554 0.24087239800995028 0.320812872305141 0.24581329270315092 0.3323321227197346 0.25983157877280266 0.3384358300165838 0.2862612371475953 0.3241449734660033 0.29975913266998344 0.3242345771144279 0.30710757960199003 0.3298865058043118 0.312759508291874 0.32253805887230513 0.31370880679933666 0.3176543416252073
3 0.2305407097844113 0.33485402985074625 0.22608590049751245 0.3230069104477612 0.21938175456053066 0.3162131608623549 0.21287013184079603 0.3149474295190713 0.19083810613598673 0.33051545356550577 0.1656303167495854 0.360248543946932 0.1575822711442786 0.37557830348258703 0.14689028772802654 0.413201223880597 0.15660242454394693 0.43493968739635164 0.17729055058043117 0.4414951724709784 0.18797297761194032 0.4321680812603648 0.1945742048092869 0.4199359170812604 0.21223146849087896 0.4073187072968491 0.20990208457711443 0.3975741434494196 0.21358680348258707 0.38730918905472633 0.2010267711442786 0.3802218772802653 0.19904812686567164 0.37519137893864013 0.2241891824212272 0.3631841641791045 0.2218597985074627 0.35343960033167493 0.22847246102819235 0.3433214270315091 0.2305407097844113 0.33485402985074625
3 0.1894312313432836 0.43118447595356546 0.17566264510779436 0.4411787396351575 0.15985823631840795 0.4355725530679933 0.14752315339966834 0.409945412106136 0.1404244063018242 0.42039145356550583 0.1303881600331675 0.4589865431177446 0.12948460281923715 0.4723262222222222 0.13345332835820897 0.48450120978441125 0.14415862603648424 0.4794020986733002 0.14492683665008294 0.4711043532338308 0.14817121310116085 0.46962322885572144 0.1703175928689884 0.4751951094527363 0.1828185688225539 0.44130265008291875 0.19399851575456054 0.4337616807628524 0.1894312313432836 0.43118447595356546
3 0.1426222031509121 0.4959975895522388 0.13015177446102819 0.47541238225538973 0.12266798258706468 0.4748023872305141 0.11067408291873965 0.48218514013266994 0.10066070646766169 0.5250082106135987 0.10156614262023217 0.5420783507462686 0.10600951741293532 0.5518114784411277 0.11689590215588724 0.5501263963515755 0.11454364759535654 0.536153851575456 0.11970949170812603 0.5291332728026534 0.12800723714759538 0.5299014842454395 0.13708462852404643 0.5244859402985075 0.14188829850746268 0.5106373059701492 0.1426222031509121 0.4959975895522388
3 0.6510565538971808 0.9027229328358208 0.6322002918739635 0.9041258897180764 0.600886916252073 0.9174674477611942 0.594567815920398 0.9217297346600333 0.5920134825870647 0.930525 0.5996669270315091 0.9324350323383084 0.6188396218905473 0.9294041708126036 0.62894635986733 0.9339028424543947 0.6351072437810945 0.9304545082918739 0.6269791500829187 0.9309863349917081 0.62710306053068 0.9238304104477612 0.6523908980099502 0.9088952529021559 0.6510565538971808 0.9027229328358208
3 0.7301434502487563 0.8826181724709784 0.7257572537313433 0.8834549966832503 0.6710432023217247 0.8998502877280264 0.6611632927031509 0.9072216053067993 0.6358411492537314 0.9158147918739635 0.6266055406301825 0.9220442885572139 0.6222650845771144 0.9313370737976783 0.6279741907131011 0.9345585787728026 0.6450443308457712 0.9336531426202321 0.7036013175787728 0.9061789444444445 0.7303245381426202 0.88603220066335 0.7301434502487563 0.8826181724709784
3 0.7989945389718076 0.23290643946932008 0.7821950903814262 0.22372800746268653 0.7724390912106136 0.22394340132669982 0.7727898308457711 0.22865746683250412 0.8018671849087894 0.2528930870646766 0.8046254759535655 0.25173983001658373 0.7989945389718076 0.23290643946932008
3 0.8248751384742952 0.29748896434494193 0.8168366492537313 0.2845228955223881 0.7874428615257048 0.2619151807628524 0.7752335688225539 0.25954193449419566 0.7753689137645108 0.2545000008291874 0.7708130646766169 0.25403678689883913 0.7776658706467662 0.2883124129353234 0.7891412595356551 0.30532537562189055 0.825138152570481 0.3461107446102819 0.8290382653399668 0.3456017885572139 0.8327344203980099 0.33745082504145935 0.8248751384742952 0.29748896434494193
3 0.8598751127694859 0.3042922703150912 0.8540859593698177 0.28627283167495854 0.8369014651741293 0.26603836401326697 0.8202926600331675 0.23197813184079602 0.8028603457711443 0.22605551243781094 0.7999552728026533 0.23013671227197346 0.8035961301824213 0.24182561442786069 0.8008835804311775 0.25143483250414594 0.8101096326699834 0.27350116500829186 0.8414382023217246 0.32309323466003315 0.8497816890547263 0.332317407960199 0.8579212180762852 0.3338995721393035 0.8592098200663351 0.3316159295190713 0.8598751127694859 0.3042922703150912
3 0.8874122860696518 0.28430374295190713 0.8683044452736317 0.23919891044776118 0.8640650290215589 0.23710779021558873 0.8626296459369818 0.24231937645107793 0.8661237213930348 0.25693622222222223 0.8438744228855721 0.23233842703150914 0.838415016583748 0.24521489220563847 0.8518919212271973 0.2714863341625207 0.8512819262023218 0.27897012686567163 0.8641945771144278 0.3211813225538972 0.8705822893864014 0.3296029784411277 0.8795357711442785 0.33134335903814266 0.8975323391376452 0.3213262247097844 0.8874122860696518 0.28430374295190713
3 0.7273496119402985 0.12563994776119403 0.733838364013267 0.12267769817578773 0.7209161575456053 0.10876233001658375 0.63605921973466 0.05425599585406302 0.5950451417910448 0.04797308043117745 0.5573326177446103 0.05077899336650083 0.5505388681592039 0.05748313847429519 0.5533543366500829 0.06689983416252074 0.5647954187396351 0.07757082587064676 0.5980778839137645 0.09755559452736318 0.6189242255389718 0.10329712686567165 0.6486115746268657 0.12004895439469321 0.6741605472636816 0.12332575787728026 0.6925879021558873 0.13282062189054727 0.7215737728026534 0.1401443184079602 0.7308208167495854 0.13602881260364844 0.7273496119402985 0.12563994776119403
3 0.8348161434494196 0.18116231426202323 0.8077612960199005 0.1400033349917081 0.7899210655058043 0.11879669734660034 0.7744102189054726 0.10733462437810946 0.7200774543946932 0.07396631426202321 0.6814366235489221 0.05547410613598673 0.6451023051409619 0.04249848092868989 0.6343970074626866 0.0475975912106136 0.6463470447761195 0.06216869568822554 0.7065356965174129 0.0958305671641791 0.7506035066334992 0.1255141583747927 0.7778947388059702 0.15024729850746268 0.8092328648424544 0.17154353980099502 0.823567583747927 0.1760193407960199 0.8335389767827529 0.18555994693200661 0.8348161434494196 0.18116231426202323
1 0.48976481260364846 0.24628778192371473 0.4725135854063019 0.24377918988391375 0.4364747089552239 0.2553574975124378 0.42371259784411275 0.271037995854063 0.41812928192371474 0.29107038474295194 0.41914719237147596 0.2988706102819237 0.42650707462686566 0.30663652902155886 0.4468558971807629 0.31059193946932007 0.4564422446102819 0.30907650829187394 0.4679157537313433 0.2956796525704809 0.4815489950248757 0.29072732255389716 0.4868044427860696 0.27020884825870645 0.48976481260364846 0.24628778192371473
1 0.31880024046434496 0.3870652868988391 0.3033351351575456 0.38405917495854064 0.28090662935323385 0.3864571708126036 0.2770293872305141 0.39119410779436153 0.2801841592039801 0.4032108781094527 0.2979329063018242 0.407505592039801 0.30653564925373133 0.4045319071310116 0.3188231111111111 0.391293267827529 0.31880024046434496 0.3870652868988391
1 0.3286897056384743 0.3513981409618574 0.32411098590381426 0.34670694610281927 0.30218 0.3508910646766169 0.28598099004975125 0.3625246691542288 0.2832455688225539 0.36790590630182424 0.2915776202321725 0.3750160887230514 0.31631264013267 0.378134675787728 0.3228128275290216 0.37728641625207293 0.3244064270315091 0.37126087810945274 0.3286897056384743 0.3513981409618574