2 0.4374659254098361 0.3722498286885246 0.44514433524590163 0.37853233360655736 0.4657903754098361 0.36987494426229506 0.49375511967213115 0.3646244918032787 0.5076588131147541 0.36650677540983606 0.5149489073770491 0.37155280655737705 0.5428278204918033 0.37121963770491806 0.551885756557377 0.36891835409836066 0.564839081147541 0.3547980073770492 0.5657444606557377 0.34989502950819673 0.5411273573770492 0.3277407155737705 0.530530463114754 0.3242765581967213 0.501860613114754 0.3229563270491803 0.4989564344262295 0.3249551270491803 0.4983964557377049 0.3335532213114754 0.4549318393442623 0.33443413688524587 0.4511365868852459 0.3405163680327869 0.4547601762295082 0.3442687049180328 0.49115135163934426 0.34941279836065575 0.44626429262295086 0.3613361450819672 0.43798298852459017 0.3661103762295082 0.4374659254098361 0.3722498286885246
2 0.2059101262295082 0.3936217139344262 0.210267431147541 0.4023056393442623 0.25143076393442626 0.3923667868852459 0.26698785737704916 0.3934581344262295 0.2777278040983607 0.388726818852459 0.2894160442622951 0.37663388278688525 0.2993078327868852 0.37352735655737707 0.30392263278688525 0.367459431147541 0.30407999016393444 0.35844441065573773 0.2833460450819672 0.34865483278688525 0.2751505721311475 0.34851178032786884 0.26694079344262295 0.3491882754098361 0.2280644401639344 0.3690046106557377 0.21920677704918035 0.35983223278688525 0.20872639918032787 0.3731759475409836 0.2056934737704918 0.3825506729508197 0.2059101262295082 0.3936217139344262
2 0.33698669426229505 0.46928149426229504 0.3706024385245902 0.4690484622950819 0.39017143606557375 0.47512861967213116 0.3937950254098361 0.47888095573770495 0.39366627868852455 0.4862568819672131 0.4022071508196721 0.4900950491803279 0.44164555819672136 0.4850448704918032 0.4590420196721311 0.47469116639344267 0.473822481147541 0.4733095663934426 0.48091022786885246 0.46646500901639343 0.4802766483606557 0.45579658852459015 0.47422302786885245 0.45036224180327866 0.460276418852459 0.45093859999999997 0.4498082721311475 0.44009851721311477 0.43432270573770493 0.43490943360655737 0.403899318852459 0.4401169696721312 0.39311645655737704 0.44730692704918035 0.3741667319672131 0.452714737704918 0.35694193360655735 0.45323387459016395 0.3470215352459016 0.4579794950819673 0.32736670491803277 0.45681662213114754 0.33698669426229505 0.46928149426229504
2 0.358033281147541 0.437676781147541 0.3703837114754098 0.4346131713114754 0.39896772950819676 0.4408506860655738 0.43269791639344257 0.4340612754098361 0.45307215655737704 0.4409752852459017 0.4752428491803279 0.4389028852459016 0.48227337459016395 0.4353365172131147 0.4856660057377049 0.42883735983606563 0.47969821639344257 0.4184857286885246 0.45111419836065575 0.41224821393442623 0.40355184508196723 0.4130576040983606 0.3837968786885246 0.41763156229508197 0.36165479590163935 0.41806486721311475 0.35498397622950817 0.4245068040983606 0.358033281147541 0.437676781147541
2 0.1958734237704918 0.5459287631147541 0.199511318852459 0.5488615516393442 0.21752705327868854 0.5499958147540984 0.22234420081967213 0.5558184770491803 0.24267552540983606 0.5651911286885246 0.2551117868852459 0.5572102344262295 0.2625020180327869 0.5565194344262295 0.26544911229508195 0.5520619926229509 0.2647869229508197 0.5430326672131148 0.26116333360655736 0.539280331147541 0.24806488196721313 0.5382319 0.23431854672131147 0.5273345959016393 0.21946655819672134 0.5328139319672132 0.2014365180327869 0.5324992163934427 0.1956138557377049 0.5373163639344263 0.1958734237704918 0.5459287631147541
2 0.17266052213114755 0.6311923655737705 0.1857017524590164 0.6355189860655738 0.1937398680327869 0.6446770590163935 0.2075577295081967 0.6514766262295082 0.20535865655737706 0.6600461098360656 0.21221751885245901 0.6663143090163934 0.2195791393442623 0.6672626032786886 0.224381981147541 0.673904813114754 0.23055004344262295 0.6727827819672131 0.2342716950819672 0.6474340368852458 0.21884127540983606 0.6156025139344262 0.2106458024590164 0.6154594614754099 0.19900047704918034 0.6250937549180328 0.16624719590163936 0.6228824508196722 0.17266052213114755 0.6311923655737705
2 0.11817378934426229 0.535554743442623 0.12908747213114755 0.5443531114754099 0.1423003655737705 0.5388451639344263 0.15046722868852458 0.5406273114754099 0.15423386967213115 0.5361841745901639 0.15280935409836066 0.5238623549180328 0.1419528918032787 0.5117857983606557 0.12885444016393444 0.5107373672131148 0.12467087213114755 0.5155831245901639 0.11152950573770493 0.5169933352459016 0.11817378934426229 0.535554743442623
2 0.12641010409836065 0.5098749040983607 0.1370499131147541 0.510880419672131 0.16093122704918034 0.5047388934426229 0.1631303 0.49616940983606556 0.1615913426229508 0.49040396885245896 0.1514829008196721 0.48243945327868853 0.1424249655737705 0.484740737704918 0.13264761885245901 0.4812908852459017 0.12249833606557377 0.49914926311475405 0.12641010409836065 0.5098749040983607
2 0.13265985000000002 0.45710708770491804 0.13542097622950822 0.4633037606557377 0.14946772213114753 0.4569905721311476 0.16163010983606557 0.4412168254098361 0.16102514180327868 0.42890931147540984 0.1500685426229508 0.42256958524590166 0.13855196475409837 0.4248279540983607 0.1326577762295082 0.433742837704918 0.13265985000000002 0.45710708770491804
2 0.18317530737704918 0.3575637073770492 0.22052700819672133 0.33116238278688526 0.23427127049180327 0.31869543606557377 0.2420477426229508 0.29587685983606554 0.23181055409836065 0.2952882704918033 0.21184100901639344 0.3121554368852459 0.18088832786885248 0.3476862237704918 0.18317530737704918 0.3575637073770492
2 0.23648464836065575 0.3093064057377049 0.24731042622950822 0.299657806557377 0.25884130983606557 0.29657989098360654 0.26680582459016394 0.28647144918032785 0.26292266721311475 0.2741067139344262 0.24681989999999998 0.2807939131147541 0.22429157622950818 0.30335499590163933 0.23648464836065575 0.3093064057377049
2 0.26565518278688527 0.281942481147541 0.297731968852459 0.27594400819672127 0.3115927467213115 0.2802849336065574 0.3256537975409836 0.2731521975409836 0.33320138606557376 0.26344637704918034 0.348915837704918 0.2555227040983607 0.3551983418032787 0.2478442942622951 0.33357332295081965 0.24213814754098362 0.3203604295081967 0.24764609426229509 0.30641382049180327 0.2482224524590164 0.28246098032786887 0.25846171475409835 0.26331098278688525 0.275343187704918 0.26565518278688527 0.281942481147541
2 0.5546636868852459 0.7263983303278688 0.6078770401639345 0.7306063606557377 0.6243538172131147 0.7259751819672131 0.6335118901639344 0.7179370672131148 0.6441946155737704 0.7164839409836066 0.6480041729508197 0.709582162295082 0.625645437704918 0.6989444270491804 0.6009302721311476 0.7058911950819673 0.5532820868852459 0.711617868852459 0.5546636868852459 0.7263983303278688
2 0.5232511647540983 0.7647903803278688 0.5325400581967213 0.7727405893442623 0.5785205385245902 0.7686244 0.6038835885245901 0.7715265049180328 0.6253777860655738 0.7612443262295082 0.6308121327868853 0.755190705737705 0.620675081147541 0.7488652852459016 0.5525239090163935 0.755053875409836 0.5409787204918033 0.7589513385245902 0.5286998163934427 0.7579172122950819 0.5229057647540983 0.7610952647540983 0.5232511647540983 0.7647903803278688
2 0.5656938868852459 0.7520045696721311 0.5968509885245902 0.7517286221311476 0.6239961860655738 0.7464638647540984 0.629459143442623 0.7387711491803278 0.616000986885246 0.73484715 0.582285105737705 0.7408170131147541 0.5617964237704918 0.7404593819672132 0.5576271606557377 0.7444855918032787 0.5656938868852459 0.7520045696721311
3 0.7381726155737706 0.592695393442623 0.7795096852459016 0.5962862237704918 0.7776274016393443 0.6101899172131148 0.7656816663934426 0.6370347049180327 0.7611547721311476 0.6615495967213115 0.7599489827868852 0.683663068852459 0.7692092663934426 0.6932523729508197 0.7856145172131147 0.6927189303278688 0.7980507795081967 0.6847380368852459 0.810963262295082 0.6964405827868853 0.8199496721311476 0.6982370352459016 0.8414152598360656 0.6895939516393442 0.8517955008196721 0.6819870680327869 0.8602913836065573 0.6649196270491804 0.8802609295081967 0.6480524598360656 0.8963616221311476 0.6180010098360655 0.8943607483606557 0.591732581147541 0.9063493991803279 0.5624291516393443 0.9067928622950819 0.5370231860655738 0.9147696081967213 0.5027309467213115 0.9105205229508196 0.4173978918032787 0.906694586885246 0.40175496721311477 0.8977510926229508 0.3974998729508197 0.8982538508196721 0.3921799680327869 0.8843644622950819 0.3894781368852459 0.8681880950819673 0.37689882295081967 0.8485618762295081 0.3740968549180328 0.836313656557377 0.3947878844262295 0.8213901418032786 0.4043649573770492 0.8192053737704919 0.412114893442623 0.8110814270491804 0.4078741049180328 0.8065381540983606 0.4098442942622951 0.7868588614754098 0.4570490163934426 0.7849378098360656 0.5201398524590164 0.7831699680327868 0.5274871672131147 0.7748457483606558 0.5347200401639344 0.7820070950819673 0.5471419975409836 0.7848418213114754 0.5726051844262294 0.7761149803278689 0.579421131147541 0.7556119926229509 0.5798830467213114 0.7497607196721311 0.5863392885245902 0.7382155311475409 0.5902367516393443 0.7381726155737706 0.592695393442623
1 0.6483721737704918 0.8059147319672131 0.6672074565573771 0.8070632999999999 0.7119779991803279 0.778332081147541 0.7348946393442622 0.7570074729508197 0.761706668032787 0.7238638016393443 0.7668099196721312 0.713295518852459 0.7679298770491804 0.6960993303278689 0.7594605303278689 0.6881634262295082 0.7446657639344262 0.6903645737704918 0.7192475663934427 0.7141049081967213 0.6795251286885247 0.7589102836065573 0.6592530991803278 0.7696236934426229 0.6469476581967214 0.793592912295082 0.6483721737704918 0.8059147319672131
2 0.12031585409836067 0.69463275 0.1351842213114754 0.7116981163934426 0.1400585893442623 0.7142425893442622 0.14711772540983606 0.7090371270491803 0.14477352540983607 0.7024378327868852 0.1366638844262295 0.6973774967213116 0.12182412786885247 0.6786730352459016 0.11286632868852459 0.6752374885245901 0.12031585409836067 0.69463275
2 0.29427653278688526 0.7087365040983606 0.30411109999999997 0.7089081672131148 0.35620449590163933 0.7303123852459016 0.3733863778688525 0.7322518901639344 0.38782144016393444 0.727175174590164 0.38645414508196724 0.7115751655737705 0.3641240204918033 0.6992983352459016 0.34531734836065575 0.6965106729508197 0.3329526131147541 0.7003938303278688 0.2962446483606557 0.6899155270491804 0.28794903852459014 0.6955093049180328 0.29427653278688526 0.7087365040983606
2 0.2950019524590164 0.6202110909836065 0.30562745655737705 0.6220361540983607 0.31655544508196726 0.630014974590164 0.30952491967213114 0.6335813426229508 0.2907468581967213 0.6291545852459016 0.29470154262295084 0.6374215844262294 0.3533227057377049 0.6605793393442623 0.3706047245901639 0.656782013114754 0.3893970918032787 0.6603892229508197 0.39557945901639346 0.6584476442622951 0.39343553278688526 0.640374687704918 0.3882300704918033 0.6333155516393443 0.3613566729508197 0.6230089114754098 0.3285318655737705 0.6248953434426229 0.29110448934426225 0.6086659032786885 0.2950019524590164 0.6202110909836065
2 0.4628907696721311 0.7473408459016394 0.46185664344262295 0.7596197499999999 0.4654802327868853 0.7633720860655737 0.4934306721311475 0.7589411811475409 0.5095763549180328 0.7497953393442623 0.5051904393442623 0.7427505081967213 0.4872033147540984 0.7399771508196721 0.4741906950819672 0.7340114360655738 0.46596661147540985 0.7355074778688524 0.45928148606557373 0.7427689614754098 0.4628907696721311 0.7473408459016394
2 0.376452062295082 0.7679665713114754 0.39061532459016396 0.7784612540983606 0.42415954262295086 0.7823259581967213 0.4485006975409836 0.7733231696721311 0.44412908770491805 0.7654587918032787 0.42952028934426234 0.7570058237704917 0.41147594344262295 0.7575106557377049 0.3944228081967213 0.7481952254098361 0.383768693442623 0.7480092573770492 0.3729429155737705 0.757657856557377 0.376452062295082 0.7679665713114754
2 0.47435613606557375 0.6540841172131148 0.4804383672131148 0.6578793696721311 0.5025661442622951 0.6582656114754097 0.526547594262295 0.6463872540983606 0.5287609729508197 0.6369982237704918 0.5235412049180328 0.6307586344262295 0.5153886475409836 0.6281569401639344 0.48006228278688523 0.6324590983606557 0.47629564098360655 0.6369022344262295 0.47481597786885243 0.6512228540983607 0.47435613606557375 0.6540841172131148
2 0.46204654754098357 0.6313248352459017 0.4783945778688525 0.6340695819672131 0.49895478606557375 0.6303294770491804 0.5051800696721311 0.6259292565573771 0.5069479114754099 0.6185819409836066 0.5025190803278689 0.6139957524590164 0.469937462295082 0.6019498803278689 0.45971665245901644 0.6239059942622951 0.46204654754098357 0.6313248352459017
2 0.4612189172131148 0.7022228286885246 0.4729235368852459 0.7126745959016393 0.4925783663934426 0.7138374696721311 0.5030015237704919 0.703771943442623 0.5023393336065574 0.6947426180327869 0.49391290327868853 0.6843480721311475 0.45862945409836064 0.6861915885245902 0.4612189172131148 0.7022228286885246
2 0.4525901385245902 0.6799376942622951 0.45706188524590163 0.6820652409836065 0.488995618852459 0.6842622409836066 0.49604045 0.6798763254098361 0.4978082918032787 0.6725290098360656 0.49018710327868853 0.6629683163934426 0.4705608836065574 0.6601663483606558 0.4565856639344262 0.6623818008196721 0.45146810655737707 0.6737696319672132 0.4525901385245902 0.6799376942622951
2 0.3800918180327869 0.6298943106557376 0.39974664836065577 0.6310571836065574 0.41031493114754103 0.6361604360655737 0.43592117049180334 0.6251302360655738 0.45727231639344257 0.623043531147541 0.4652511360655738 0.6121155426229509 0.4616561573770492 0.6067241114754098 0.45350360081967217 0.6041224172131148 0.36680325081967213 0.5927714926229508 0.3589531778688525 0.5963235557377049 0.3509171368852459 0.6105297336065574 0.3426644426229508 0.6136648704918033 0.3800918180327869 0.6298943106557376
2 0.38333724918032785 0.5848621254098361 0.3972266368852459 0.587563956557377 0.4207932352459016 0.5994524704918033 0.4551426950819672 0.6041510278688524 0.4666163573770492 0.6043513008196721 0.4695491459016394 0.600713406557377 0.46658567295081965 0.5826261450819672 0.4458660319672131 0.5720170204918033 0.4065563729508197 0.5696912737704919 0.38601046967213115 0.572611831147541 0.38018780737704916 0.5774289786885246 0.38333724918032785 0.5848621254098361