1 0.5625 0.611328125 0.575 0.582421875 0.57421875 0.567578125 0.58046875 0.554296875 0.58046875 0.534765625 0.575 0.515234375 0.569140625 0.5078125 0.551953125 0.503125 0.484765625 0.5015625 0.46640625 0.521484375 0.45546875 0.544921875 0.44296875 0.548828125 0.44296875 0.552734375 0.45 0.559765625 0.45 0.568359375 0.4390625 0.599609375 0.4421875 0.632421875 0.449609375 0.6390625 0.55625 0.641015625 0.56171875 0.633984375 0.5625 0.611328125
1 0.506640625 0.496875 0.557421875 0.5015625 0.572265625 0.50859375 0.57578125 0.506640625 0.58984375 0.464453125 0.59296875 0.426171875 0.58515625 0.400390625 0.567578125 0.37890625 0.519140625 0.37578125 0.515234375 0.3765625 0.50546875 0.388671875 0.4875 0.417578125 0.46484375 0.470703125 0.465625 0.505859375 0.467578125 0.51171875 0.471875 0.511328125 0.480859375 0.50078125 0.506640625 0.496875
1 0.471875 0.425390625 0.49140625 0.394921875 0.49453125 0.382421875 0.49375 0.362890625 0.48671875 0.345703125 0.480078125 0.33984375 0.458984375 0.33671875 0.420703125 0.3390625 0.395703125 0.36875 0.3859375 0.373046875 0.38984375 0.380859375 0.3796875 0.404296875 0.3796875 0.427734375 0.392578125 0.43203125 0.43671875 0.433203125 0.465234375 0.43125 0.471875 0.425390625
1 0.62734375 0.358203125 0.62109375 0.349609375 0.61484375 0.330078125 0.608203125 0.32109375 0.601953125 0.31953125 0.570703125 0.315625 0.555859375 0.31875 0.54296875 0.344140625 0.52890625 0.348828125 0.53671875 0.357421875 0.53359375 0.373046875 0.569140625 0.37890625 0.58359375 0.395703125 0.594921875 0.41640625 0.62109375 0.422265625 0.6265625 0.388671875 0.62734375 0.358203125
1 0.62421875 0.300390625 0.612109375 0.28125 0.591796875 0.27421875 0.564453125 0.27265625 0.553515625 0.2875 0.5453125 0.290234375 0.55078125 0.295703125 0.549609375 0.32109375 0.562109375 0.315625 0.602734375 0.31953125 0.60859375 0.322265625 0.616796875 0.3359375 0.62109375 0.337109375 0.6234375 0.334765625 0.62421875 0.300390625
1 0.63828125 0.257421875 0.634375 0.248828125 0.623828125 0.23984375 0.606640625 0.23515625 0.591015625 0.23515625 0.5796875 0.243359375 0.578125 0.262890625 0.582421875 0.27109375 0.63671875 0.279296875 0.63984375 0.269921875 0.63828125 0.257421875
1 0.675390625 0.21953125 0.655859375 0.2140625 0.65078125 0.216015625 0.6515625 0.226953125 0.658203125 0.2359375 0.68984375 0.244921875 0.68671875 0.231640625 0.675390625 0.21953125
1 0.76875 0.325390625 0.76015625 0.311328125 0.75625 0.296484375 0.733984375 0.28828125 0.73515625 0.307421875 0.74375 0.316015625 0.7484375 0.328515625 0.76640625 0.335546875 0.76953125 0.330859375 0.76875 0.325390625
3 0.868359375 0.47265625 0.87578125 0.469921875 0.87890625 0.444921875 0.87890625 0.393359375 0.871875 0.356640625 0.85078125 0.314453125 0.8234375 0.274609375 0.805859375 0.26015625 0.796484375 0.25703125 0.787890625 0.2484375 0.780078125 0.2453125 0.75703125 0.258984375 0.75859375 0.306640625 0.78046875 0.360546875 0.784375 0.399609375 0.796875 0.424609375 0.79921875 0.439453125 0.81015625 0.453515625 0.8140625 0.471484375 0.825390625 0.4859375 0.84765625 0.491796875 0.856640625 0.46875 0.868359375 0.47265625
3 0.291015625 0.3703125 0.296484375 0.37734375 0.301171875 0.3765625 0.310546875 0.36484375 0.32109375 0.357421875 0.32890625 0.332421875 0.351171875 0.31953125 0.35703125 0.308203125 0.375 0.287890625 0.3828125 0.251953125 0.38203125 0.243359375 0.36484375 0.228515625 0.355859375 0.215625 0.337109375 0.21328125 0.318359375 0.22265625 0.301171875 0.22421875 0.272265625 0.2390625 0.2484375 0.258984375 0.2234375 0.294140625 0.21796875 0.316796875 0.21015625 0.333203125 0.209375 0.347265625 0.221875 0.353515625 0.221875 0.361328125 0.227734375 0.36796875 0.247265625 0.3640625 0.2640625 0.379296875 0.273828125 0.3671875 0.291015625 0.3703125
3 0.442578125 0.2078125 0.444921875 0.2 0.463671875 0.1953125 0.478125 0.184765625 0.416015625 0.1859375 0.415234375 0.18359375 0.424609375 0.18046875 0.478515625 0.178125 0.492578125 0.175 0.49375 0.171484375 0.4828125 0.162109375 0.48359375 0.144921875 0.478515625 0.14453125 0.473828125 0.14921875 0.461328125 0.14921875 0.453515625 0.140625 0.437890625 0.1421875 0.384765625 0.16796875 0.37578125 0.180859375 0.380859375 0.1875 0.404296875 0.184375 0.407421875 0.17890625 0.4140625 0.180859375 0.405078125 0.1890625 0.378515625 0.19453125 0.371875 0.206640625 0.36875 0.223828125 0.380859375 0.23203125 0.39296875 0.231640625 0.399609375 0.2234375 0.442578125 0.2078125
3 0.12109375 0.536328125 0.12109375 0.502734375 0.1328125 0.438671875 0.13203125 0.370703125 0.125390625 0.3546875 0.1171875 0.358984375 0.10703125 0.392578125 0.09140625 0.411328125 0.075 0.491015625 0.075 0.505859375 0.08203125 0.535546875 0.09453125 0.561328125 0.103125 0.566015625 0.11484375 0.553515625 0.12109375 0.536328125
3 0.55546875 0.146484375 0.55625 0.141015625 0.545703125 0.13203125 0.537890625 0.13203125 0.532421875 0.121875 0.523046875 0.121875 0.495703125 0.13046875 0.48515625 0.143359375 0.488671875 0.15234375 0.521875 0.157421875 0.545703125 0.153125 0.55546875 0.146484375
3 0.734375 0.184765625 0.681640625 0.1328125 0.664453125 0.12734375 0.6515625 0.132421875 0.65625 0.144921875 0.688671875 0.17578125 0.716796875 0.190625 0.734375 0.194921875 0.7375 0.192578125 0.734375 0.184765625
3 0.603515625 0.13046875 0.61015625 0.125390625 0.609375 0.122265625 0.595703125 0.115625 0.571484375 0.115625 0.566015625 0.1234375 0.554296875 0.1171875 0.547265625 0.1171875 0.54140625 0.121484375 0.54140625 0.130078125 0.545703125 0.13046875 0.557421875 0.14140625 0.58125 0.141796875 0.583203125 0.1375 0.603515625 0.13046875
1 0.19453125 0.613671875 0.17890625 0.557421875 0.169140625 0.54921875 0.16484375 0.551171875 0.16015625 0.557421875 0.165625 0.569921875 0.160546875 0.57734375 0.15625 0.569140625 0.15703125 0.557421875 0.153125 0.544921875 0.137890625 0.54140625 0.13203125 0.547265625 0.12734375 0.570703125 0.1296875 0.599609375 0.141796875 0.615625 0.165234375 0.62578125 0.173046875 0.62421875 0.183203125 0.63671875 0.19140625 0.637890625 0.19453125 0.629296875 0.19453125 0.613671875
1 0.21171875 0.573046875 0.209375 0.547265625 0.20390625 0.532421875 0.191015625 0.51875 0.181640625 0.51328125 0.162890625 0.515625 0.145703125 0.521875 0.140625 0.538671875 0.151171875 0.54375 0.157421875 0.53984375 0.163671875 0.5484375 0.175390625 0.55390625 0.1828125 0.565234375 0.18828125 0.586328125 0.193359375 0.59140625 0.20078125 0.592578125 0.20625 0.587109375 0.21171875 0.573046875
1 0.2453125 0.467578125 0.24609375 0.445703125 0.243359375 0.434375 0.216796875 0.42265625 0.200390625 0.4203125 0.184765625 0.42578125 0.153125 0.448828125 0.149609375 0.46875 0.167578125 0.45390625 0.182421875 0.45390625 0.192578125 0.46640625 0.20859375 0.474609375 0.214453125 0.4875 0.225 0.488671875 0.23984375 0.476953125 0.2453125 0.467578125
1 0.219140625 0.42265625 0.231640625 0.42890625 0.244140625 0.428125 0.255859375 0.421875 0.266796875 0.42265625 0.2796875 0.412109375 0.2828125 0.383984375 0.278515625 0.3765625 0.262890625 0.3859375 0.259765625 0.384375 0.215234375 0.3921875 0.2109375 0.388671875 0.21484375 0.373046875 0.207421875 0.371875 0.19609375 0.381640625 0.1765625 0.413671875 0.1703125 0.431640625 0.17421875 0.433984375 0.198046875 0.4203125 0.219140625 0.42265625
1 0.2578125 0.376171875 0.246484375 0.365625 0.233984375 0.36875 0.2265625 0.373828125 0.22109375 0.384765625 0.2203125 0.389453125 0.2265625 0.391015625 0.257421875 0.38515625 0.2578125 0.376171875
1 0.326171875 0.390625 0.344921875 0.38515625 0.3546875 0.376953125 0.3578125 0.361328125 0.353125 0.355859375 0.35703125 0.348828125 0.351953125 0.34453125 0.330078125 0.340625 0.321875 0.360546875 0.30859375 0.369140625 0.30625 0.375390625 0.30703125 0.399609375 0.3125 0.401953125 0.317578125 0.40078125 0.326171875 0.390625
1 0.408203125 0.31796875 0.41171875 0.308203125 0.409375 0.296484375 0.388671875 0.2890625 0.379296875 0.2890625 0.370703125 0.29375 0.35625 0.313671875 0.35703125 0.319921875 0.365625 0.330078125 0.396484375 0.3234375 0.408203125 0.31796875
1 0.43046875 0.276953125 0.4296875 0.262890625 0.417578125 0.2515625 0.384765625 0.253125 0.3796875 0.272265625 0.3796875 0.287109375 0.4109375 0.293359375 0.423828125 0.28515625 0.43046875 0.276953125
1 0.465625 0.227734375 0.465625 0.219921875 0.437109375 0.2109375 0.423828125 0.215625 0.42109375 0.220703125 0.425 0.238671875 0.43515625 0.240234375 0.458984375 0.23515625 0.465625 0.227734375
2 0.57578125 0.225390625 0.56953125 0.211328125 0.557421875 0.20390625 0.55390625 0.219140625 0.561328125 0.2296875 0.5671875 0.230078125 0.575390625 0.22890625 0.57578125 0.225390625
2 0.544140625 0.19921875 0.5375 0.203515625 0.540625 0.211328125 0.53984375 0.219921875 0.55 0.220703125 0.55078125 0.205859375 0.544140625 0.19921875
0 0.93046875 0.353515625 0.9140625 0.307421875 0.903125 0.289453125 0.89921875 0.276171875 0.8671875 0.240234375 0.821484375 0.19921875 0.764453125 0.1609375 0.754296875 0.15859375 0.749609375 0.153125 0.730078125 0.14609375 0.718359375 0.13828125 0.686328125 0.1328125 0.68984375 0.141015625 0.734375 0.183984375 0.7390625 0.192578125 0.73671875 0.196484375 0.73984375 0.202734375 0.762890625 0.215625 0.773046875 0.22578125 0.776953125 0.22265625 0.780859375 0.22890625 0.784765625 0.22890625 0.78671875 0.231640625 0.7828125 0.237109375 0.790625 0.243359375 0.7921875 0.248828125 0.800390625 0.25078125 0.8296875 0.280078125 0.85234375 0.314453125 0.8625 0.335546875 0.871484375 0.346875 0.876171875 0.34609375 0.88203125 0.353515625 0.88046875 0.357421875 0.88515625 0.366796875 0.89140625 0.369140625 0.89140625 0.378515625 0.906640625 0.3890625 0.910546875 0.37578125 0.921484375 0.3765625 0.92421875 0.388671875 0.93515625 0.391796875 0.93828125 0.388671875 0.93046875 0.353515625