2 0.82890625 0.571484375 0.8375 0.551171875 0.83828125 0.530078125 0.831640625 0.52109375 0.819140625 0.5234375 0.81171875 0.533203125 0.8140625 0.591796875 0.81015625 0.613671875 0.8125 0.614453125 0.82578125 0.606640625 0.82890625 0.571484375
2 0.514453125 0.25703125 0.52421875 0.247265625 0.500390625 0.228125 0.493359375 0.228125 0.4828125 0.237109375 0.4765625 0.250390625 0.4765625 0.259765625 0.48359375 0.264453125 0.495703125 0.25859375 0.514453125 0.25703125
2 0.71640625 0.269921875 0.703515625 0.25703125 0.696484375 0.2578125 0.69140625 0.267578125 0.70234375 0.301953125 0.718359375 0.3171875 0.73046875 0.317578125 0.7296875 0.300390625 0.71640625 0.269921875
2 0.29140625 0.812109375 0.264453125 0.784375 0.257421875 0.78203125 0.25546875 0.784765625 0.26171875 0.801171875 0.275390625 0.81640625 0.27890625 0.816796875 0.290234375 0.815625 0.29140625 0.812109375
1 0.148828125 0.63984375 0.135546875 0.63515625 0.14140625 0.678515625 0.15546875 0.716015625 0.174609375 0.74296875 0.195703125 0.7578125 0.2046875 0.758984375 0.1609375 0.651171875 0.148828125 0.63984375
1 0.145703125 0.709375 0.136328125 0.70546875 0.159375 0.765234375 0.176953125 0.7859375 0.196875 0.798046875 0.16328125 0.729296875 0.145703125 0.709375
1 0.262890625 0.85234375 0.22265625 0.828515625 0.2265625 0.843359375 0.239453125 0.86171875 0.269140625 0.8828125 0.2953125 0.891796875 0.2875 0.876953125 0.262890625 0.85234375
1 0.234375 0.220703125 0.236328125 0.2078125 0.219921875 0.2140625 0.20546875 0.227734375 0.1859375 0.260546875 0.1796875 0.274609375 0.18125 0.279296875 0.21328125 0.256640625 0.234375 0.220703125
1 0.28203125 0.273046875 0.2984375 0.235546875 0.30390625 0.230078125 0.30546875 0.215234375 0.302734375 0.2125 0.287890625 0.215625 0.267578125 0.225 0.25546875 0.236328125 0.23984375 0.259765625 0.2296875 0.282421875 0.2265625 0.296484375 0.23359375 0.298046875 0.263671875 0.2859375 0.28203125 0.273046875
1 0.3890625 0.154296875 0.3890625 0.141796875 0.382421875 0.1359375 0.374609375 0.1359375 0.345703125 0.14453125 0.32734375 0.167578125 0.32734375 0.180078125 0.33125 0.181640625 0.380078125 0.16796875 0.3890625 0.154296875
1 0.365625 0.121484375 0.365625 0.115234375 0.359765625 0.1140625 0.333984375 0.12265625 0.32265625 0.133984375 0.322265625 0.13828125 0.32734375 0.137890625 0.361328125 0.1265625 0.365625 0.121484375
1 0.28671875 0.141015625 0.279296875 0.14140625 0.267578125 0.1484375 0.25390625 0.163671875 0.253125 0.166015625 0.25625 0.166796875 0.275390625 0.15703125 0.28671875 0.141015625
1 0.4546875 0.090234375 0.448828125 0.08515625 0.420703125 0.0875 0.40625 0.095703125 0.407421875 0.1 0.41484375 0.100390625 0.448046875 0.0953125 0.4546875 0.090234375
2 0.623828125 0.13515625 0.613671875 0.134375 0.61171875 0.139453125 0.61796875 0.148046875 0.62890625 0.152734375 0.63984375 0.149609375 0.623828125 0.13515625
3 0.86953125 0.758984375 0.9046875 0.700390625 0.92109375 0.663671875 0.93046875 0.623828125 0.93203125 0.572265625 0.926171875 0.565625 0.914453125 0.575 0.91015625 0.573828125 0.9109375 0.526171875 0.906640625 0.515625 0.8859375 0.528515625 0.88125 0.549609375 0.878125 0.590234375 0.853125 0.662890625 0.855078125 0.66953125 0.86484375 0.672265625 0.86484375 0.698046875 0.86171875 0.712109375 0.8296875 0.767578125 0.80625 0.794921875 0.79140625 0.819140625 0.78984375 0.826953125 0.80078125 0.829296875 0.83125 0.805859375 0.86953125 0.758984375
3 0.95234375 0.398828125 0.93671875 0.355859375 0.91640625 0.314453125 0.86796875 0.236328125 0.848828125 0.2171875 0.765234375 0.15546875 0.738671875 0.14453125 0.695703125 0.1171875 0.647265625 0.09375 0.623828125 0.08828125 0.61640625 0.091015625 0.619921875 0.1046875 0.656640625 0.11953125 0.683984375 0.14921875 0.730078125 0.19296875 0.734765625 0.19453125 0.74375 0.204296875 0.7453125 0.216796875 0.75078125 0.223828125 0.770703125 0.23984375 0.783203125 0.24453125 0.784765625 0.24765625 0.792578125 0.23984375 0.804296875 0.2453125 0.80625 0.237109375 0.80390625 0.227734375 0.808203125 0.22734375 0.840625 0.276953125 0.86015625 0.323046875 0.87265625 0.338671875 0.896875 0.387890625 0.907421875 0.396875 0.948828125 0.4203125 0.95390625 0.420703125 0.95546875 0.414453125 0.95234375 0.398828125
3 0.61484375 0.086328125 0.591015625 0.0734375 0.550390625 0.06015625 0.519921875 0.0546875 0.501171875 0.0546875 0.491015625 0.0625 0.4828125 0.062109375 0.495703125 0.075 0.522265625 0.078125 0.533203125 0.0859375 0.609375 0.106640625 0.61953125 0.103515625 0.61484375 0.086328125