1 0.34296875 0.563671875 0.3390625 0.535546875 0.332421875 0.528125 0.319921875 0.5265625 0.31484375 0.530078125 0.31015625 0.541796875 0.31171875 0.562109375 0.317578125 0.56875 0.3328125 0.569140625 0.338671875 0.56875 0.34296875 0.563671875
1 0.38125 0.437109375 0.38203125 0.425390625 0.376953125 0.41328125 0.365234375 0.41171875 0.35546875 0.419921875 0.35390625 0.441015625 0.3625 0.443359375 0.376171875 0.4421875 0.38125 0.437109375
1 0.4890625 0.753515625 0.490234375 0.7453125 0.473828125 0.74140625 0.452734375 0.74140625 0.44296875 0.744921875 0.44765625 0.749609375 0.446875 0.767578125 0.451171875 0.771875 0.490625 0.773046875 0.49453125 0.761328125 0.4890625 0.753515625
1 0.56953125 0.773828125 0.5703125 0.762109375 0.566015625 0.74453125 0.537890625 0.74296875 0.52109375 0.749609375 0.52265625 0.774609375 0.530078125 0.77734375 0.5453125 0.776953125 0.565234375 0.7765625 0.56953125 0.773828125
1 0.5703125 0.833203125 0.571875 0.826953125 0.568359375 0.81171875 0.534765625 0.81015625 0.5265625 0.814453125 0.5265625 0.834765625 0.530078125 0.8375 0.5484375 0.837109375 0.566796875 0.8359375 0.5703125 0.833203125
1 0.57890625 0.648046875 0.58671875 0.634765625 0.588671875 0.62265625 0.558984375 0.62265625 0.5484375 0.629296875 0.54921875 0.667578125 0.553515625 0.67421875 0.55859375 0.673828125 0.578125 0.668359375 0.57890625 0.648046875
1 0.590234375 0.709375 0.565234375 0.71015625 0.55390625 0.717578125 0.55234375 0.738671875 0.555078125 0.7421875 0.58984375 0.744140625 0.59453125 0.733203125 0.590234375 0.709375
3 0.644140625 0.78515625 0.671484375 0.77421875 0.674609375 0.76796875 0.687109375 0.76484375 0.70390625 0.748046875 0.70625 0.737890625 0.7203125 0.722265625 0.73515625 0.714453125 0.73984375 0.701171875 0.7375 0.685546875 0.746875 0.673046875 0.7515625 0.659765625 0.746484375 0.64921875 0.71875 0.639453125 0.715625 0.630078125 0.71796875 0.619140625 0.71484375 0.604296875 0.69921875 0.598046875 0.6875 0.566015625 0.671484375 0.55390625 0.658203125 0.55546875 0.633984375 0.56640625 0.62265625 0.575390625 0.61328125 0.592578125 0.6125 0.602734375 0.59375 0.620703125 0.58125 0.647265625 0.5796875 0.672265625 0.58203125 0.691796875 0.590234375 0.7046875 0.595703125 0.7078125 0.605078125 0.70625 0.6078125 0.716796875 0.6078125 0.748046875 0.604296875 0.7515625 0.596484375 0.75234375 0.59140625 0.761328125 0.5921875 0.782421875 0.596484375 0.7875 0.606640625 0.7859375 0.6296875 0.791796875 0.640234375 0.78984375 0.644140625 0.78515625
1 0.5390625 0.449609375 0.530859375 0.44296875 0.500390625 0.44296875 0.49375 0.451171875 0.496875 0.466015625 0.49453125 0.506640625 0.49765625 0.516015625 0.505859375 0.5203125 0.53359375 0.519921875 0.5390625 0.511328125 0.5390625 0.449609375
2 0.45625 0.583203125 0.453515625 0.58046875 0.4453125 0.591015625 0.4390625 0.608203125 0.444921875 0.6140625 0.46171875 0.616796875 0.45703125 0.607421875 0.45625 0.583203125
2 0.43046875 0.553515625 0.4265625 0.544140625 0.421484375 0.5421875 0.41796875 0.555078125 0.41953125 0.572265625 0.424609375 0.58046875 0.43203125 0.581640625 0.42890625 0.569140625 0.43046875 0.553515625
2 0.403125 0.628515625 0.39765625 0.603515625 0.391796875 0.6 0.38984375 0.632421875 0.398046875 0.63984375 0.40625 0.641015625 0.40859375 0.639453125 0.403125 0.628515625
1 0.3328125 0.845703125 0.319921875 0.83125 0.301953125 0.8234375 0.2921875 0.823828125 0.29453125 0.837109375 0.303515625 0.84609375 0.33046875 0.855078125 0.33359375 0.851953125 0.3328125 0.845703125
2 0.2875 0.709765625 0.28515625 0.699609375 0.277734375 0.68984375 0.275 0.700390625 0.2828125 0.717578125 0.286328125 0.72265625 0.29375 0.723828125 0.2953125 0.721484375 0.2875 0.709765625
2 0.23359375 0.747265625 0.24296875 0.765234375 0.253125 0.769140625 0.235546875 0.7421875 0.23359375 0.747265625
3 0.1875 0.619140625 0.2 0.600390625 0.19921875 0.591796875 0.20390625 0.577734375 0.2015625 0.547265625 0.21015625 0.535546875 0.2125 0.497265625 0.2171875 0.481640625 0.2203125 0.472265625 0.23203125 0.459765625 0.23828125 0.440234375 0.25390625 0.427734375 0.26328125 0.411328125 0.2671875 0.394921875 0.27421875 0.388671875 0.27734375 0.380859375 0.27890625 0.365234375 0.2734375 0.351953125 0.267578125 0.346875 0.259765625 0.34921875 0.246875 0.361328125 0.226171875 0.39375 0.208203125 0.4 0.18671875 0.423828125 0.16484375 0.473046875 0.15 0.526953125 0.1453125 0.530078125 0.141015625 0.53984375 0.130078125 0.5390625 0.1203125 0.552734375 0.11953125 0.585546875 0.13046875 0.635546875 0.1359375 0.648828125 0.141796875 0.65546875 0.150390625 0.65390625 0.157421875 0.65703125 0.165234375 0.646875 0.17265625 0.658984375 0.18515625 0.666796875 0.1875 0.660546875 0.1875 0.619140625
3 0.17421875 0.765234375 0.1671875 0.732421875 0.165625 0.721484375 0.16875 0.709765625 0.16328125 0.697265625 0.14921875 0.678515625 0.14296875 0.661328125 0.137890625 0.6546875 0.131640625 0.65390625 0.125 0.661328125 0.1296875 0.683984375 0.11484375 0.694140625 0.121875 0.729296875 0.12109375 0.745703125 0.149609375 0.77734375 0.177734375 0.80078125 0.1859375 0.802734375 0.1875 0.793359375 0.17421875 0.765234375
2 0.309765625 0.4375 0.30703125 0.458984375 0.309765625 0.465625 0.3140625 0.465234375 0.3140625 0.441796875 0.309765625 0.4375
1 0.26484375 0.649609375 0.2578125 0.629296875 0.247265625 0.6234375 0.238671875 0.6234375 0.23515625 0.642578125 0.2390625 0.656640625 0.249609375 0.66328125 0.26015625 0.664453125 0.2640625 0.660546875 0.26484375 0.649609375
1 0.22734375 0.611328125 0.212890625 0.603125 0.204296875 0.603125 0.19609375 0.614453125 0.19609375 0.623046875 0.215234375 0.6328125 0.2203125 0.632421875 0.2296875 0.627734375 0.22734375 0.611328125
0 0.079296875 0.4375 0.109765625 0.41953125 0.1171875 0.423828125 0.1203125 0.435546875 0.11796875 0.440234375 0.127734375 0.44375 0.133984375 0.44375 0.149609375 0.4296875 0.157421875 0.434375 0.164453125 0.43125 0.176171875 0.43203125 0.205078125 0.39921875 0.22421875 0.390234375 0.23359375 0.371484375 0.25546875 0.348046875 0.2625 0.333984375 0.269140625 0.33125 0.272265625 0.325 0.283984375 0.31796875 0.31875 0.283984375 0.334765625 0.26015625 0.341015625 0.2578125 0.344921875 0.25078125 0.357421875 0.24765625 0.361328125 0.2421875 0.372265625 0.2390625 0.374609375 0.234375 0.381640625 0.2328125 0.392578125 0.22421875 0.401953125 0.21953125 0.420703125 0.21640625 0.43359375 0.200390625 0.43828125 0.180859375 0.427734375 0.1765625 0.414453125 0.1796875 0.408203125 0.18515625 0.402734375 0.18203125 0.401171875 0.18515625 0.370703125 0.18671875 0.361328125 0.19375 0.344921875 0.19453125 0.339453125 0.20078125 0.321484375 0.203125 0.316015625 0.20859375 0.298046875 0.2109375 0.294921875 0.21484375 0.258984375 0.22734375 0.212109375 0.2515625 0.155078125 0.28828125 0.150390625 0.29453125 0.140234375 0.29765625 0.137890625 0.29140625 0.1375 0.301953125 0.132421875 0.30390625 0.130078125 0.2984375 0.128125 0.303515625 0.13125 0.306640625 0.121875 0.309765625 0.120703125 0.31875 0.115234375 0.31875 0.114453125 0.3140625 0.1015625 0.325390625 0.0921875 0.343359375 0.07734375 0.356640625 0.06640625 0.376953125 0.05859375 0.408203125 0.05859375 0.413671875 0.06171875 0.416015625 0.05859375 0.423828125 0.0609375 0.430078125 0.06015625 0.452734375 0.06640625 0.454296875 0.07421875 0.448046875 0.079296875 0.4375
1 0.24765625 0.525390625 0.244140625 0.5203125 0.233984375 0.5203125 0.2296875 0.526953125 0.2296875 0.549609375 0.232421875 0.55390625 0.2453125 0.554296875 0.25 0.549609375 0.24765625 0.525390625
1 0.234375 0.564453125 0.226953125 0.559375 0.218359375 0.559375 0.2140625 0.573828125 0.2203125 0.580078125 0.22578125 0.592578125 0.23203125 0.593359375 0.2375 0.581640625 0.234375 0.564453125