1 0.55263895 0.7078939492187499 0.55860574140625 0.71083467890625 0.6186781445312499 0.69988278125 0.62408200625 0.69410702890625 0.62392560625 0.64181017578125 0.6165728875 0.583255896875 0.61071180390625 0.5629777234375 0.5966016484375001 0.5532105265625 0.58333894296875 0.55168628828125 0.55510233046875 0.5579213000000001 0.535200121875 0.56851964609375 0.5311213078125 0.57638052734375 0.529790146875 0.583958925 0.5352589640625001 0.6252692414062501 0.5457414148437499 0.6786147726562499 0.55263895 0.7078939492187499
1 0.65345466484375 0.689199103125 0.65733836484375 0.69024370546875 0.68368088671875 0.6828706101562501 0.71012096640625 0.6710447734375 0.71449448984375 0.64660449140625 0.7130191546875 0.58255898203125 0.7094322015625 0.561713803125 0.70043527421875 0.55630790390625 0.66234409609375 0.5649999343750001 0.6497357640625 0.5774029640625 0.64705714140625 0.61832916484375 0.6508412460937499 0.62704768359375 0.65260517734375 0.68417731953125 0.65345466484375 0.689199103125
1 0.509717771875 0.2644812703125 0.5264800609375 0.27519755 0.5437199484375 0.27975599921875 0.58179482578125 0.2968333734375 0.6236578828125 0.31618691640624996 0.63729451640625 0.3256695921875 0.6609767546875001 0.33023211640625 0.66742114296875 0.32701501640625 0.6707419140625 0.31934313671875 0.6707541390625 0.3000160828125 0.6544714851562501 0.27992079765625 0.6155471203125 0.2578216390625 0.568568796875 0.237327975 0.54583564140625 0.2301133171875 0.52328741171875 0.23009905390625002 0.51048804140625 0.24496521484375 0.5079212390625 0.25889044453125 0.509717771875 0.2644812703125
1 0.38185039375 0.21342999765625 0.3931194140625 0.22149006875000002 0.41130838359375 0.22339638437499998 0.49375835390624995 0.18271012578125 0.50930130234375 0.17400383203125 0.51205303046875 0.167278996875 0.49206956562500004 0.15656068046875 0.4714154265625 0.15768450078125001 0.39560088515624997 0.19269052734375 0.3796758578125 0.20632308515625 0.38185039375 0.21342999765625
1 0.27330346015625 0.4723818546875 0.281920346875 0.47949284296875005 0.351070934375 0.49526350781249995 0.43253921953125 0.50876819296875 0.4514903078125 0.50404315546875 0.45992838125 0.49429022187499994 0.46828112343750006 0.46966297656249995 0.47019151484375 0.44503165546875 0.4641393921875 0.42721661328125 0.42805208671874995 0.4132669328125 0.36874995234374996 0.40470277578124997 0.3338860625 0.40373331640625 0.307551690625 0.398221709375 0.29333786484375 0.40257078125 0.27930896562499996 0.41412024765625005 0.27066966484375 0.44244219140625 0.26961691249999997 0.45921059375000006 0.27330346015625 0.4723818546875
1 0.22527417343749997 0.61559910546875 0.2296293578125 0.6201494039062501 0.25681525546875 0.62746161953125 0.2593840953125 0.6103152140625 0.25769123203125 0.59060811953125 0.24712345 0.5223882765625001 0.24544485078124997 0.48013295312500004 0.24137418671875 0.47510913203125 0.23729741093749998 0.4797488375 0.23367989374999998 0.50722129296875 0.22438418124999998 0.5248371453125 0.22133570625 0.55136255625 0.21412716171875 0.56443218515625 0.2229126734375 0.6045129734375 0.22527417343749997 0.61559910546875
1 0.76884029140625 0.40277682812500004 0.78417997578125 0.41586072031250004 0.8229945578125 0.46173967421875 0.8274452625000001 0.46505840703125 0.831046478125 0.46335535625 0.8351252921875 0.45549447499999995 0.836460528125 0.44147372578125 0.8309794851562501 0.41949046328125006 0.80485245390625 0.38574631875 0.77909934921875 0.35996061328125 0.7682083320312499 0.3534166296875 0.7644181140625 0.35436163671875 0.7609063046875 0.36449664843749996 0.76287961328125 0.390172571875 0.76884029140625 0.40277682812500004
3 0.13191917109375 0.52212592109375 0.14498472499999998 0.53577681796875 0.1555769578125 0.565342553125 0.15926961875 0.5688502875 0.17499545625 0.5705655640625 0.18807119765625 0.5681105828125 0.19754776093749998 0.5641374765625 0.20456322890625 0.55675215546875 0.21612288359375 0.5546751765625 0.22114874296874998 0.5473833375 0.22419518046875 0.52407910234375 0.2334908921875 0.50646325 0.237108409375 0.47899079375 0.24317887031250002 0.4678152546875 0.24794873515625002 0.4159004796875 0.25743752343750004 0.39260031953125 0.262575203125 0.358307509375 0.26183142265625003 0.33594828125 0.24545732421875002 0.3106422109375 0.21950299296875003 0.303425515625 0.20983742890624998 0.306640578125 0.186327890625 0.32860550234375 0.1696468578125 0.3392058859375 0.1504884296875 0.37216346015625 0.14356848046874998 0.37831721484375 0.13064506328125 0.4395114015625 0.1293686703125 0.51028174609375 0.13191917109375 0.52212592109375
1 0.33137044921875003 0.1869654671875 0.33857084375 0.186780540625 0.3673764984375 0.17959848437499998 0.37628605703125 0.17335124765625 0.43389532812500003 0.16220831093750002 0.44460753203125 0.15188837265625 0.443284521875 0.14658206796875 0.43466559687500006 0.14269225546875 0.40567297890625 0.14589509296875 0.35488406171875 0.1585581921875 0.3344128109375 0.1701035828125 0.32909835625 0.18431129609375002 0.33137044921875003 0.1869654671875
1 0.39109337578125 0.12940102343749998 0.42273812812499995 0.12714726875 0.45172667109375003 0.1303867828125 0.46233928046874995 0.1277407625 0.46698509843749997 0.12215401171875 0.4646195234375 0.11751023125 0.45022077187500004 0.11465890781250002 0.40682940156249997 0.11501042187499999 0.39488970624999997 0.11879248906249999 0.389768328125 0.12731589453125 0.39109337578125 0.12940102343749998
0 0.38139600625000003 0.9317521624999999 0.3851841859375 0.93402833046875 0.38451758671874997 0.9394281171875001 0.3949432328125 0.93280287734375 0.40251755546875 0.94057638984375 0.40649677421875 0.94038942578125 0.40990491406249996 0.9443706828125 0.41672730546875 0.94266966875 0.4191884 0.94608188359375 0.43870649296875 0.94363097734375 0.45708242656250003 0.9495165125 0.47849257187500005 0.9514248656250001 0.5383698609375 0.9493784507812499 0.57721704453125 0.94371859453125 0.6319851812499999 0.9308685320312501 0.70552151640625 0.9028718609374999 0.7659882234375 0.8676666453124999 0.8145193109375001 0.8298011453124999 0.8353807906249999 0.8004447875 0.86146324296875 0.7548911070312501 0.8842351132812499 0.700903428125 0.88595242734375 0.681956415625 0.8714642687499999 0.6706731312499999 0.86483291640625 0.6699110125 0.83603133671875 0.67065071796875 0.82124643125 0.6791680101562501 0.79434301796875 0.67460344765625 0.7838300031250001 0.6695755515624999 0.78032838125 0.66360468515625 0.76611455546875 0.66795375625 0.73314679375 0.6649012062499999 0.6696560625 0.68797772578125 0.5917665796875 0.708202921875 0.5205166007812501 0.71630553359375 0.48792072812500004 0.72443259765625 0.48545555859375 0.727462734375 0.47494254375 0.7224348375 0.4762716671875 0.718077615625 0.47049387734375003 0.71589492890625 0.4656590578125 0.7207236359375 0.46793115078124997 0.72337780703125 0.4567372734375 0.7462979265625 0.45862932578125 0.7506571867187499 0.45350998515625 0.75595941640625 0.43756865703125003 0.7953613789062499 0.43055318828125 0.8027466999999999 0.428463984375 0.8105140992187501 0.431683121875 0.8137373125 0.426179665625 0.82718698203125 0.42750267578125 0.8324932867187499 0.42200533203125 0.83627942890625 0.42598251328125 0.8393136406249999 0.4229483015625 0.84329082265625 0.42408231093750004 0.8478390835937499 0.4188694875 0.8511517039062501 0.41734932578125 0.8579720578125001 0.40389761875 0.8556897765624999 0.39564039609375 0.87908545625 0.378571171875 0.90427563125 0.3768620078125 0.9103379421875 0.38035751640625 0.9259723351562499 0.38139600625000003 0.9317521624999999
0 0.5689957031249999 0.161535846875 0.60025430078125 0.1706507078125 0.6553780265625 0.1947496640625 0.7240387898437499 0.2360052125 0.75680125 0.26406912421875 0.7719539703125 0.27317379765625 0.8045253906250001 0.30370084140625 0.834438565625 0.34294232890625 0.8496847671875001 0.35403661171875 0.85347498515625 0.3530916046875 0.8583179554687501 0.33537819453125 0.8579481031249999 0.32097740546875003 0.86941427578125 0.3169108171875 0.8712169210937499 0.312838115625 0.83734082890625 0.24801418671875003 0.79152504140625 0.186972325 0.76709902265625 0.16005057265625 0.73774673984375 0.13274674140625 0.6949447875 0.0999394546875 0.64522492421875 0.070064746875 0.63631944140625 0.06986963203124999 0.630820059375 0.07687695 0.614330065625 0.08501420234375 0.6139479875 0.08994046640625 0.6057050281249999 0.09078791640625 0.6103488085937501 0.08842234140625001 0.609592803125 0.0853901671875 0.5980311109375 0.090688321875 0.59793151640625 0.0983622390625 0.59053600703125 0.10745264843749999 0.5937551453125 0.11067586171874999 0.58332949921875 0.1173011015625 0.590907896875 0.1186322625 0.5817138171875 0.125353021875 0.58313234765625 0.1294277609375 0.5800026164062501 0.13463650859375 0.57194865859375 0.13624200234375 0.57421463828125 0.14855970000000002 0.5678616937500001 0.1569875859375 0.5689957031249999 0.161535846875
1 0.88490375 0.69228246640625 0.8865173945312501 0.687451721875 0.88102412578125 0.6847955125 0.8831112921875001 0.6802492890625 0.8763884953125001 0.67427638515625 0.87666894140625 0.6802452140625 0.8795100765624999 0.68195233984375 0.8771404257812501 0.6837509109375 0.88490375 0.69228246640625
1 0.8479689945312501 0.67008982578125 0.8555473921875001 0.67142098671875 0.8600021710937501 0.66829736875 0.868172025 0.63324855234375 0.8659954515624999 0.62936281484375 0.85471624296875 0.63740862265625 0.8458879406250001 0.6649725226562501 0.8479689945312501 0.67008982578125