1 0.29548594682539686 0.748532219047619 0.31077941825396826 0.7730863920634921 0.31817178015873016 0.7756263738095238 0.335634826984127 0.7748952373015874 0.3463035031746032 0.7648000015873015 0.3470547095238095 0.7551740904761904 0.33607512142857143 0.7298441603174604 0.3243986238095238 0.7193138269841269 0.3129147666666667 0.7155384396825397 0.3026365674603175 0.7164376658730158 0.2932278468253968 0.7363812000000001 0.29548594682539686 0.748532219047619
1 0.36627660714285715 0.3420059277777778 0.39367199682539683 0.3364224119047619 0.4045779341269841 0.3199329587301587 0.4044596619047619 0.2912627396825397 0.38336476746031745 0.2823530912698413 0.35583103492063495 0.28635534523809525 0.34825571031746033 0.29538326587301583 0.34475181111111114 0.33273554920634923 0.36627660714285715 0.3420059277777778
1 0.25623539841269843 0.3727453698412699 0.2631978587301587 0.37492462142857147 0.2736538246031746 0.38516339682539685 0.2968193761904762 0.3767632142857143 0.3067963404761905 0.35876167142857146 0.31025561825396825 0.3345585515873016 0.3083582484126984 0.32197763095238097 0.3004668142857143 0.3182862888888889 0.27825998333333335 0.3194324523809524 0.2660940904761905 0.32607360714285716 0.25934882063492065 0.34458909603174603 0.25552881269841266 0.3692221166666667 0.25623539841269843 0.3727453698412699
1 0.1948183373015873 0.367363453968254 0.20609468095238095 0.3687669484126984 0.21920442063492063 0.35925482936507935 0.23056032936507936 0.3160371484126984 0.22648370714285712 0.3104186888888889 0.21132338095238098 0.31015168095238094 0.19972573174603175 0.3187348261904762 0.18959035476190478 0.3622440658730159 0.1948183373015873 0.367363453968254
1 0.4398781976190476 0.44112704206349207 0.457158280952381 0.4519638079365079 0.483179923015873 0.448890526984127 0.48975710317460314 0.4375598857142857 0.4905774809523809 0.4287246055555555 0.48771171428571425 0.40507485555555556 0.4814855865079365 0.3976527468253968 0.4776164777777777 0.3944061793650794 0.46977934206349203 0.39588852222222226 0.4583646555555555 0.39290376587301584 0.4380157714285714 0.3970741095238095 0.43519910396825395 0.4013039476190476 0.4398781976190476 0.44112704206349207
1 0.44414441428571433 0.2850023849206349 0.44945644126984124 0.2865293492063492 0.4576639841269841 0.30293995396825396 0.4742672285714286 0.30148735793650794 0.4838685896825397 0.28829877063492065 0.48502514682539677 0.26509379523809523 0.47162904603174605 0.2531205420634921 0.44921470079365083 0.2518948134920635 0.44215332222222226 0.2576910396825397 0.4447721515873016 0.2694121579365079 0.44214812539682535 0.28039694365079365 0.44414441428571433 0.2850023849206349
2 0.3082587904761905 0.8171244507936508 0.3239033150793651 0.8229258738095238 0.333030153968254 0.8225257206349206 0.33067313492063494 0.8183501793650794 0.31912010634920634 0.813784161904762 0.30547187063492065 0.8125881801587301 0.3082587904761905 0.8171244507936508
2 0.30161763571428574 0.804958557936508 0.32221345793650796 0.8127168460317461 0.3312019547619047 0.810735430952381 0.3181517095238095 0.8027153317460318 0.29295044523809527 0.7969533325396826 0.30161763571428574 0.804958557936508
2 0.43188354285714287 0.827819111904762 0.45443623015873014 0.8306261015873015 0.4672395380952381 0.8267175690476191 0.4559780674603175 0.8209310198412698 0.4299564253968254 0.8240043007936508 0.43188354285714287 0.827819111904762
2 0.4310534880952381 0.8183315428571428 0.44318963412698414 0.8204564976190476 0.4599312214285714 0.8205851634920636 0.46541133888888886 0.8149272793650794 0.4399876873015873 0.8111764428571429 0.4290571992063492 0.8137261015873015 0.4310534880952381 0.8183315428571428
1 0.41735991428571434 0.894019380952381 0.4253205190476191 0.8985013539682539 0.45003758492063495 0.8987289380952381 0.45572521587301584 0.8954429468253969 0.452799953968254 0.8893254142857142 0.44655895317460315 0.8862863603174603 0.4155860134920635 0.887402776984127 0.41735991428571434 0.894019380952381
1 0.4085841285714286 0.875666784920635 0.4174045357142857 0.8808702174603174 0.4405403396825397 0.8812361444444444 0.44450836746031747 0.8765072333333334 0.43950277142857147 0.8693766833333333 0.405881253968254 0.8675380904761905 0.4085841285714286 0.875666784920635
1 0.2384512238095238 0.8068998325396826 0.25528653253968253 0.8217589230158729 0.2725814896825397 0.8282126341269842 0.28401104920634923 0.8268143365079365 0.27902032777777774 0.8153007317460317 0.27078303809523807 0.8076562357142857 0.23189411349206349 0.7911415158730158 0.2384512238095238 0.8068998325396826
1 0.3111193611111111 0.8634801047619048 0.3277471563492063 0.8759673031746033 0.34074310396825397 0.8788137174603174 0.3512436904761905 0.8759033285714286 0.34989968968253965 0.8696474539682539 0.3381540214285714 0.8583264896825398 0.31855634285714285 0.8528709230158731 0.31006691904761907 0.8560036984126984 0.3111193611111111 0.8634801047619048
1 0.6407795746031746 0.67490375 0.6578967658730159 0.6702194595238096 0.6694252436507937 0.6608456833333334 0.6698997658730159 0.6480572492063492 0.6603579 0.643713619047619 0.6446836277777778 0.6466783047619048 0.6392726817460317 0.653126819047619 0.6377159706349206 0.6672049563492063 0.6407795746031746 0.67490375
1 0.6762805428571428 0.5252082539682539 0.684977480952381 0.5244473706349206 0.6939808507936508 0.5180829007936508 0.6965059595238094 0.5150735936507937 0.693264588095238 0.4962367992063492 0.6829320912698412 0.4919623396825397 0.6743043246031747 0.493513853968254 0.6737308849206349 0.5142777666666667 0.6762805428571428 0.5252082539682539
1 0.6752564142857143 0.63643505 0.6798469825396826 0.6388218158730159 0.7030125341269842 0.6304216333333333 0.7072178222222223 0.6192985055555555 0.7058046507936507 0.6122519999999999 0.6786316476190476 0.615824353968254 0.6753404595238095 0.6328426261904762 0.6752564142857143 0.63643505
1 0.6738023849206349 0.747301115873016 0.6782546103174604 0.7481066206349206 0.6933755126984127 0.7388168888888889 0.6971360261904762 0.7317160857142857 0.6957228539682541 0.724669580952381 0.6904799976190477 0.7239332476190476 0.6789663928571429 0.7289239698412698 0.6738864293650794 0.7437086920634921 0.6738023849206349 0.747301115873016
1 0.7150691150793651 0.6771677634920635 0.7273041785714286 0.6713172396825398 0.7317861515873016 0.6633566349206349 0.7302346373015873 0.6547288682539683 0.725644069047619 0.6523421023809524 0.7179452761904762 0.6554057071428572 0.7129344833333333 0.6709810603174603 0.7150691150793651 0.6771677634920635
1 0.7155413079365079 0.43214661111111113 0.7261504896825397 0.4395835928571428 0.7293278857142856 0.4349238531746032 0.7299013261904762 0.4141599412698413 0.7260768388888889 0.39776421031746034 0.7221385587301588 0.3937270119047619 0.717103215873016 0.39536257063492064 0.7181407841269841 0.4072220309523809 0.7130756944444444 0.41762369920634923 0.7155413079365079 0.43214661111111113
0 0.5156447055555555 0.050497409523809524 0.5286503293650794 0.07166667222222221 0.5609472 0.1038950880952381 0.5603492095238095 0.11071920634920636 0.5537326047619048 0.11249310793650795 0.5549382634920635 0.11716772063492063 0.5633979396825397 0.12280105396825397 0.5534655968253969 0.12765343412698413 0.5577646063492063 0.13126073095238094 0.558456319047619 0.1391670380952381 0.5968461706349206 0.15453039841269842 0.6012686492063491 0.16410201190476192 0.6141113809523809 0.16975021904761906 0.6186870753968253 0.17652003888888887 0.6593647746031747 0.19526830873015874 0.6864537325396826 0.19528837936507937 0.7071187261904762 0.2038372984126984 0.7369946031746032 0.2083936388888889 0.7910832777777779 0.23473210714285714 0.800724061904762 0.23110025952380953 0.7964548 0.2187268531746032 0.7982584484126984 0.2165773484126984 0.8232916230158731 0.22952419523809525 0.8325568047619049 0.23070530317460317 0.8264987666666667 0.2160983468253968 0.8273191452380952 0.20726306666666663 0.7808109920634921 0.14919077460317462 0.7416357063492064 0.11119068253968253 0.6934027531746031 0.07438137460317461 0.6522802793650794 0.059655429365079365 0.5953451912698413 0.04631290873015873 0.5398232753968254 0.04001689365079365 0.5192668761904762 0.041815345238095235 0.5156595793650794 0.046114354761904765 0.5156447055555555 0.050497409523809524
0 0.7094950984126984 0.24465853650793648 0.7534930158730159 0.30135708095238095 0.7713510198412699 0.33245868650793653 0.7754521928571428 0.35201694126984123 0.7831904103174604 0.3585100761904762 0.7871138166666667 0.36693032936507936 0.7919959428571429 0.3680965634920635 0.8122652626984127 0.40854739523809525 0.8225977595238095 0.41282185476190475 0.8455952214285715 0.4116065198412699 0.8532248436507935 0.4077522849206349 0.85489015 0.40402151825396826 0.848239319047619 0.37353277698412696 0.8379514428571428 0.356109153968254 0.8305099809523809 0.3256895833333333 0.7867693944444444 0.2355078642857143 0.7455234515873016 0.2148176031746032 0.7340247206349206 0.21542527063492062 0.734370576984127 0.21937842460317458 0.7409723071428571 0.22198757777777775 0.7403051452380952 0.22802106428571428 0.7068517182539682 0.2189976238095238 0.6980856087301587 0.21896787698412698 0.696711861111111 0.2214781111111111 0.7094950984126984 0.24465853650793648
0 0.5754012952380952 0.9475122158730158 0.612422596031746 0.9426799063492063 0.6945001714285713 0.9155819888888889 0.7097199920634921 0.8983167793650794 0.714364857936508 0.9058772301587302 0.7197363801587302 0.8898719753968254 0.7284481912698413 0.884728038095238 0.732431092063492 0.8756160722222223 0.7375356063492063 0.8747711444444445 0.7322927499999999 0.8740348111111111 0.731655334920635 0.8713021888888889 0.7444043452380953 0.8622199714285714 0.756975588095238 0.8419997523809524 0.7557699301587302 0.8373251388888889 0.7638294531746032 0.8338316341269841 0.7686178587301586 0.8202674428571429 0.7835312468253969 0.8086058190476191 0.7863084896825396 0.7948192404761906 0.7922876793650794 0.7903127174603175 0.7921642103174603 0.7843484015873016 0.7964089222222223 0.7827820134920634 0.7984647055555555 0.7698552373015873 0.8100772285714286 0.7568890373015873 0.847692757936508 0.6404692023809523 0.8472383063492064 0.6261686785714285 0.839223403968254 0.6165130198412698 0.8294985746031747 0.623737292063492 0.80992025 0.6549274222222222 0.8045636015873016 0.6665496222222222 0.8038815658730158 0.6769661634920635 0.7929607547619048 0.6978386714285715 0.7878562412698412 0.6986836 0.7738718261904761 0.7118573134920635 0.7651057166666666 0.7118275666666667 0.7670871317460317 0.7208160626984127 0.7622050055555555 0.7196498285714286 0.75965015 0.7314252444444445 0.7471384007936508 0.7341132452380953 0.7408527793650794 0.7442233547619047 0.7247188587301587 0.7555934206349206 0.7187642198412698 0.7740397380952381 0.7144652103174604 0.7704324404761904 0.7119401015873016 0.7734417476190476 0.71465785 0.7771873873015873 0.709370373015873 0.7896002174603174 0.7100620849206349 0.7975065246031746 0.7266653301587301 0.7960539293650793 0.7163722571428571 0.8013362095238096 0.7074923563492064 0.8136649952380951 0.7078382119047618 0.8176181484126984 0.7130810682539682 0.8183544817460318 0.7150081865079365 0.8221692928571429 0.7049375007936508 0.8254404111111111 0.7047002396825396 0.8318346277777777 0.6890259682539682 0.8347993134920635 0.6886503642857144 0.839612269047619 0.6859474896825397 0.8314835746031746 0.6903454182539682 0.8271153936507938 0.6866146515873016 0.8254500880952381 0.6799831738095239 0.8316070436507936 0.6759608492063492 0.831162269047619 0.6719533976190476 0.8263344396825396 0.6730504611111111 0.8206616825396824 0.667807603968254 0.8199253492063492 0.6646993793650794 0.8253757198412698 0.6694974611111112 0.8301343777777778 0.6561259103174604 0.832100919047619 0.6507149642857143 0.8385494333333334 0.6532794960317461 0.8450968666666666 0.6559578206349206 0.8392857666666668 0.6609091182539683 0.8412426317460316 0.6663051912698412 0.8391771714285714 0.6652081277777778 0.8448499285714286 0.6610474611111111 0.8428238928571428 0.654070126984127 0.8450276952380952 0.6506703428571429 0.8516985968253968 0.6419042341269842 0.8516688499999999 0.644291 0.8470782817460318 0.6378424849206349 0.8416673357142858 0.6294914031746032 0.8463813722222222 0.6242634206349207 0.841261984920635 0.6191440333333333 0.8464899674603173 0.6036772746031747 0.851826546031746 0.6043541134920635 0.8641159071428572 0.5995954555555556 0.8689139896825397 0.6010138246031747 0.8532545912698414 0.5980045174603175 0.8507294833333334 0.5815098674603175 0.8625294492063492 0.5802744626984127 0.8666209452380953 0.5914816349206349 0.8672338095238096 0.5935470944444444 0.8726298817460317 0.6172660158730159 0.8705547452380953 0.6167818174603175 0.8650203301587301 0.6324560896825397 0.8620556444444445 0.6498499650793651 0.8605338777777778 0.6535807317460317 0.862199184126984 0.6539957587301588 0.8669429682539683 0.6387067666666667 0.8834175476190476 0.6407030555555555 0.8880229888888889 0.6383162896825396 0.8926135571428572 0.6329202174603175 0.8946790174603175 0.6303110642857144 0.9012807476190476 0.618866630952381 0.9070621007936509 0.6102782880952381 0.9181703547619048 0.587695853968254 0.9241294738095238 0.5739881238095238 0.9404657103174603 0.5642930412698413 0.9389238730158729 0.557730734920635 0.9458714595238096 0.5754012952380952 0.9475122158730158
3 0.47277771587301587 0.9309967785714286 0.4771458968253969 0.9353947063492064 0.4980481515873016 0.9375494079365079 0.5060630531746032 0.9472050666666667 0.5156889642857143 0.947956273015873 0.5346641015873016 0.9462961634920634 0.5438058142857143 0.9415129555555555 0.5613380325396826 0.9415724499999999 0.5645994738095238 0.9333202865079365 0.5696891142857142 0.9368584126984127 0.5742945555555555 0.9348621238095237 0.5893611603174603 0.9203987071428572 0.5836638523809524 0.9053618499999999 0.5624551658730158 0.9088107349206349 0.5590851293650794 0.9067155277777779 0.5433416857142858 0.9088895825396827 0.49297858095238095 0.9069223238095239 0.4823099047619047 0.9170175603174603 0.5074568714285714 0.9176058738095239 0.5229630539682539 0.9218260357142857 0.5220883785714286 0.925487630952381 0.49584434841269837 0.9305720738095239 0.4647330658730159 0.9301072293650794 0.47277771587301587 0.9309967785714286