2 0.41953125 0.594140625 0.4203125 0.580859375 0.415625 0.562890625 0.4171875 0.548046875 0.4390625 0.524609375 0.4328125 0.476171875 0.432421875 0.4375 0.4359375 0.439453125 0.44453125 0.462109375 0.45078125 0.489453125 0.455078125 0.490625 0.45859375 0.487109375 0.4546875 0.449609375 0.446875 0.430078125 0.4453125 0.416796875 0.433984375 0.4 0.4203125 0.394921875 0.42109375 0.376171875 0.412109375 0.36953125 0.404296875 0.3703125 0.39609375 0.376953125 0.3953125 0.401171875 0.37578125 0.416796875 0.36015625 0.449609375 0.353125 0.481640625 0.35546875 0.493359375 0.361328125 0.49375 0.36953125 0.458203125 0.3734375 0.448046875 0.380859375 0.43984375 0.38359375 0.447265625 0.38125 0.526171875 0.39453125 0.535546875 0.3953125 0.548046875 0.38828125 0.561328125 0.4015625 0.575390625 0.396875 0.600390625 0.400390625 0.603125 0.409375 0.602734375 0.415234375 0.60078125 0.41953125 0.594140625
2 0.5203125 0.773828125 0.51015625 0.765234375 0.5109375 0.733984375 0.50390625 0.676171875 0.505859375 0.671875 0.516796875 0.675 0.52109375 0.671484375 0.52265625 0.664453125 0.53125 0.654296875 0.5328125 0.643359375 0.53046875 0.637109375 0.516796875 0.625 0.49375 0.611328125 0.49140625 0.603515625 0.49765625 0.592578125 0.49765625 0.576171875 0.491015625 0.56640625 0.478515625 0.56328125 0.466796875 0.56640625 0.46171875 0.575390625 0.46796875 0.606640625 0.43984375 0.616015625 0.4359375 0.643359375 0.44609375 0.662109375 0.4453125 0.691796875 0.45390625 0.735546875 0.453125 0.775390625 0.460546875 0.7828125 0.4703125 0.780859375 0.47109375 0.741015625 0.47421875 0.727734375 0.479296875 0.7234375 0.4921875 0.743359375 0.49609375 0.766796875 0.49453125 0.780859375 0.503125 0.782421875 0.514453125 0.7796875 0.5203125 0.773828125
2 0.7890625 0.657421875 0.80078125 0.626171875 0.8234375 0.533984375 0.8203125 0.510546875 0.815625 0.499609375 0.81796875 0.478515625 0.812890625 0.47109375 0.80625 0.473046875 0.80390625 0.481640625 0.803125 0.491015625 0.80859375 0.506640625 0.80390625 0.517578125 0.803125 0.531640625 0.796875 0.541796875 0.8 0.551171875 0.79609375 0.571484375 0.7828125 0.609765625 0.78125 0.644921875 0.77265625 0.658984375 0.774609375 0.66328125 0.77734375 0.662890625 0.784765625 0.66171875 0.7890625 0.657421875
2 0.65625 0.534765625 0.6484375 0.522265625 0.6484375 0.509765625 0.64921875 0.492578125 0.65546875 0.475390625 0.653125 0.439453125 0.659375 0.435546875 0.65625 0.432421875 0.65703125 0.419140625 0.646875 0.384765625 0.63515625 0.372265625 0.634375 0.355859375 0.626953125 0.34921875 0.615234375 0.3484375 0.61015625 0.355078125 0.609375 0.369921875 0.6 0.376953125 0.59609375 0.387890625 0.58984375 0.446484375 0.59296875 0.458203125 0.590625 0.476171875 0.58125 0.487109375 0.57265625 0.508984375 0.559375 0.527734375 0.5578125 0.537890625 0.564453125 0.54296875 0.569921875 0.54296875 0.57734375 0.537109375 0.58125 0.518359375 0.5984375 0.490234375 0.615234375 0.4875 0.623828125 0.47109375 0.63515625 0.492578125 0.63515625 0.519140625 0.63125 0.531640625 0.642578125 0.5421875 0.6515625 0.543359375 0.65546875 0.541015625 0.65625 0.534765625
2 0.56875 0.437109375 0.5640625 0.406640625 0.565234375 0.38359375 0.572265625 0.384375 0.57734375 0.392578125 0.58046875 0.436328125 0.588671875 0.43828125 0.59140625 0.432421875 0.5890625 0.401171875 0.58125 0.365234375 0.584765625 0.33359375 0.5890625 0.334765625 0.5921875 0.362109375 0.595703125 0.36640625 0.59921875 0.358203125 0.596875 0.323046875 0.59140625 0.312109375 0.57890625 0.300390625 0.5765625 0.283984375 0.569921875 0.27890625 0.561328125 0.28046875 0.55546875 0.294140625 0.545703125 0.29609375 0.53984375 0.302734375 0.53203125 0.345703125 0.5328125 0.352734375 0.540234375 0.35390625 0.5453125 0.361328125 0.54921875 0.376171875 0.55390625 0.419140625 0.55234375 0.444140625 0.555078125 0.4484375 0.565625 0.448828125 0.56875 0.444921875 0.56875 0.437109375
2 0.66328125 0.461328125 0.66328125 0.439453125 0.658984375 0.42890625 0.65625 0.439453125 0.65625 0.479296875 0.658984375 0.48359375 0.66328125 0.483203125 0.66796875 0.474609375 0.66328125 0.461328125
2 0.66484375 0.395703125 0.65546875 0.351953125 0.65 0.341796875 0.634375 0.326171875 0.63203125 0.309765625 0.623828125 0.3046875 0.616015625 0.30546875 0.61171875 0.310546875 0.61328125 0.326171875 0.60859375 0.333203125 0.6109375 0.349609375 0.623828125 0.3484375 0.63359375 0.353515625 0.6359375 0.370703125 0.646875 0.383203125 0.65390625 0.404296875 0.659375 0.408984375 0.66484375 0.403515625 0.66484375 0.395703125
2 0.5703125 0.240234375 0.555078125 0.2203125 0.548828125 0.21953125 0.53828125 0.228515625 0.534375 0.235546875 0.53515625 0.240234375 0.541796875 0.253125 0.56328125 0.254296875 0.5671875 0.252734375 0.5703125 0.240234375
2 0.6125 0.298046875 0.61484375 0.294140625 0.61171875 0.286328125 0.61875 0.280078125 0.6140625 0.266796875 0.601171875 0.25390625 0.578515625 0.25234375 0.575 0.255859375 0.5734375 0.270703125 0.5796875 0.287109375 0.590625 0.298046875 0.5953125 0.312109375 0.600390625 0.31640625 0.60859375 0.316796875 0.6140625 0.304296875 0.6125 0.298046875
2 0.191796875 0.51171875 0.19375 0.508984375 0.1875 0.483203125 0.190625 0.394140625 0.188671875 0.3859375 0.18125 0.391796875 0.17109375 0.443359375 0.17265625 0.511328125 0.176953125 0.51796875 0.1796875 0.517578125 0.183203125 0.51171875 0.191796875 0.51171875
2 0.11328125 0.405859375 0.11171875 0.411328125 0.10625 0.455078125 0.10546875 0.491796875 0.11171875 0.498828125 0.117578125 0.4046875 0.11328125 0.405859375
2 0.14296875 0.370703125 0.141796875 0.34921875 0.1375 0.352734375 0.13046875 0.373046875 0.12578125 0.426953125 0.13046875 0.423828125 0.14296875 0.370703125
2 0.1484375 0.341015625 0.1375 0.386328125 0.1390625 0.404296875 0.14375 0.404296875 0.154296875 0.33359375 0.1484375 0.341015625
2 0.31484375 0.239453125 0.313671875 0.23203125 0.30390625 0.237109375 0.2859375 0.294140625 0.27734375 0.333984375 0.27734375 0.344140625 0.2828125 0.355078125 0.303125 0.271484375 0.31484375 0.239453125
2 0.328125 0.294921875 0.32890625 0.290234375 0.337890625 0.28828125 0.34453125 0.280078125 0.35 0.256640625 0.359375 0.240234375 0.354296875 0.2203125 0.348046875 0.21953125 0.34140625 0.225390625 0.3390625 0.235546875 0.3328125 0.244140625 0.33125 0.258203125 0.32109375 0.281640625 0.3203125 0.294140625 0.3171875 0.298828125 0.31875 0.305859375 0.33125 0.298046875 0.328125 0.294921875
2 0.54296875 0.173046875 0.540234375 0.1703125 0.52265625 0.180078125 0.525390625 0.18515625 0.53671875 0.185546875 0.5421875 0.178515625 0.54296875 0.173046875