1 0.6922744165316045 0.5295513541329011 0.6740929059967585 0.5375583387358185 0.6522658573743922 0.5595958379254456 0.6399258962722852 0.5775456012965965 0.6322288946515396 0.6114922520259319 0.6317959781199353 0.667920705834684 0.6205032034035657 0.7200296782820097 0.6218127131280389 0.7495765048622366 0.6275412366288493 0.7765270867098866 0.6390864262560778 0.8113545453808751 0.6442540316045381 0.8181266685575365 0.6620793808752026 0.8201371118314426 0.6803106572123176 0.8162619343598055 0.7240948622366288 0.796185113452188 0.7388874643435981 0.7839276021069692 0.745872145056726 0.7700158079416531 0.7645534197730957 0.750718156401945 0.7661081709886548 0.734646620745543 0.7562094635332253 0.7309513176661264 0.7556542398703404 0.724441517828201 0.7622407949756889 0.6774752682333874 0.7628421969205834 0.621839478930308 0.7715806920583469 0.6083833768233388 0.7740965940032415 0.5929360194489465 0.771276404376013 0.5699238752025932 0.7677190097244733 0.5648806839546191 0.7567155486223662 0.5618344416531605 0.7542572139384117 0.5424735291734197 0.7461315089141005 0.5276311612641815 0.7337801604538088 0.5182436053484603 0.7216719457050244 0.5158464238249595 0.7144690137763371 0.5248337471636954 0.6922744165316045 0.5295513541329011
2 0.5274416037277148 0.7791631888168558 0.48494413290113453 0.7741121961102108 0.4361551142625608 0.7745408987034036 0.4190534748784441 0.77983291815235 0.41403516612641816 0.78545621636953 0.4201639222042139 0.7928525170178282 0.44930482171799024 0.7974286280388979 0.5266987050243112 0.7834634813614263 0.5274416037277148 0.7791631888168558
1 0.22676923905996757 0.2942070729335495 0.23809617747163694 0.3241100599675851 0.2513091450567261 0.3258581799027553 0.28851459562398707 0.3138075324149109 0.2978083144246353 0.30686123014586714 0.30400033063209075 0.2931179213938412 0.31595924797406805 0.2831196823338736 0.32092779092382495 0.27336457779578605 0.3189059594813614 0.2638526077795786 0.31184093598055107 0.2578980316045381 0.3170909910858995 0.23192778849270665 0.33057408346839545 0.19012345056726093 0.34346926823338736 0.17868348622366287 0.3460349351701783 0.16736793598055105 0.3399559457050243 0.16410344165316046 0.33858317504051866 0.15569622528363047 0.32052038492706647 0.16036406645056728 0.2648959829821718 0.18709998379254458 0.2575245648298217 0.19529464262560778 0.24585854700162077 0.2164150632090762 0.22572774635332254 0.27371652431118315 0.22676923905996757 0.2942070729335495
1 0.8533602771474877 0.8001910267423015 0.8595331053484602 0.7980504748784442 0.8724972439222042 0.7791395607779579 0.88970621636953 0.7431710786061588 0.8980771628849271 0.7123950850891411 0.9234196410048623 0.6523288938411669 0.9333261499189627 0.6170841215559157 0.9341131199351702 0.6032469756888169 0.9304370056726095 0.6015429270664506 0.9263549643435981 0.6057244991896272 0.9108251580226905 0.6359509635332253 0.8814120259319287 0.7275360470016208 0.866581046191248 0.7629990713128039 0.8497282341977309 0.7889501256077796 0.8510320502431118 0.8048282917341977 0.8533602771474877 0.8001910267423015
1 0.2130986961102107 0.8086973719611021 0.21412880145867097 0.8018506004862237 0.2040061474878444 0.7795621661264182 0.19107469286871961 0.761598907617504 0.18011530307941653 0.7490158119935171 0.17052868476499192 0.74483993273906 0.17031612641815233 0.7535841215559157 0.1792842609400324 0.7723898103727714 0.20492891977309563 0.8033918573743922 0.2130986961102107 0.8086973719611021
2 0.36097073743922203 0.7872079230145868 0.3471584748784441 0.7884868565640195 0.34180319448946517 0.7925248257698542 0.3418529594813614 0.7966566329011345 0.35240072852512155 0.8014566896272286 0.3953538914100486 0.8047538679092383 0.39626527633711506 0.8012462390599675 0.36097073743922203 0.7872079230145868
2 0.405738868719611 0.8224299205834684 0.41157472366288494 0.8187040397082659 0.40835430145867097 0.8152461766612642 0.3740017244732577 0.8134347957860616 0.35386733711507296 0.8044588606158833 0.3408477382495948 0.8055693071312804 0.33249028687196114 0.8110738849270664 0.35219386466774716 0.8238695380875202 0.3625482649918963 0.8258110275526742 0.405738868719611 0.8224299205834684
2 0.15871189059967586 0.6346788006482982 0.1620261507293355 0.6327316175040518 0.16104011750405187 0.630041535656402 0.15767609238249594 0.6278569124797407 0.15565426012965966 0.6183449416531605 0.1438083695299838 0.6113353784440844 0.13905238411669368 0.612346294165316 0.13855261993517018 0.6236369619124797 0.14374510858995138 0.6324749878444085 0.15061676256077797 0.6355709959481362 0.15871189059967586 0.6346788006482982
2 0.14349058670988654 0.5981472933549432 0.13972063452188008 0.601848290923825 0.140469226904376 0.6112166580226904 0.1494067844408428 0.61428778363047 0.15524264019448947 0.6105619035656402 0.1497131790923825 0.6001385486223663 0.14349058670988654 0.5981472933549432
2 0.12210214829821717 0.5774249983792545 0.13055913128038898 0.5801840348460292 0.13391746272285251 0.5686999983792544 0.1273578978930308 0.5651234157212318 0.1186634740680713 0.5690426645056726 0.12210214829821717 0.5774249983792545
2 0.11337145461912479 0.5519410243111832 0.11392667828200972 0.5584508241491086 0.11954997568881684 0.5634691320907618 0.13031030226904375 0.5595249999999999 0.13145912722852512 0.5493390867098865 0.11805279092382495 0.5447323978930309 0.11337145461912479 0.5519410243111832
2 0.10010091977309563 0.5850011734197731 0.10941952188006482 0.5801207739059968 0.10737280713128039 0.5685429003241491 0.10007034359805511 0.5692666102106969 0.09709305510534846 0.5727991215559157 0.10010091977309563 0.5850011734197731
1 0.3928063363047002 0.05220979092382497 0.3736139100486224 0.05546079011345219 0.3461386815235008 0.07041407698541328 0.33499731118314424 0.08230973419773095 0.33622647811993517 0.0919901904376013 0.33959050405186386 0.09417481361426255 0.37192124959481365 0.0864742244732577 0.39191983468395464 0.057783323338735815 0.3928063363047002 0.05220979092382497