2 0.621875 0.666796875 0.63125 0.645703125 0.63671875 0.575390625 0.6359375 0.555078125 0.63203125 0.545703125 0.6328125 0.511328125 0.627734375 0.5015625 0.616796875 0.4984375 0.605078125 0.50234375 0.5984375 0.515234375 0.5953125 0.561328125 0.6015625 0.594921875 0.59765625 0.610546875 0.590625 0.622265625 0.59140625 0.634765625 0.58671875 0.651171875 0.58828125 0.676171875 0.59296875 0.691015625 0.5875 0.708203125 0.6046875 0.711328125 0.61640625 0.701953125 0.621875 0.666796875
2 0.559375 0.687890625 0.565625 0.676171875 0.56875 0.660546875 0.58671875 0.641015625 0.5890625 0.623046875 0.6 0.594921875 0.59453125 0.566015625 0.571875 0.544140625 0.5765625 0.526171875 0.5734375 0.515234375 0.565234375 0.50625 0.554296875 0.50390625 0.544140625 0.50625 0.53671875 0.515234375 0.534375 0.545703125 0.52109375 0.559765625 0.5140625 0.573046875 0.50859375 0.591015625 0.5078125 0.614453125 0.50234375 0.637890625 0.50390625 0.651953125 0.510546875 0.65625 0.51484375 0.651171875 0.5171875 0.633984375 0.521875 0.630078125 0.5234375 0.655078125 0.53203125 0.666015625 0.5390625 0.685546875 0.53984375 0.712109375 0.55 0.714453125 0.5578125 0.707421875 0.559375 0.687890625
2 0.733984375 0.4890625 0.7390625 0.501953125 0.73984375 0.518359375 0.73671875 0.531640625 0.73984375 0.549609375 0.745703125 0.55390625 0.75 0.548828125 0.753125 0.478515625 0.756640625 0.47421875 0.761328125 0.478125 0.765625 0.472265625 0.7640625 0.440234375 0.7578125 0.414453125 0.726171875 0.371875 0.7046875 0.389453125 0.70234375 0.398828125 0.7046875 0.444921875 0.7109375 0.456640625 0.71484375 0.488671875 0.70390625 0.543359375 0.6921875 0.566796875 0.698046875 0.578125 0.70625 0.579296875 0.7125 0.575390625 0.733984375 0.4890625
2 0.645703125 0.84140625 0.67421875 0.811328125 0.69140625 0.783984375 0.69140625 0.776171875 0.6875 0.773046875 0.68984375 0.765234375 0.687109375 0.76171875 0.676171875 0.76328125 0.666796875 0.76875 0.66171875 0.780078125 0.6390625 0.796484375 0.63125 0.808203125 0.63125 0.819921875 0.6109375 0.851171875 0.6171875 0.855078125 0.639453125 0.84140625 0.645703125 0.84140625
2 0.43984375 0.848046875 0.44296875 0.839453125 0.4265625 0.827734375 0.42734375 0.819140625 0.423046875 0.81328125 0.408203125 0.809375 0.402734375 0.8109375 0.40078125 0.819140625 0.39375 0.823828125 0.39375 0.827734375 0.41796875 0.851953125 0.4203125 0.863671875 0.4328125 0.867578125 0.44140625 0.862890625 0.43984375 0.848046875
2 0.188671875 0.39609375 0.19140625 0.393359375 0.2046875 0.333984375 0.21953125 0.298046875 0.216015625 0.278125 0.2078125 0.283203125 0.203125 0.297265625 0.19296875 0.308984375 0.18671875 0.323046875 0.1765625 0.392578125 0.1765625 0.396484375 0.18125 0.398046875 0.184765625 0.39375 0.188671875 0.39609375
2 0.14921875 0.413671875 0.1734375 0.316015625 0.169921875 0.30859375 0.15703125 0.327734375 0.15078125 0.343359375 0.13671875 0.430859375 0.1421875 0.441796875 0.14765625 0.433984375 0.14921875 0.413671875
2 0.30078125 0.730078125 0.30234375 0.717578125 0.29375 0.682421875 0.28046875 0.658984375 0.27734375 0.642578125 0.248046875 0.628125 0.242578125 0.628125 0.240625 0.635546875 0.25078125 0.659765625 0.246875 0.683203125 0.26640625 0.721484375 0.2765625 0.733984375 0.293359375 0.76484375 0.298046875 0.7671875 0.3015625 0.765234375 0.29296875 0.746484375 0.294140625 0.7390625 0.30625 0.752734375 0.3125 0.766015625 0.32578125 0.771484375 0.3234375 0.763671875 0.30078125 0.730078125
2 0.3296875 0.847265625 0.33671875 0.840234375 0.333984375 0.83515625 0.291796875 0.81484375 0.2671875 0.812109375 0.287109375 0.834375 0.294921875 0.834375 0.321875 0.858984375 0.329296875 0.86953125 0.3359375 0.871484375 0.3296875 0.853515625 0.3296875 0.847265625
2 0.466796875 0.90234375 0.445703125 0.8953125 0.434375 0.898828125 0.432421875 0.91171875 0.448046875 0.9203125 0.4625 0.922265625 0.4703125 0.910546875 0.466796875 0.90234375
2 0.8296875 0.632421875 0.82734375 0.600390625 0.82265625 0.591015625 0.820703125 0.571875 0.816015625 0.57265625 0.81171875 0.580078125 0.809375 0.592578125 0.79921875 0.608984375 0.78046875 0.657421875 0.7796875 0.674609375 0.796875 0.675390625 0.8046875 0.669921875 0.8296875 0.632421875