1 0.2880385663349917 0.5991350986733002 0.300445539800995 0.6010102910447761 0.3175642993366501 0.5942599336650083 0.3198612570480929 0.5814456641791045 0.29119960696517416 0.4893062089552239 0.28343206135986737 0.4829507736318408 0.26762201492537313 0.48599206301824216 0.2579503349917081 0.4937017230514096 0.25524608208955224 0.5060942255389719 0.264500192371476 0.5460628150912106 0.2803144344941957 0.5902924800995025 0.2880385663349917 0.5991350986733002
1 0.4236134320066335 0.29133824129353236 0.4863905348258707 0.3057030389718076 0.49971339800995024 0.30261833582089553 0.5442077429519071 0.31915194776119404 0.548353048092869 0.31922430431177445 0.5580970854063018 0.30736933830845775 0.5621824071310116 0.2871224618573798 0.5581384013266998 0.2812466774461028 0.5449891940298508 0.2743826475953565 0.4716803084577114 0.245735684079602 0.41050344278606965 0.23471607379767828 0.39805305472636815 0.23532806467661693 0.3729662495854063 0.2709653192371476 0.3741302495854063 0.2755468623548922 0.4236134320066335 0.29133824129353236
1 0.5225714054726368 0.2283790903814262 0.549698880597015 0.24212162106135987 0.6572639510779436 0.303709763681592 0.6626890265339966 0.30173117412935324 0.6752530870646767 0.27085121641791043 0.6597614096185739 0.2556531616915423 0.622015324212272 0.23260283167495857 0.5792659295190713 0.2111237951907131 0.5215934344941957 0.1893842752902156 0.5074704535655058 0.1907963855721393 0.4884330887230514 0.21244089966832505 0.4928843897180763 0.2187384502487562 0.5225714054726368 0.2283790903814262
1 0.33433741459369815 0.29848771641791044 0.34200156218905475 0.28701110281923714 0.34171003814262024 0.27995684742951904 0.32120058043117744 0.26715914842454397 0.28325189635157544 0.2557156733001658 0.26767548922056383 0.2691274626865672 0.26165499170812606 0.28146207960199005 0.2694080663349917 0.2886465762852405 0.3063829759535655 0.30836619154228856 0.3188044212271974 0.3094123217247098 0.33433741459369815 0.29848771641791044
1 0.23658475621890546 0.3399057504145937 0.24768091956882257 0.32185453316749585 0.24823292786069653 0.31398568822553896 0.2352139626865672 0.29966010779436153 0.2113014320066335 0.29177888971807625 0.2033168167495854 0.29785937064676615 0.1930786567164179 0.3142669369817579 0.19299182918739635 0.31924130348258706 0.20883291625207298 0.3381773698175788 0.2277855514096186 0.34514269817578774 0.23658475621890546 0.3399057504145937
1 0.23695471641791044 0.2474437296849088 0.22136173963515757 0.23804910281923716 0.21308560033167492 0.23707532835820896 0.2008399087893864 0.24971594112769485 0.19820801243781094 0.2579631384742952 0.20840485572139303 0.2676782330016584 0.21912476451077945 0.27118260447761194 0.23390105389718077 0.2560982213930348 0.23695471641791044 0.2474437296849088
1 0.7759151243781095 0.5616241053067993 0.7785883366500829 0.5272542479270315 0.7354916310116086 0.5256726782752902 0.7312884402985075 0.5289165655058043 0.7072890820895522 0.5260097147595356 0.7017192935323383 0.5362789145936983 0.7004271500829188 0.5627943988391376 0.7123978864013266 0.5659059469320067 0.772977232172471 0.5636461086235489 0.7759151243781095 0.5616241053067993
1 0.7843133291873964 0.6268718225538972 0.7605020978441127 0.6131871766169155 0.7498855862354893 0.6275148540630182 0.7463378009950249 0.6407219469320067 0.7811459941956882 0.6657942802653399 0.7925770953565506 0.6523101351575455 0.7949029966832504 0.6378377437810945 0.7843133291873964 0.6268718225538972
1 0.31876288971807626 0.16925758126036483 0.2905603407960199 0.16959461774461027 0.28051030845771147 0.1752243897180763 0.27160980431177445 0.18626476533996683 0.3126266218905473 0.1882246873963516 0.32309842039800996 0.18218762023217247 0.32782467661691544 0.17273300995024876 0.31876288971807626 0.16925758126036483
1 0.2028721865671642 0.2045538184079602 0.19040732752902156 0.20599487064676616 0.1798921152570481 0.21451912106135987 0.17560209618573797 0.22273737479270317 0.19337626036484246 0.22595022222222222 0.2038770016583748 0.21825503316749587 0.20946126202321727 0.207156771973466 0.2028721865671642 0.2045538184079602
1 0.1409283407960199 0.23747444610281923 0.13029735820895522 0.2526311849087894 0.1310395912106136 0.2576200232172471 0.13471971641791045 0.2605868582089552 0.14136667661691543 0.2598735671641791 0.14940917744610283 0.25047684245439467 0.15247731094527364 0.2409932885572139 0.1409283407960199 0.23747444610281923
1 0.8630246409618573 0.7261047504145937 0.8744846857379769 0.7109624825870646 0.8767092868988392 0.7022935190713101 0.8423952164179105 0.6726685854063018 0.8247989046434494 0.7067779593698176 0.8630246409618573 0.7261047504145937
1 0.5172174485903814 0.8676865033167496 0.5106717877280266 0.8625963656716418 0.4940905655058044 0.86230693946932 0.48274629187396356 0.8708167180762852 0.4700064776119403 0.8880099320066336 0.4761593150912107 0.8918492412935324 0.4927550082918739 0.8913096069651741 0.5162870887230514 0.8734754593698175 0.5172174485903814 0.8676865033167496
1 0.560299684079602 0.8700971334991708 0.5428749295190713 0.8706222968490879 0.530279828358209 0.8795248996683249 0.5188342553897181 0.8938381061359867 0.5258306252072968 0.8968628258706467 0.5399680779436152 0.8946216550580431 0.5635725140961857 0.8726422023217247 0.560299684079602 0.8700971334991708
1 0.5925462388059701 0.8756358814262023 0.5792089046434494 0.8795496459369818 0.5534956368159204 0.9035655737976783 0.5721567479270315 0.9034766475953565 0.5931292877280265 0.889744391376451 0.6011428457711442 0.8820057885572139 0.6016369684908789 0.877453188225539 0.5925462388059701 0.8756358814262023
1 0.45576982421227197 0.9196900074626865 0.4691939859038142 0.910801876451078 0.47345506218905475 0.904241744610282 0.4519428872305141 0.9013783067993366 0.43881024958540626 0.9173206932006633 0.45576982421227197 0.9196900074626865