1 0.41578278 0.7626375200000001 0.4157642758333333 0.7392893175 0.42108114166666666 0.7303027325 0.4304748875 0.7239600391666666 0.43234412 0.718188425 0.4284523158333334 0.6863665516666667 0.3969847266666667 0.6681739325 0.3307949158333333 0.6533549141666667 0.32240849250000003 0.6547297366666667 0.31660250666666667 0.6657838441666667 0.31057707166666665 0.7189392733333333 0.32148047583333333 0.7409999025 0.3514278283333333 0.7549702266666667 0.40817101666666666 0.7657070766666666 0.41578278 0.7626375200000001
2 0.25210481083333336 0.4592404199999999 0.25346112916666663 0.44427864 0.2515152275 0.42836770333333335 0.25595168083333336 0.39683665916666666 0.2522766725 0.3946237216666667 0.2421029775 0.411362195 0.23640803333333332 0.4311755133333333 0.23663011833333333 0.44869393583333333 0.24214527499999997 0.445968085 0.2457621175 0.4498466741666667 0.2478534341666667 0.46159348250000004 0.25210481083333336 0.4592404199999999
1 0.222776125 0.47530998583333334 0.23415543416666665 0.45986437583333334 0.24495308583333336 0.4610752791666667 0.257590885 0.45734739416666664 0.26714855 0.470188775 0.27880811 0.4705959358333333 0.28478859333333334 0.4545448733333333 0.2833846883333333 0.4469912766666667 0.27618008583333337 0.4384012733333334 0.27572533833333335 0.4275454566666666 0.2662496333333333 0.42429611333333334 0.262289085 0.41832091833333335 0.25482273666666666 0.41722634666666664 0.24975703833333332 0.4428985283333334 0.2390466358333333 0.43918914833333333 0.23356585083333334 0.42899165916666665 0.20861016333333335 0.4272863458333333 0.20635756416666667 0.4559752083333333 0.21484973999999998 0.47545011083333333 0.222776125 0.47530998583333334
1 0.5015718391666667 0.15651228 0.512229365 0.1497967975 0.5124038625 0.14479984333333334 0.5088161033333334 0.14008842916666667 0.4997422691666667 0.13727004 0.47467024999999996 0.13889603 0.45961593250000005 0.1521287025 0.45947051750000006 0.15629283083333334 0.5015718391666667 0.15651228
1 0.6420391308333333 0.14557452083333333 0.6450558108333333 0.14276142166666667 0.6416425483333333 0.13305305250000002 0.6242986233333334 0.12827818333333332 0.6104842925 0.12988037916666667 0.611369995 0.140334325 0.6341418283333333 0.1448818208333333 0.6420391308333333 0.14557452083333333
1 0.6777290141666666 0.16224690333333333 0.6727082666666666 0.1508147175 0.6496799766666667 0.14167213916666666 0.6416081766666667 0.1459763925 0.6405426875 0.152609915 0.6441304466666667 0.15732132916666666 0.6718119858333333 0.16454180000000002 0.6777290141666666 0.16224690333333333
3 0.2094535675 0.40313440083333335 0.2201110933333333 0.39641891916666666 0.27298892583333334 0.314881325 0.30338839083333335 0.2800877225 0.37808889916666666 0.20639984416666665 0.45323886666666674 0.15565829666666667 0.46961513 0.14038718333333333 0.50422631 0.12825437166666667 0.5407358041666667 0.10951712083333334 0.5354823933333334 0.10474754083333333 0.5374388741666667 0.09647744916666666 0.5246318658333333 0.09311177416666666 0.4402150633333333 0.12268368500000001 0.41979100333333336 0.13447808 0.39962868916666666 0.13877704416666667 0.3948300258333334 0.14486328083333333 0.39451011416666665 0.15402436333333333 0.3826707675 0.17070467083333335 0.37348060166666663 0.171217585 0.36153021333333335 0.17913868083333334 0.34639393583333333 0.18277931666666666 0.3044803266666667 0.21300163 0.2781974033333333 0.22542527083333336 0.26101739749999997 0.23983447500000002 0.25860088 0.2493392633333333 0.20519162916666667 0.29833848916666666 0.1998165975 0.3089907258333333 0.19587455333333334 0.3263637341666667 0.20236266166666667 0.3315933508333333 0.20674887416666665 0.34925718833333336 0.19490423833333334 0.3780280091666666 0.1922497675 0.40628591666666664 0.2094535675 0.40313440083333335
3 0.13500419083333334 0.7561678808333334 0.13552768333333332 0.7411770183333334 0.133039785 0.7169087416666666 0.13536641833333335 0.6502826866666667 0.15060317666666667 0.5482522875 0.13749212416666665 0.5177761533333333 0.13262208083333335 0.49008932499999996 0.12280795916666666 0.4726528616666667 0.11726371916666667 0.47621153833333335 0.10975770916666666 0.50013082 0.10965988166666667 0.5268103249999999 0.1012205825 0.5177602849999999 0.09056305666666667 0.5244757666666666 0.09479327666666666 0.57048476 0.09917948916666668 0.5881485966666666 0.10701333666666665 0.6025974625 0.10818457833333334 0.616813665 0.10500661583333333 0.6600624350000001 0.09621832166666666 0.6610063033333333 0.09222869083333333 0.6558639350000001 0.08921201083333333 0.6586770341666667 0.09130332666666667 0.6704238425 0.10444346166666667 0.7000671516666667 0.10466554583333333 0.7175855741666667 0.10202165416666667 0.7216624533333333 0.11100823916666668 0.72697932 0.11562711583333335 0.7379805508333332 0.13250571416666668 0.7560806316666666 0.13500419083333334 0.7561678808333334
3 0.13426922833333332 0.4667992883333333 0.13883788166666666 0.39566539916666665 0.13424279916666668 0.39592185583333334 0.12978784083333333 0.40410469833333335 0.12288199333333334 0.43471566833333336 0.12260966833333332 0.46639212750000003 0.13058893083333334 0.476676865 0.13426922833333332 0.4667992883333333
3 0.15937296666666667 0.5239602175 0.16414254666666667 0.5187068066666667 0.17078664833333332 0.4955912675 0.17160097 0.47227214833333336 0.16687634083333333 0.4404211916666667 0.15424911916666667 0.41996804833333334 0.15133555666666665 0.3840111291666667 0.14771871416666668 0.38013253999999996 0.144614785 0.3854441175 0.13958609416666665 0.4578127033333333 0.14336156583333334 0.49296588 0.14909351833333334 0.519848965 0.15230848916666667 0.5232966 0.15937296666666667 0.5239602175
3 0.8565643641666666 0.8076313175000001 0.8759573083333333 0.789547105 0.8917334091666667 0.7675843041666667 0.8958499508333333 0.7452143416666667 0.9106002241666666 0.70487121 0.9103728508333334 0.6994433016666667 0.904974025 0.69883785 0.9119856258333334 0.689076605 0.9323145116666666 0.6322514558333333 0.9330125016666667 0.61226364 0.9284808741666666 0.5987639308333333 0.9353100516666666 0.54647041 0.9291418558333333 0.53207971 0.9205280591666667 0.5280266241666667 0.9088685 0.5276194633333333 0.9032079274999999 0.5345094425 0.8946152708333334 0.6134243025 0.8853166991666666 0.6647977491666667 0.8680388658333333 0.7058864583333334 0.8616168483333333 0.7465204200000001 0.8380544875 0.7765497316666667 0.8338216141666667 0.8022509958333334 0.8172708533333333 0.8225190633333334 0.8163216958333334 0.8258212825 0.8220060608333334 0.8301889916666667 0.8565643641666666 0.8076313175000001
3 0.9164749733333334 0.5366404208333334 0.9207369291666667 0.51010633 0.9268575383333333 0.5019816533333333 0.9283301875000001 0.4836885716666667 0.9208559141666666 0.43506476916666664 0.9172972375 0.42952052916666666 0.9114965408333334 0.4284841233333333 0.90322116 0.43861815666666665 0.896421065 0.49007885166666665 0.8974468925 0.5084591833333334 0.9069516808333333 0.5108757008333333 0.9113141 0.5172818491666666 0.91216543 0.5406591341666667 0.9164749733333334 0.5366404208333334
3 0.9037684458333333 0.4348849825 0.9094581008333333 0.42716217749999996 0.905246385 0.40450138666666663 0.9087045983333333 0.3771053875 0.898983015 0.3450799333333333 0.8828499941666667 0.3295074125 0.8801294325 0.3119017416666667 0.8715790908333334 0.29409249 0.8752884716666667 0.28338208750000005 0.872218915 0.27577032500000004 0.8392654616666667 0.24043207166666666 0.8100795541666667 0.19271776583333333 0.741243215 0.1223558825 0.7372773775 0.12847120250000002 0.74700954 0.13631562833333333 0.7908663975 0.19371451 0.8049266066666667 0.22088842416666665 0.82165979 0.24315263333333334 0.8308393766666666 0.26682074749999996 0.8411717016666667 0.2813568625 0.8461871599999999 0.30487956250000003 0.8589307124999999 0.3220014025 0.8673356391666666 0.3439747825 0.8902158608333334 0.42899174749999996 0.8983696208333334 0.43427953083333337 0.9037684458333333 0.4348849825