1 0.37265625 0.216796875 0.371484375 0.19921875 0.367578125 0.19765625 0.352734375 0.2015625 0.34140625 0.208984375 0.3375 0.227734375 0.340234375 0.23203125 0.34375 0.231640625 0.36953125 0.223046875 0.37265625 0.216796875
1 0.36015625 0.294921875 0.3640625 0.282421875 0.3640625 0.255859375 0.361328125 0.25078125 0.337890625 0.25390625 0.32578125 0.262890625 0.31953125 0.302734375 0.32734375 0.306640625 0.344140625 0.303125 0.36015625 0.294921875
1 0.3765625 0.380078125 0.37578125 0.314453125 0.369140625 0.30390625 0.355078125 0.303125 0.337890625 0.3078125 0.32421875 0.319140625 0.31953125 0.329296875 0.31875 0.390234375 0.324609375 0.39921875 0.33828125 0.398828125 0.365234375 0.3921875 0.3765625 0.380078125
1 0.384375 0.584765625 0.38828125 0.573046875 0.36796875 0.460546875 0.359765625 0.44921875 0.339453125 0.446875 0.323828125 0.45078125 0.31328125 0.458203125 0.309375 0.471484375 0.309375 0.491015625 0.3125 0.494921875 0.32421875 0.576953125 0.338671875 0.59296875 0.3515625 0.594140625 0.379296875 0.5890625 0.384375 0.584765625
1 0.4609375 0.763671875 0.44453125 0.702734375 0.44453125 0.694140625 0.440625 0.691015625 0.4328125 0.670703125 0.420703125 0.6609375 0.399609375 0.6546875 0.371484375 0.65859375 0.36328125 0.668359375 0.36640625 0.692578125 0.371875 0.698828125 0.39453125 0.762109375 0.405859375 0.771875 0.44765625 0.773828125 0.458984375 0.77265625 0.4609375 0.763671875
1 0.5046875 0.873828125 0.49296875 0.847265625 0.483984375 0.834375 0.458984375 0.8265625 0.433984375 0.8265625 0.42265625 0.831640625 0.42734375 0.844140625 0.451953125 0.8765625 0.4828125 0.880078125 0.498046875 0.8796875 0.5046875 0.873828125
1 0.61875 0.851171875 0.612109375 0.83203125 0.584765625 0.83203125 0.569140625 0.8359375 0.55546875 0.843359375 0.55390625 0.851171875 0.5625 0.862890625 0.565625 0.874609375 0.578125 0.876171875 0.61875 0.866796875 0.61875 0.851171875
1 0.592578125 0.76171875 0.6015625 0.749609375 0.58984375 0.684765625 0.596875 0.676953125 0.5890625 0.673828125 0.5859375 0.658984375 0.580859375 0.65234375 0.565234375 0.64609375 0.513671875 0.65390625 0.50234375 0.665234375 0.503125 0.689453125 0.5125 0.705078125 0.5203125 0.733984375 0.521875 0.757421875 0.534765625 0.77109375 0.5515625 0.771484375 0.567578125 0.7703125 0.592578125 0.76171875
1 0.5453125 0.532421875 0.54609375 0.511328125 0.534375 0.460546875 0.52890625 0.448046875 0.52890625 0.444140625 0.534375 0.438671875 0.52578125 0.431640625 0.521875 0.419921875 0.511328125 0.41328125 0.479296875 0.4109375 0.458203125 0.415625 0.44921875 0.424609375 0.4484375 0.448828125 0.46875 0.518359375 0.46953125 0.538671875 0.479296875 0.54609375 0.50703125 0.546484375 0.537890625 0.54140625 0.5453125 0.532421875
1 0.4875 0.322265625 0.478125 0.283203125 0.47890625 0.276171875 0.466796875 0.265625 0.435546875 0.2671875 0.425390625 0.27109375 0.42109375 0.278515625 0.4296875 0.330078125 0.435546875 0.334375 0.45390625 0.333984375 0.481640625 0.3296875 0.4875 0.322265625
1 0.45546875 0.220703125 0.45625 0.209765625 0.448046875 0.19375 0.425390625 0.1921875 0.41171875 0.197265625 0.40859375 0.205078125 0.4109375 0.224609375 0.414453125 0.22890625 0.41953125 0.228515625 0.451171875 0.22421875 0.45546875 0.220703125
1 0.1984375 0.314453125 0.196484375 0.30546875 0.18359375 0.316796875 0.175 0.336328125 0.1734375 0.360546875 0.178125 0.362109375 0.19296875 0.346484375 0.1984375 0.314453125
1 0.221484375 0.24375 0.20234375 0.261328125 0.2 0.271484375 0.20625 0.279296875 0.22421875 0.263671875 0.221484375 0.24375