1 0.23125 0.704296875 0.2234375 0.686328125 0.1921875 0.637109375 0.14921875 0.580859375 0.14140625 0.564453125 0.133203125 0.559375 0.1265625 0.584765625 0.12734375 0.604296875 0.14140625 0.640234375 0.14921875 0.652734375 0.201171875 0.7109375 0.211328125 0.7171875 0.22578125 0.716796875 0.23046875 0.712890625 0.23125 0.704296875
1 0.6484375 0.823828125 0.6484375 0.814453125 0.643359375 0.8109375 0.606640625 0.81015625 0.597265625 0.80546875 0.560546875 0.8 0.438671875 0.79140625 0.427734375 0.79140625 0.415234375 0.79609375 0.41015625 0.800390625 0.40625 0.810546875 0.40703125 0.816796875 0.411328125 0.82109375 0.450390625 0.83984375 0.590625 0.851953125 0.639453125 0.834375 0.6484375 0.823828125
1 0.619921875 0.88515625 0.656640625 0.86953125 0.6640625 0.862890625 0.66640625 0.854296875 0.652734375 0.85234375 0.594921875 0.865625 0.493359375 0.88125 0.456640625 0.88203125 0.446875 0.888671875 0.449609375 0.89453125 0.458984375 0.8984375 0.49609375 0.902734375 0.541796875 0.89921875 0.619921875 0.88515625
1 0.363671875 0.8625 0.333984375 0.840625 0.269140625 0.8125 0.2203125 0.800390625 0.231640625 0.81875 0.247265625 0.83125 0.266015625 0.840625 0.341796875 0.8671875 0.36640625 0.870703125 0.36796875 0.866796875 0.363671875 0.8625
2 0.45625 0.405859375 0.45546875 0.391015625 0.4484375 0.381640625 0.4484375 0.373046875 0.444140625 0.36875 0.43515625 0.371484375 0.434375 0.380859375 0.425 0.396484375 0.42578125 0.427734375 0.43984375 0.432421875 0.44609375 0.427734375 0.45625 0.405859375
2 0.41171875 0.431640625 0.419921875 0.43046875 0.42578125 0.419140625 0.42421875 0.398828125 0.4171875 0.392578125 0.41640625 0.384765625 0.412109375 0.38203125 0.4078125 0.383984375 0.39765625 0.403515625 0.40390625 0.426171875 0.39765625 0.455078125 0.40234375 0.455859375 0.409375 0.444921875 0.41171875 0.431640625
1 0.925 0.522265625 0.9234375 0.494921875 0.91953125 0.486328125 0.914453125 0.4828125 0.9078125 0.494921875 0.90078125 0.526171875 0.90390625 0.549609375 0.9109375 0.555859375 0.91796875 0.548828125 0.925 0.522265625
2 0.462890625 0.27890625 0.46796875 0.277734375 0.46875 0.264453125 0.47578125 0.251171875 0.4734375 0.241796875 0.465234375 0.23203125 0.459765625 0.2328125 0.44921875 0.243359375 0.4421875 0.258984375 0.443359375 0.26328125 0.44921875 0.260546875 0.453125 0.280078125 0.45 0.290234375 0.453125 0.291796875 0.45859375 0.289453125 0.462890625 0.27890625
1 0.88046875 0.377734375 0.88125 0.356640625 0.86953125 0.320703125 0.853515625 0.30546875 0.8453125 0.312109375 0.8484375 0.361328125 0.8578125 0.380859375 0.871875 0.394140625 0.87421875 0.383203125 0.88046875 0.377734375
1 0.11640625 0.578515625 0.1015625 0.537109375 0.09453125 0.522265625 0.089453125 0.51875 0.0859375 0.520703125 0.08203125 0.533203125 0.0890625 0.567578125 0.1078125 0.604296875 0.1140625 0.606640625 0.11875 0.598828125 0.11640625 0.578515625
1 0.884375 0.322265625 0.874609375 0.31328125 0.86953125 0.322265625 0.88046875 0.354296875 0.88828125 0.360546875 0.89140625 0.336328125 0.884375 0.322265625
2 0.201953125 0.29765625 0.19140625 0.309765625 0.1875 0.319921875 0.1828125 0.341015625 0.1828125 0.344921875 0.18671875 0.345703125 0.20078125 0.313671875 0.201953125 0.29765625