2 0.52890625 0.698828125 0.533984375 0.69296875 0.53828125 0.694140625 0.53828125 0.715234375 0.545703125 0.71953125 0.5515625 0.718359375 0.54765625 0.705078125 0.55390625 0.687109375 0.55390625 0.666796875 0.56171875 0.640234375 0.553125 0.628515625 0.5515625 0.615234375 0.545703125 0.61171875 0.53671875 0.616015625 0.5359375 0.629296875 0.5234375 0.643359375 0.525 0.666796875 0.5203125 0.706640625 0.515625 0.717578125 0.516796875 0.72265625 0.52109375 0.722265625 0.528125 0.716796875 0.52890625 0.698828125
2 0.63125 0.667578125 0.63203125 0.642578125 0.628125 0.631640625 0.628125 0.612109375 0.620703125 0.60703125 0.608203125 0.60546875 0.59609375 0.621484375 0.596875 0.634765625 0.61484375 0.666796875 0.6125 0.676953125 0.61640625 0.691015625 0.61484375 0.702734375 0.62109375 0.704296875 0.62421875 0.702734375 0.63125 0.667578125
2 0.45546875 0.707421875 0.458984375 0.7046875 0.46484375 0.708984375 0.46484375 0.717578125 0.471484375 0.72265625 0.482421875 0.72421875 0.48359375 0.720703125 0.47265625 0.710546875 0.475 0.699609375 0.46875 0.668359375 0.471875 0.652734375 0.4609375 0.639453125 0.459375 0.629296875 0.448828125 0.625 0.44375 0.629296875 0.44140625 0.641015625 0.43203125 0.646484375 0.42890625 0.662890625 0.4390625 0.673046875 0.45 0.724609375 0.455078125 0.72890625 0.459375 0.728515625 0.46171875 0.726171875 0.45546875 0.707421875
2 0.683203125 0.678125 0.6875 0.686328125 0.68671875 0.702734375 0.691796875 0.7046875 0.69609375 0.701953125 0.69453125 0.675390625 0.69765625 0.658203125 0.70625 0.637109375 0.70625 0.627734375 0.698828125 0.61328125 0.6890625 0.619921875 0.6796875 0.633984375 0.67109375 0.691015625 0.6703125 0.706640625 0.67421875 0.706640625 0.678125 0.702734375 0.683203125 0.678125
2 0.49765625 0.744921875 0.494140625 0.73515625 0.485546875 0.73359375 0.48046875 0.737109375 0.4796875 0.742578125 0.46953125 0.749609375 0.46796875 0.753515625 0.47265625 0.769921875 0.4671875 0.776171875 0.46328125 0.788671875 0.454296875 0.7921875 0.45390625 0.796484375 0.468359375 0.796875 0.475390625 0.78359375 0.490234375 0.78203125 0.49375 0.785546875 0.49375 0.796484375 0.4984375 0.804296875 0.50625 0.805859375 0.50546875 0.751953125 0.49765625 0.744921875
2 0.5390625 0.776171875 0.5328125 0.756640625 0.52265625 0.748828125 0.519921875 0.74296875 0.509765625 0.74296875 0.50390625 0.755078125 0.50546875 0.791796875 0.511328125 0.7828125 0.522265625 0.7796875 0.532421875 0.78671875 0.541796875 0.79921875 0.54609375 0.799609375 0.55078125 0.794921875 0.5390625 0.776171875
2 0.5 0.840234375 0.50390625 0.833984375 0.489453125 0.821875 0.478515625 0.821875 0.4625 0.832421875 0.4609375 0.842578125 0.463671875 0.84375 0.470703125 0.8390625 0.474609375 0.85390625 0.481640625 0.85546875 0.491796875 0.85234375 0.5 0.856640625 0.50390625 0.851171875 0.5 0.840234375
2 0.581640625 0.82734375 0.587109375 0.82890625 0.596484375 0.83984375 0.6015625 0.839453125 0.60078125 0.819140625 0.609375 0.806640625 0.6015625 0.799609375 0.600390625 0.79453125 0.589453125 0.79609375 0.578125 0.805859375 0.57421875 0.820703125 0.565625 0.835546875 0.56015625 0.839453125 0.5671875 0.841015625 0.572265625 0.83984375 0.581640625 0.82734375
2 0.683203125 0.81640625 0.69140625 0.811328125 0.69296875 0.801953125 0.7046875 0.781640625 0.70625 0.763671875 0.703515625 0.75703125 0.698828125 0.7578125 0.6859375 0.770703125 0.6734375 0.794921875 0.65625 0.816015625 0.658984375 0.81796875 0.663671875 0.815625 0.67578125 0.803515625 0.671875 0.814453125 0.6609375 0.827734375 0.6640625 0.828515625 0.679296875 0.815625 0.683203125 0.81640625
2 0.54375 0.858203125 0.529296875 0.8453125 0.518359375 0.84609375 0.5171875 0.851171875 0.50859375 0.858203125 0.50859375 0.865234375 0.516796875 0.87890625 0.522265625 0.8796875 0.526953125 0.8765625 0.532421875 0.88046875 0.5375 0.880078125 0.53828125 0.867578125 0.54375 0.858203125
2 0.47578125 0.869140625 0.484375 0.862890625 0.479296875 0.85546875 0.468359375 0.853125 0.4484375 0.862109375 0.45 0.872265625 0.454296875 0.8765625 0.46015625 0.876171875 0.475 0.873046875 0.47578125 0.869140625
3 0.3453125 0.407421875 0.356640625 0.40234375 0.359375 0.396484375 0.35625 0.392578125 0.361328125 0.39140625 0.373828125 0.3921875 0.37421875 0.404296875 0.390234375 0.4078125 0.392578125 0.415625 0.400390625 0.41171875 0.4046875 0.413671875 0.40625 0.389453125 0.412109375 0.38671875 0.440234375 0.38515625 0.443359375 0.3875 0.508984375 0.37734375 0.572265625 0.3796875 0.691015625 0.390625 0.708203125 0.3890625 0.709375 0.380078125 0.701953125 0.37890625 0.69609375 0.373046875 0.6984375 0.365234375 0.691796875 0.3609375 0.666796875 0.35703125 0.644140625 0.3578125 0.639453125 0.3546875 0.611328125 0.35078125 0.6078125 0.348828125 0.608203125 0.3453125 0.600390625 0.346875 0.594140625 0.34453125 0.576953125 0.3296875 0.548828125 0.32578125 0.542578125 0.31796875 0.533984375 0.321875 0.530859375 0.3171875 0.501953125 0.31328125 0.48828125 0.293359375 0.4890625 0.283984375 0.4984375 0.278515625 0.50234375 0.263671875 0.5 0.219921875 0.483984375 0.21640625 0.462890625 0.2171875 0.450390625 0.2125 0.431640625 0.21328125 0.415625 0.198046875 0.4171875 0.189453125 0.408203125 0.18046875 0.403515625 0.18046875 0.398828125 0.18515625 0.369140625 0.1953125 0.356640625 0.20703125 0.344921875 0.21171875 0.341796875 0.21796875 0.333203125 0.2171875 0.32890625 0.209765625 0.323828125 0.2078125 0.310546875 0.2109375 0.294140625 0.22109375 0.28203125 0.233203125 0.275 0.247265625 0.2515625 0.267578125 0.24765625 0.282421875 0.21953125 0.301953125 0.21640625 0.321484375 0.20625 0.330078125 0.196875 0.359765625 0.20234375 0.403515625 0.219921875 0.4109375 0.248828125 0.40703125 0.2515625 0.408203125 0.2515625 0.419921875 0.259765625 0.425 0.28359375 0.426953125 0.341796875 0.41953125 0.3453125 0.407421875
0 0.9421875 0.416796875 0.9390625 0.383984375 0.9234375 0.330078125 0.91875 0.325390625 0.90703125 0.289453125 0.89921875 0.274609375 0.862890625 0.234375 0.823046875 0.2015625 0.819921875 0.19609375 0.796484375 0.1796875 0.773828125 0.1640625 0.717578125 0.13359375 0.656640625 0.11015625 0.576953125 0.0921875 0.499609375 0.0875 0.409765625 0.09453125 0.389453125 0.1015625 0.345703125 0.11015625 0.282421875 0.1375 0.2734375 0.152734375 0.28203125 0.158984375 0.275 0.168359375 0.271875 0.184765625 0.26640625 0.187109375 0.26171875 0.198828125 0.253125 0.204296875 0.24375 0.231640625 0.239453125 0.228125 0.2359375 0.231640625 0.23671875 0.247265625 0.22265625 0.284765625 0.226171875 0.290625 0.229296875 0.290625 0.246484375 0.2796875 0.25078125 0.265234375 0.27109375 0.245703125 0.27265625 0.239453125 0.313671875 0.20546875 0.336328125 0.20390625 0.344140625 0.2078125 0.358984375 0.20234375 0.376953125 0.1875 0.390234375 0.18515625 0.392578125 0.1796875 0.408984375 0.17578125 0.4203125 0.188671875 0.42109375 0.200390625 0.433203125 0.20390625 0.437890625 0.21015625 0.456640625 0.2109375 0.466015625 0.21484375 0.494140625 0.21484375 0.50703125 0.222265625 0.51171875 0.231640625 0.5046875 0.243359375 0.5078125 0.263671875 0.49375 0.287109375 0.49453125 0.294140625 0.502734375 0.3015625 0.529296875 0.30703125 0.533203125 0.3046875 0.563671875 0.30390625 0.576953125 0.30625 0.580859375 0.29765625 0.591015625 0.29765625 0.5984375 0.310546875 0.5953125 0.313671875 0.596484375 0.31640625 0.601953125 0.3109375 0.637890625 0.31328125 0.647265625 0.33203125 0.651953125 0.32890625 0.662109375 0.33515625 0.670703125 0.3359375 0.674609375 0.340625 0.687890625 0.34296875 0.709765625 0.33984375 0.731640625 0.34765625 0.744921875 0.3578125 0.764453125 0.36015625 0.768359375 0.3671875 0.779296875 0.36640625 0.801171875 0.37578125 0.811328125 0.37578125 0.816015625 0.3890625 0.835546875 0.39140625 0.8421875 0.386328125 0.8375 0.359765625 0.828125 0.330859375 0.8171875 0.322265625 0.8203125 0.313671875 0.8171875 0.310546875 0.81796875 0.298828125 0.8125 0.282421875 0.80703125 0.278515625 0.79921875 0.262890625 0.8 0.244140625 0.808203125 0.24140625 0.827734375 0.25078125 0.83359375 0.262890625 0.84296875 0.269140625 0.8453125 0.280078125 0.8546875 0.294140625 0.86015625 0.296484375 0.86328125 0.305859375 0.87421875 0.316015625 0.88359375 0.341796875 0.89140625 0.344921875 0.89453125 0.385546875 0.8984375 0.385546875 0.90078125 0.395703125 0.896875 0.404296875 0.907421875 0.40546875 0.923046875 0.4203125 0.934375 0.421484375 0.940234375 0.42109375 0.9421875 0.416796875
3 0.190625 0.282421875 0.203515625 0.27421875 0.225 0.251171875 0.23359375 0.231640625 0.24609375 0.221484375 0.26953125 0.185546875 0.27265625 0.177734375 0.2703125 0.168359375 0.275 0.164453125 0.274609375 0.16015625 0.262890625 0.16171875 0.248046875 0.16953125 0.20703125 0.198828125 0.1640625 0.264453125 0.15859375 0.281640625 0.13984375 0.316015625 0.1390625 0.325390625 0.14609375 0.326953125 0.19140625 0.298046875 0.190625 0.282421875