1 0.303125 0.703515625 0.2984375 0.692578125 0.287109375 0.68203125 0.261328125 0.6734375 0.251953125 0.675 0.24296875 0.686328125 0.24375 0.703515625 0.246875 0.710546875 0.272265625 0.7234375 0.284375 0.724609375 0.303125 0.713671875 0.303125 0.703515625
1 0.7203125 0.624609375 0.721875 0.597265625 0.711328125 0.57734375 0.683203125 0.5796875 0.66796875 0.591796875 0.66484375 0.619140625 0.67578125 0.639453125 0.712109375 0.6328125 0.7203125 0.624609375
1 0.6890625 0.716015625 0.69453125 0.703515625 0.69375 0.681640625 0.689453125 0.67421875 0.676953125 0.6734375 0.653515625 0.67890625 0.63671875 0.690234375 0.63046875 0.713671875 0.64140625 0.723046875 0.644140625 0.7296875 0.64765625 0.730078125 0.671484375 0.72421875 0.6890625 0.716015625
1 0.709375 0.768359375 0.7078125 0.753515625 0.701953125 0.75 0.660546875 0.76484375 0.65234375 0.778515625 0.6546875 0.789453125 0.66015625 0.794140625 0.701953125 0.78046875 0.709375 0.768359375
1 0.60703125 0.533203125 0.603125 0.522265625 0.60390625 0.514453125 0.600390625 0.5109375 0.592578125 0.50546875 0.569140625 0.5046875 0.560546875 0.50625 0.55 0.513671875 0.54921875 0.539453125 0.561328125 0.55546875 0.60078125 0.556640625 0.6046875 0.553515625 0.60703125 0.533203125
1 0.741015625 0.5375 0.74609375 0.530078125 0.74296875 0.508203125 0.730078125 0.49609375 0.707421875 0.49921875 0.6953125 0.509765625 0.6953125 0.526171875 0.712109375 0.5328125 0.7140625 0.537890625 0.71875 0.539453125 0.729296875 0.5359375 0.741015625 0.5375
2 0.20078125 0.694921875 0.196484375 0.69296875 0.196875 0.701953125 0.20390625 0.716796875 0.20859375 0.719140625 0.20625 0.705859375 0.20078125 0.694921875
2 0.208203125 0.69375 0.20703125 0.702734375 0.21640625 0.722265625 0.225 0.730078125 0.2171875 0.705859375 0.208203125 0.69375
2 0.180859375 0.56171875 0.178125 0.574609375 0.1828125 0.596484375 0.18671875 0.598046875 0.1875 0.572265625 0.180859375 0.56171875
2 0.192578125 0.5625 0.1875 0.568359375 0.1890625 0.584765625 0.1921875 0.596484375 0.196875 0.598046875 0.1984375 0.587109375 0.192578125 0.5625
1 0.120703125 0.58125 0.114453125 0.57890625 0.11171875 0.584765625 0.1140625 0.608984375 0.119140625 0.61640625 0.12578125 0.617578125 0.12421875 0.587109375 0.120703125 0.58125
1 0.133984375 0.58828125 0.1296875 0.592578125 0.13203125 0.615234375 0.137890625 0.6234375 0.14609375 0.625390625 0.14140625 0.592578125 0.133984375 0.58828125
1 0.208203125 0.7453125 0.196484375 0.74140625 0.19609375 0.752734375 0.20390625 0.769140625 0.219921875 0.784375 0.2359375 0.789453125 0.21640625 0.752734375 0.208203125 0.7453125
1 0.1609375 0.691015625 0.148828125 0.68046875 0.142578125 0.6796875 0.140625 0.690234375 0.14453125 0.702734375 0.158203125 0.71796875 0.165625 0.718359375 0.16796875 0.709765625 0.1609375 0.691015625
1 0.3421875 0.372265625 0.34375 0.356640625 0.338671875 0.34765625 0.326171875 0.34921875 0.31796875 0.361328125 0.31484375 0.378515625 0.32265625 0.380859375 0.336328125 0.378125 0.3421875 0.372265625
1 0.490625 0.321484375 0.485546875 0.31171875 0.466796875 0.31015625 0.4640625 0.312890625 0.45859375 0.322265625 0.45859375 0.330859375 0.46953125 0.332421875 0.48984375 0.330078125 0.490625 0.321484375
1 0.370703125 0.309375 0.363671875 0.30859375 0.353125 0.313671875 0.346875 0.337109375 0.349609375 0.34140625 0.353125 0.341015625 0.36953125 0.336328125 0.370703125 0.309375
1 0.2625 0.333984375 0.261328125 0.32890625 0.254296875 0.328125 0.24765625 0.332421875 0.23984375 0.348046875 0.241015625 0.35234375 0.24453125 0.351953125 0.25859375 0.345703125 0.2625 0.333984375
1 0.3296875 0.293359375 0.326953125 0.2890625 0.318359375 0.28828125 0.3109375 0.293359375 0.30625 0.305859375 0.3125 0.307421875 0.32734375 0.301171875 0.3296875 0.293359375
1 0.582421875 0.2796875 0.58359375 0.274609375 0.579296875 0.27109375 0.562890625 0.26875 0.542578125 0.27109375 0.53828125 0.274609375 0.546484375 0.284375 0.5609375 0.285546875 0.570703125 0.2796875 0.582421875 0.2796875
0 0.94609375 0.423046875 0.93515625 0.369140625 0.9171875 0.314453125 0.89921875 0.275390625 0.858984375 0.23125 0.818359375 0.19609375 0.757421875 0.15546875 0.748828125 0.15703125 0.733984375 0.15234375 0.7359375 0.161328125 0.75078125 0.184765625 0.748828125 0.18671875 0.736328125 0.18359375 0.73359375 0.193359375 0.7640625 0.244140625 0.77109375 0.273046875 0.78125 0.292578125 0.78359375 0.319140625 0.80546875 0.357421875 0.8125 0.361328125 0.819140625 0.3734375 0.82890625 0.376953125 0.847265625 0.41328125 0.855078125 0.41328125 0.858984375 0.4171875 0.862890625 0.40703125 0.869140625 0.41484375 0.873828125 0.415625 0.875 0.408984375 0.881640625 0.4078125 0.916015625 0.43671875 0.937890625 0.44765625 0.9421875 0.447265625 0.94609375 0.443359375 0.94609375 0.423046875
0 0.75625 0.274609375 0.74453125 0.242578125 0.750390625 0.24140625 0.753515625 0.24765625 0.757421875 0.24765625 0.75703125 0.236328125 0.733203125 0.19765625 0.641015625 0.1625 0.610546875 0.1578125 0.592578125 0.14921875 0.562109375 0.1453125 0.55859375 0.147265625 0.55546875 0.155078125 0.55625 0.177734375 0.561328125 0.1875 0.602734375 0.20390625 0.604296875 0.20859375 0.612890625 0.21171875 0.619921875 0.21875 0.639453125 0.22109375 0.671484375 0.2359375 0.730859375 0.27421875 0.7546875 0.284765625 0.75703125 0.283203125 0.75625 0.274609375
0 0.06015625 0.466796875 0.075 0.451953125 0.07890625 0.429296875 0.0890625 0.419921875 0.09375 0.408203125 0.1 0.405078125 0.1015625 0.399609375 0.105859375 0.396875 0.110546875 0.3984375 0.125390625 0.38203125 0.130078125 0.38203125 0.13203125 0.385546875 0.13203125 0.402734375 0.13046875 0.418359375 0.125 0.418359375 0.125 0.441796875 0.13046875 0.443359375 0.13203125 0.454296875 0.1359375 0.452734375 0.14609375 0.435546875 0.143359375 0.4328125 0.128125 0.435546875 0.132421875 0.43046875 0.14453125 0.430078125 0.1484375 0.414453125 0.153125 0.408984375 0.14765625 0.404296875 0.1515625 0.395703125 0.145703125 0.38984375 0.14140625 0.392578125 0.140625 0.383984375 0.146875 0.380078125 0.1484375 0.373046875 0.14609375 0.369140625 0.1515625 0.367578125 0.15 0.373046875 0.15234375 0.377734375 0.146875 0.380859375 0.153515625 0.3828125 0.159375 0.376953125 0.16015625 0.363671875 0.165234375 0.36796875 0.1703125 0.364453125 0.169140625 0.359375 0.163671875 0.3609375 0.15859375 0.357421875 0.1578125 0.353515625 0.16328125 0.346484375 0.161328125 0.34296875 0.157421875 0.34765625 0.14921875 0.345703125 0.15390625 0.344921875 0.15546875 0.329296875 0.16171875 0.328515625 0.1640625 0.318359375 0.16796875 0.319921875 0.169140625 0.325 0.173046875 0.325 0.184375 0.315234375 0.188671875 0.3046875 0.188671875 0.32109375 0.196484375 0.32109375 0.208203125 0.31484375 0.212109375 0.3171875 0.21484375 0.314453125 0.2109375 0.310546875 0.228515625 0.303125 0.23828125 0.286328125 0.24765625 0.279296875 0.24921875 0.266796875 0.260546875 0.26328125 0.258984375 0.25859375 0.26796875 0.259765625 0.2671875 0.251171875 0.27890625 0.236328125 0.279296875 0.23125 0.298828125 0.21875 0.308984375 0.2171875 0.319921875 0.2109375 0.348828125 0.1890625 0.355078125 0.17890625 0.344921875 0.171875 0.330859375 0.17265625 0.219921875 0.21953125 0.208203125 0.23203125 0.195703125 0.23515625 0.19453125 0.239453125 0.188671875 0.23984375 0.184765625 0.24609375 0.171484375 0.25 0.161328125 0.265625 0.1484375 0.271484375 0.145703125 0.2796875 0.141015625 0.27890625 0.122265625 0.29296875 0.114453125 0.30625 0.11171875 0.305859375 0.110546875 0.30078125 0.11015625 0.305859375 0.1015625 0.310546875 0.097265625 0.31953125 0.08203125 0.326171875 0.08984375 0.330078125 0.07421875 0.346484375 0.0546875 0.429296875 0.053125 0.466015625 0.05625 0.483203125 0.0625 0.476171875 0.06015625 0.466796875
3 0.079296875 0.51640625 0.0828125 0.515234375 0.08828125 0.530078125 0.091015625 0.5546875 0.1 0.543359375 0.09375 0.494140625 0.09453125 0.478515625 0.0921875 0.475390625 0.09375 0.454296875 0.078515625 0.45 0.065625 0.466015625 0.0640625 0.470703125 0.06796875 0.475390625 0.06015625 0.479296875 0.06171875 0.496484375 0.0578125 0.505859375 0.0578125 0.524609375 0.059375 0.533984375 0.06953125 0.541015625 0.0734375 0.561328125 0.078125 0.565234375 0.0796875 0.573046875 0.0765625 0.542578125 0.079296875 0.51640625