1 0.5653121272430669 0.656229616639478 0.5712361533442087 0.6566381924959217 0.6035581908646004 0.6439307504078303 0.6146084070146819 0.6449174861337684 0.6217832047308319 0.629633365415987 0.6204458360522023 0.6115722055464926 0.6152888694942904 0.5951568091353997 0.60704073817292 0.587737290375204 0.5994265889070147 0.5931082014681892 0.5547978327895595 0.606763751223491 0.5617315195758564 0.6511535171288744 0.5653121272430669 0.656229616639478
1 0.44475370065252856 0.7677450538336053 0.4566017536704731 0.7685622047308319 0.4883456296900489 0.7609809518760196 0.4928435685154976 0.7625265350734095 0.5005772128874388 0.7537946924959217 0.49452222920065253 0.7292313450244698 0.4811228629690049 0.7191542814029364 0.42766781402936377 0.7305165024469821 0.44475370065252856 0.7677450538336053
1 0.308622704730832 0.7020348662316477 0.3264198303425775 0.7053399763458401 0.3572463743882545 0.7012892406199022 0.3659030815660685 0.702784733278956 0.3670844486133768 0.6946117373572593 0.35841627895595435 0.665600541598695 0.34244808646003266 0.6414765456769984 0.33683818515497554 0.6405842593800979 0.3311338344208809 0.6451322887438825 0.2943331729200652 0.6446156802610113 0.2876613996737357 0.648535458401305 0.308622704730832 0.7020348662316477
1 0.24711203507340948 0.7618068123980424 0.2585264673735726 0.7664686052202284 0.28672051223491024 0.7696484893964112 0.28494952283849917 0.7554319722675367 0.2667073156606851 0.7284558009787928 0.2583146435562806 0.7223178295269168 0.24242731729200653 0.7181898376835236 0.22226172756933119 0.717472867862969 0.24711203507340948 0.7618068123980424
1 0.1301040709624796 0.6899471916802611 0.14283082789559542 0.7105907601957585 0.1516821647634584 0.7149634730831974 0.16529547634584013 0.7162392895595432 0.1663072577487765 0.7072684575856444 0.14501251305057095 0.6659312283849919 0.13359808075040783 0.6612694355628058 0.12448270799347472 0.6615392014681892 0.12100228140293637 0.6647806378466559 0.1301040709624796 0.6899471916802611
1 0.6919176851549755 0.6084716990212072 0.7006938866231648 0.6066062601957585 0.7257602593800978 0.5891869339314845 0.7314338336052203 0.5688016688417619 0.7297379804241436 0.5608233034257749 0.7206669665579118 0.5514939861337683 0.7179843768352365 0.5545658368678629 0.694847116639478 0.5594838132137031 0.6872329673735726 0.5648547243066884 0.6901023360522023 0.6038542650897227 0.6919176851549755 0.6084716990212072
1 0.6952822267536705 0.6753010693311583 0.7040584290375204 0.6734356296900489 0.72743467862969 0.6617957903752039 0.7331833882544861 0.6476486769983687 0.7321350995106035 0.6270244225122349 0.7261860277324633 0.6245364624796085 0.6955097544861338 0.6410635024469821 0.6928522096247961 0.6462147373572594 0.6936364632952692 0.671481471451876 0.6952822267536705 0.6753010693311583
1 0.4182775758564437 0.5352991223491027 0.4244019641109299 0.5523427699836868 0.4324554649265905 0.5568850685154976 0.5191999722675367 0.5334436566068516 0.6198969624796086 0.5128737332789559 0.6311110334420881 0.5009004543230017 0.6153896818923328 0.43086042414355624 0.6107915619902121 0.42099730505709626 0.5915182593800978 0.4146704339314845 0.5659874902120717 0.4200971663947798 0.5475871590538336 0.4198388621533442 0.5295760897226753 0.42533499999999996 0.5137388531810767 0.4253657756933115 0.4904820986949429 0.43364468352365415 0.4248899168026101 0.4467528491027732 0.4064201818923328 0.4540142446982055 0.4023615946166395 0.46238187194127245 0.4182775758564437 0.5352991223491027
1 0.6814942300163133 0.4868556427406199 0.6952520823817292 0.48684991190864596 0.7154369853181077 0.4758884135399674 0.7201681835236542 0.45695428140293637 0.7164873947797716 0.4435606460032626 0.7085283442088092 0.43357803181076676 0.7032075228384992 0.4301226508972268 0.6965357504078303 0.43404242903752044 0.6768789176182708 0.4357189681892333 0.6703767300163133 0.4404365831973899 0.6814942300163133 0.4868556427406199
1 0.7376297479608482 0.5253735938009788 0.7449798621533442 0.5246451615008156 0.7551320611745514 0.5174839469820555 0.7644112879282219 0.5042541655791191 0.7593931313213703 0.47279936949429036 0.7488960301794453 0.46460705954323 0.7402894135399674 0.4672703352365416 0.7303819355628058 0.48146753833605227 0.7356448132137031 0.5199583230016313 0.7376297479608482 0.5253735938009788
1 0.7570898295269168 0.5737718564437194 0.7625050995106035 0.571786922512235 0.7748812234910277 0.5633191150081566 0.7810191949429037 0.554926442903752 0.7807687422512235 0.5341326019575857 0.7732934021207178 0.524464114192496 0.7693543099510604 0.5294708091353997 0.7583541835236541 0.5326428409461664 0.753133544045677 0.5375049959216965 0.7544766435562806 0.5693240081566068 0.7570898295269168 0.5737718564437194
1 0.7521869249592169 0.6448601753670473 0.7576021957585645 0.6428752414355627 0.7756075342577489 0.6236212520391518 0.7767137650897227 0.6092101044045677 0.7725993564437195 0.5996611109298532 0.7503851590538336 0.6148064216965742 0.7498628205546493 0.6378492316476345 0.7521869249592169 0.6448601753670473
1 0.79551694045677 0.5897865293637847 0.7993365375203915 0.5881407659053833 0.8124353621533442 0.5732652210440456 0.8126936663947798 0.5548648907014682 0.8097663556280588 0.5509007528548123 0.8000227316476346 0.5521379412724307 0.7933760040783034 0.558137103588907 0.7930733401305057 0.5861365179445351 0.79551694045677 0.5897865293637847
1 0.7620757210440458 0.4697275179445351 0.7664291199021207 0.4725546484502447 0.7780574967373572 0.46841519412724303 0.7849432145187601 0.45569416884176184 0.7803644086460033 0.4341525823817292 0.769239057096248 0.4269276941272431 0.7586975962479608 0.42833446818923326 0.754733458401305 0.43126177895595436 0.7550976745513865 0.4349368360522023 0.7620757210440458 0.4697275179445351
2 0.6343395187601958 0.35720327895595433 0.6617357267536704 0.3605527479608483 0.6714793507340946 0.3593155603588907 0.6763608197389885 0.3528577316476346 0.6740617601957586 0.3479261729200652 0.6588026851549755 0.34283075856443723 0.6354958401305056 0.34695089885807506 0.6323545840130506 0.3517880081566069 0.6343395187601958 0.35720327895595433
1 0.7870977340946166 0.4619072756933116 0.7998881639477977 0.4612732936378467 0.8047195424143556 0.45065669738988584 0.8003103221859706 0.4299129477977161 0.7873002169657423 0.42559032544861336 0.7810871101141925 0.4277448450244698 0.7801697781402936 0.4312753621533442 0.7870977340946166 0.4619072756933116
1 0.8174734649265906 0.4204276280587275 0.8262747120717782 0.4206415725938009 0.8313508123980424 0.4170609649265905 0.8330409347471451 0.4112814787928222 0.8278839681892333 0.3948660823817292 0.8168087063621533 0.39179996247960847 0.8109347707993474 0.39555015497553014 0.8174734649265906 0.4204276280587275
1 0.8321866451876019 0.5661483654159869 0.8360062422512236 0.5645026019575856 0.8449963890701467 0.5538359159869495 0.8454242789559544 0.5362334216965743 0.8424969673735726 0.5322692838499185 0.8338903507340946 0.53493255954323 0.8302653841761827 0.539455544045677 0.8303712960848287 0.5615309323001632 0.8321866451876019 0.5661483654159869
1 0.6022702805872757 0.8026422797716151 0.6336749861337684 0.7934653539967375 0.6536151680261011 0.7754678678629691 0.6550104796084829 0.7584936247960848 0.6396569543230016 0.758838526101142 0.6030566549755302 0.7749569902120718 0.5982252756933115 0.7855735864600326 0.5993179241435563 0.7965987577487765 0.6022702805872757 0.8026422797716151
1 0.537601160685155 0.825977779771615 0.5421241451876019 0.8296027471451877 0.5734093556280587 0.8237867528548124 0.5912007495921697 0.8133340114192497 0.5916536843393149 0.7978109013050572 0.5871306998368678 0.7941859339314845 0.5756218172920066 0.7949644567699837 0.5403975146818923 0.805787145187602 0.5351768752039152 0.8106493001631322 0.5367281884176183 0.8199092128874389 0.537601160685155 0.825977779771615
1 0.47050202446982053 0.8202269494290375 0.48191645758564433 0.8248887422512234 0.49306685481239804 0.8341930146818923 0.5195650456769983 0.8293945334420881 0.5350130203915171 0.8236093156606851 0.5368727292006525 0.818627665579119 0.5346681190864601 0.8082557903752039 0.5274124543230017 0.8035439070146818 0.473568145187602 0.8091516876019575 0.46883121615008155 0.8143279673735726 0.47050202446982053 0.8202269494290375
1 0.44091839885807504 0.8477791598694943 0.4698601908646003 0.8466306908646004 0.4878712601957586 0.8411345538336052 0.4913266419249592 0.8358137324632954 0.48513284910277327 0.8262897846655791 0.46939006280587275 0.8208802455138662 0.4404482716150082 0.8220287145187601 0.4251197911908646 0.8244530008156606 0.42243720146818925 0.827524852365416 0.44091839885807504 0.8477791598694943
1 0.5830449469820554 0.8534261998368677 0.6100018034257749 0.8468624600326263 0.6257388588907015 0.838514147634584 0.628465808319739 0.8258432128874389 0.5966968866231648 0.8313450807504078 0.5807902463295269 0.8388955570962481 0.5795838344208809 0.8449891688417619 0.5830449469820554 0.8534261998368677
1 0.45250029608482867 0.9061908132137031 0.4648571052202284 0.9094014730831975 0.4979075742251224 0.904044145187602 0.5017021264274062 0.900318997553018 0.5000313181076672 0.8944200163132137 0.48687667210440455 0.8913789412724307 0.44995651549755306 0.8942232650897226 0.4456782520391517 0.8976342871125612 0.45250029608482867 0.9061908132137031
1 0.37741706362153343 0.8883779836867862 0.39173376182708 0.894924530995106 0.41206893637846653 0.8964393368678629 0.4313615538336052 0.8910877398042414 0.4264743539967374 0.8837877161500817 0.4176230163132137 0.8794150032626428 0.37153739641109296 0.8783703246329527 0.37741706362153343 0.8883779836867862
1 0.37135061745513864 0.8362989331158238 0.3862512079934747 0.8514771411092985 0.3974960554649266 0.8553410978792821 0.4340770407830343 0.8509011019575856 0.43849984420880916 0.8462085318107667 0.43196688091354 0.8350889110929852 0.42038286296900496 0.8296292814029363 0.3706472308319739 0.8310282030995106 0.37135061745513864 0.8362989331158238
1 0.24494181076672103 0.8339820481239805 0.2667588947797716 0.8522764673735727 0.28537890212071776 0.8574913760195759 0.30022367047308324 0.8547529641109298 0.2833631908646003 0.8362388694942904 0.25797123083197393 0.8266262030995106 0.24179482463295268 0.825061305872757 0.24494181076672103 0.8339820481239805
1 0.20927815660685153 0.8348915277324632 0.22557978955954322 0.8468533450244699 0.2481639339314845 0.8491409429037521 0.23838953344208808 0.8345408947797717 0.21855738336052202 0.8216617463295269 0.20682882544861336 0.8174836639477977 0.19691561582381728 0.817923015497553 0.20927815660685153 0.8348915277324632
1 0.21606157259380096 0.8668049893964112 0.23429804893964112 0.8800233091353996 0.25579527650897227 0.8850435872756932 0.2547777634584013 0.8802565676998368 0.24007180424143557 0.8679555799347471 0.21963644861337686 0.8581232373572595 0.21018190538336054 0.8567973303425774 0.21606157259380096 0.8668049893964112
1 0.16879670636215335 0.8209812838499184 0.18011668923327895 0.8310833923327895 0.19670740293637845 0.8404821150081566 0.20519452446982056 0.8411797699836867 0.2072238181076672 0.8369959567699836 0.1908470497553018 0.8187959877650898 0.17118448531810765 0.806714676182708 0.16218860766721044 0.8036235106035889 0.15836900978792823 0.8052692740619902 0.16879670636215335 0.8209812838499184
1 0.0693610929853181 0.5610983947797715 0.07265261990212073 0.5687375897226754 0.07569942577487765 0.569340795269168 0.08087782707993475 0.5211257006525286 0.07856157422512235 0.47492058646003266 0.07473624551386623 0.46280849755301795 0.06876785970636216 0.4719990065252855 0.06395367455138663 0.5238891574225122 0.06560516884176183 0.5414666068515498 0.0693610929853181 0.5610983947797715
2 0.10634916476345839 0.4310724738988581 0.11667094942903751 0.4247090954323002 0.12498275448613377 0.41085106280587275 0.12476307911908645 0.40589445840130506 0.11470532952691681 0.4076153572593801 0.10276855709624796 0.42599637357259384 0.10634916476345839 0.4310724738988581
1 0.058503385807504076 0.6159409029363785 0.06650679608482872 0.6163244331158237 0.07116858972267537 0.60491 0.060584890701468185 0.5629638344208809 0.056740247960848283 0.5625302137030995 0.049879575856443724 0.5773306231647635 0.058503385807504076 0.6159409029363785
2 0.49456 0.4135985897226754 0.5475563825448614 0.4040016264274062 0.5591096247960848 0.3936240203915171 0.5545866402936379 0.3899990538336052 0.5363558947797716 0.3905385864600326 0.5137273915171289 0.39785007259380095 0.5066663572593801 0.3960154094616639 0.4939009730831974 0.39872877569331155 0.48899445840130507 0.4031072194127243 0.49456 0.4135985897226754
3 0.29989424632952694 0.29612135562805875 0.31096950815660684 0.2991874755301795 0.33702834828711253 0.2844757846655791 0.3707571590538336 0.2823098034257749 0.3804006019575856 0.2727550791190864 0.4043356982055465 0.2676675171288744 0.4282514804241435 0.27425842332789563 0.4594171957585645 0.27180336052202286 0.48737225122349104 0.2817051076672104 0.5144292887438825 0.28345890456769984 0.5410469755301794 0.2752994910277325 0.5511297699836868 0.27565797634584016 0.5775392422512236 0.29005766231647634 0.6133724820554649 0.2899460195758564 0.6339273327895596 0.2964174306688418 0.6534646712887439 0.29810182218597064 0.674628458401305 0.3152842789559543 0.6912635309951061 0.3150839176182708 0.7119185628058727 0.3298728646003263 0.7299103181076672 0.33605519494290376 0.7460867243066884 0.33762009216965744 0.7594302699836868 0.3297805358890702 0.7653542969004894 0.3301891109298532 0.7945465399673736 0.3498344820554649 0.8189209877650897 0.3546601296900489 0.8452109657422513 0.3724207471451876 0.8581960261011419 0.3746639853181077 0.8690072528548125 0.3823725848287113 0.8850140742251223 0.38313964518760196 0.8998645742251223 0.3941590856443719 0.9054243841761828 0.390892603588907 0.9036784404567699 0.37875546982055464 0.886873782218597 0.3781579951060359 0.8877660685154976 0.3725480938009788 0.8928922585644372 0.3731262544861338 0.8991998156606851 0.3655314192495922 0.8943820195758564 0.3507116957585644 0.8624957243066884 0.3066224722675367 0.8481038898858074 0.29383777406199024 0.8160980995106035 0.25310948205546496 0.8027488230016313 0.24719118597063622 0.7896635815660685 0.236630411908646 0.7596040970636215 0.22467432544861335 0.7463492707993475 0.2133157145187602 0.7172071174551387 0.19782911174551385 0.7074577626427406 0.18530844779771613 0.66970326182708 0.15872726916802612 0.5976668352365416 0.14151764600326264 0.5371199763458402 0.13520796818923328 0.5294750513866231 0.12474164355628059 0.5161758646003263 0.12298211663947797 0.5108299991843392 0.11744735073409462 0.46644023327895595 0.12438103752039152 0.4211524494290375 0.12316677406199021 0.40828688417618275 0.1175626044045677 0.39228006280587274 0.116795544045677 0.3678863009787928 0.12364836378466558 0.3478709828711256 0.1354076982055465 0.3359034347471452 0.13795147960848286 0.3042597389885808 0.15385026753670472 0.30409588499184337 0.16681028303425777 0.3077265823817292 0.17604515089722675 0.31549100326264273 0.183150544045677 0.326371634584013 0.18333944371941271 0.3289848197389886 0.18778729200652527 0.33957637112561173 0.1905392862969005 0.37917911745513866 0.18462311174551388 0.4249255668841762 0.18407211745513866 0.4284811288743882 0.18706883278955955 0.4166888972267537 0.2041683026101142 0.3704143776508972 0.21400425530179445 0.3553749787928222 0.21386544616639477 0.3442553572593801 0.22039840946166397 0.3236811924959217 0.22560546655791192 0.309081145187602 0.23537986623164764 0.2925018939641109 0.25349684828711255 0.29334982055464925 0.25748603099510603 0.3023456990212072 0.2605771957585645 0.30438072349102774 0.2701512349102773 0.3040723287112561 0.28439279771615006 0.298053852365416 0.2894245375203915 0.29989424632952694 0.29612135562805875