1 0.4307415762295082 0.6203294270491804 0.4048946032786885 0.6250842713114754 0.3899795991803279 0.6330268254098361 0.37784716147540987 0.6419651385245901 0.36600896229508195 0.6571658295081967 0.37890679508196723 0.6953435377049181 0.40035703688524593 0.7271650631147542 0.42967313196721313 0.738018193442623 0.45134091065573767 0.7402186967213115 0.4769874491803278 0.7380481229508197 0.4863287696721312 0.7416324270491803 0.4974654483606557 0.7354766795081967 0.5316622581967213 0.730329518852459 0.5807740721311475 0.7172398024590164 0.5968831319672131 0.7073100065573771 0.5962136786885246 0.6656610385245901 0.5856058770491803 0.6214213885245902 0.5706163098360656 0.5901009483606557 0.5659467188524591 0.5866189991803278 0.519024718852459 0.594938906557377 0.44963106475409836 0.6147749836065574 0.4449636114754098 0.6079134401639344 0.43711272295081965 0.6052246778688525 0.4316435319672131 0.6087002139344263 0.4307415762295082 0.6203294270491804
1 0.3900432131147541 0.8467365778688524 0.43138725327868854 0.8567027172131146 0.4651831942622951 0.8567240959016393 0.47313643770491803 0.8547411295081968 0.4755245491803279 0.8507666450819672 0.46072686475409835 0.830380312295082 0.4423448762295082 0.8193352991803279 0.41650217868852457 0.8173309549180328 0.3753564352459016 0.8081601393442623 0.3412619803278688 0.8086355721311476 0.34423856803278685 0.8171858434426229 0.36112584918032786 0.8340945032786885 0.3900432131147541 0.8467365778688524
1 0.37512820901639343 0.8546791327868853 0.36807692049180324 0.8450328852459016 0.3586375213114754 0.8393611221311476 0.3017921385245902 0.8214331868852459 0.29453400163934423 0.8245099918032787 0.31062595901639345 0.8416169483606557 0.3413322680327869 0.8546577540983606 0.3604136393442623 0.8600374172131148 0.37512820901639343 0.8546791327868853
1 0.30437640819672135 0.8216336221311475 0.2760667606557377 0.7910999549180328 0.24536045081967212 0.7780591483606557 0.231445481147541 0.7764599483606557 0.23392525819672133 0.7847117065573771 0.2512091327868852 0.8032110147540983 0.2858877885245901 0.8220195262295082 0.29920573032786885 0.8246123467213115 0.30437640819672135 0.8216336221311475
2 0.31686586229508196 0.24830309344262297 0.3196548418032787 0.23916007049180327 0.3125033360655738 0.23080595737704915 0.2755175467213115 0.24509614262295082 0.24190707540983605 0.2661476532786885 0.23563828360655736 0.27658067377049184 0.23951255081967213 0.2802609196721311 0.25899479098360656 0.28047204344262294 0.27967963770491805 0.26517754836065577 0.31686586229508196 0.24830309344262297
1 0.40066728114754097 0.07957513114754099 0.45077271639344263 0.06708244344262296 0.4611140713114754 0.06112499262295082 0.461715374590164 0.05337218360655738 0.4346807590163934 0.049975486885245904 0.4122155180327869 0.0513528737704918 0.40287419836065574 0.04776856967213115 0.3802042467213115 0.0584894155737705 0.37731718770491807 0.06554497950819672 0.3814878303278688 0.07210800901639344 0.39152639590163935 0.07340655737704918 0.40066728114754097 0.07957513114754099
1 0.14400255737704917 0.7306806967213114 0.14230955409836066 0.735749018852459 0.15283637786885246 0.7508644573770491 0.16903069016393443 0.7632996844262294 0.1682396418032787 0.756738793442623 0.15304536393442622 0.7347618114754099 0.14400255737704917 0.7306806967213114
1 0.3197574573770492 0.07693955327868852 0.3215506786885246 0.07057909672131148 0.31777449098360655 0.06898630983606557 0.29908329918032783 0.07533607786885246 0.2754154516393442 0.09221908360655738 0.26029787540983607 0.1061255024590164 0.2522358631147541 0.12291897950819672 0.27898265327868854 0.10991451639344262 0.3082199098360656 0.08826384016393442 0.3197574573770492 0.07693955327868852
1 0.3201690155737705 0.054873043442622955 0.3030706106557377 0.057446624590163926 0.27900616967213115 0.07273898114754099 0.2681615909836066 0.0885367 0.2689547770491803 0.0917179975409836 0.2877461860655738 0.08407609508196721 0.31101530327868854 0.06898203442622951 0.3199664434426229 0.060836907377049186 0.3201690155737705 0.054873043442622955
2 0.3407972368852459 0.7576431467213115 0.33365000737704914 0.7425298459016393 0.3086047721311475 0.7369476106557378 0.30015258032786885 0.7420116573770492 0.3063083270491804 0.7531483360655737 0.3274728819672131 0.7651891081967213 0.3392023131147541 0.7647989278688525 0.34228553114754096 0.7619182819672131 0.3407972368852459 0.7576431467213115
1 0.09831950737704918 0.6660418860655738 0.10059885 0.6768779131147541 0.11013205327868854 0.6913963237704918 0.12374423360655737 0.7002515229508197 0.12414510245901639 0.6950829836065574 0.11153723278688524 0.6699268418032787 0.09831950737704918 0.6660418860655738
3 0.8531181532786886 0.7355028549180328 0.8511266352459017 0.7410679868852459 0.8395933631147541 0.7456330852459017 0.835414168852459 0.7525884327868853 0.8240791934426229 0.7579488549180328 0.8216889442622951 0.7653029336065573 0.8127420803278689 0.7666888721311476 0.8077654237704919 0.7772221098360655 0.79026615 0.7849642295081967 0.7811209885245902 0.785554844262295 0.7644149008196721 0.7964782614754099 0.7577559303278688 0.7951818508196721 0.7603444754098361 0.7886230975409836 0.752495724590164 0.7825547409836066 0.7262542967213115 0.7823393409836066 0.7057741598360656 0.7882903786885246 0.6840956918032787 0.8029878450819672 0.6815071459016393 0.8095465991803279 0.6671870319672131 0.8198751270491803 0.621056081147541 0.8347559254098361 0.6065376696721312 0.8442891286885246 0.5844668844262295 0.8506367590163935 0.4703453204918033 0.8672637467213113 0.4450975131147541 0.8676453754098361 0.4015679344262295 0.855689856557377 0.3844695295081967 0.8582634368852459 0.3787061 0.8554765950819673 0.36001490819672133 0.8618263631147541 0.3208585450819672 0.8504700090163935 0.3079414713114754 0.8427086483606556 0.3031695254098361 0.8438984286885245 0.29392842295081967 0.8390219893442623 0.2876724581967213 0.8291774450819672 0.2743545163934426 0.8265846237704918 0.24971228770491805 0.8124542549180328 0.23559902213114756 0.810059731147541 0.22099535819672128 0.7972279106557377 0.18144667704918033 0.7775217196721311 0.17817157622950822 0.7694682590163934 0.16803493114754098 0.7660822508196722 0.16206892950819674 0.7692592729508196 0.15809444590163935 0.7668711622950819 0.1552073868852459 0.7739267262295082 0.16126719180327867 0.7795963516393443 0.17389216475409836 0.7777157401639344 0.16872148770491804 0.7806944655737704 0.16911166721311477 0.7924238967213115 0.17646574508196722 0.7948141459016393 0.18262149262295083 0.8059508245901639 0.1907708950819672 0.8081427762295081 0.1957347237704918 0.8178871032786885 0.20686498934426228 0.8218701385245901 0.21520841311475408 0.8316166032786886 0.2206754663934426 0.8315206614754098 0.2554500639344262 0.8557962262295082 0.26578714262295083 0.8565979639344262 0.32620186475409835 0.8888417377049179 0.3786718950819672 0.9095501 0.41425250573770495 0.9167293975409837 0.4446709901639344 0.9133690442622951 0.4826397114754099 0.9165738573770492 0.5120645754098361 0.9126164762295081 0.5542103532786885 0.9122455368852458 0.5569907819672132 0.9166208901639344 0.6116677286885246 0.9055226918032786 0.6162392401639344 0.906917181967213 0.6929869729508197 0.8894713532786885 0.7351434401639344 0.8722024434426229 0.7631780893442623 0.8660573852459016 0.7890336139344262 0.8477841655737705 0.8313883770491803 0.8313105803278689 0.852073224590164 0.8160160852459016 0.8862871368852459 0.7838321713114754 0.9257826327868852 0.7304794262295081 0.9253881770491804 0.7255091836065574 0.9309575860655738 0.7207415131147541 0.9486743967213115 0.6833783704918033 0.9502735967213114 0.6694634008196721 0.9584336885245901 0.6547573827868852 0.9572439081967212 0.6499854360655737 0.9644146549180328 0.6279232016393443 0.9625297680327869 0.6220574172131147 0.9597493393442623 0.6176820647540984 0.9521948262295082 0.6178760860655738 0.9442373073770491 0.6266182401639344 0.9301048008196722 0.6546400631147541 0.9106075959016393 0.6780860975409836 0.8933044803278689 0.6900031360655737 0.8843469270491803 0.7082870459016393 0.8531181532786886 0.7355028549180328