3 0.35 0.816015625 0.291796875 0.753125 0.239453125 0.709375 0.191015625 0.6609375 0.166015625 0.646875 0.153515625 0.64453125 0.14921875 0.647265625 0.16015625 0.678515625 0.1734375 0.690234375 0.18515625 0.712109375 0.22421875 0.769140625 0.2234375 0.777734375 0.2265625 0.783984375 0.238671875 0.7984375 0.290234375 0.81875 0.309765625 0.8234375 0.3265625 0.823046875 0.347265625 0.81953125 0.35 0.816015625
0 0.353125 0.848046875 0.325390625 0.8234375 0.316015625 0.82109375 0.30859375 0.823046875 0.3140625 0.833203125 0.332421875 0.85 0.3515625 0.853515625 0.3546875 0.851953125 0.353125 0.848046875
1 0.701953125 0.7296875 0.692578125 0.7296875 0.66484375 0.754296875 0.6640625 0.761328125 0.67109375 0.763671875 0.70390625 0.736328125 0.701953125 0.7296875
1 0.70625 0.773046875 0.71015625 0.766015625 0.707421875 0.7625 0.698046875 0.7625 0.6796875 0.780859375 0.67421875 0.791015625 0.68046875 0.793359375 0.688671875 0.790625 0.70625 0.773046875
1 0.7671875 0.668359375 0.763671875 0.6609375 0.757421875 0.6625 0.73359375 0.691015625 0.73359375 0.695703125 0.73828125 0.700390625 0.76171875 0.678515625 0.7671875 0.668359375
1 0.8 0.655078125 0.796484375 0.64765625 0.7875 0.653515625 0.771875 0.674609375 0.7703125 0.683203125 0.7765625 0.686328125 0.796875 0.662890625 0.8 0.655078125
1 0.816015625 0.58828125 0.81171875 0.587890625 0.79609375 0.612890625 0.79609375 0.623046875 0.8015625 0.625390625 0.81796875 0.602734375 0.816015625 0.58828125
1 0.834375 0.600390625 0.828515625 0.59453125 0.81484375 0.619921875 0.815625 0.627734375 0.8203125 0.628515625 0.834375 0.606640625 0.834375 0.600390625
1 0.84765625 0.541015625 0.843359375 0.53359375 0.83671875 0.541015625 0.8296875 0.558203125 0.83125 0.568359375 0.8359375 0.568359375 0.84765625 0.548046875 0.84765625 0.541015625
3 0.73515625 0.817578125 0.7375 0.812109375 0.730078125 0.803125 0.715234375 0.8078125 0.696875 0.827734375 0.6984375 0.836328125 0.69453125 0.843359375 0.6984375 0.843359375 0.722265625 0.8328125 0.73515625 0.817578125
3 0.790625 0.752734375 0.796875 0.741015625 0.789453125 0.73515625 0.7796875 0.735546875 0.76953125 0.752734375 0.74375 0.782421875 0.746875 0.791015625 0.75390625 0.793359375 0.76953125 0.781640625 0.790625 0.752734375
3 0.83984375 0.679296875 0.83984375 0.675390625 0.831640625 0.6734375 0.827734375 0.66640625 0.7953125 0.718359375 0.796875 0.734765625 0.80078125 0.737109375 0.80859375 0.729296875 0.83984375 0.679296875
3 0.86640625 0.633984375 0.87109375 0.604296875 0.865234375 0.5984375 0.861328125 0.59921875 0.85546875 0.607421875 0.8359375 0.650390625 0.83828125 0.669921875 0.84375 0.674609375 0.8515625 0.666015625 0.86640625 0.633984375
3 0.89609375 0.553515625 0.89609375 0.533984375 0.891015625 0.52890625 0.8828125 0.541796875 0.86640625 0.583203125 0.8703125 0.600390625 0.87578125 0.603515625 0.8796875 0.601171875 0.89609375 0.553515625
1 0.8796875 0.545703125 0.88125 0.533984375 0.876953125 0.53046875 0.87109375 0.535546875 0.86484375 0.551953125 0.8640625 0.560546875 0.86875 0.562890625 0.875 0.557421875 0.8796875 0.545703125
1 0.88671875 0.476953125 0.882421875 0.46953125 0.87890625 0.470703125 0.87421875 0.486328125 0.87421875 0.496484375 0.8796875 0.499609375 0.88671875 0.484765625 0.88671875 0.476953125
1 0.898046875 0.459375 0.89140625 0.473828125 0.8921875 0.481640625 0.8953125 0.483984375 0.9015625 0.472265625 0.898046875 0.459375
3 0.45390625 0.184765625 0.449609375 0.18046875 0.427734375 0.17265625 0.420703125 0.1640625 0.412890625 0.16171875 0.401171875 0.15234375 0.380859375 0.146875 0.362890625 0.146875 0.346484375 0.153125 0.34140625 0.164453125 0.3328125 0.172265625 0.33203125 0.176953125 0.347265625 0.19140625 0.376171875 0.18984375 0.384765625 0.20078125 0.391796875 0.2046875 0.4125 0.207421875 0.446484375 0.19296875 0.45390625 0.184765625
0 0.477734375 0.1546875 0.490234375 0.15390625 0.499609375 0.15859375 0.509765625 0.1515625 0.530078125 0.14921875 0.627734375 0.15078125 0.634375 0.147265625 0.6359375 0.141796875 0.616015625 0.1328125 0.551953125 0.121875 0.529296875 0.121875 0.513671875 0.12734375 0.502734375 0.12734375 0.497265625 0.1234375 0.454296875 0.12734375 0.432421875 0.125 0.414453125 0.12890625 0.4125 0.131640625 0.415625 0.146484375 0.42109375 0.151171875 0.4171875 0.161328125 0.4296875 0.166796875 0.442578125 0.165625 0.477734375 0.1546875
0 0.744921875 0.178125 0.687890625 0.153125 0.65625 0.144921875 0.692578125 0.178125 0.701171875 0.1828125 0.749609375 0.19453125 0.784765625 0.20703125 0.805859375 0.23046875 0.826171875 0.23984375 0.8359375 0.240234375 0.796484375 0.20859375 0.744921875 0.178125
1 0.66875 0.192578125 0.657421875 0.1859375 0.647265625 0.18671875 0.63984375 0.191796875 0.645703125 0.1984375 0.65703125 0.201171875 0.668359375 0.196875 0.66875 0.192578125
3 0.87265625 0.341796875 0.859375 0.330859375 0.846484375 0.3125 0.820703125 0.29765625 0.808984375 0.2828125 0.776171875 0.26953125 0.764453125 0.2609375 0.756640625 0.259375 0.753125 0.262890625 0.7578125 0.273828125 0.781640625 0.29921875 0.807421875 0.3171875 0.834765625 0.3296875 0.85703125 0.346484375 0.865234375 0.3609375 0.871484375 0.365625 0.87578125 0.365234375 0.87734375 0.359765625 0.87265625 0.341796875
1 0.853515625 0.34296875 0.827734375 0.325 0.815625 0.319921875 0.815625 0.324609375 0.825390625 0.33828125 0.859375 0.358203125 0.8578125 0.348046875 0.853515625 0.34296875
3 0.90078125 0.323828125 0.895703125 0.3203125 0.869921875 0.3203125 0.8765625 0.344140625 0.890234375 0.353125 0.8953125 0.352734375 0.909375 0.350390625 0.90078125 0.323828125
3 0.9203125 0.487109375 0.9234375 0.477734375 0.918359375 0.47109375 0.90703125 0.498046875 0.9078125 0.515234375 0.91484375 0.523828125 0.921875 0.513671875 0.9203125 0.487109375
3 0.93125 0.467578125 0.925390625 0.421875 0.9203125 0.426171875 0.91796875 0.437109375 0.913671875 0.44140625 0.909375 0.439453125 0.9109375 0.463671875 0.9171875 0.470703125 0.9171875 0.475390625 0.92265625 0.479296875 0.925 0.471484375 0.93125 0.467578125
0 0.13828125 0.427734375 0.159375 0.366015625 0.1703125 0.289453125 0.1796875 0.258984375 0.173828125 0.25234375 0.1609375 0.260546875 0.140625 0.282421875 0.1359375 0.294140625 0.12890625 0.298828125 0.11953125 0.323828125 0.0984375 0.351953125 0.08984375 0.373046875 0.07890625 0.450390625 0.08046875 0.500390625 0.083203125 0.50625 0.08984375 0.506640625 0.1359375 0.444140625 0.13828125 0.427734375
1 0.151953125 0.55703125 0.146484375 0.5578125 0.13984375 0.564453125 0.140625 0.577734375 0.14609375 0.581640625 0.15703125 0.573828125 0.151953125 0.55703125
1 0.128125 0.587890625 0.12578125 0.579296875 0.120703125 0.578125 0.115625 0.586328125 0.1171875 0.592578125 0.1234375 0.595703125 0.12734375 0.593359375 0.128125 0.587890625
1 0.121484375 0.54140625 0.115625 0.548828125 0.11875 0.561328125 0.125 0.552734375 0.121484375 0.54140625
1 0.11484375 0.596484375 0.1125 0.589453125 0.108203125 0.58828125 0.10546875 0.590234375 0.10546875 0.598046875 0.11015625 0.605859375 0.1140625 0.603515625 0.11484375 0.596484375