1 0.7516096590163934 0.2265677885245902 0.7404515188524591 0.2131820606557377 0.7365393737704918 0.19596464836065575 0.7322500860655737 0.16540927213114753 0.7361295327868853 0.161874268852459 0.7362175270491803 0.15607897950819674 0.7025306540983607 0.11464331229508198 0.6804632909836066 0.10201940163934425 0.6568169975409835 0.09412474918032787 0.6540878090163934 0.09825688032786886 0.6575348180327869 0.10793161639344262 0.6368628647540984 0.11793573196721312 0.6308438237704918 0.14021931393442624 0.6332248016393442 0.1513849868852459 0.6460825647540984 0.1749985819672131 0.6512694270491803 0.19988689426229508 0.6673692786885246 0.2161300360655738 0.6993602959016394 0.23945448360655738 0.7242410754098361 0.2500343270491803 0.7435427844262296 0.2539213073770492 0.7462719737704918 0.2497891762295082 0.744997256557377 0.2421182762295082 0.7537781844262295 0.23645497786885247 0.7516096590163934 0.2265677885245902
1 0.6106784360655738 0.07104921967213115 0.5943183680327868 0.06430859180327868 0.5391386614754099 0.05639887459016394 0.504615843442623 0.0700184549180328 0.4994579131147541 0.0737659106557377 0.4920359303278688 0.08918817295081968 0.49510203032786887 0.09340829836065574 0.5092898065573771 0.09814508934426229 0.5335772245901639 0.10199183852459016 0.565110637704918 0.10200690409836066 0.5735068901639344 0.0987723475409836 0.5787528155737705 0.08922960245901639 0.6114000221311475 0.07697273360655738 0.6106784360655738 0.07104921967213115
2 0.4581556057377049 0.27428168524590163 0.44686547459016396 0.26958889098360656 0.4479352713114754 0.2602146016393443 0.39475940081967215 0.2501325918032787 0.37524147213114756 0.25285048196721316 0.3658634163934426 0.25966403852459014 0.35819251639344263 0.2609387549180328 0.35128719918032786 0.2652393418032787 0.3493235942622951 0.2723973426229508 0.35984437540983605 0.2819476204918033 0.3710502786885246 0.2845523508196721 0.39504101639344263 0.2850325524590164 0.4079138442622951 0.2771127344262295 0.45806761147540986 0.28007697377049184 0.4581556057377049 0.27428168524590163
2 0.17982336721311476 0.33393437049180325 0.1617561442622951 0.3327325819672131 0.14790151311475408 0.3442314 0.14580968278688525 0.35219898114754095 0.15253901147540982 0.35948897295081966 0.15752472049180327 0.3594487418032787 0.17431722622950818 0.3529796295081967 0.1805851844262295 0.34484359262295083 0.17982336721311476 0.33393437049180325
2 0.401464762295082 0.12920086803278688 0.3653705467213115 0.13178300081967212 0.3453397180327869 0.1377392131147541 0.339925337704918 0.14310583032786886 0.35066233852459017 0.14605123770491804 0.3657476893442623 0.14512096475409836 0.4031241549180328 0.13444302704918032 0.401464762295082 0.12920086803278688
2 0.40831855 0.14356463278688525 0.391357587704918 0.14585761639344264 0.3734185893442623 0.14384624836065574 0.33450719098360654 0.1563558 0.3558969639344262 0.16015855245901642 0.38858440163934427 0.1528873926229508 0.39399501639344264 0.15540412786885247 0.4101061663934426 0.1479972106557377 0.40831855 0.14356463278688525
2 0.37136699016393443 0.15679953770491803 0.3468633524590164 0.15955765819672132 0.3350125581967213 0.1688841844262295 0.34157343032786885 0.17199804836065574 0.3863643467213115 0.16166455409836067 0.3962075385245902 0.1623936729508197 0.39927740573770487 0.1587304450819672 0.37136699016393443 0.15679953770491803
2 0.3445226049180328 0.15337769426229508 0.34034647704918036 0.15354615 0.31477304262295086 0.16567855983606558 0.33603459098360655 0.1702908926229508 0.3461819967213115 0.15861985245901639 0.3445226049180328 0.15337769426229508
2 0.8215330098360656 0.5920053532786885 0.8140783286885246 0.5866752008196722 0.8175328704918032 0.580583231147541 0.8143385450819672 0.5771726860655737 0.806411194262295 0.5800665647540983 0.7935861295081967 0.5772053844262295 0.7773065237704918 0.580436174590164 0.7658404032786885 0.5873339581967213 0.7624260926229509 0.5984116368852459 0.7646826122950819 0.6025035368852458 0.7970658368852459 0.6076325360655738 0.8116860508196722 0.5991595877049181 0.8196536319672131 0.6012514180327869 0.8215330098360656 0.5920053532786885
2 0.7958565163934426 0.6414664655737704 0.792618193442623 0.6409535655737705 0.7743347508196722 0.6463566475409837 0.7572053336065574 0.6444735040983606 0.7468492409836065 0.6469827073770492 0.7291151631147541 0.6620165278688525 0.7277449196721312 0.6759076237704918 0.7389068254098361 0.6814099983606557 0.7550582073770492 0.6789887893442623 0.7715540327868853 0.6691531295081967 0.7852766721311476 0.6663472450819672 0.7907790467213115 0.6551853393442623 0.7853684327868853 0.6526686032786885 0.7935082360655737 0.6510532081967213 0.7975159081967214 0.6467086245901639 0.7958565163934426 0.6414664655737704
2 0.8028712262295081 0.6757730647540984 0.7924271401639345 0.6840775573770491 0.7677550467213115 0.68265955 0.7469146377049181 0.6884875368852459 0.7366830040983607 0.6980705131147541 0.732755793442623 0.7123865139344262 0.7399980221311475 0.7164381836065573 0.7815103844262296 0.700606081147541 0.7968559516393443 0.690173293442623 0.8021018762295082 0.6806305483606557 0.8028712262295081 0.6757730647540984
2 0.8834495770491803 0.5914383565573771 0.8674226540983607 0.6009333377049181 0.8618762827868852 0.6149928893442623 0.8479776549180328 0.6293893516393443 0.845372924590164 0.6405952549180328 0.8507395418032787 0.6460096360655738 0.8572161860655737 0.6470354352459017 0.8651875336065573 0.641243912295082 0.8706459114754099 0.6329796508196721 0.8765367278688525 0.6115056491803278 0.8834018139344263 0.6022193540983607 0.8834495770491803 0.5914383565573771
2 0.8503586327868852 0.6405550245901639 0.8457575991803278 0.638166513114754 0.8490839155737704 0.6328841237704919 0.8477652016393442 0.6281108680327869 0.8364675377049181 0.6391847803278689 0.8326283213114755 0.6477054926229509 0.8216311040983607 0.6542625983606557 0.8183450180327869 0.6645306967213115 0.8240083163934426 0.673311624590164 0.8338515081967214 0.674040743442623 0.8459587532786885 0.663095056557377 0.8512046778688525 0.6535523114754098 0.8503586327868852 0.6405550245901639
1 0.1596305868852459 0.6788747713114754 0.14780615655737706 0.633017824590164 0.13978824508196722 0.5578877508196721 0.13519097704918034 0.5476158868852459 0.12356016803278688 0.5424541901639345 0.1167830762295082 0.5459451959016394 0.10943402213114756 0.5871055819672132 0.12141937540983608 0.6529053631147541 0.1318044 0.6790319278688525 0.1543368991803279 0.6991985139344262 0.16175134918032788 0.6995429581967213 0.1596305868852459 0.6788747713114754
1 0.10525789426229509 0.587274037704918 0.09862785901639344 0.5505386967213114 0.09703129508196721 0.5029821278688524 0.0935402893442623 0.49620503606557376 0.08663497213114754 0.5005056221311476 0.08394224836065574 0.5175068155737704 0.08497814836065573 0.5790827049180328 0.09297089508196721 0.6176936565573771 0.10272232622950819 0.6321014180327869 0.1089425213114754 0.6347463795081967 0.10525789426229509 0.587274037704918