2 0.708203125 0.64921875 0.715625 0.647265625 0.71171875 0.634765625 0.72265625 0.616015625 0.73203125 0.588671875 0.7328125 0.562109375 0.723046875 0.54296875 0.718359375 0.54296875 0.71484375 0.547265625 0.71328125 0.557421875 0.703125 0.574609375 0.7015625 0.590234375 0.70390625 0.605078125 0.6859375 0.650390625 0.68828125 0.660546875 0.69453125 0.665234375 0.701953125 0.646875 0.708203125 0.64921875
2 0.670703125 0.52734375 0.6796875 0.552734375 0.67578125 0.566796875 0.682421875 0.56796875 0.68984375 0.562109375 0.684375 0.523828125 0.68515625 0.508984375 0.6953125 0.499609375 0.6984375 0.484765625 0.671484375 0.44453125 0.658203125 0.4421875 0.631640625 0.42421875 0.62578125 0.427734375 0.62734375 0.431640625 0.6421875 0.443359375 0.6359375 0.465234375 0.63671875 0.474609375 0.643359375 0.4796875 0.657421875 0.47578125 0.66015625 0.481640625 0.66015625 0.504296875 0.65546875 0.523828125 0.64296875 0.557421875 0.6359375 0.565234375 0.6359375 0.569140625 0.639453125 0.57109375 0.64765625 0.570703125 0.66640625 0.530078125 0.670703125 0.52734375
2 0.67265625 0.306640625 0.662109375 0.3015625 0.6578125 0.321484375 0.66015625 0.345703125 0.6703125 0.388671875 0.67578125 0.392578125 0.68203125 0.337109375 0.67265625 0.306640625
2 0.7 0.341796875 0.68515625 0.310546875 0.677734375 0.30703125 0.675 0.312109375 0.68203125 0.337109375 0.68125 0.358984375 0.690625 0.392578125 0.68984375 0.398828125 0.69453125 0.400390625 0.6984375 0.388671875 0.7 0.341796875
2 0.77578125 0.328515625 0.7625 0.308203125 0.755859375 0.3046875 0.75234375 0.308984375 0.75234375 0.316015625 0.76015625 0.344921875 0.76015625 0.366015625 0.764453125 0.37109375 0.77734375 0.373046875 0.77890625 0.344921875 0.77578125 0.328515625
2 0.8125 0.544921875 0.809375 0.519921875 0.805078125 0.51484375 0.7921875 0.538671875 0.79296875 0.588671875 0.8046875 0.567578125 0.8125 0.544921875
2 0.67890625 0.723828125 0.68125 0.712109375 0.675 0.706640625 0.678125 0.696484375 0.674609375 0.6921875 0.66328125 0.699609375 0.659375 0.709765625 0.646875 0.718359375 0.63671875 0.733984375 0.63515625 0.742578125 0.641796875 0.7515625 0.64765625 0.752734375 0.658984375 0.74765625 0.67890625 0.723828125
2 0.46640625 0.719921875 0.4625 0.698828125 0.4640625 0.693359375 0.453125 0.674609375 0.453125 0.657421875 0.444140625 0.65390625 0.43671875 0.658203125 0.4359375 0.667578125 0.4265625 0.683984375 0.4328125 0.691796875 0.44140625 0.730078125 0.446484375 0.734375 0.46015625 0.735546875 0.4640625 0.733984375 0.46640625 0.719921875
2 0.483203125 0.79453125 0.49296875 0.791796875 0.4953125 0.780078125 0.486328125 0.76796875 0.470703125 0.76171875 0.466796875 0.753125 0.458203125 0.75078125 0.45390625 0.754296875 0.4546875 0.764453125 0.4453125 0.777734375 0.4421875 0.792578125 0.447265625 0.79765625 0.451171875 0.7921875 0.455859375 0.79453125 0.4609375 0.800390625 0.46171875 0.808203125 0.467578125 0.8140625 0.477734375 0.8203125 0.48359375 0.819921875 0.4765625 0.804296875 0.483203125 0.79453125
2 0.533984375 0.796875 0.534375 0.805859375 0.537890625 0.80859375 0.54375 0.807421875 0.55703125 0.776953125 0.55703125 0.766796875 0.544140625 0.7453125 0.530078125 0.74921875 0.5140625 0.766015625 0.51796875 0.776953125 0.51640625 0.788671875 0.5203125 0.792578125 0.52265625 0.806640625 0.52734375 0.810546875 0.5328125 0.806640625 0.533984375 0.796875
2 0.5890625 0.776953125 0.59453125 0.767578125 0.59296875 0.755859375 0.587890625 0.7515625 0.579296875 0.75390625 0.56015625 0.776953125 0.55625 0.798046875 0.564453125 0.80859375 0.57109375 0.808203125 0.58671875 0.794140625 0.5890625 0.776953125
2 0.38984375 0.812890625 0.372265625 0.78984375 0.362890625 0.78828125 0.35859375 0.804296875 0.38125 0.834765625 0.390625 0.817578125 0.38984375 0.812890625
2 0.425 0.834765625 0.42421875 0.812890625 0.416015625 0.8015625 0.401953125 0.8 0.39609375 0.814453125 0.4140625 0.835546875 0.4125 0.839453125 0.428125 0.847265625 0.4296875 0.843359375 0.425 0.834765625
2 0.439453125 0.86015625 0.427734375 0.85703125 0.419140625 0.85078125 0.41171875 0.851953125 0.4109375 0.863671875 0.427734375 0.88046875 0.44375 0.882421875 0.44609375 0.875390625 0.439453125 0.86015625
2 0.28359375 0.768359375 0.28046875 0.758203125 0.271484375 0.75390625 0.27109375 0.761328125 0.2671875 0.765234375 0.2703125 0.771484375 0.278125 0.778515625 0.294921875 0.8046875 0.298046875 0.80703125 0.301953125 0.80546875 0.3140625 0.812890625 0.3015625 0.785546875 0.28359375 0.768359375
2 0.2578125 0.753515625 0.25546875 0.744140625 0.246484375 0.73984375 0.24609375 0.751171875 0.25 0.761328125 0.26953125 0.790234375 0.274609375 0.7953125 0.28125 0.796484375 0.27265625 0.774609375 0.2578125 0.753515625
2 0.21484375 0.704296875 0.208203125 0.70078125 0.21875 0.734765625 0.23203125 0.750390625 0.23125 0.733984375 0.21484375 0.704296875
2 0.176953125 0.69453125 0.17890625 0.710546875 0.1921875 0.738671875 0.21640625 0.761328125 0.18359375 0.698046875 0.176953125 0.69453125
2 0.641796875 0.8375 0.655078125 0.8296875 0.659375 0.815234375 0.655078125 0.81328125 0.633203125 0.8234375 0.61171875 0.843359375 0.607421875 0.85078125 0.60390625 0.851171875 0.61796875 0.854296875 0.627734375 0.8515625 0.641796875 0.8375
2 0.344140625 0.8421875 0.337890625 0.83984375 0.3375 0.843359375 0.33125 0.847265625 0.33203125 0.851171875 0.341015625 0.85859375 0.35546875 0.860546875 0.3578125 0.855859375 0.344140625 0.8421875
2 0.36796875 0.644921875 0.3640625 0.610546875 0.371875 0.596484375 0.371875 0.588671875 0.3671875 0.580078125 0.3671875 0.569140625 0.3578125 0.554296875 0.3546875 0.541796875 0.344921875 0.53828125 0.340625 0.544140625 0.33671875 0.568359375 0.3390625 0.605078125 0.35546875 0.633984375 0.35546875 0.643359375 0.34921875 0.651953125 0.352734375 0.6546875 0.36171875 0.654296875 0.36640625 0.651171875 0.36796875 0.644921875
1 0.364453125 0.22734375 0.412109375 0.203125 0.428515625 0.19140625 0.43203125 0.186328125 0.43046875 0.180859375 0.417578125 0.17109375 0.394921875 0.171875 0.344140625 0.1953125 0.311328125 0.2203125 0.2953125 0.238671875 0.29296875 0.247265625 0.296484375 0.25234375 0.31171875 0.252734375 0.348046875 0.24296875 0.364453125 0.22734375
3 0.66640625 0.183984375 0.6609375 0.180859375 0.6625 0.176171875 0.666796875 0.178125 0.671484375 0.16640625 0.68515625 0.160546875 0.6828125 0.144140625 0.678515625 0.1375 0.66875 0.133203125 0.66875 0.126171875 0.671484375 0.12265625 0.673828125 0.13046875 0.68203125 0.129296875 0.676953125 0.121875 0.651953125 0.11015625 0.569140625 0.09140625 0.520703125 0.0875 0.466796875 0.08828125 0.444140625 0.0921875 0.433984375 0.10703125 0.4046875 0.118359375 0.40390625 0.130078125 0.4078125 0.136328125 0.424609375 0.146875 0.42734375 0.149609375 0.42578125 0.157421875 0.437890625 0.165625 0.470703125 0.16953125 0.482421875 0.178125 0.544921875 0.17578125 0.576171875 0.1859375 0.593359375 0.184375 0.619921875 0.19375 0.646875 0.194140625 0.664453125 0.1890625 0.66640625 0.183984375
2 0.459765625 0.215625 0.466796875 0.21484375 0.475 0.208203125 0.473046875 0.18828125 0.461328125 0.18984375 0.45234375 0.198046875 0.44296875 0.223046875 0.445703125 0.2265625 0.45234375 0.226171875 0.4578125 0.223828125 0.459765625 0.215625
2 0.2375 0.352734375 0.25234375 0.310546875 0.255859375 0.2921875 0.24375 0.301953125 0.234375 0.321484375 0.2328125 0.338671875 0.225 0.362890625 0.226953125 0.3671875 0.23203125 0.366796875 0.2375 0.362109375 0.2375 0.352734375
2 0.3375 0.372265625 0.341796875 0.375 0.34765625 0.373828125 0.3546875 0.337109375 0.36640625 0.315234375 0.36640625 0.304296875 0.357421875 0.28828125 0.353515625 0.2875 0.3484375 0.291796875 0.34609375 0.301953125 0.33671875 0.309765625 0.33359375 0.317578125 0.33515625 0.329296875 0.3265625 0.368359375 0.3265625 0.378515625 0.33046875 0.381640625 0.337109375 0.36328125 0.3375 0.372265625
2 0.403125 0.302734375 0.40859375 0.290234375 0.404296875 0.2875 0.398046875 0.28984375 0.3734375 0.316015625 0.37421875 0.329296875 0.3796875 0.340234375 0.38046875 0.349609375 0.384765625 0.35390625 0.3890625 0.353515625 0.4046875 0.317578125 0.403125 0.302734375
2 0.3953125 0.278515625 0.39375 0.263671875 0.388671875 0.259375 0.38203125 0.262890625 0.37578125 0.281640625 0.3765625 0.301953125 0.38125 0.305078125 0.3890625 0.298046875 0.3953125 0.278515625
2 0.3796875 0.263671875 0.373828125 0.2546875 0.364453125 0.2515625 0.35703125 0.258984375 0.35 0.285546875 0.36171875 0.293359375 0.365234375 0.303125 0.36875 0.302734375 0.36953125 0.291015625 0.3796875 0.263671875
2 0.23125 0.517578125 0.22890625 0.490234375 0.223046875 0.4859375 0.21796875 0.493359375 0.21640625 0.527734375 0.22109375 0.548828125 0.22421875 0.550390625 0.23046875 0.540234375 0.23125 0.517578125
2 0.306640625 0.30859375 0.309765625 0.31328125 0.315625 0.305859375 0.3140625 0.294921875 0.305078125 0.28671875 0.298828125 0.2875 0.2953125 0.291796875 0.28828125 0.313671875 0.29140625 0.315234375 0.301953125 0.30859375 0.306640625 0.30859375
2 0.328125 0.337890625 0.32734375 0.323828125 0.318359375 0.315625 0.311328125 0.31484375 0.30546875 0.319921875 0.3015625 0.352734375 0.3015625 0.356640625 0.3046875 0.356640625 0.321484375 0.35 0.328125 0.337890625
2 0.29140625 0.374609375 0.3 0.355078125 0.30546875 0.327734375 0.304296875 0.31484375 0.294140625 0.3140625 0.287109375 0.3171875 0.27890625 0.336328125 0.27734375 0.348046875 0.28046875 0.352734375 0.28046875 0.362109375 0.278125 0.383203125 0.284375 0.389453125 0.290625 0.383203125 0.29140625 0.374609375
2 0.77265625 0.635546875 0.772265625 0.62421875 0.762890625 0.6234375 0.7546875 0.628515625 0.72265625 0.691015625 0.72265625 0.694921875 0.7265625 0.695703125 0.75859375 0.657421875 0.77265625 0.635546875
2 0.78671875 0.608203125 0.780859375 0.59453125 0.77421875 0.596484375 0.765625 0.623828125 0.7734375 0.626953125 0.7796875 0.622265625 0.78671875 0.608203125
2 0.5140625 0.509765625 0.521875 0.473828125 0.5125 0.455078125 0.494140625 0.4390625 0.488671875 0.44140625 0.48203125 0.451171875 0.4828125 0.474609375 0.4765625 0.488671875 0.4828125 0.522265625 0.48203125 0.562109375 0.489453125 0.565625 0.4921875 0.562890625 0.498828125 0.5234375 0.50625 0.545703125 0.503125 0.559765625 0.507421875 0.56484375 0.5140625 0.565234375 0.51640625 0.561328125 0.5140625 0.509765625
2 0.404296875 0.5734375 0.41796875 0.573046875 0.4140625 0.558984375 0.4140625 0.530859375 0.42421875 0.509765625 0.4234375 0.486328125 0.40859375 0.451953125 0.4109375 0.435546875 0.404296875 0.43125 0.397265625 0.4328125 0.3890625 0.444921875 0.3828125 0.477734375 0.3828125 0.502734375 0.3890625 0.524609375 0.39140625 0.557421875 0.3890625 0.573046875 0.38046875 0.584765625 0.396875 0.586328125 0.40234375 0.583984375 0.404296875 0.5734375
2 0.339453125 0.47890625 0.34453125 0.471484375 0.34375 0.462109375 0.34765625 0.455859375 0.3390625 0.430078125 0.33984375 0.419921875 0.333984375 0.41484375 0.3140625 0.433984375 0.31328125 0.459765625 0.31015625 0.469140625 0.31015625 0.474609375 0.31953125 0.487109375 0.3328125 0.492578125 0.3328125 0.482421875 0.339453125 0.47890625
2 0.39921875 0.378515625 0.38828125 0.358984375 0.377734375 0.34921875 0.365625 0.359765625 0.35234375 0.387890625 0.359375 0.406640625 0.36640625 0.411328125 0.391015625 0.39140625 0.39921875 0.378515625