1 0.6225194190556492 0.3984834620573356 0.580240518549747 0.39045330691399666 0.5641247360876896 0.3927901298482293 0.546743591905565 0.4099784308600337 0.5296123490725126 0.45794432209106245 0.5187371138279933 0.5125466205733559 0.5256244797639122 0.5258189080944351 0.5748520328836425 0.5674712048903878 0.574598960370995 0.5704415008431704 0.5692902563237774 0.5709465876897133 0.5675832082630692 0.5783406273187184 0.5733335994940978 0.585292978920742 0.5803488229342327 0.5830185 0.5860373988195615 0.5752456450252952 0.6238909704890389 0.5986957664418212 0.6524558954468802 0.6061558482293423 0.6724898060708263 0.6055889460370995 0.6802637175379427 0.6000282268128162 0.6946127512647555 0.5678616467116357 0.70927984232715 0.5137020919055649 0.7156684629005059 0.4541699055649241 0.7115611913996627 0.44759689713322093 0.6690947335581787 0.41788971247892076 0.6569610067453626 0.4142230716694772 0.6383805438448567 0.4159908777403035 0.6313658490725126 0.41264070994940977 0.6273209207419899 0.41516826138279933 0.6225194190556492 0.3984834620573356
1 0.4608100126475548 0.23870299747048906 0.460746084317032 0.2464763811129848 0.47976717706576727 0.26341530860033724 0.5252673313659358 0.2912268305227656 0.5278577546374368 0.2987476703204047 0.5465010885328837 0.3004557757166948 0.5991427386172007 0.32731999409780776 0.6277076635750422 0.3347800758853288 0.645909310286678 0.32903074114671166 0.649955823777403 0.3096292470489039 0.6584937082630691 0.24453581281618889 0.6578000059021922 0.22879937436762227 0.6538824064080945 0.2214048069139966 0.6010510851602023 0.1953621483979764 0.5386125311973018 0.18094707251264755 0.4912764139966273 0.1873256517706577 0.47351592664418213 0.20615707335581787 0.4608100126475548 0.23870299747048906
1 0.403048802698145 0.21714695446880272 0.4311075834738617 0.2305476273187184 0.42902119139966277 0.23958478667790895 0.43312899072512645 0.24053314671163575 0.43976539881956156 0.2342771399662732 0.45910349241146714 0.2404723887015177 0.47231502192242836 0.207610521079258 0.4911501424957841 0.18599847639123102 0.5223070758853289 0.1841054544688027 0.5283744679595278 0.18031412731871838 0.5443005792580101 0.17879886509274873 0.5037915994940978 0.1668505826306914 0.47446798566610454 0.16267674030354132 0.4497572596964587 0.1647599620573356 0.4247300607082631 0.17196221585160204 0.4169561492411467 0.177522934232715 0.4000166922428331 0.20216867537942665 0.3981199721753794 0.21038427403035412 0.403048802698145 0.21714695446880272
1 0.5763467006745363 0.12994959949409782 0.6078813929173693 0.14328740134907253 0.6104089443507589 0.14733232883642497 0.6794828490725127 0.16674069308600337 0.6840967934232715 0.1617484620573356 0.6847313237774031 0.13463645615514333 0.6760740370994941 0.12528229595278245 0.6297512655986509 0.10853039713322091 0.5969517411467117 0.10441942748735245 0.5855127740303541 0.1052399300168634 0.57641115767285 0.11655156829679596 0.5741350927487352 0.12641028752107925 0.5763467006745363 0.12994959949409782
1 0.5510040860033727 0.13102158937605396 0.5561865177065767 0.12918932546374368 0.570661823777403 0.0983499215851602 0.556253089376054 0.09329270489038786 0.5117620531197302 0.08734788532883643 0.4672070885328837 0.08917644940978077 0.43876526391231024 0.11679142917369309 0.44773902360876894 0.12102655733558179 0.4819919957841484 0.12633843170320405 0.49975089881956153 0.1243809536256324 0.5510040860033727 0.13102158937605396
1 0.3491412639123103 0.21075886256323778 0.3655111753794267 0.1942024494097808 0.386685760539629 0.16058294940978077 0.3752478507588533 0.15015415767284992 0.3454809645868466 0.1553968187183811 0.3267731728499157 0.1670867436762226 0.3085699409780776 0.189710021079258 0.30566198819561546 0.19855750758853288 0.313118370994941 0.2093651155143339 0.3287280092748735 0.21296888448566612 0.3491412639123103 0.21075886256323778
1 0.3024386197301855 0.20127473102866777 0.3084436686340641 0.18838284485666104 0.3018083178752108 0.18338955649241145 0.28588220657672847 0.18490481956155141 0.26919687942664416 0.19533096880269815 0.24966594266441822 0.2237051652613828 0.24947574198988193 0.2301513726812816 0.2620516846543002 0.235650805227656 0.2798739873524452 0.23154459106239458 0.3024386197301855 0.20127473102866777
1 0.3407433912310287 0.13093863575042158 0.32658719983136597 0.12853577065767285 0.30851182462057336 0.1356122807757167 0.2906255935919056 0.14749187858347385 0.28291402445193925 0.1621531568296796 0.29087655143338953 0.1670201728499157 0.31103726222596967 0.16215579932546376 0.322034542158516 0.15387785666104553 0.3407433912310287 0.13093863575042158
2 0.7325466332209106 0.4091743102866779 0.7405725607082632 0.4118925910623946 0.7583293490725126 0.43243370236087686 0.7779199873524452 0.44128330354131534 0.7867046020236088 0.4407153440134907 0.7954897462057335 0.4345227377740304 0.7964391635750422 0.41916564249578414 0.8088259620573356 0.41986198735244523 0.8135667065767286 0.41057228499156834 0.8072478279932547 0.40045996543001683 0.7779252715008431 0.38503682799325467 0.7604178558178752 0.40089795278246204 0.7526444721753794 0.40083402445193933 0.7367194182124789 0.3910999924114671 0.7285032908937605 0.39482791905564923 0.7273652580101181 0.3997572782462057 0.7325466332209106 0.4091743102866779
2 0.5064406509274874 0.8956534856661046 0.5461914713322091 0.9052633600337268 0.5586416703204048 0.9038109688026982 0.5660362377740303 0.8998933701517707 0.5666686543001687 0.8952799544688027 0.5270441062394603 0.886997255480607 0.5064406509274874 0.8956534856661046
2 0.5537228802698145 0.7901799856661046 0.5700912065767284 0.7904975151770657 0.5769162293423272 0.7946692428330523 0.6025742596964586 0.7997275168634065 0.614961586846543 0.7947992141652614 0.6501629198988196 0.7960032892074199 0.6596422951096121 0.79992247386172 0.6665946467116357 0.7941720826306914 0.655219607925801 0.787219202360877 0.6736109274873524 0.780648307757167 0.6698824721753794 0.7780568279932546 0.6341749940978078 0.7827933448566611 0.6116135320404722 0.7793153195615514 0.603145389544688 0.7747642470489039 0.5678801273187183 0.7813335556492411 0.5594748566610456 0.7802583946037099 0.5508793844856661 0.7856294418212479 0.5537228802698145 0.7901799856661046
1 0.7472322057335582 0.8309610623946037 0.7500138861720068 0.8207863996627319 0.7472966627318719 0.8175630311973019 0.7205629435075885 0.826534676222597 0.6755615354131536 0.871527629005059 0.609324784148398 0.9241655792580101 0.6303699266441821 0.9229667892074199 0.6595683254637437 0.9145641602023609 0.7344644772344013 0.8487817799325463 0.7472322057335582 0.8309610623946037
3 0.463945671163575 0.4968682976391231 0.45560432883642493 0.4880197529510961 0.4340540986509274 0.4839098397976391 0.38349461382799327 0.49300564333895447 0.36232214249578415 0.5041265522765599 0.355116718381113 0.5128472394603709 0.341716044688027 0.5409060193929174 0.3379226037099494 0.5573372183811129 0.343292065767285 0.5828066323777403 0.3418375607082631 0.592855023608769 0.3354536964586846 0.6017653827993255 0.3392429097807757 0.6303313642495784 0.33772447639123104 0.6481531391231028 0.3578820168634064 0.677036650084317 0.36944514165261383 0.7000419131534571 0.39567113069139964 0.713884802698145 0.4091943768971332 0.7265257310286678 0.43434626138279936 0.7375245961214165 0.45836117116357505 0.7422035252951096 0.46392294688026986 0.7387281424957841 0.46120678077571675 0.7242554789207419 0.463482844856661 0.7143967596964587 0.46860240556492416 0.7090885851602023 0.47574390050590215 0.708141281618887 0.5236458634064081 0.7330459072512647 0.5613747478920742 0.738294910623946 0.5852639139966274 0.7360220160202361 0.5938593853288364 0.7306509696458685 0.6008122664418213 0.7192759308600337 0.6216719637436763 0.6739015202360877 0.6236320851602024 0.6635371854974705 0.6218003499156829 0.6527301062394604 0.5986719856661046 0.6292181703204047 0.5466004089376054 0.5886399772344014 0.5178479258010118 0.5595028650927487 0.4962998094435076 0.5328943608768971 0.48732763575042165 0.5117852900505903 0.47355184654300164 0.4964900101180438 0.463945671163575 0.4968682976391231
3 0.3398742689713322 0.6369672436762226 0.3363386568296796 0.5998063187183811 0.28786767875210795 0.5773663726812817 0.27586022344013494 0.575026908094435 0.27529015008431706 0.5887408827993255 0.29740675463743677 0.6185093541315346 0.3305835092748735 0.6434757951096122 0.33785127655986513 0.6438556669477234 0.3398742689713322 0.6369672436762226
3 0.2687345817875211 0.407234784148398 0.25710382883642496 0.43137543760539626 0.250339563237774 0.45317821079258014 0.2510332664418213 0.46891465008431704 0.2579829755480607 0.4912874966273187 0.25810660539629005 0.520737910623946 0.26511971500843173 0.5409620210792581 0.306828542158516 0.5627061509274873 0.34266070573355817 0.5761707529510961 0.34506145699831364 0.5845131526138281 0.3492337141652614 0.5720634822934233 0.3415871306913997 0.5677020817875211 0.3407666281618887 0.5562631146711636 0.34474974114671164 0.5390103558178753 0.3549899182124789 0.5171447107925801 0.3598564055649241 0.514806831365936 0.36579805396290055 0.5040636804384485 0.3784384536256324 0.49616508263069137 0.42052979595278245 0.48251820657672845 0.43285425126475546 0.4741139924114672 0.4188269747048904 0.44491506576728496 0.3816063482293423 0.41122688111298483 0.33269632546374367 0.35320625801011807 0.31506527993254635 0.33961696964586846 0.3053957040472175 0.34214399241146715 0.2990118397976391 0.3510543516020236 0.2843463338954469 0.3883399629005059 0.2687345817875211 0.407234784148398
3 0.1966333220910624 0.3222263128161889 0.18695899072512648 0.3753751644182125 0.19258258178752108 0.3866249873524452 0.20699131618887015 0.39168220404721754 0.2088235792580101 0.39686463659359195 0.19896274620573356 0.4170871618887015 0.19946466357504217 0.45614375042158517 0.20344354890387858 0.4838881728499157 0.2116575623946037 0.5026588364249578 0.2189248010118044 0.5086633558178751 0.22827843254637437 0.5056307175379426 0.24243356661045531 0.5192828768971333 0.25001727824620573 0.520168365935919 0.25393593423271504 0.5163136382799326 0.24844072934232717 0.4838924005059022 0.24983447639123105 0.4478695075885329 0.26336194940978075 0.4155132554806071 0.2829557580101181 0.3906149704890388 0.29837995193929173 0.35004311888701517 0.3088092731871838 0.33298056155143335 0.29503559696458687 0.2951866913996627 0.28606236677908936 0.285326915682968 0.2743079839797639 0.28001715514333897 0.26590376981450253 0.26769269898819564 0.24909428414839796 0.2542930826306914 0.2374022445193929 0.25808388111298486 0.21584884401349072 0.28772185328836425 0.1966333220910624 0.3222263128161889
1 0.261375934232715 0.7014853204047218 0.26447038785834737 0.7255641585160202 0.2680081146711636 0.7402264940978078 0.27634892833052277 0.7546996854974706 0.30864019561551437 0.7872498372681281 0.319193673693086 0.7940130463743676 0.3428921112984823 0.8038110067453625 0.3482647436762226 0.7955325362563237 0.3473190252951096 0.7715170978077571 0.3427071956155143 0.754010739460371 0.3250766787521079 0.7347968035413154 0.31345015345699834 0.7139402757166947 0.2915216357504216 0.7002241871838111 0.2756594536256324 0.6939660666104553 0.26573733473861716 0.6938387377740304 0.261375934232715 0.7014853204047218
1 0.19434087521079257 0.5064491062394604 0.18777103878583473 0.4768084924114671 0.17867153625632376 0.46562154047217535 0.16963437689713323 0.4635351475548061 0.1627448971332209 0.4727614502529511 0.16097391989881954 0.4879288726812816 0.18081657251264754 0.5050574730185498 0.1894743878583474 0.5087869856661046 0.19434087521079257 0.5064491062394604
1 0.18416039966273187 0.5655385489038786 0.1887738153456998 0.5661709654300168 0.18959590303541315 0.5607359898819562 0.19212715430016863 0.5254083844856662 0.1774664047217538 0.512072168634064 0.16425857419898818 0.5055615042158517 0.15894987015177064 0.5060665919055649 0.15806385328836425 0.5192749502529511 0.16652988279932548 0.5463246129848229 0.17316470489038788 0.5569425489038786 0.18416039966273187 0.5655385489038786
3 0.22641816104553122 0.7985546062394604 0.20006484317032042 0.7946338364249579 0.21371330438448566 0.8198512352445194 0.2458788279932546 0.8454495640809443 0.2534614822934233 0.8575843473861721 0.3069865067453626 0.8993634443507589 0.3385211989881956 0.9127012462057337 0.3512239418212479 0.9139032074198988 0.3530572622259696 0.9078363440134907 0.3747348212478921 0.9020241382799326 0.38231906070826305 0.897284978920742 0.382761805227656 0.8934931231028668 0.370376063237774 0.8815474831365937 0.3760012386172007 0.8759233642495784 0.3737267596964587 0.8689081408094436 0.3592551534569983 0.8603750118043845 0.33328170826306913 0.8491864747048904 0.3253825817875211 0.8421707225969646 0.28721148145025294 0.8350889283305228 0.22641816104553122 0.7985546062394604
3 0.2578313381112985 0.7599434038785835 0.2520159612141653 0.7720137301854975 0.25530167200674536 0.778397065767285 0.21795160370994943 0.7771295910623947 0.22869316863406408 0.7999451821247893 0.2551717015177066 0.8164424232715009 0.29346854553119733 0.8304760413153457 0.3119222074198988 0.8330057065767285 0.32538363827993255 0.8309214274873524 0.3251944949409781 0.8261183397976392 0.31862254384485666 0.8189763161888702 0.2748283811129848 0.7950200505902192 0.2697098785834739 0.7890789300168635 0.27034229510961216 0.7844655143338954 0.26421255986509273 0.7791562824620573 0.2621282807757167 0.7656948516020237 0.2578313381112985 0.7599434038785835
3 0.17466781281618887 0.7022355531197302 0.17270822091062396 0.7069752411467116 0.17580373187183812 0.719804784148398 0.20449175801011804 0.762339926644182 0.22161665851602022 0.7818698069139967 0.2377324418212479 0.7795329848229342 0.25991455986509276 0.7846541298482294 0.26560260708263067 0.7825059224283305 0.2565046905564924 0.7544450278246205 0.23640896543001685 0.7402867234401349 0.23438808684654297 0.7246765564924115 0.21138599409780776 0.7024917959527824 0.20355079595278247 0.6877026610455312 0.19931619561551434 0.6910517723440135 0.18907813322091063 0.6904188271500843 0.17466781281618887 0.7022355531197302
3 0.16152232546374368 0.7048254477234401 0.17226547639123105 0.7107670961214165 0.18869878836424958 0.6920619468802699 0.19893685160202362 0.692694892074199 0.20576187521079256 0.6968666205733558 0.2081008111298482 0.6904838128161889 0.20677469224283304 0.6793607900505902 0.20013987015177065 0.6687428541315346 0.1799812731871838 0.6511086374367622 0.16696417116357504 0.6325271180438449 0.1470570615514334 0.6287965489038786 0.13624945362563237 0.636252931703204 0.15109617622259697 0.6881401205733558 0.16152232546374368 0.7048254477234401
3 0.1425699173693086 0.6294913086003372 0.156283892074199 0.6300613811129848 0.16867016273187183 0.6363823743676222 0.17081837015177065 0.6420704215851603 0.17479989797639123 0.6416916062394604 0.17644354637436763 0.6364463026981451 0.1931891028667791 0.6576193026981451 0.19394779173693086 0.6543330623946036 0.18826238617200675 0.6283580320404721 0.16905056408094435 0.6234899586846543 0.15622472006745364 0.587212936762226 0.14731488954468805 0.5752044249578415 0.12298297892074199 0.5812691745362563 0.120896586846543 0.5903063338954468 0.13327915767284992 0.6359998591905565 0.1425699173693086 0.6294913086003372
1 0.9033883060708263 0.23141357841483978 0.9077486492411466 0.2350162900505902 0.910150457841484 0.23210939460370997 0.9052226838111298 0.21409741989881959 0.8731226745362564 0.1638517647554806 0.8556184291736931 0.14596500505902194 0.8346377436762226 0.1337657647554806 0.8336893836424958 0.13787356408094434 0.8407664215851601 0.15032429173693085 0.8898021888701517 0.2152967386172007 0.9033883060708263 0.23141357841483978
2 0.6154091020236088 0.06757655986509274 0.6511778659359191 0.0831898971332209 0.6780368001686341 0.0867947234401349 0.6777842563237774 0.08414037099494098 0.6396770843170321 0.06928519308600338 0.6154091020236088 0.06757655986509274