1 0.5359375 0.560546875 0.53671875 0.541015625 0.5265625 0.498046875 0.5265625 0.494140625 0.53125 0.490234375 0.51953125 0.474609375 0.512109375 0.46953125 0.477734375 0.46953125 0.46171875 0.479296875 0.459375 0.493359375 0.46171875 0.511328125 0.47265625 0.544140625 0.4734375 0.560546875 0.479296875 0.56796875 0.50703125 0.569140625 0.529296875 0.56640625 0.5359375 0.560546875
1 0.54609375 0.394921875 0.5421875 0.360546875 0.5453125 0.352734375 0.54375 0.349609375 0.530859375 0.33984375 0.498828125 0.340625 0.49140625 0.349609375 0.4953125 0.360546875 0.4953125 0.399609375 0.502734375 0.403125 0.53671875 0.402734375 0.544921875 0.40078125 0.54609375 0.394921875
1 0.47109375 0.280859375 0.47109375 0.258984375 0.463671875 0.2515625 0.437109375 0.253125 0.42890625 0.261328125 0.42734375 0.287890625 0.4515625 0.289453125 0.467578125 0.2875 0.47109375 0.280859375
1 0.529296875 0.2234375 0.513671875 0.21796875 0.49375 0.220703125 0.49453125 0.239453125 0.498828125 0.24453125 0.53046875 0.244140625 0.5328125 0.235546875 0.529296875 0.2234375
1 0.322265625 0.7875 0.252734375 0.7296875 0.239453125 0.72734375 0.2359375 0.730078125 0.23515625 0.735546875 0.24140625 0.745703125 0.298046875 0.796875 0.312890625 0.8046875 0.32421875 0.805078125 0.33203125 0.800390625 0.322265625 0.7875
1 0.48515625 0.856640625 0.48203125 0.833984375 0.476171875 0.82265625 0.453515625 0.81484375 0.430078125 0.8140625 0.421875 0.816796875 0.4203125 0.827734375 0.43125 0.853515625 0.438671875 0.86328125 0.47890625 0.866796875 0.484375 0.863671875 0.48515625 0.856640625
1 0.577734375 0.85234375 0.58125 0.848828125 0.58203125 0.818359375 0.5859375 0.816015625 0.58125 0.812109375 0.578515625 0.80390625 0.544140625 0.80390625 0.530078125 0.80625 0.51953125 0.812109375 0.51875 0.823828125 0.521875 0.827734375 0.525 0.851171875 0.530078125 0.8578125 0.5390625 0.858203125 0.559765625 0.85703125 0.577734375 0.85234375
1 0.23359375 0.340234375 0.235546875 0.3171875 0.225 0.323046875 0.21328125 0.344140625 0.20625 0.364453125 0.20546875 0.376953125 0.20859375 0.377734375 0.22265625 0.369140625 0.23359375 0.340234375
1 0.33125 0.213671875 0.330859375 0.20546875 0.319140625 0.2078125 0.31171875 0.214453125 0.30234375 0.228515625 0.30234375 0.233203125 0.30625 0.233984375 0.32578125 0.225390625 0.33125 0.213671875
3 0.794140625 0.728125 0.8265625 0.708203125 0.83828125 0.694921875 0.8453125 0.674609375 0.8578125 0.657421875 0.86953125 0.633203125 0.87421875 0.614453125 0.875 0.592578125 0.87109375 0.587109375 0.87421875 0.559765625 0.8640625 0.524609375 0.8609375 0.482421875 0.851171875 0.4671875 0.846875 0.468359375 0.840234375 0.484375 0.8359375 0.481640625 0.83515625 0.478515625 0.8390625 0.475390625 0.83515625 0.467578125 0.8375 0.451171875 0.83046875 0.434765625 0.826171875 0.42890625 0.816015625 0.4296875 0.8109375 0.419140625 0.800390625 0.40859375 0.79296875 0.412109375 0.78984375 0.423828125 0.7765625 0.444140625 0.77578125 0.465234375 0.773046875 0.47109375 0.760546875 0.4734375 0.746484375 0.48984375 0.720703125 0.490625 0.713671875 0.48828125 0.70078125 0.506640625 0.69296875 0.537109375 0.69375 0.556640625 0.687109375 0.565625 0.677734375 0.5640625 0.67265625 0.568359375 0.66796875 0.597265625 0.675 0.614453125 0.67578125 0.628515625 0.658984375 0.64453125 0.650390625 0.64609375 0.64375 0.651171875 0.64921875 0.675390625 0.636328125 0.68984375 0.628125 0.694140625 0.6234375 0.705859375 0.625 0.717578125 0.6328125 0.722265625 0.63515625 0.730078125 0.6296875 0.765234375 0.638671875 0.77265625 0.686328125 0.7796875 0.694140625 0.790625 0.70546875 0.790234375 0.751953125 0.7734375 0.794140625 0.728125
3 0.879296875 0.44453125 0.890234375 0.43671875 0.905859375 0.4390625 0.908984375 0.44375 0.914453125 0.44453125 0.92421875 0.424609375 0.921875 0.400390625 0.9109375 0.353515625 0.89296875 0.307421875 0.861328125 0.27421875 0.827734375 0.25546875 0.798046875 0.2296875 0.787109375 0.22578125 0.769140625 0.225 0.76640625 0.218359375 0.760546875 0.21640625 0.755859375 0.21015625 0.702734375 0.1875 0.678515625 0.1828125 0.66796875 0.198828125 0.66953125 0.208203125 0.68515625 0.221484375 0.69765625 0.241796875 0.722265625 0.2671875 0.734375 0.275390625 0.7453125 0.305859375 0.749609375 0.3078125 0.753125 0.292578125 0.75703125 0.294140625 0.7578125 0.291015625 0.753125 0.288671875 0.756640625 0.28203125 0.765234375 0.28359375 0.77890625 0.297265625 0.8 0.348046875 0.8046875 0.351171875 0.8234375 0.380859375 0.82890625 0.399609375 0.82734375 0.429296875 0.83359375 0.438671875 0.84296875 0.467578125 0.85 0.471484375 0.859375 0.485546875 0.8671875 0.482421875 0.879296875 0.44453125