1 0.12686197846889952 0.5421798755980861 0.13302153189792662 0.5728410948963317 0.13571499441786283 0.6167050342902711 0.14461497288676237 0.6622465271132376 0.14386369776714514 0.6790519306220095 0.16878579346092504 0.7280531132376395 0.19104643779904307 0.747287346092504 0.2144169154704944 0.7586247041467304 0.21687775518341307 0.7497097735247209 0.21113652711323763 0.7046122129186603 0.19816432376395535 0.6536666953748006 0.19528730781499204 0.6282985175438597 0.179169158692185 0.5825478612440191 0.17793128389154705 0.5340567807017544 0.1706362894736842 0.5000148452950558 0.15830222966507176 0.4817730606060606 0.15163897607655502 0.47761546092503987 0.1394671164274322 0.4811391706539075 0.13207179346092504 0.5022451674641149 0.12686197846889952 0.5421798755980861
1 0.16572535167464114 0.27424745933014355 0.187458836523126 0.2599882711323764 0.22064706379585328 0.22438831499202552 0.23731587559808612 0.21465168660287084 0.27715455263157895 0.1775705350877193 0.33018314593301434 0.13831667862838917 0.33636405422647525 0.12871664194577354 0.3343215398724083 0.12319523205741627 0.32157555661881976 0.12220918580542264 0.29340718740031896 0.13355079744816586 0.27684935964912283 0.1424977384370016 0.23947152153110046 0.17066396012759172 0.18264388676236046 0.2254895980861244 0.173539 0.2387051220095694 0.16546497288676237 0.2589104481658692 0.16572535167464114 0.27424745933014355
2 0.5233512073365232 0.7263457830940989 0.5473811826156301 0.7301256188197768 0.5253937216905901 0.7318671937799044 0.5308169521531101 0.7362531618819778 0.5910551658692185 0.7431085207336523 0.6196802727272728 0.7342469545454545 0.6276689242424242 0.7261089074960128 0.6188649768740032 0.7228583803827752 0.6110662814992025 0.7153200637958532 0.6017010151515151 0.7131985765550239 0.5214260781499203 0.7228540837320574 0.5233512073365232 0.7263457830940989
3 0.1562790071770335 0.18675435167464113 0.17382928389154706 0.16788082615629984 0.21661114593301437 0.1356423803827751 0.29579760446570974 0.09362249122807018 0.3426708979266348 0.07524626395534291 0.3507769346092504 0.06913792663476874 0.4236843062200957 0.04314655821371611 0.42806387240829347 0.034903929027113235 0.45782442105263155 0.029423079744816585 0.465369139553429 0.02444378229665072 0.43852616826156304 0.023489746411483253 0.3775366794258373 0.033439791866028704 0.33472280701754387 0.05158124880382775 0.2738955183413078 0.08329678787878787 0.25789260685805426 0.0882952918660287 0.22895375598086123 0.10798411323763955 0.20318005741626793 0.13093626555023924 0.15683392424242423 0.18280591467304624 0.1562790071770335 0.18675435167464113
3 0.11246826076555025 0.7591945303030303 0.13058410925039873 0.7907308118022329 0.14165894019138756 0.8007427719298246 0.16530260127591706 0.8330559370015949 0.19106774960127593 0.856003835725678 0.21760978149920254 0.873423922647528 0.24459574641148327 0.8876852591706539 0.2537326435406699 0.8885667240829347 0.25054828548644337 0.8768452001594896 0.2369678014354067 0.8560123859649124 0.20587119856459332 0.8194306379585327 0.17220917623604468 0.7953729059011164 0.13532438277511963 0.7426772623604465 0.12992035805422647 0.7467494872408293 0.11818602950558214 0.7442950494417863 0.1098452216905901 0.746343966507177 0.11246826076555025 0.7591945303030303
1 0.2620798532695375 0.8893372057416268 0.2851173811802233 0.9030436259968103 0.3089253907496013 0.9084028357256778 0.2924081228070175 0.8855467145135566 0.25364941706539074 0.8519145534290272 0.2309448389154705 0.8358390709728867 0.21491631897926636 0.8295599832535886 0.2620798532695375 0.8893372057416268
2 0.5156549449760766 0.7639178309409888 0.5314550956937799 0.7689568955342903 0.5206278405103668 0.7686431523125997 0.518154196969697 0.7719192870813397 0.522220019138756 0.774503913875598 0.5478229681020734 0.7756863181818182 0.5640734545454545 0.7803860311004784 0.6001515023923445 0.77579304784689 0.6072394832535885 0.7683337049441786 0.5951529984051037 0.7597901363636363 0.5842083572567782 0.75744668261563 0.55218973046252 0.761804893939394 0.5257970940988835 0.7605115063795853 0.5206150358851674 0.7630043564593302 0.5160988779904306 0.7607590813397129 0.5156549449760766 0.7639178309409888
2 0.5230417169059012 0.7887118859649123 0.5082916323763955 0.7991208165869218 0.5494663636363636 0.8041022623604466 0.5797754266347687 0.7918535781499202 0.5785225996810207 0.7864431515151515 0.5605817543859649 0.7823111594896331 0.5394949641148326 0.7833740303030303 0.5024906371610846 0.7773681259968102 0.5230417169059012 0.7887118859649123
2 0.7106524051036682 0.2703034481658692 0.7482500606060606 0.2892773014354067 0.7539998397129186 0.2884748102073365 0.7601871499202552 0.2816941706539075 0.7600633628389155 0.2768450629984051 0.7561085231259967 0.2734707480063796 0.7376127615629984 0.2732871937799043 0.7080357679425837 0.26027228149920256 0.7106524051036682 0.2703034481658692
1 0.47918439473684216 0.049336016746411485 0.5117835470494417 0.05230695853269538 0.5361208644338118 0.04244014035087719 0.5237014298245614 0.036265633971291865 0.49989982296650715 0.03372582137161085 0.47725926555023923 0.045844316586921854 0.47918439473684216 0.049336016746411485
2 0.8543754784688996 0.4394801602870813 0.8679303548644338 0.4490353827751196 0.869607909090909 0.44282886682615635 0.8657512488038278 0.43302606937799043 0.8597666993620415 0.4297691403508772 0.8524375454545454 0.43034966507177036 0.8543754784688996 0.4394801602870813
3 0.8085160311004784 0.2586908014354067 0.8168824465709729 0.26791947607655503 0.8157726132376395 0.275816350877193 0.8334701371610845 0.32178897288676234 0.8331627950558214 0.33543562679425837 0.837926528708134 0.3473791180223285 0.8397790861244019 0.3685768915470494 0.848947994417863 0.3835553452950558 0.8576857727272728 0.4073313437001595 0.8602042304625199 0.4237909928229665 0.8689164011164274 0.4362894003189792 0.869731696969697 0.4476779752791069 0.8759638213716109 0.460633120414673 0.8844348181818181 0.46625270972886756 0.8942760279106858 0.47931243620414676 0.901656398724083 0.5012870933014354 0.9051139393939394 0.5339844242424243 0.9119393931419458 0.5599075191387559 0.9118924306220096 0.5888911842105263 0.9190316275917065 0.6039870231259968 0.9257866586921851 0.5988967416267943 0.9285868500797448 0.5904321467304625 0.9357025877192984 0.5455309449760766 0.9346738755980861 0.4898216937799043 0.9240323229665072 0.4222927392344498 0.9299784601275917 0.4086332814992026 0.9271270518341307 0.39454269537480063 0.9064927456140351 0.3465467639553429 0.90084754784689 0.3437401706539075 0.8989352232854865 0.3458872663476874 0.8877366052631579 0.3310261985645933 0.8638389673046253 0.28619541945773525 0.8571757129186602 0.28203781977671455 0.8471061347687401 0.2677380701754386 0.822476428229665 0.24817088755980862 0.8140118325358852 0.24537069617224883 0.8064607121212122 0.24753059569377991 0.8085160311004784 0.2586908014354067
3 0.6330985143540669 0.882292019138756 0.636720403508772 0.8880353963317384 0.6561296403508772 0.8931790422647528 0.6837558971291866 0.891424663476874 0.7004375127591707 0.8873268301435406 0.7540594346092504 0.8610409234449761 0.7932258102073365 0.8258784992025519 0.8138046467304625 0.7997804003189792 0.8510779027113238 0.775223264752791 0.8792804314194578 0.7292591929824561 0.8845478644338117 0.7146990645933015 0.8839673397129186 0.7073699106858055 0.8732382631578948 0.7006276834130781 0.8683891547049442 0.700751471291866 0.8637748173843699 0.7049346794258373 0.856445663476874 0.7055152041467304 0.8360759896331738 0.7243951323763955 0.8103748620414672 0.7296412105263157 0.7922504625199362 0.744004980861244 0.7854890295055821 0.7462758636363637 0.7725082767145135 0.7412303971291866 0.7675481850079744 0.7421438724082935 0.7532676419457736 0.7606716443381181 0.7420092567783094 0.7691554457735248 0.730398716108453 0.7715501164274322 0.699436557416268 0.7941757208931419 0.6797711953748007 0.8252339106858054 0.6343129290271132 0.8707860598086125 0.6330985143540669 0.882292019138756
2 0.8578970406698565 0.5003714696969697 0.8711125645933014 0.5094763572567783 0.8769669250398724 0.5050647799043062 0.877743807814992 0.4995369681020734 0.8736651810207336 0.4913135454545454 0.85766226953748 0.4963120494417863 0.8578970406698565 0.5003714696969697
2 0.8587528971291866 0.47995698165869216 0.8697167440191387 0.49075862838915474 0.8743438851674641 0.49221421610845295 0.8785078875598087 0.48837036044657095 0.8769029043062201 0.4768708022328549 0.8723803444976077 0.4718061299840511 0.8596471658692185 0.4764588795853269 0.8587528971291866 0.47995698165869216