1 0.56875 0.527734375 0.5734375 0.503515625 0.576953125 0.496875 0.58125 0.496484375 0.5828125 0.489453125 0.5859375 0.450390625 0.58125 0.431640625 0.567578125 0.415625 0.547265625 0.40703125 0.495703125 0.40390625 0.458203125 0.41015625 0.446875 0.419921875 0.4328125 0.443359375 0.43359375 0.471484375 0.41796875 0.540234375 0.415625 0.587109375 0.41796875 0.613671875 0.422265625 0.61796875 0.501953125 0.6203125 0.54296875 0.625390625 0.56171875 0.615234375 0.56875 0.527734375
1 0.6203125 0.816015625 0.675 0.730078125 0.68046875 0.716015625 0.678515625 0.69921875 0.666796875 0.69453125 0.651171875 0.69296875 0.599609375 0.69921875 0.575390625 0.70859375 0.553515625 0.73515625 0.54140625 0.737890625 0.5515625 0.745703125 0.521875 0.796484375 0.51328125 0.825390625 0.518359375 0.8328125 0.55390625 0.833984375 0.601953125 0.828125 0.6203125 0.816015625
1 0.32109375 0.720703125 0.303125 0.667578125 0.303125 0.658203125 0.2734375 0.549609375 0.266015625 0.54375 0.255078125 0.54140625 0.224609375 0.54375 0.21953125 0.549609375 0.21640625 0.582421875 0.221875 0.637890625 0.24375 0.701953125 0.2484375 0.709765625 0.267578125 0.72578125 0.299609375 0.73671875 0.3109375 0.736328125 0.32109375 0.730078125 0.32109375 0.720703125
1 0.5984375 0.186328125 0.603125 0.180859375 0.60390625 0.173046875 0.600390625 0.1671875 0.579296875 0.1609375 0.553515625 0.1578125 0.528125 0.161328125 0.53125 0.165234375 0.51953125 0.183984375 0.523046875 0.19140625 0.59453125 0.201171875 0.5984375 0.197265625 0.5984375 0.186328125
1 0.1171875 0.478515625 0.12578125 0.448828125 0.146484375 0.34375 0.136328125 0.34765625 0.1234375 0.359765625 0.1015625 0.426171875 0.09765625 0.465234375 0.09140625 0.481640625 0.0921875 0.508203125 0.09453125 0.517578125 0.100390625 0.525 0.11171875 0.525390625 0.11484375 0.516015625 0.1171875 0.478515625
1 0.13984375 0.311328125 0.15234375 0.294921875 0.15859375 0.282421875 0.157421875 0.27734375 0.14140625 0.291015625 0.13046875 0.306640625 0.11953125 0.333203125 0.11875 0.337890625 0.12265625 0.337890625 0.1328125 0.326953125 0.13984375 0.311328125
1 0.928125 0.613671875 0.93203125 0.592578125 0.926171875 0.58203125 0.921484375 0.58203125 0.90625 0.601171875 0.89609375 0.637890625 0.89609375 0.646484375 0.9 0.648046875 0.9203125 0.627734375 0.928125 0.613671875
1 0.9140625 0.378515625 0.9046875 0.361328125 0.897265625 0.35703125 0.89609375 0.362890625 0.90234375 0.392578125 0.91484375 0.415234375 0.921875 0.419921875 0.9203125 0.398046875 0.9140625 0.378515625
1 0.623828125 0.11953125 0.609765625 0.1140625 0.59609375 0.118359375 0.605078125 0.12890625 0.6390625 0.135546875 0.6390625 0.130859375 0.623828125 0.11953125
1 0.694140625 0.140625 0.6671875 0.130078125 0.66953125 0.137890625 0.676953125 0.1453125 0.70703125 0.157421875 0.7078125 0.153515625 0.694140625 0.140625
1 0.64296875 0.103515625 0.64453125 0.108984375 0.651953125 0.1140625 0.67109375 0.119140625 0.664453125 0.11015625 0.64296875 0.103515625
1 0.61015625 0.923828125 0.6125 0.917578125 0.551171875 0.925 0.53359375 0.937109375 0.53828125 0.938671875 0.600390625 0.93046875 0.61015625 0.923828125