1 0.4390625 0.513671875 0.4390625 0.458203125 0.44453125 0.451171875 0.44375 0.448046875 0.4375 0.444140625 0.4375 0.430859375 0.4328125 0.416796875 0.423828125 0.403125 0.401171875 0.4015625 0.380078125 0.40390625 0.372265625 0.4078125 0.36484375 0.418359375 0.359375 0.434765625 0.359375 0.447265625 0.3546875 0.454296875 0.3578125 0.462109375 0.35859375 0.514453125 0.361328125 0.51953125 0.4171875 0.520703125 0.435546875 0.51796875 0.4390625 0.513671875
1 0.72109375 0.416796875 0.73125 0.405859375 0.725 0.376953125 0.714453125 0.3671875 0.700390625 0.36171875 0.671484375 0.35390625 0.662109375 0.35703125 0.6609375 0.363671875 0.66484375 0.373828125 0.67109375 0.380078125 0.6734375 0.411328125 0.684765625 0.41953125 0.71484375 0.430859375 0.71875 0.428515625 0.72109375 0.416796875
2 0.66484375 0.408984375 0.66953125 0.392578125 0.66171875 0.369140625 0.658203125 0.36796875 0.65 0.380078125 0.65 0.384765625 0.6546875 0.402734375 0.65546875 0.425390625 0.66171875 0.426953125 0.665625 0.423046875 0.66484375 0.408984375
1 0.29140625 0.405078125 0.30703125 0.358203125 0.3078125 0.338671875 0.305078125 0.33515625 0.291796875 0.3359375 0.277734375 0.34140625 0.26640625 0.355078125 0.2515625 0.387890625 0.2484375 0.401953125 0.2484375 0.412890625 0.253515625 0.41640625 0.259375 0.416015625 0.276953125 0.41328125 0.29140625 0.405078125
1 0.28671875 0.302734375 0.2890625 0.290234375 0.286328125 0.2875 0.269140625 0.29296875 0.25078125 0.321484375 0.25546875 0.339453125 0.2609375 0.341015625 0.2734375 0.332421875 0.28671875 0.302734375
1 0.32265625 0.285546875 0.3328125 0.260546875 0.332421875 0.24921875 0.316796875 0.25078125 0.30234375 0.258984375 0.2890625 0.281640625 0.28828125 0.295703125 0.2921875 0.297265625 0.312890625 0.29140625 0.32265625 0.285546875
1 0.514453125 0.20390625 0.51875 0.196484375 0.51640625 0.185546875 0.492578125 0.18203125 0.473046875 0.18359375 0.46875 0.188671875 0.46640625 0.201171875 0.48359375 0.208203125 0.503515625 0.2078125 0.514453125 0.20390625
1 0.494921875 0.16484375 0.473828125 0.1640625 0.46640625 0.168359375 0.466796875 0.17890625 0.49453125 0.178515625 0.49765625 0.176953125 0.494921875 0.16484375
1 0.42578125 0.157421875 0.4265625 0.151953125 0.423828125 0.14921875 0.405078125 0.1515625 0.3984375 0.158984375 0.4015625 0.163671875 0.421484375 0.1609375 0.42578125 0.157421875
1 0.3703125 0.168359375 0.362109375 0.165625 0.352734375 0.16953125 0.34140625 0.180078125 0.341796875 0.1859375 0.34765625 0.185546875 0.365234375 0.18046875 0.3703125 0.168359375
1 0.47890625 0.145703125 0.473046875 0.13984375 0.458984375 0.13984375 0.45078125 0.144921875 0.452734375 0.15 0.45703125 0.150390625 0.476953125 0.14921875 0.47890625 0.145703125
1 0.412890625 0.15 0.418359375 0.15 0.419140625 0.14921875 0.424609375 0.14921875 0.425390625 0.1484375 0.426953125 0.1484375 0.4296875 0.145703125 0.4296875 0.141015625 0.427734375 0.1390625 0.424609375 0.1375 0.416796875 0.13828125 0.416015625 0.1390625 0.411328125 0.13984375 0.409765625 0.140625 0.4046875 0.145703125 0.40390625 0.147265625 0.404296875 0.1515625 0.409375 0.151171875 0.412109375 0.15078125 0.412890625 0.15
1 0.458984375 0.140625 0.461328125 0.140625 0.462109375 0.13984375 0.466796875 0.13984375 0.467578125 0.1390625 0.469140625 0.1390625 0.4703125 0.137890625 0.4703125 0.135546875 0.47109375 0.133984375 0.469140625 0.13203125 0.467578125 0.13203125 0.466796875 0.13125 0.458203125 0.13125 0.457421875 0.13203125 0.454296875 0.13203125 0.453515625 0.1328125 0.451953125 0.1328125 0.44765625 0.137109375 0.44765625 0.141796875 0.449609375 0.1421875 0.450390625 0.14296875 0.453125 0.142578125 0.455859375 0.1421875 0.458984375 0.140625
3 0.294140625 0.85546875 0.2953125 0.842578125 0.290625 0.836328125 0.28828125 0.823046875 0.26796875 0.804296875 0.26484375 0.791796875 0.25078125 0.773828125 0.25625 0.761328125 0.24140625 0.744921875 0.240625 0.735546875 0.23359375 0.725390625 0.2296875 0.711328125 0.2296875 0.698046875 0.2125 0.661328125 0.21484375 0.627734375 0.219921875 0.62890625 0.225390625 0.61953125 0.243359375 0.6109375 0.25546875 0.596484375 0.2578125 0.586328125 0.25546875 0.569921875 0.25078125 0.566796875 0.247265625 0.5578125 0.23671875 0.554296875 0.2390625 0.516015625 0.23125 0.498828125 0.234375 0.472265625 0.23203125 0.441015625 0.2359375 0.418359375 0.23203125 0.391015625 0.246875 0.364453125 0.246875 0.353515625 0.2515625 0.342578125 0.25 0.321484375 0.26640625 0.291796875 0.27734375 0.280078125 0.28671875 0.258984375 0.31171875 0.223828125 0.31484375 0.212109375 0.33515625 0.191015625 0.3421875 0.173046875 0.35078125 0.166796875 0.3625 0.143359375 0.371875 0.137890625 0.370703125 0.1328125 0.361328125 0.1296875 0.349609375 0.13203125 0.333984375 0.140625 0.290234375 0.17578125 0.26640625 0.201953125 0.2578125 0.216015625 0.25 0.221484375 0.221875 0.264453125 0.1828125 0.306640625 0.17421875 0.330078125 0.16875 0.337109375 0.1703125 0.355859375 0.1640625 0.390234375 0.16484375 0.416796875 0.14609375 0.465234375 0.1453125 0.491796875 0.140625 0.497265625 0.13671875 0.553515625 0.13203125 0.568359375 0.13203125 0.614453125 0.12421875 0.629296875 0.13203125 0.653515625 0.13203125 0.664453125 0.128125 0.669921875 0.13125 0.694921875 0.12578125 0.698828125 0.1265625 0.706640625 0.14453125 0.749609375 0.1765625 0.796484375 0.193359375 0.8125 0.238671875 0.84296875 0.263671875 0.85625 0.275 0.858203125 0.281640625 0.8546875 0.294140625 0.85546875
1 0.15859375 0.421484375 0.15859375 0.416015625 0.150390625 0.41015625 0.1390625 0.414453125 0.1234375 0.439453125 0.124609375 0.4515625 0.138671875 0.4484375 0.1453125 0.451953125 0.153125 0.439453125 0.15859375 0.421484375
3 0.87578125 0.583984375 0.88125 0.525390625 0.87109375 0.460546875 0.862890625 0.453125 0.851171875 0.45390625 0.84453125 0.466796875 0.840625 0.487109375 0.8421875 0.502734375 0.83515625 0.506640625 0.83125 0.514453125 0.82265625 0.539453125 0.81953125 0.573046875 0.8078125 0.599609375 0.80625 0.616796875 0.81015625 0.638671875 0.80234375 0.656640625 0.812109375 0.65859375 0.81328125 0.671484375 0.82421875 0.676171875 0.85078125 0.650390625 0.87578125 0.583984375
3 0.835546875 0.79140625 0.86015625 0.754296875 0.8828125 0.708203125 0.89140625 0.681640625 0.890625 0.669140625 0.8796875 0.666015625 0.882421875 0.6515625 0.8515625 0.672265625 0.82734375 0.703515625 0.8125 0.730859375 0.8 0.741796875 0.79609375 0.753515625 0.77890625 0.769921875 0.76015625 0.796484375 0.75703125 0.822265625 0.7640625 0.826171875 0.7640625 0.833984375 0.76953125 0.837109375 0.793359375 0.82421875 0.835546875 0.79140625
3 0.7609375 0.371484375 0.77109375 0.361328125 0.77734375 0.341015625 0.77734375 0.328515625 0.78671875 0.312109375 0.78828125 0.300390625 0.7859375 0.291015625 0.771875 0.264453125 0.733203125 0.228125 0.717578125 0.2203125 0.708203125 0.21171875 0.691015625 0.2078125 0.683203125 0.2140625 0.666796875 0.21484375 0.6609375 0.221484375 0.6609375 0.235546875 0.68203125 0.258203125 0.68359375 0.282421875 0.69765625 0.321484375 0.741796875 0.36484375 0.753125 0.370703125 0.759375 0.398828125 0.7609375 0.426171875 0.76640625 0.429296875 0.76953125 0.423046875 0.7609375 0.371484375
3 0.820703125 0.24921875 0.81484375 0.247265625 0.809765625 0.23828125 0.800390625 0.23359375 0.779296875 0.209375 0.739453125 0.178125 0.726953125 0.17109375 0.714453125 0.16953125 0.661328125 0.14765625 0.6421875 0.149609375 0.6421875 0.161328125 0.654296875 0.16640625 0.67109375 0.192578125 0.677734375 0.19453125 0.691796875 0.20625 0.702734375 0.2078125 0.741796875 0.22890625 0.757421875 0.23359375 0.768359375 0.24140625 0.776953125 0.24296875 0.784765625 0.23828125 0.788671875 0.2390625 0.800390625 0.24765625 0.812109375 0.25078125 0.816015625 0.2578125 0.828125 0.263671875 0.828125 0.258984375 0.820703125 0.24921875
3 0.634375 0.158203125 0.634375 0.152734375 0.619140625 0.1328125 0.601953125 0.12421875 0.562890625 0.11484375 0.554296875 0.109375 0.523046875 0.09921875 0.483984375 0.0921875 0.438671875 0.090625 0.393359375 0.09765625 0.3671875 0.105859375 0.392578125 0.109375 0.419921875 0.10703125 0.458203125 0.109375 0.486328125 0.11796875 0.506640625 0.1203125 0.537890625 0.1328125 0.569140625 0.13359375 0.58046875 0.148828125 0.587109375 0.1515625 0.604296875 0.16953125 0.612109375 0.17109375 0.6203125 0.177734375 0.6203125 0.172265625 0.634375 0.158203125
1 0.821875 0.530859375 0.828125 0.524609375 0.82890625 0.514453125 0.83984375 0.501953125 0.83671875 0.487890625 0.829296875 0.48046875 0.816796875 0.48203125 0.808203125 0.496875 0.806640625 0.49375 0.800390625 0.49296875 0.796875 0.498828125 0.79609375 0.521484375 0.8 0.534765625 0.8125 0.544140625 0.81875 0.541015625 0.821875 0.530859375
3 0.82109375 0.472265625 0.81875 0.428515625 0.80546875 0.393359375 0.798828125 0.3859375 0.792578125 0.384375 0.784765625 0.39375 0.773046875 0.38984375 0.76953125 0.398046875 0.7875 0.466015625 0.7984375 0.490234375 0.80546875 0.494921875 0.80859375 0.505078125 0.809375 0.494140625 0.82109375 0.472265625
1 0.8390625 0.396484375 0.825390625 0.3796875 0.808984375 0.37421875 0.8078125 0.386328125 0.81328125 0.403515625 0.830859375 0.4296875 0.841015625 0.4359375 0.84609375 0.435546875 0.8484375 0.423046875 0.8390625 0.396484375
1 0.8640625 0.404296875 0.857421875 0.39375 0.843359375 0.38828125 0.84375 0.404296875 0.85546875 0.428515625 0.86796875 0.436328125 0.8703125 0.423828125 0.8640625 0.404296875
1 0.81171875 0.323828125 0.802734375 0.3109375 0.791015625 0.30546875 0.7921875 0.321484375 0.80390625 0.344140625 0.8203125 0.352734375 0.8203125 0.343359375 0.81171875 0.323828125
1 0.79921875 0.281640625 0.789453125 0.271875 0.780859375 0.26953125 0.78125 0.277734375 0.79609375 0.301953125 0.806640625 0.31015625 0.81328125 0.311328125 0.81484375 0.306640625 0.79921875 0.281640625
1 0.85 0.327734375 0.835546875 0.315625 0.831640625 0.315625 0.83046875 0.323828125 0.83671875 0.334765625 0.851171875 0.35 0.85625 0.349609375 0.8578125 0.342578125 0.85 0.327734375