1 0.887112206539075 0.6204107424242424 0.8880904593301435 0.6100594122807017 0.8608819122807018 0.5924367384370016 0.8529086451355662 0.5922975645933014 0.8482380414673045 0.608566216108453 0.8806640063795853 0.6242860366826156 0.887112206539075 0.6204107424242424
1 0.6338705127591706 0.6211745948963318 0.6457309744816586 0.6042338724082935 0.6548634202551834 0.5836564696969697 0.6550165111642744 0.5748858755980861 0.6506938429027114 0.5712213596491228 0.6411398397129187 0.5702570247208931 0.6334051858054227 0.5792940661881978 0.6184270223285486 0.6149232551834131 0.6271001945773524 0.6206576339712918 0.6338705127591706 0.6211745948963318
1 0.6274162591706539 0.5568575797448165 0.6373181969696969 0.5378887472089314 0.6440029936204147 0.5204588987240829 0.6381552583732057 0.5127799146730463 0.6285873373205741 0.5126129059011164 0.6191466913875598 0.5280007264752792 0.6115671467304625 0.5509979449760766 0.6170231770334929 0.5582713070175439 0.6274162591706539 0.5568575797448165
1 0.693570370015949 0.4451561993620414 0.6996407830940989 0.4400779561403509 0.7073455845295056 0.40990479824561404 0.7075821802232855 0.39635024401913876 0.6969783197767145 0.38699310207336524 0.6893132527910686 0.39204351036682616 0.6798885414673046 0.429364774322169 0.6805188596491227 0.43894661244019134 0.6875973787878787 0.4446531562998405 0.693570370015949 0.4451561993620414
1 0.7373815869218501 0.44831363636363636 0.7410321858054226 0.4447882942583732 0.7462336674641148 0.42095199760765545 0.7466511889952153 0.39703219617224883 0.7376002296650718 0.3900948692185008 0.7335996786283892 0.3908226084529505 0.7299073277511963 0.3967399306220096 0.7236997583732058 0.4325222113237639 0.7251274035087719 0.44211796650717705 0.7314085956937799 0.44781059250398725 0.7373815869218501 0.44831363636363636
1 0.7189912320574162 0.33673166666666665 0.7218146507177033 0.3120562910685805 0.7175337344497608 0.30599979505582137 0.7088188102073365 0.30265739633173844 0.7039672807017544 0.32929129585326955 0.7126126180223286 0.33662032775119616 0.7189912320574162 0.33673166666666665
1 0.7222003022328549 0.2442696028708134 0.7216674059011164 0.22910647846889953 0.7157918357256778 0.2230221475279107 0.7070629944178629 0.22047707575757575 0.7055538628389155 0.2383960510366826 0.7181579992025517 0.24738932296650715 0.7222003022328549 0.2442696028708134
1 0.3334947615629984 0.375065485645933 0.3404181706539075 0.3668118524720893 0.3422494202551834 0.3532851331738437 0.3355486881977671 0.3487815390749601 0.3076005015948963 0.35068640988835725 0.3007188437001595 0.3565480629984051 0.2964956148325359 0.37003302950558215 0.3008182838915471 0.3736975454545454 0.31237256220095694 0.3742980111642743 0.3334947615629984 0.375065485645933
1 0.28176594657097287 0.3685795677830941 0.28624170653907494 0.363473490430622 0.2896954441786284 0.3483799521531101 0.2837502870813397 0.3462822551834131 0.2637336148325359 0.35071828070175437 0.254404307814992 0.35972748803827753 0.2526148110047847 0.3708622264752791 0.28176594657097287 0.3685795677830941
1 0.22649989074960128 0.38197114912280705 0.23346505263157893 0.3713255358851675 0.23363206140350876 0.36175761562998404 0.22767298724082938 0.3604572456140351 0.21084562200956938 0.3649489401913875 0.20474737400318976 0.37162183652312597 0.20294395933014353 0.3835539027113237 0.22649989074960128 0.38197114912280705
1 0.5603099194577352 0.8144975821371611 0.5683806084529506 0.8090554688995215 0.5890255805422647 0.7914705111642742 0.590759408293461 0.7835250789473684 0.5776383110047847 0.781302125199362 0.5720013540669857 0.7843940103668261 0.5480696531100478 0.8075045853269538 0.5472166570972887 0.8106799744816586 0.552742274322169 0.8139667033492823 0.5603099194577352 0.8144975821371611
1 0.5892264776714513 0.8485002472089314 0.6059544035087719 0.8268590693779904 0.5911690653907496 0.828594913875598 0.5728464864433812 0.8502082575757576 0.5892264776714513 0.8485002472089314
1 0.49943877751196175 0.8748479346092505 0.5104462424242424 0.8610826020733653 0.5061096562998405 0.8582154122807018 0.49091869617224876 0.8603429625199362 0.4815615542264753 0.8709468229665072 0.4870454194577352 0.8766255318979266 0.49943877751196175 0.8748479346092505
1 0.23612187719298244 0.6760435135566188 0.23463856220095694 0.6696370653907496 0.21827047129186603 0.6478169784688995 0.2084361028708134 0.6400684074960128 0.20475766905901116 0.6451884027113237 0.20696872328548643 0.6555954027113238 0.21708345773524718 0.6701282089314194 0.2296597591706539 0.68071613476874 0.23612187719298244 0.6760435135566188
1 0.23715983492822967 0.7079644170653907 0.2372990087719298 0.6999911499202552 0.21781119696969697 0.6741287599681021 0.2095018947368421 0.6703946570972886 0.2058095446570973 0.6763119792663477 0.20650944976076555 0.6819071842105263 0.23073946889952152 0.7102450582137161 0.23715983492822967 0.7079644170653907
1 0.8098685239234449 0.2936540358851675 0.8077548915470494 0.27766574960127594 0.7995847631578947 0.2659583795853269 0.7956120470494418 0.26509146570972886 0.7965644824561403 0.2790655598086125 0.8042733197767146 0.2943539409888357 0.8098685239234449 0.2936540358851675
1 0.1698939370015949 0.5863572703349282 0.1692914537480064 0.575180779106858 0.16161045135566188 0.5582977448165869 0.15414022807017544 0.5521855789473684 0.14956704625199363 0.5628729441786284 0.16425698006379585 0.5894491555023924 0.1698939370015949 0.5863572703349282
1 0.17324037001594897 0.6231038859649123 0.1734073787878788 0.6135359657097289 0.16262057496012758 0.5918133014354067 0.1567310869218501 0.5865262966507176 0.15225532775119616 0.591632374800638 0.15211615311004786 0.5996056419457736 0.16841465789473684 0.6254123620414673 0.17324037001594897 0.6231038859649123
3 0.5924567089314194 0.2065130709728868 0.6173130111642743 0.1989712432216906 0.6225721802232855 0.19467640909090908 0.6238864681020734 0.18792000797448166 0.6509538237639554 0.19078517942583734 0.6597800877192983 0.18774896411483252 0.6740186116427432 0.17164732057416268 0.6596229609250399 0.15105801834130783 0.6485578086124402 0.14528188755980861 0.624679759170654 0.14247238596491227 0.6006625358851675 0.14763615151515153 0.5893329537480063 0.15700922807017542 0.5781007926634769 0.1608010183413078 0.5715551706539075 0.17025759968102072 0.5430482695374801 0.18132476953748006 0.5504628237639554 0.19062624242424242 0.5848890637958533 0.20598219298245615 0.5924567089314194 0.2065130709728868
3 0.6931712153110048 0.8335656467304624 0.6996194154704944 0.8296903524720893 0.7179996818181819 0.8276184720893142 0.7581304481658692 0.8131651339712919 0.7730827942583732 0.8018613684210527 0.7804535781499203 0.7908240510366826 0.782284826953748 0.7772973317384371 0.8011522025518342 0.7473190167464115 0.82074731738437 0.7213412527910685 0.8322995781499203 0.6992109481658692 0.8452377320574163 0.689068379585327 0.857698658692185 0.6605733787878788 0.856607048644338 0.6545725518341308 0.8406465972886762 0.6550915311004785 0.8164902001594896 0.6682285637958533 0.7596891953748006 0.7238645422647528 0.7066918811802232 0.7672045861244019 0.6521993524720893 0.8276662775119618 0.6637397137161085 0.8290640701754386 0.6728185079744817 0.8344067432216906 0.6931712153110048 0.8335656467304624
3 0.30102766507177037 0.8414757942583732 0.2971802057416268 0.8334329401913875 0.27874225119617224 0.8159633572567783 0.27079681897926633 0.8142295295055821 0.2606980199362042 0.8216301658692184 0.2598171889952153 0.8264002089314194 0.2656092543859649 0.8372685 0.30084673923444977 0.8518410414673047 0.30102766507177037 0.8414757942583732
3 0.24949167623604468 0.8010965326953748 0.26286328628389155 0.788967606060606 0.22895198963317384 0.7441105669856459 0.2115082240829346 0.7382230972886762 0.2102635231259968 0.7409928644338118 0.21723070255183413 0.7530780223285486 0.21422433971291865 0.765387874800638 0.21036296251993622 0.7581423476874003 0.20913217862838918 0.760114788676236 0.20977641467304625 0.7688992998405103 0.2184217519936204 0.776228331738437 0.2230247854864434 0.7866770829346093 0.24109887001594896 0.8021463907496013 0.24949167623604468 0.8010965326953748
3 0.21166333253588515 0.7521832735247209 0.2093548572567783 0.7473575614035087 0.21188601116427433 0.7394260462519936 0.20178519457735247 0.7240959122807017 0.20743606858054225 0.7202067009569377 0.2020635422647528 0.7081493779904307 0.20218879824561403 0.7009734377990431 0.19601894577352472 0.6889021985645933 0.17595850398724083 0.6729994338118023 0.17303564513556619 0.680525326953748 0.17749950558213717 0.6989473452950558 0.1753739736842105 0.7064871555023924 0.17019830861244017 0.7059980295055822 0.17092604784688994 0.7099985805422647 0.19107201196172247 0.743848153907496 0.20604029346092503 0.754477831738437 0.21166333253588515 0.7521832735247209
3 0.12160897767145136 0.6110366818181818 0.1273851076555024 0.5999715295055821 0.13026419696969696 0.5721068468899521 0.12522770574162678 0.5636444537480064 0.12076586283891547 0.5679532049441786 0.12245793859649122 0.5623997527910686 0.11612107655502392 0.5598964330143541 0.10927915390749601 0.5406353357256779 0.10179501275917066 0.5353204968102073 0.0972496658692185 0.5444132081339713 0.09774081020733652 0.5619683133971292 0.11679718261562998 0.6125478309409889 0.12160897767145136 0.6110366818181818
3 0.1231257663476874 0.36421535406698563 0.1353779322169059 0.3476802543859649 0.1748644625199362 0.3244424051036683 0.18528537958532695 0.32143402392344494 0.20630813875598084 0.30505201515151514 0.22456113157894736 0.28742530542264755 0.23601597049441786 0.27087628787878787 0.2353160653907496 0.26528108373205744 0.2253425231259968 0.26550577990430624 0.1850865 0.2871350582137161 0.17045627192982454 0.30283107894736844 0.14716678867623606 0.3119953955342903 0.11912319776714514 0.34221232376395533 0.11399130223285488 0.36206198724082933 0.1171388572567783 0.36450963716108453 0.1231257663476874 0.36421535406698563
1 0.1617036307814992 0.3473422009569378 0.17122778149920256 0.3271704202551834 0.13456668819776713 0.348463663476874 0.1300630933014354 0.3551643947368421 0.12909875757575756 0.3647183979266348 0.1617036307814992 0.3473422009569378
3 0.16401453827751195 0.6947241164274321 0.16522938676236046 0.6708182320574162 0.1359747759170654 0.6104898684210527 0.1324772687400319 0.6052446164274322 0.12611257256778308 0.6043359505582137 0.12155330781499203 0.6142259888357257 0.12824213955342903 0.6422576802232854 0.14747943779904304 0.6824719505582137 0.15771942902711325 0.6898288165869219 0.15923057814992025 0.6946406116427433 0.16401453827751195 0.6947241164274321
0 0.9381052105263158 0.531973028708134 0.9393061411483253 0.508864471291866 0.9363076427432216 0.4521846881977671 0.9307919066985646 0.40263909330143544 0.9218224346092505 0.3681870358851675 0.9086854019138757 0.3440306387559809 0.910391394736842 0.3376798596491228 0.9073134266347688 0.33124557655502396 0.9020542575757575 0.3355404106858054 0.8962204393939395 0.32706409968102074 0.9035216363636364 0.3200134162679426 0.8997576810207336 0.30718660127591707 0.8926095757575757 0.30546669138755983 0.8908180614035088 0.29387066108452947 0.8874895805422647 0.3017882583732057 0.8807610143540671 0.29887931738437 0.8816975143540668 0.2909199673046252 0.8857398181818182 0.2878002472089314 0.8842286690590111 0.2829884521531101 0.8749967830940989 0.2864163724082935 0.8675404776714514 0.2795068803827751 0.8732609385964912 0.2716310350877193 0.8673992854864433 0.26474937719298247 0.8649516363636363 0.2678969322169059 0.8514249170653908 0.2660656834130781 0.8412823476874003 0.25312752950558215 0.8333369154704945 0.25139370255183413 0.8280220765550239 0.2588778429027113 0.8393556945773524 0.2949663062200957 0.8483987902711323 0.3708932695374801 0.8666300007974481 0.42305352312599676 0.872521505582137 0.4510712974481659 0.8974792647527912 0.4834097216905901 0.8981791698564594 0.48900492663476874 0.9201007137161086 0.5125170877192983 0.9253479832535886 0.5317503508771929 0.9339794027113237 0.5398767089314195 0.9381052105263158 0.531973028708134
0 0.5732611626794258 0.16390682057416267 0.5849406977671451 0.157331346092504 0.5787290933014354 0.14765208612440192 0.5867003421052631 0.125060490430622 0.5580800853269537 0.11977550398724084 0.5492538213716108 0.12281171929824562 0.500658644338118 0.11957077830940989 0.48780399521531104 0.1249293875598086 0.4616174704944178 0.11729417304625199 0.4448736092503987 0.11700190829346092 0.38808248724082933 0.12637902073365231 0.3555750358851675 0.13817393062200956 0.35707226714513557 0.1437830518341308 0.3645564082934609 0.14909789074960125 0.46987312121212127 0.14694835247208932 0.4929120909090909 0.15213591706539073 0.5303446945773524 0.15518201435406698 0.5541670741626794 0.16118082296650718 0.5608678054226475 0.1656844178628389 0.5732611626794258 0.16390682057416267
0 0.14233704066985645 0.268842331738437 0.1633041307814992 0.2556496291866029 0.18975508612440192 0.24813563636363636 0.21405065709728868 0.227025336523126 0.2421797703349282 0.2147552177033493 0.3038383572567783 0.20067764912280703 0.3544854433811802 0.1549038740031898 0.3585555813397129 0.15018950079744817 0.3563166929824561 0.1413771547049442 0.35123844976076557 0.1353067408293461 0.34644057177033494 0.13602056379585326 0.29348299202551836 0.15423785645933016 0.24684835566188199 0.17575579585326956 0.17345658133971292 0.22232891626794257 0.13055806618819776 0.2582683237639553 0.11473880622009569 0.27354480542264753 0.11384405741626794 0.27911217464114835 0.14233704066985645 0.268842331738437
1 0.697555192982456 0.5824077328548645 0.7085626578947368 0.5686424003189793 0.722799163476874 0.5298099872408293 0.7305039649122806 0.49963682854864433 0.7198722695374801 0.4918743405103668 0.7122350374800638 0.4953300948963318 0.7038720837320573 0.5175160693779904 0.7003209242424243 0.538190893939394 0.6869652496012759 0.572253264752791 0.6868678277511961 0.5778345510366826 0.690770956937799 0.5826880988835725 0.697555192982456 0.5824077328548645
0 0.660721451355662 0.8649020199362042 0.6695477145135567 0.8618658038277512 0.6894092775119617 0.8434696028708135 0.695185408293461 0.8324044505582137 0.6820225582137162 0.8325734768740031 0.6739797041467305 0.8364209362041467 0.6484533500797448 0.8595036762360447 0.648369846092504 0.8642876371610845 0.660721451355662 0.8649020199362042