2 0.5354864433811802 0.3197767145135566 0.5131578947368421 0.3237639553429027 0.49401913875598086 0.3229665071770335 0.4772727272727273 0.3269537480063796 0.4609250398724083 0.3401116427432217 0.4637161084529506 0.3437001594896332 0.4956140350877193 0.34768740031897927 0.523524720893142 0.34290271132376393 0.5370813397129187 0.3437001594896332 0.5370813397129187 0.3365231259968102 0.5267145135566188 0.335725677830941 0.5255183413078149 0.3321371610845295 0.5410685805422647 0.32456140350877194 0.5354864433811802 0.3197767145135566
1 0.6889952153110048 0.29465709728867623 0.6790271132376395 0.28309409888357256 0.6566985645933014 0.2783094098883573 0.6347687400318979 0.2930622009569378 0.6156299840510366 0.31778309409888356 0.6116427432216905 0.3409090909090909 0.6251993620414673 0.40390749601275916 0.6383572567783095 0.4274322169059011 0.6630781499202552 0.4314194577352472 0.6874003189792663 0.4190590111642743 0.6866028708133971 0.39832535885167464 0.6929824561403509 0.36483253588516745 0.7037480063795853 0.35167464114832536 0.6889952153110048 0.29465709728867623
1 0.7025518341307815 0.6000797448165869 0.7017543859649122 0.5370813397129187 0.70414673046252 0.527511961722488 0.6957735247208932 0.5191387559808612 0.6750398724082934 0.518341307814992 0.6570972886762361 0.5314992025518341 0.6447368421052632 0.5518341307814992 0.631578947368421 0.5538277511961722 0.6307814992025519 0.5633971291866029 0.6076555023923444 0.5921052631578947 0.5980861244019139 0.6136363636363636 0.5940988835725678 0.6327751196172249 0.5933014354066986 0.6566985645933014 0.5972886762360446 0.6782296650717703 0.604066985645933 0.6858054226475279 0.618421052631579 0.6889952153110048 0.636762360446571 0.6889952153110048 0.6646730462519936 0.6818181818181818 0.6722488038277512 0.6750398724082934 0.6730462519936204 0.6590909090909091 0.6818181818181818 0.6423444976076556 0.6905901116427432 0.6271929824561403 0.70414673046252 0.6160287081339713 0.706140350877193 0.6092503987240829 0.7025518341307815 0.6000797448165869
1 0.4473684210526316 0.7842902711323764 0.439792663476874 0.7799043062200957 0.4230462519936204 0.7791068580542265 0.4094896331738437 0.7870813397129187 0.4043062200956938 0.7946570972886763 0.41068580542264754 0.812200956937799 0.4246411483253589 0.8205741626794258 0.43740031897926634 0.8205741626794258 0.43859649122807015 0.8098086124401914 0.4485645933014354 0.8006379585326954 0.4473684210526316 0.7842902711323764
1 0.4904306220095694 0.7962519936204147 0.4852472089314195 0.7918660287081339 0.4716905901116427 0.7918660287081339 0.45095693779904306 0.7990430622009569 0.43779904306220097 0.812200956937799 0.4433811802232855 0.8289473684210527 0.4517543859649123 0.8365231259968102 0.458133971291866 0.8381180223285486 0.4796650717703349 0.8373205741626795 0.4932216905901116 0.8205741626794258 0.4904306220095694 0.7962519936204147
1 0.507177033492823 0.8409090909090909 0.4972089314194577 0.8381180223285486 0.4772727272727273 0.8397129186602871 0.4637161084529506 0.8452950558213717 0.4585326953748006 0.85207336523126 0.4609250398724083 0.863237639553429 0.47248803827751196 0.8716108452950558 0.49401913875598086 0.8708133971291866 0.5099681020733652 0.8572567783094099 0.507177033492823 0.8409090909090909
1 0.4449760765550239 0.8616427432216905 0.439792663476874 0.8580542264752791 0.4190590111642743 0.8572567783094099 0.41228070175438597 0.8616427432216905 0.4166666666666667 0.8716108452950558 0.42862838915470497 0.8771929824561403 0.4437799043062201 0.8771929824561403 0.4477671451355662 0.8732057416267942 0.4449760765550239 0.8616427432216905
1 0.4477671451355662 0.8875598086124402 0.4178628389154705 0.8879585326953748 0.41866028708133973 0.8935406698564593 0.42783094098883573 0.8987240829346093 0.44936204146730463 0.9003189792663477 0.4533492822966507 0.8971291866028708 0.4477671451355662 0.8875598086124402
1 0.748006379585327 0.11762360446570973 0.7356459330143541 0.10526315789473684 0.7053429027113237 0.09090909090909091 0.6905901116427432 0.09449760765550239 0.6905901116427432 0.10087719298245613 0.6957735247208932 0.10685805422647528 0.7284688995215312 0.12759170653907495 0.7507974481658692 0.13636363636363635 0.748006379585327 0.11762360446570973
3 0.560207336523126 0.051036682615629984 0.5522328548644339 0.04704944178628389 0.49242424242424243 0.043859649122807015 0.47089314194577353 0.050239234449760764 0.4637161084529506 0.04784688995215311 0.4461722488038278 0.05263157894736842 0.43381180223285487 0.0641945773524721 0.4350079744816587 0.07177033492822966 0.4274322169059011 0.07137161084529506 0.4266347687400319 0.08014354066985646 0.4318181818181818 0.07814992025518341 0.4350079744816587 0.08133971291866028 0.44298245614035087 0.08054226475279107 0.45095693779904306 0.07097288676236045 0.4529505582137161 0.0729665071770335 0.45055821371610844 0.07934609250398723 0.458133971291866 0.08054226475279107 0.4585326953748006 0.07216905901116427 0.46690590111642744 0.07017543859649122 0.5434609250398724 0.07097288676236045 0.5546251993620415 0.06778309409888357 0.5554226475279107 0.06299840510366826 0.5657894736842105 0.05980861244019139 0.560207336523126 0.051036682615629984
3 0.5506379585326954 0.1594896331738437 0.5259170653907496 0.15789473684210525 0.5087719298245614 0.1519138755980861 0.5251196172248804 0.14354066985645933 0.5314992025518341 0.13556618819776714 0.5430622009569378 0.13118022328548645 0.5502392344497608 0.11682615629984051 0.5462519936204147 0.11124401913875598 0.5550239234449761 0.10725677830940988 0.5542264752791068 0.10247208931419458 0.5486443381180224 0.09928229665071771 0.5518341307814992 0.09609250398724083 0.5490430622009569 0.09090909090909091 0.5378787878787878 0.08692185007974482 0.4956140350877193 0.0861244019138756 0.4716905901116427 0.08213716108452951 0.4637161084529506 0.08532695374800638 0.4230462519936204 0.0861244019138756 0.4102870813397129 0.09090909090909091 0.40390749601275916 0.09968102073365231 0.38636363636363635 0.11084529505582137 0.3763955342902711 0.12480063795853269 0.35645933014354064 0.14154704944178628 0.35566188197767146 0.1511164274322169 0.36044657097288674 0.1519138755980861 0.35406698564593303 0.16068580542264752 0.33811802232854865 0.17424242424242425 0.3321371610845295 0.18421052631578946 0.31539074960127594 0.19457735247208932 0.3062200956937799 0.20534290271132377 0.30462519936204147 0.22527910685805422 0.3094098883572568 0.23484848484848486 0.30861244019138756 0.2492025518341308 0.3141945773524721 0.26036682615629986 0.3014354066985646 0.2803030303030303 0.29984051036682613 0.29784688995215314 0.30422647527910684 0.30303030303030304 0.31140350877192985 0.3038277511961722 0.3560606060606061 0.2934609250398724 0.4342105263157895 0.284688995215311 0.4597288676236045 0.2767145135566188 0.474481658692185 0.26116427432216904 0.4649122807017544 0.25239234449760767 0.4688995215311005 0.23564593301435408 0.4892344497607656 0.22647527910685805 0.49362041467304624 0.21730462519936203 0.4984051036682616 0.2157097288676236 0.4944178628389155 0.21251993620414672 0.49521531100478466 0.20853269537480063 0.50518341307815 0.2065390749601276 0.5119617224880383 0.20055821371610846 0.5023923444976076 0.18779904306220097 0.5039872408293461 0.18460925039872408 0.5215311004784688 0.17583732057416268 0.5167464114832536 0.1718500797448166 0.5203349282296651 0.1674641148325359 0.5546251993620415 0.16427432216905902 0.5506379585326954 0.1594896331738437
3 0.31220095693779903 0.6028708133971292 0.28987240829346095 0.60207336523126 0.2109250398724083 0.5853269537480064 0.20494417862838915 0.5625996810207337 0.20095693779904306 0.5155502392344498 0.20095693779904306 0.4597288676236045 0.20574162679425836 0.4062998405103668 0.20972886762360446 0.3879585326953748 0.21929824561403508 0.3791866028708134 0.22169059011164274 0.36004784688995217 0.22009569377990432 0.35207336523126 0.215311004784689 0.3480861244019139 0.21610845295055822 0.3417065390749601 0.2324561403508772 0.3277511961722488 0.27472089314194575 0.31658692185007975 0.29545454545454547 0.30701754385964913 0.2982456140350877 0.30422647527910684 0.2982456140350877 0.2803030303030303 0.3094098883572568 0.2675438596491228 0.3078149920255183 0.2635566188197767 0.31259968102073366 0.26116427432216904 0.3062200956937799 0.25 0.30701754385964913 0.23484848484848486 0.3022328548644338 0.22687400318979267 0.3038277511961722 0.21251993620414672 0.29784688995215314 0.20893141945773525 0.28827751196172247 0.20893141945773525 0.27472089314194575 0.21451355661881977 0.2715311004784689 0.22009569377990432 0.2236842105263158 0.2543859649122807 0.2109250398724083 0.2567783094098884 0.2113237639553429 0.2515948963317384 0.2077352472089314 0.24880382775119617 0.20494417862838915 0.2595693779904306 0.18740031897926634 0.28827751196172247 0.1634768740031898 0.3456937799043062 0.15151515151515152 0.41746411483253587 0.1507177033492823 0.4517543859649123 0.14354066985645933 0.4788676236044657 0.14354066985645933 0.5035885167464115 0.1371610845295056 0.5267145135566188 0.13955342902711323 0.5641945773524721 0.1371610845295056 0.578548644338118 0.14752791068580542 0.6104465709728868 0.15629984051036683 0.6271929824561403 0.15869218500797447 0.6439393939393939 0.17145135566188197 0.6582934609250398 0.1762360446570973 0.6973684210526315 0.18580542264752792 0.7093301435406698 0.2113237639553429 0.7619617224880383 0.24082934609250398 0.7962519936204147 0.24082934609250398 0.8002392344497608 0.25 0.80622009569378 0.26913875598086123 0.8070175438596491 0.27352472089314195 0.8042264752791068 0.27352472089314195 0.7994417862838915 0.2703349282296651 0.7962519936204147 0.2727272727272727 0.7922647527910686 0.2631578947368421 0.7882775119617225 0.266347687400319 0.7755183413078149 0.259170653907496 0.7739234449760766 0.25996810207336524 0.768341307814992 0.2551834130781499 0.7643540669856459 0.2567783094098884 0.7595693779904307 0.2511961722488038 0.7579744816586922 0.24242424242424243 0.7236842105263158 0.24441786283891548 0.722488038277512 0.24561403508771928 0.7292663476874003 0.25199362041467305 0.7324561403508771 0.25318979266347685 0.7392344497607656 0.2583732057416268 0.738835725677831 0.2567783094098884 0.7324561403508771 0.26036682615629986 0.7304625199362041 0.26395534290271133 0.7324561403508771 0.2607655502392344 0.7364433811802232 0.2675438596491228 0.7432216905901117 0.27631578947368424 0.7392344497607656 0.2795055821371611 0.7432216905901117 0.28149920255183414 0.7212918660287081 0.2795055821371611 0.7169059011164274 0.26515151515151514 0.7129186602870813 0.2595693779904306 0.7145135566188198 0.25996810207336524 0.7085326953748007 0.2555821371610845 0.7033492822966507 0.23604465709728867 0.6997607655502392 0.24362041467304626 0.6953748006379585 0.24840510366826157 0.6985645933014354 0.2515948963317384 0.69377990430622 0.2635566188197767 0.6953748006379585 0.2675438596491228 0.6770334928229665 0.2795055821371611 0.6818181818181818 0.2902711323763955 0.6710526315789473 0.28309409888357256 0.6702551834130781 0.28309409888357256 0.6606858054226475 0.2771132376395534 0.6547049441786283 0.2675438596491228 0.6555023923444976 0.26435406698564595 0.645933014354067 0.2595693779904306 0.6491228070175439 0.25717703349282295 0.6451355661881978 0.23564593301435408 0.6443381180223285 0.23684210526315788 0.6399521531100478 0.23165869218500798 0.6371610845295056 0.2117224880382775 0.6339712918660287 0.2077352472089314 0.6307814992025519 0.19059011164274323 0.6351674641148325 0.18740031897926634 0.64792663476874 0.189792663476874 0.6519138755980861 0.18381180223285487 0.6618819776714514 0.17703349282296652 0.6559011164274322 0.17543859649122806 0.6415470494417863 0.17065390749601275 0.6319776714513556 0.17703349282296652 0.6176236044657097 0.18301435406698566 0.6140350877192983 0.26515151515151514 0.6299840510366826 0.2715311004784689 0.6188197767145136 0.2874800637958533 0.6196172248803827 0.29465709728867623 0.6148325358851675 0.30422647527910684 0.620414673046252 0.30741626794258375 0.6148325358851675 0.3141945773524721 0.6136363636363636 0.31539074960127594 0.6092503987240829 0.31220095693779903 0.6028708133971292
3 0.5087719298245614 0.35925039872408293 0.5035885167464115 0.3532695374800638 0.49003189792663476 0.3508771929824561 0.483652312599681 0.3532695374800638 0.47647527910685805 0.34768740031897927 0.47089314194577353 0.3508771929824561 0.4609250398724083 0.3401116427432217 0.46690590111642744 0.3269537480063796 0.4780701754385965 0.32456140350877194 0.483652312599681 0.3189792663476874 0.49282296650717705 0.31618819776714513 0.48963317384370014 0.31140350877192985 0.5 0.30741626794258375 0.4948165869218501 0.3038277511961722 0.48843700159489634 0.30701754385964913 0.4756778309409888 0.3054226475279107 0.4716905901116427 0.31100478468899523 0.44537480063795853 0.30701754385964913 0.39992025518341306 0.3078149920255183 0.36881977671451355 0.3157894736842105 0.3576555023923445 0.3157894736842105 0.34768740031897927 0.3225677830940989 0.34768740031897927 0.3321371610845295 0.34290271132376393 0.3361244019138756 0.34210526315789475 0.37200956937799046 0.3492822966507177 0.3791866028708134 0.3484848484848485 0.3871610845295056 0.35645933014354064 0.388755980861244 0.35645933014354064 0.39992025518341306 0.35127591706539074 0.39872408293460926 0.3480861244019139 0.4019138755980861 0.3440988835725678 0.39712918660287083 0.3405103668261563 0.40231259968102073 0.34210526315789475 0.40789473684210525 0.3369218500797448 0.4154704944178628 0.3321371610845295 0.4178628389154705 0.326555023923445 0.4130781499202552 0.3201754385964912 0.42105263157894735 0.3118022328548644 0.4182615629984051 0.30821371610845294 0.4090909090909091 0.3038277511961722 0.43899521531100477 0.3078149920255183 0.5362838915470495 0.3118022328548644 0.5578149920255183 0.31738437001594894 0.5586124401913876 0.31259968102073366 0.5633971291866029 0.3157894736842105 0.5753588516746412 0.3157894736842105 0.604066985645933 0.32456140350877194 0.6096491228070176 0.33014354066985646 0.6192185007974481 0.3281499202551834 0.6228070175438597 0.32137161084529503 0.6240031897926634 0.32575757575757575 0.6299840510366826 0.3321371610845295 0.6323763955342903 0.3409090909090909 0.6307814992025519 0.34728867623604465 0.6379585326953748 0.3919457735247209 0.6355661881977671 0.39593301435406697 0.6443381180223285 0.42025518341307816 0.6439393939393939 0.4194577352472089 0.6391547049441786 0.4258373205741627 0.6271929824561403 0.43301435406698563 0.6208133971291866 0.4314194577352472 0.5960925039872408 0.43341307814992025 0.5917065390749602 0.44019138755980863 0.5913078149920256 0.4433811802232855 0.5841307814992025 0.4409888357256778 0.5801435406698564 0.4449760765550239 0.5761562998405104 0.44577352472089316 0.567384370015949 0.4529505582137161 0.553030303030303 0.45614035087719296 0.5307017543859649 0.4609250398724083 0.5211323763955343 0.45933014354066987 0.5155502392344498 0.46411483253588515 0.5083732057416268 0.4688995215311005 0.4892344497607656 0.45454545454545453 0.483652312599681 0.45773524720893144 0.4748803827751196 0.45055821371610844 0.4700956937799043 0.44976076555023925 0.4661084529505582 0.4541467304625199 0.46172248803827753 0.4597288676236045 0.46570972886762363 0.4621212121212121 0.46172248803827753 0.4692982456140351 0.46012759170653905 0.46331738437001596 0.4557416267942584 0.4688995215311005 0.4541467304625199 0.47089314194577353 0.44577352472089316 0.4748803827751196 0.45374800637958534 0.4796650717703349 0.4473684210526316 0.4840510366826156 0.44696969696969696 0.49282296650717705 0.4246411483253589 0.49681020733652315 0.39992025518341306 0.5007974481658692 0.39433811802232854 0.4996012759170654 0.38915470494417864 0.4876395534290271 0.38995215311004783 0.48564593301435405 0.3871610845295056 0.48843700159489634 0.3835725677830941 0.4916267942583732 0.3875598086124402 0.4948165869218501 0.3827751196172249 0.5003987240829346 0.3843700159489633 0.507177033492823 0.3759968102073365 0.49521531100478466 0.3696172248803828 0.4964114832535885 0.3652312599681021 0.5043859649122807 0.36443381180223283 0.5083732057416268 0.3684210526315789 0.5087719298245614 0.35925039872408293
3 0.4007177033492823 0.09330143540669857 0.37559808612440193 0.09210526315789473 0.38118022328548645 0.08014354066985646 0.3763955342902711 0.07137161084529506 0.3799840510366826 0.06937799043062201 0.3847687400318979 0.07416267942583732 0.3875598086124402 0.07137161084529506 0.3839712918660287 0.06060606060606061 0.3799840510366826 0.06379585326953748 0.36802232854864436 0.0645933014354067 0.36403508771929827 0.0685805422647528 0.3576555023923445 0.06698564593301436 0.3281499202551834 0.08771929824561403 0.3062200956937799 0.1120414673046252 0.31618819776714513 0.11244019138755981 0.3201754385964912 0.10287081339712918 0.335725677830941 0.10406698564593302 0.3321371610845295 0.1076555023923445 0.3281499202551834 0.10685805422647528 0.3189792663476874 0.11682615629984051 0.31658692185007975 0.12719298245614036 0.30701754385964913 0.1335725677830941 0.2942583732057416 0.1511164274322169 0.2807017543859649 0.17902711323763956 0.2647527910685805 0.20454545454545456 0.25996810207336524 0.2077352472089314 0.2583732057416268 0.22208931419457736 0.2635566188197767 0.2240829346092504 0.2803030303030303 0.21052631578947367 0.3026315789473684 0.20574162679425836 0.31140350877192985 0.19537480063795853 0.33293460925039875 0.18261562998405104 0.3405103668261563 0.1718500797448166 0.3397129186602871 0.16626794258373206 0.3444976076555024 0.16706539074960128 0.3444976076555024 0.1598883572567783 0.35645933014354064 0.14074960127591707 0.40231259968102073 0.09808612440191387 0.4007177033492823 0.09330143540669857
3 0.30861244019138756 0.11602870813397129 0.30422647527910684 0.11244019138755981 0.29106858054226475 0.12400318979266348 0.29226475279106856 0.1283891547049442 0.2874800637958533 0.12759170653907495 0.2631578947368421 0.15350877192982457 0.21610845295055822 0.2284688995215311 0.20733652312599682 0.25 0.2117224880382775 0.25757575757575757 0.22288676236044658 0.25598086124401914 0.23524720893141945 0.24681020733652312 0.2671451355661882 0.18859649122807018 0.3038277511961722 0.13596491228070176 0.30821371610845294 0.12440191387559808 0.30861244019138756 0.11602870813397129
3 0.9166666666666666 0.5980861244019139 0.9074960127591707 0.6120414673046252 0.8939393939393939 0.6487240829346093 0.8787878787878788 0.6686602870813397 0.8763955342902712 0.687799043062201 0.8652312599681021 0.7069377990430622 0.8437001594896332 0.7228867623604466 0.8245614035087719 0.7515948963317385 0.8118022328548644 0.761164274322169 0.8070175438596491 0.7715311004784688 0.7974481658692185 0.7803030303030303 0.7942583732057417 0.789872408293461 0.7870813397129187 0.7930622009569378 0.7854864433811802 0.8002392344497608 0.7659489633173844 0.8205741626794258 0.7444178628389154 0.8365231259968102 0.7244816586921851 0.8413078149920256 0.7125199362041468 0.8492822966507177 0.70414673046252 0.8568580542264753 0.6981658692185008 0.868421052631579 0.655103668261563 0.8939393939393939 0.6303827751196173 0.9043062200956937 0.5554226475279107 0.9130781499202552 0.5283094098883573 0.9226475279106858 0.5035885167464115 0.9234449760765551 0.4964114832535885 0.9290271132376395 0.4820574162679426 0.9322169059011164 0.4437799043062201 0.9330143540669856 0.42783094098883573 0.9370015948963317 0.42384370015948963 0.9449760765550239 0.4150717703349282 0.9449760765550239 0.40311004784689 0.9385964912280702 0.39992025518341306 0.9473684210526315 0.3919457735247209 0.9441786283891547 0.38995215311004783 0.9477671451355661 0.4350079744816587 0.9585326953748007 0.49003189792663476 0.9633173843700159 0.5721690590111643 0.9593301435406698 0.6487240829346093 0.9433811802232854 0.6981658692185008 0.9266347687400319 0.7372408293460925 0.9066985645933014 0.7651515151515151 0.8835725677830941 0.810207336523126 0.8361244019138756 0.8588516746411483 0.7659489633173844 0.8907496012759171 0.7013556618819776 0.9098883572567783 0.6415470494417863 0.9174641148325359 0.6052631578947368 0.9166666666666666 0.5980861244019139