1 0.4359375 0.755078125 0.42109375 0.708984375 0.42109375 0.704296875 0.42734375 0.698828125 0.424609375 0.6953125 0.402734375 0.6828125 0.373046875 0.675 0.321484375 0.66796875 0.314453125 0.66796875 0.303125 0.674609375 0.3109375 0.690234375 0.3234375 0.732421875 0.337890625 0.759375 0.383984375 0.77265625 0.4328125 0.777734375 0.4359375 0.773828125 0.4359375 0.755078125
1 0.635546875 0.765625 0.64140625 0.761328125 0.6484375 0.749609375 0.65234375 0.733984375 0.64765625 0.687890625 0.6578125 0.682421875 0.655859375 0.67890625 0.644921875 0.678125 0.639453125 0.67109375 0.634765625 0.6703125 0.589453125 0.67109375 0.533203125 0.6796875 0.52109375 0.691015625 0.52109375 0.728515625 0.53046875 0.754296875 0.5328125 0.772265625 0.548046875 0.77734375 0.57109375 0.776953125 0.611328125 0.771875 0.635546875 0.765625
1 0.361328125 0.4453125 0.37734375 0.450390625 0.38203125 0.440234375 0.384375 0.408203125 0.38203125 0.369140625 0.38984375 0.363671875 0.388671875 0.359375 0.381640625 0.35859375 0.373046875 0.35 0.342578125 0.35078125 0.316796875 0.3578125 0.29921875 0.373046875 0.3 0.397265625 0.29375 0.452734375 0.3 0.454296875 0.312109375 0.4484375 0.361328125 0.4453125
1 0.55625 0.401953125 0.55546875 0.387890625 0.54375 0.350390625 0.546484375 0.34140625 0.541796875 0.340625 0.529296875 0.328125 0.516796875 0.32265625 0.491796875 0.321875 0.461328125 0.3296875 0.4421875 0.341015625 0.4421875 0.380859375 0.45078125 0.406640625 0.45078125 0.419921875 0.454296875 0.425 0.501953125 0.42265625 0.539453125 0.4234375 0.55 0.426171875 0.55546875 0.419921875 0.55625 0.401953125
1 0.49921875 0.886328125 0.48671875 0.866796875 0.490234375 0.86328125 0.470703125 0.85625 0.437109375 0.85078125 0.392578125 0.84609375 0.3796875 0.848828125 0.3921875 0.869140625 0.408984375 0.88828125 0.440234375 0.8953125 0.4921875 0.897265625 0.496875 0.894921875 0.49921875 0.886328125
1 0.643359375 0.88203125 0.65390625 0.871484375 0.65625 0.858984375 0.66171875 0.851171875 0.650390625 0.85078125 0.588671875 0.8625 0.566015625 0.87109375 0.56171875 0.882421875 0.569140625 0.89609375 0.57734375 0.896484375 0.614453125 0.890625 0.643359375 0.88203125
3 0.884375 0.762109375 0.9078125 0.732421875 0.93046875 0.685546875 0.953125 0.615234375 0.9609375 0.569140625 0.96484375 0.511328125 0.9609375 0.433203125 0.94609375 0.361328125 0.9265625 0.306640625 0.91484375 0.287890625 0.9109375 0.274609375 0.90234375 0.274609375 0.90625 0.266796875 0.8984375 0.264453125 0.89921875 0.259765625 0.890625 0.251953125 0.890625 0.248046875 0.884375 0.244921875 0.882421875 0.2390625 0.87734375 0.238671875 0.88046875 0.245703125 0.87265625 0.251171875 0.8765625 0.255859375 0.87578125 0.262890625 0.8640625 0.258203125 0.86875 0.273046875 0.8734375 0.275390625 0.871875 0.283203125 0.87578125 0.286328125 0.8703125 0.290234375 0.8796875 0.294140625 0.866796875 0.29609375 0.8625 0.291015625 0.86171875 0.282421875 0.855078125 0.28125 0.82265625 0.244140625 0.803515625 0.22734375 0.795703125 0.22578125 0.792578125 0.228125 0.766015625 0.2046875 0.749609375 0.19609375 0.737109375 0.2015625 0.722265625 0.19609375 0.716796875 0.18828125 0.699609375 0.184375 0.6921875 0.192578125 0.7 0.234765625 0.7 0.239453125 0.69375 0.248046875 0.746875 0.326171875 0.78046875 0.384765625 0.8203125 0.483203125 0.828125 0.510546875 0.83828125 0.568359375 0.8421875 0.633984375 0.82890625 0.762890625 0.81171875 0.812890625 0.8015625 0.827734375 0.80078125 0.836328125 0.827734375 0.81875 0.884375 0.762109375
3 0.05859375 0.450390625 0.0625 0.444921875 0.07421875 0.401171875 0.11015625 0.308203125 0.11640625 0.304296875 0.12734375 0.287109375 0.126171875 0.275 0.112109375 0.2796875 0.103125 0.292578125 0.09453125 0.298046875 0.090625 0.310546875 0.0828125 0.314453125 0.08203125 0.326171875 0.0765625 0.330078125 0.0671875 0.349609375 0.063671875 0.35234375 0.058984375 0.35078125 0.0578125 0.353515625 0.0453125 0.400390625 0.0375 0.444921875 0.0359375 0.515234375 0.03828125 0.537890625 0.040625 0.539453125 0.04375 0.537109375 0.05859375 0.450390625
1 0.23203125 0.266796875 0.235546875 0.2515625 0.227734375 0.25078125 0.215625 0.259765625 0.2 0.284765625 0.1984375 0.293359375 0.20078125 0.294921875 0.22421875 0.280859375 0.23203125 0.266796875
1 0.3078125 0.235546875 0.30703125 0.226171875 0.294921875 0.225 0.280859375 0.23046875 0.26484375 0.253515625 0.26015625 0.266796875 0.2640625 0.267578125 0.296484375 0.25546875 0.3078125 0.235546875
1 0.396875 0.231640625 0.396875 0.216796875 0.385546875 0.2125 0.354296875 0.21953125 0.34296875 0.229296875 0.33671875 0.243359375 0.334375 0.256640625 0.340625 0.257421875 0.388671875 0.24765625 0.396875 0.231640625
1 0.5125 0.241015625 0.5078125 0.223046875 0.498046875 0.21640625 0.488671875 0.215625 0.458984375 0.21640625 0.445703125 0.2234375 0.439453125 0.2234375 0.4359375 0.255078125 0.438671875 0.259375 0.4421875 0.258984375 0.509765625 0.2578125 0.5125 0.241015625
1 0.63203125 0.244921875 0.63203125 0.239453125 0.621484375 0.23125 0.584765625 0.2234375 0.56484375 0.227734375 0.56875 0.248046875 0.580078125 0.265625 0.64375 0.274609375 0.64296875 0.264453125 0.63203125 0.244921875
1 0.6140625 0.197265625 0.602734375 0.18828125 0.569140625 0.1828125 0.56015625 0.186328125 0.559375 0.201171875 0.564453125 0.20859375 0.61640625 0.217578125 0.61875 0.212109375 0.6140625 0.197265625
1 0.48828125 0.186328125 0.48671875 0.179296875 0.479296875 0.17109375 0.448828125 0.17265625 0.44140625 0.178515625 0.43515625 0.190234375 0.437109375 0.196875 0.44375 0.197265625 0.484765625 0.19453125 0.48828125 0.186328125
1 0.4046875 0.185546875 0.4015625 0.179296875 0.370703125 0.18359375 0.35859375 0.195703125 0.3546875 0.204296875 0.3546875 0.208203125 0.3578125 0.208984375 0.397265625 0.20078125 0.4046875 0.185546875
1 0.1078125 0.462890625 0.102734375 0.4625 0.096875 0.469921875 0.0921875 0.510546875 0.09453125 0.529296875 0.097265625 0.53203125 0.10625 0.531640625 0.11015625 0.476953125 0.1078125 0.462890625
1 0.0921875 0.494921875 0.09296875 0.458203125 0.090234375 0.45234375 0.08359375 0.454296875 0.07734375 0.476953125 0.07734375 0.509765625 0.08515625 0.513671875 0.08984375 0.508984375 0.0921875 0.494921875
1 0.128125 0.716015625 0.12421875 0.703515625 0.110546875 0.690625 0.1109375 0.703515625 0.1265625 0.741015625 0.14140625 0.761328125 0.15390625 0.769921875 0.1546875 0.765234375 0.128125 0.716015625
1 0.25546875 0.233203125 0.25625 0.227734375 0.248828125 0.225 0.239453125 0.22890625 0.2234375 0.247265625 0.221875 0.251171875 0.22421875 0.252734375 0.241796875 0.25078125 0.25546875 0.233203125
1 0.553515625 0.1484375 0.533203125 0.1484375 0.525 0.153515625 0.5265625 0.160546875 0.530859375 0.1640625 0.56484375 0.167578125 0.565625 0.158203125 0.553515625 0.1484375
1 0.48046875 0.152734375 0.473828125 0.14765625 0.444921875 0.14921875 0.4375 0.154296875 0.43515625 0.166796875 0.4484375 0.167578125 0.477734375 0.165625 0.48046875 0.152734375
1 0.4078125 0.167578125 0.40703125 0.159765625 0.393359375 0.15859375 0.380078125 0.1625 0.36875 0.176953125 0.369140625 0.18203125 0.37578125 0.181640625 0.404296875 0.17578125 0.4078125 0.167578125
1 0.308984375 0.225 0.312890625 0.22421875 0.32265625 0.203515625 0.311328125 0.20078125 0.294921875 0.2078125 0.2828125 0.223828125 0.28671875 0.225390625 0.301953125 0.2203125 0.308984375 0.225
1 0.12421875 0.326171875 0.1375 0.304296875 0.137890625 0.2953125 0.133203125 0.2953125 0.11953125 0.311328125 0.09609375 0.354296875 0.090625 0.388671875 0.09453125 0.393359375 0.1046875 0.381640625 0.12421875 0.326171875