1 0.42421875 0.711328125 0.41953125 0.706640625 0.42421875 0.707421875 0.423046875 0.7015625 0.405078125 0.69296875 0.380859375 0.6875 0.3578125 0.691015625 0.35703125 0.694140625 0.3640625 0.698828125 0.36640625 0.722265625 0.373046875 0.73828125 0.425 0.745703125 0.42734375 0.732421875 0.42421875 0.711328125
1 0.273828125 0.56875 0.253515625 0.56875 0.25 0.575390625 0.25 0.605859375 0.25390625 0.617578125 0.2875 0.626171875 0.2875 0.580078125 0.273828125 0.56875
1 0.31328125 0.490234375 0.305078125 0.48125 0.276953125 0.4828125 0.26953125 0.491015625 0.27109375 0.535546875 0.31171875 0.539453125 0.3109375 0.493359375 0.31328125 0.490234375
1 0.40078125 0.482421875 0.4046875 0.467578125 0.386328125 0.45234375 0.367578125 0.4515625 0.34921875 0.467578125 0.34921875 0.516796875 0.352734375 0.52109375 0.361328125 0.51796875 0.377734375 0.51796875 0.3984375 0.521484375 0.4015625 0.516796875 0.40078125 0.482421875
1 0.3203125 0.401171875 0.3265625 0.376953125 0.32578125 0.362109375 0.32890625 0.357421875 0.324609375 0.35 0.298046875 0.3546875 0.29375 0.359765625 0.28203125 0.395703125 0.28203125 0.405078125 0.2890625 0.405859375 0.317578125 0.40390625 0.3203125 0.401171875
1 0.4453125 0.337109375 0.446875 0.324609375 0.44375 0.318359375 0.435546875 0.31015625 0.404296875 0.31484375 0.39140625 0.333203125 0.3859375 0.351953125 0.3890625 0.357421875 0.434765625 0.35390625 0.4453125 0.337109375
1 0.494921875 0.32578125 0.480859375 0.32578125 0.469140625 0.33203125 0.45859375 0.358203125 0.459375 0.373828125 0.462890625 0.3765625 0.5109375 0.376953125 0.51171875 0.337109375 0.494921875 0.32578125
1 0.41484375 0.851171875 0.41328125 0.844140625 0.408203125 0.840625 0.375390625 0.83203125 0.36171875 0.832421875 0.373046875 0.85390625 0.4125 0.862109375 0.41484375 0.860546875 0.41484375 0.851171875
1 0.317578125 0.79453125 0.309765625 0.78828125 0.291796875 0.78125 0.28125 0.781640625 0.2859375 0.796484375 0.294921875 0.81015625 0.328125 0.822265625 0.32734375 0.809765625 0.317578125 0.79453125
1 0.543359375 0.6265625 0.54609375 0.621484375 0.5484375 0.553515625 0.5515625 0.537109375 0.546875 0.448828125 0.537890625 0.43046875 0.458984375 0.4296875 0.4546875 0.432421875 0.45234375 0.440234375 0.45 0.470703125 0.45078125 0.621484375 0.456640625 0.62578125 0.472265625 0.628125 0.50859375 0.629296875 0.537109375 0.62890625 0.543359375 0.6265625
1 0.503125 0.277734375 0.5015625 0.259765625 0.494921875 0.253125 0.469140625 0.25390625 0.4609375 0.261328125 0.45859375 0.271484375 0.459375 0.281640625 0.46484375 0.283203125 0.499609375 0.2828125 0.503125 0.277734375
1 0.50234375 0.243359375 0.496875 0.231640625 0.493359375 0.22890625 0.468359375 0.23125 0.4625 0.239453125 0.4625 0.249609375 0.466796875 0.253125 0.471875 0.252734375 0.498046875 0.25234375 0.50234375 0.243359375
1 0.42734375 0.227734375 0.425 0.219140625 0.419140625 0.21640625 0.398046875 0.221875 0.39296875 0.238671875 0.39921875 0.238671875 0.423828125 0.2359375 0.42734375 0.227734375
1 0.2203125 0.476171875 0.225 0.432421875 0.219921875 0.42578125 0.205078125 0.43046875 0.196875 0.445703125 0.19453125 0.477734375 0.198046875 0.48203125 0.20625 0.481640625 0.216015625 0.48046875 0.2203125 0.476171875
1 0.2046875 0.508984375 0.198046875 0.4984375 0.187109375 0.49921875 0.18046875 0.516015625 0.18203125 0.547265625 0.184765625 0.5515625 0.1890625 0.551953125 0.2046875 0.548046875 0.2046875 0.508984375
1 0.21015625 0.556640625 0.205078125 0.55078125 0.191796875 0.54921875 0.1875 0.566796875 0.19140625 0.597265625 0.204296875 0.6078125 0.215625 0.608203125 0.215625 0.588671875 0.21015625 0.556640625
1 0.20546875 0.611328125 0.198046875 0.603125 0.187109375 0.6015625 0.184375 0.604296875 0.184375 0.622265625 0.1890625 0.644921875 0.2125 0.658203125 0.2125 0.637109375 0.20546875 0.611328125
1 0.21796875 0.683984375 0.2109375 0.662109375 0.202734375 0.65234375 0.191796875 0.6484375 0.1890625 0.650390625 0.1890625 0.667578125 0.19296875 0.683984375 0.196484375 0.6890625 0.21640625 0.700390625 0.21875 0.698046875 0.21796875 0.683984375
1 0.221875 0.739453125 0.205859375 0.73046875 0.198046875 0.7296875 0.196875 0.733984375 0.2015625 0.745703125 0.21171875 0.762109375 0.227734375 0.77109375 0.23515625 0.770703125 0.23203125 0.757421875 0.221875 0.739453125
1 0.23359375 0.778515625 0.212109375 0.76328125 0.21015625 0.770703125 0.21953125 0.791015625 0.238671875 0.80625 0.2484375 0.808984375 0.24765625 0.801171875 0.23359375 0.778515625
1 0.242578125 0.8140625 0.22578125 0.806640625 0.2265625 0.816015625 0.237109375 0.83125 0.258984375 0.84375 0.26328125 0.843359375 0.25703125 0.828515625 0.242578125 0.8140625
1 0.239453125 0.83203125 0.2375 0.833984375 0.2390625 0.843359375 0.247265625 0.853125 0.270703125 0.8671875 0.27890625 0.868359375 0.260546875 0.84375 0.239453125 0.83203125
1 0.14296875 0.581640625 0.13984375 0.574609375 0.132421875 0.5703125 0.12890625 0.576953125 0.13203125 0.616015625 0.139453125 0.628125 0.146875 0.630078125 0.14765625 0.611328125 0.14296875 0.581640625
1 0.153125 0.516796875 0.153125 0.486328125 0.149609375 0.48046875 0.1421875 0.481640625 0.1375 0.498046875 0.13828125 0.523046875 0.14609375 0.526953125 0.1515625 0.523828125 0.153125 0.516796875
1 0.19921875 0.394140625 0.199609375 0.3765625 0.187109375 0.37890625 0.18359375 0.383984375 0.1765625 0.411328125 0.1765625 0.419921875 0.18046875 0.419921875 0.19375 0.412109375 0.19921875 0.394140625
1 0.1875 0.373828125 0.19453125 0.353515625 0.192578125 0.34609375 0.180859375 0.35078125 0.1734375 0.361328125 0.16953125 0.383203125 0.175 0.384765625 0.181640625 0.38203125 0.1875 0.373828125
1 0.2671875 0.255078125 0.266796875 0.2484375 0.257421875 0.25078125 0.24921875 0.258203125 0.240625 0.270703125 0.23984375 0.274609375 0.24375 0.275390625 0.26015625 0.266796875 0.2671875 0.255078125
2 0.575 0.521484375 0.58125 0.510546875 0.5796875 0.501953125 0.5703125 0.487109375 0.565234375 0.48515625 0.5578125 0.498046875 0.55703125 0.511328125 0.56015625 0.541015625 0.57109375 0.544140625 0.57421875 0.538671875 0.575 0.521484375
1 0.55 0.905859375 0.547265625 0.903125 0.510546875 0.90390625 0.48515625 0.913671875 0.48515625 0.917578125 0.488671875 0.91953125 0.51875 0.919921875 0.546484375 0.9109375 0.55 0.905859375
1 0.514453125 0.925 0.470703125 0.92265625 0.46796875 0.925390625 0.473828125 0.934375 0.50546875 0.935546875 0.5140625 0.933203125 0.514453125 0.925
1 0.424609375 0.903125 0.391796875 0.89609375 0.3859375 0.897265625 0.38828125 0.906640625 0.396484375 0.91328125 0.43203125 0.917578125 0.43125 0.908203125 0.424609375 0.903125
1 0.5296875 0.198828125 0.526171875 0.18984375 0.505859375 0.1875 0.5015625 0.190234375 0.5 0.207421875 0.5078125 0.210546875 0.52890625 0.207421875 0.5296875 0.198828125
3 0.726171875 0.67109375 0.732421875 0.66640625 0.743359375 0.665625 0.746484375 0.6703125 0.751953125 0.67109375 0.765625 0.664453125 0.7734375 0.645703125 0.7765625 0.616796875 0.78125 0.606640625 0.77890625 0.583984375 0.78203125 0.551171875 0.796484375 0.534375 0.8 0.541796875 0.8015625 0.568359375 0.81015625 0.583203125 0.815625 0.626953125 0.831640625 0.6375 0.836328125 0.6375 0.85625 0.623828125 0.86328125 0.576171875 0.8625 0.533203125 0.859375 0.508203125 0.85390625 0.496484375 0.8515625 0.471484375 0.85546875 0.467578125 0.85546875 0.458984375 0.85859375 0.455078125 0.85625 0.447265625 0.85234375 0.437890625 0.84609375 0.435546875 0.84375 0.425390625 0.83125 0.419921875 0.8296875 0.404296875 0.8234375 0.391015625 0.82109375 0.376171875 0.79140625 0.298046875 0.784375 0.294140625 0.777734375 0.28203125 0.76875 0.279296875 0.765234375 0.2671875 0.754296875 0.26328125 0.748828125 0.25546875 0.73671875 0.247265625 0.734375 0.238671875 0.722265625 0.23203125 0.71875 0.223046875 0.70625 0.215234375 0.6828125 0.173828125 0.662890625 0.159375 0.626953125 0.14140625 0.610546875 0.128125 0.584765625 0.11484375 0.565234375 0.109375 0.545703125 0.09921875 0.512890625 0.10234375 0.5109375 0.105859375 0.525 0.123828125 0.5296875 0.133203125 0.52890625 0.137890625 0.540625 0.149609375 0.5453125 0.164453125 0.56953125 0.189453125 0.5765625 0.215234375 0.587890625 0.22265625 0.60234375 0.239453125 0.60390625 0.247265625 0.5953125 0.262890625 0.5984375 0.277734375 0.6078125 0.294921875 0.6296875 0.318359375 0.6328125 0.337890625 0.65078125 0.352734375 0.665625 0.390234375 0.67421875 0.435546875 0.68046875 0.447265625 0.68203125 0.474609375 0.69140625 0.494921875 0.6953125 0.516796875 0.70390625 0.533984375 0.7078125 0.561328125 0.7171875 0.587890625 0.7171875 0.598046875 0.71171875 0.612890625 0.715625 0.645703125 0.7125 0.655078125 0.70546875 0.658984375 0.70546875 0.670703125 0.71484375 0.679296875 0.722265625 0.6703125 0.726171875 0.67109375