3 0.349609375 0.81875 0.35078125 0.815234375 0.29453125 0.753515625 0.245703125 0.71328125 0.194921875 0.66171875 0.169140625 0.64609375 0.157421875 0.64296875 0.151953125 0.64453125 0.1515625 0.655859375 0.16171875 0.678515625 0.1734375 0.687890625 0.2234375 0.766015625 0.2234375 0.776953125 0.23359375 0.791796875 0.247265625 0.80234375 0.287890625 0.8171875 0.310546875 0.8234375 0.3265625 0.823046875 0.337109375 0.81796875 0.349609375 0.81875
0 0.325390625 0.82265625 0.31015625 0.822265625 0.3140625 0.831640625 0.331640625 0.8484375 0.338671875 0.85234375 0.35390625 0.852734375 0.35390625 0.848046875 0.325390625 0.82265625
1 0.586328125 0.7765625 0.547265625 0.76875 0.539453125 0.76953125 0.534375 0.775390625 0.534375 0.780859375 0.540234375 0.78515625 0.57734375 0.790234375 0.58671875 0.784765625 0.586328125 0.7765625
1 0.631640625 0.79140625 0.637109375 0.79453125 0.648046875 0.7921875 0.65859375 0.784765625 0.65859375 0.780078125 0.656640625 0.77734375 0.641015625 0.7765625 0.628515625 0.78359375 0.624609375 0.78125 0.602734375 0.78359375 0.59921875 0.786328125 0.59765625 0.794140625 0.601171875 0.7984375 0.60859375 0.799609375 0.624609375 0.796875 0.631640625 0.79140625
1 0.192578125 0.57265625 0.188671875 0.5734375 0.1875 0.585546875 0.190625 0.592578125 0.201953125 0.6046875 0.21328125 0.611328125 0.21328125 0.593359375 0.192578125 0.57265625
1 0.16015625 0.595703125 0.155078125 0.584375 0.148828125 0.584375 0.12109375 0.601953125 0.121875 0.612890625 0.12734375 0.616015625 0.159375 0.600390625 0.16015625 0.595703125
1 0.12890625 0.557421875 0.125390625 0.55234375 0.115625 0.559765625 0.11640625 0.569140625 0.12265625 0.573828125 0.1296875 0.568359375 0.12890625 0.557421875
1 0.161328125 0.4859375 0.15390625 0.493359375 0.15078125 0.501953125 0.15390625 0.515234375 0.16328125 0.502734375 0.161328125 0.4859375
1 0.7 0.362890625 0.69609375 0.355078125 0.683984375 0.34765625 0.658203125 0.3484375 0.65546875 0.358203125 0.659375 0.366796875 0.666015625 0.37265625 0.675 0.373046875 0.698828125 0.3703125 0.7 0.362890625
1 0.706640625 0.30859375 0.687109375 0.30390625 0.6734375 0.305078125 0.67421875 0.314453125 0.681640625 0.32421875 0.71875 0.330078125 0.71640625 0.317578125 0.706640625 0.30859375
1 0.733984375 0.35 0.715234375 0.3453125 0.7078125 0.347265625 0.70859375 0.356640625 0.713671875 0.365625 0.7421875 0.369140625 0.7421875 0.360546875 0.733984375 0.35
1 0.79296875 0.378515625 0.785546875 0.36484375 0.769140625 0.359375 0.76171875 0.361328125 0.7625 0.370703125 0.769140625 0.38046875 0.7890625 0.383203125 0.79296875 0.381640625 0.79296875 0.378515625
1 0.796484375 0.3375 0.780078125 0.328125 0.77265625 0.328515625 0.77421875 0.337890625 0.780078125 0.3453125 0.80234375 0.353515625 0.80234375 0.345703125 0.796484375 0.3375
1 0.787890625 0.634375 0.783984375 0.63359375 0.78046875 0.637109375 0.7609375 0.662890625 0.7609375 0.670703125 0.7671875 0.673046875 0.7890625 0.647265625 0.787890625 0.634375
1 0.78984375 0.669140625 0.786328125 0.6625 0.778125 0.666015625 0.759375 0.690234375 0.7578125 0.698828125 0.761328125 0.70234375 0.765625 0.701953125 0.78828125 0.675390625 0.78984375 0.669140625
1 0.8203125 0.602734375 0.82109375 0.594921875 0.816015625 0.58828125 0.80234375 0.605078125 0.796875 0.617578125 0.796875 0.624609375 0.8015625 0.626953125 0.8109375 0.618359375 0.8203125 0.602734375
1 0.828125 0.609765625 0.823828125 0.60546875 0.80546875 0.633984375 0.80546875 0.642578125 0.809375 0.644140625 0.828125 0.617578125 0.828125 0.609765625
1 0.855078125 0.515625 0.85078125 0.516796875 0.84296875 0.533984375 0.84375 0.544921875 0.8484375 0.548046875 0.859375 0.530859375 0.855078125 0.515625
0 0.09140625 0.505859375 0.10859375 0.487109375 0.13828125 0.444140625 0.14375 0.418359375 0.1609375 0.374609375 0.17265625 0.293359375 0.1828125 0.260546875 0.18125 0.254296875 0.173046875 0.2484375 0.156640625 0.25078125 0.144921875 0.25859375 0.12890625 0.274609375 0.1078125 0.310546875 0.07890625 0.408203125 0.071875 0.494140625 0.071875 0.522265625 0.07578125 0.534765625 0.084375 0.526953125 0.09140625 0.505859375
0 0.487109375 0.15625 0.505859375 0.1578125 0.524609375 0.15234375 0.636328125 0.1546875 0.6421875 0.150390625 0.64375 0.141796875 0.616796875 0.1328125 0.545703125 0.121875 0.519140625 0.125 0.515234375 0.121875 0.507421875 0.125 0.435546875 0.125 0.416796875 0.1296875 0.42265625 0.153515625 0.4203125 0.161328125 0.44375 0.169921875 0.452734375 0.16484375 0.487109375 0.15625
0 0.826953125 0.23125 0.772265625 0.19375 0.724609375 0.16875 0.687109375 0.153125 0.650390625 0.14140625 0.64453125 0.143359375 0.64140625 0.149609375 0.64375 0.158984375 0.667578125 0.184375 0.696484375 0.20546875 0.749609375 0.21640625 0.777734375 0.22578125 0.805078125 0.25 0.830859375 0.2578125 0.847265625 0.26953125 0.878125 0.279296875 0.858984375 0.25859375 0.826953125 0.23125
1 0.2140625 0.276171875 0.21640625 0.266796875 0.212890625 0.26328125 0.2046875 0.270703125 0.2 0.283203125 0.19921875 0.291796875 0.2046875 0.294140625 0.20859375 0.291015625 0.2140625 0.276171875