2 0.8969088281250001 0.5557773767361112 0.8955630043402779 0.5804307092013888 0.8982535494791666 0.5809749262152777 0.9118426041666667 0.5705606553819444 0.9105284236111112 0.5313661631944444 0.9172553376736112 0.507801265625 0.9152606102430555 0.4844326753472223 0.9067205581597223 0.4754236553819444 0.8932525633680556 0.4797010407986111 0.8863898706597222 0.49147585503472224 0.8969088281250001 0.5557773767361112
2 0.4797435434027778 0.2353046701388889 0.4881325460069445 0.23952207725694447 0.5006936961805555 0.231420453125 0.5211601623263888 0.2271583376736111 0.5306076102430555 0.21506615538194446 0.5017374227430556 0.19718389409722223 0.49398315624999994 0.1981359982638889 0.4835683333333334 0.2094723845486111 0.47847407118055557 0.22496564756944443 0.4797435434027778 0.2353046701388889
2 0.7675871458333333 0.26468043229166666 0.7643981953125 0.24583134722222225 0.7456254618055556 0.21402794357638888 0.72966378125 0.2015573125 0.7220153038194445 0.2033710017361111 0.7177373671875 0.21482844791666666 0.7344542916666668 0.25125714583333336 0.7541796805555555 0.265889375 0.7675871458333333 0.26468043229166666
2 0.33719030121527777 0.8763796267361111 0.34952460243055555 0.8735533029513889 0.35034092881944445 0.8695174852430555 0.3168607170138889 0.8425809435763889 0.30878908159722224 0.8409482925347223 0.3070053819444445 0.8442283142361111 0.31611963975694446 0.8614752881944444 0.33326027343750003 0.8764248862847223 0.33719030121527777 0.8763796267361111
1 0.24751129427083335 0.8226723107638888 0.18466359114583333 0.7096977578125 0.16977507552083332 0.6988445069444444 0.154493390625 0.6954734149305556 0.16682658940972223 0.7424979730902778 0.18741301215277778 0.7819498550347223 0.21217158246527779 0.8090827048611111 0.2374443810763889 0.8225965104166666 0.24751129427083335 0.8226723107638888
1 0.17574398784722223 0.7759487473958333 0.16487601822916667 0.7729102934027777 0.19838566753472223 0.8357007751736112 0.22057475260416667 0.8561525225694444 0.24418491059027778 0.8668094644097222 0.1978272829861111 0.7955389097222222 0.17574398784722223 0.7759487473958333
1 0.35481351909722225 0.9415580043402778 0.3243412204861111 0.9177504348958334 0.2767430069444445 0.8969202387152778 0.2830609314236111 0.9127614105902777 0.2997631371527778 0.9312631380208334 0.3353596875 0.9505059427083334 0.3654393689236111 0.9568702291666666 0.35481351909722225 0.9415580043402778
1 0.15670907118055555 0.29683267795138885 0.18896617274305555 0.26750934375 0.20736266319444444 0.22502011197916666 0.2077711015625 0.2105394826388889 0.1905241267361111 0.21965374045138888 0.17643611458333333 0.23668858506944446 0.1593396380208333 0.27551989756944445 0.15435116493055556 0.2918747456597222 0.15670907118055555 0.29683267795138885
1 0.24456187499999998 0.22526278211805556 0.23274125 0.23939550347222222 0.21868322743055557 0.2673588463541667 0.21055051128472224 0.2937200789930555 0.2090083784722222 0.30965176996527777 0.21697422395833332 0.3104228359375 0.24850551909722224 0.292995375 0.26700724739583337 0.27629316927083336 0.2800226467013889 0.23271550260416665 0.28531321788194447 0.22594388107638888 0.28502639062499996 0.20936218315972221 0.28164057986111113 0.2067168984375 0.2656936180555556 0.21217323697916665 0.24456187499999998 0.22526278211805556
1 0.30439025520833335 0.16762874739583333 0.3089097595486111 0.16882297135416666 0.36090752083333333 0.14713339496527778 0.36896443663194445 0.1308390763888889 0.3672718072916667 0.11705371267361112 0.3591549131944445 0.11149103385416666 0.35053906076388885 0.11254892708333333 0.3198240911458333 0.12594057118055557 0.302697625 0.1538433845486111 0.30439025520833335 0.16762874739583333
1 0.2986776293402778 0.1211031467013889 0.33462263975694445 0.10400832378472222 0.33867372743055557 0.09782617881944444 0.3378274131944445 0.09093349739583333 0.33120683940972223 0.0904345390625 0.3039382109375 0.10340302517361111 0.292979171875 0.11742995659722223 0.2931302204861111 0.1222215703125 0.2986776293402778 0.1211031467013889
1 0.24397405295138888 0.1492469765625 0.25429835677083334 0.13005053385416668 0.2461661918402778 0.13148632552083334 0.23419451822916665 0.14082743315972224 0.22117966927083332 0.1594796579861111 0.22063545225694445 0.162170203125 0.22418758246527778 0.1626086310763889 0.24397405295138888 0.1492469765625
1 0.42602702256944447 0.057802296875 0.43266286631944445 0.05130278385416667 0.42551334635416665 0.04649590017361111 0.3948136475694445 0.05288907204861111 0.37998510937499996 0.0638928203125 0.3818593289930556 0.06847285503472222 0.3900972829861111 0.0678986484375 0.42602702256944447 0.057802296875
2 0.6252789505208334 0.07794053559027778 0.6139725538194445 0.07845421267361112 0.6125062213541667 0.08431898958333334 0.6205625859375 0.09295011197916667 0.6332595147569444 0.09663857204861111 0.6448985503472222 0.09171118055555555 0.6252789505208334 0.07794053559027778
3 1 0.5187044878472222 0.9948590868055555 0.4702863394097222 0.9886922118055556 0.4592367803819444 0.967605728298611 0.4762563541666667 0.9652925303819444 0.500153890625 0.9673472361111111 0.5453794782986111 0.9496149201388889 0.6288921623263889 0.9526680928819444 0.6359511631944444 0.9638081701388889 0.63764434375 0.9672992196180554 0.6660766553819444 0.9657570868055555 0.6820083463541667 0.9379431380208333 0.7475182595486111 0.9157982100694445 0.7808474227430556 0.9027075616319444 0.8095665616319444 0.9020422847222223 0.8183939921875001 0.9144218454861112 0.8194976970486111 0.9448499878472223 0.7895243559027778 0.9807203003472222 0.7326455651041667 1 0.6892688263888889 1 0.5187044878472222
3 0.8845233715277777 0.13793964583333335 0.7839763949652778 0.08119387673611111 0.7532014470486111 0.07272852256944445 0.7021116336805555 0.048391454861111106 0.6455196701388889 0.029102839409722223 0.6189315885416666 0.02624542361111111 0.6111167925347222 0.030265971354166667 0.6168452395833334 0.044867659722222224 0.6593497421875001 0.05626567881944444 0.6935252196180556 0.08530328906250001 0.7502829505208334 0.12731048784722224 0.7556640407986112 0.12839892187500002 0.7668946371527778 0.13795215972222222 0.7703104375 0.15152594357638888 0.7772936380208333 0.15853968489583334 0.8014327430555556 0.1735045529513889 0.8158528420138889 0.17698143489583332 0.8179991701388889 0.1802161970486111 0.8255571284722223 0.17054245138888888 0.8392214314236112 0.17498670746527778 0.8402646067708334 0.16567558940972224 0.8364103784722222 0.15565393489583335 0.8410962022569444 0.15464130034722223 0.8835696128472222 0.20496170225694443 0.9113508151041666 0.2531504956597222 0.9272519652777778 0.26868956944444444 0.9606258368055555 0.3196899670138889 0.9734738142361111 0.3281700407986111 0.9831492065972223 0.33217999392361114 0.9711890538194444 0.23477236024305556 0.9082240477430555 0.15645664409722224 0.8845233715277777 0.13793964583333335
3 0.4598715164930555 0.016477299479166665 0.47583319704861116 0.028947930555555557 0.5055502508680555 0.028797433159722226 0.5186703376736111 0.035932234375000004 0.6054783125000001 0.04844977951388889 0.6162557630208334 0.04362817708333333 0.6087588854166667 0.025308038194444445 0.5807350130208334 0.014318458333333332 0.5341341631944444 0.005172556423611111 0.49979181423611113 0.003267245659722222 0.4791137699652778 0.005806190104166667 0.4689710555555555 0.015797303819444445 0.4598715164930555 0.016477299479166665