1 0.5626026218905473 0.8145738383084576 0.5859804270315091 0.8072921252072969 0.6020783971807628 0.8070424253731344 0.6221203424543947 0.7843299129353234 0.6673262155887231 0.7538381666666667 0.6876292960199005 0.749337615257048 0.6973395538971807 0.7406662603648425 0.7068344179104478 0.7222389063018242 0.7189750986733002 0.7119282097844113 0.7284928333333334 0.6977288358208955 0.7383937346600331 0.6641756807628524 0.7239789676616916 0.6449019461028193 0.7091238573797678 0.6344120422885572 0.6745756616915423 0.6209388963515754 0.650812811774461 0.6171645737976783 0.6389656923714759 0.6216193830845771 0.5310320290215589 0.6901781509121062 0.5085253540630182 0.7081880331674958 0.4896252296849088 0.7315448466003316 0.4761063432835821 0.7576370804311775 0.4703876815920398 0.7827114038142621 0.47320315008291874 0.7921280995024875 0.4807098126036484 0.796966075456053 0.5189770339966833 0.8065162371475953 0.5626026218905473 0.8145738383084576
1 0.3987139262023217 0.9406773208955224 0.4056887628524046 0.9373872031509121 0.40356145771144275 0.9048748291873965 0.4096994709784411 0.8971985140961858 0.39482149004975126 0.8824806285240464 0.373138324212272 0.8723528988391377 0.31905525870646767 0.8550825597014926 0.3044041069651741 0.8522346641791044 0.2967735331674959 0.8545526127694859 0.2903076517412935 0.8617428432835821 0.2986511393034826 0.8709670157545605 0.3041467305140962 0.89484234079602 0.3153056857379768 0.9134832097844112 0.33764458872305136 0.924583108623549 0.3690837537313433 0.9344954452736318 0.3987139262023217 0.9406773208955224
1 0.295271736318408 0.5168002288557214 0.30061866749585403 0.5131936782752902 0.3169397081260365 0.4639943300165838 0.3337144071310116 0.4385349618573797 0.34148988225538973 0.40287925124378104 0.33869728441127694 0.3976905364842454 0.31506977943615255 0.38887427943615255 0.287915771973466 0.3895090248756219 0.2715013689883914 0.3913866301824212 0.2507350746268657 0.4004430306799337 0.2521151600331675 0.41507131177446105 0.22975714510779435 0.4605630696517413 0.22503352404643448 0.4892096368159204 0.2290251194029851 0.5056126053067994 0.24612956550580428 0.5110491401326699 0.295271736318408 0.5168002288557214
1 0.6428316583747927 0.4344235339966832 0.6511732661691543 0.41323788805970146 0.65780879933665 0.40734769485903816 0.6780661384742952 0.3943911815920398 0.6951477139303484 0.39559973631840795 0.6998046019900497 0.3846790447761194 0.6998027230514097 0.35426922553897183 0.695302171641791 0.3339661451077944 0.6802316683250414 0.3137202421227197 0.64615812106136 0.29780523797678277 0.6220788383084577 0.2956588208955224 0.5876678673300165 0.30755356053067995 0.5688802180762852 0.32164045936981756 0.5576545290215589 0.32072546683250414 0.5562077106135987 0.32382306218905477 0.5603003457711443 0.32884212520729683 0.5578813582089552 0.3325954568822554 0.5353632479270315 0.3484913482587065 0.5235618706467662 0.36140211940298506 0.5173456890547263 0.3846903208955224 0.5224447993366501 0.3953956185737977 0.5296350298507462 0.4018615 0.5406910671641791 0.4014764543946932 0.5623513623548922 0.4073762039800995 0.6003364568822553 0.4248962421227197 0.6240993067993367 0.42867056550580435 0.6332453109452736 0.43593896434494195 0.6428316583747927 0.4344235339966832
1 0.9008909096185739 0.5213299270315092 0.9034795497512438 0.5188766326699834 0.9056488374792704 0.49902533084577116 0.8936854850746269 0.4519304170812604 0.88105684079602 0.43215916334991705 0.8601647562189055 0.4179616691542289 0.8564457313432836 0.4218846525704809 0.8608795497512438 0.4599136094527363 0.8728410223880597 0.4765987039800995 0.8842382421227197 0.509223552238806 0.8948653714759537 0.5197363275290215 0.9008909096185739 0.5213299270315092
1 0.7621335547263681 0.8440669452736319 0.7832277172470978 0.8354966293532338 0.8091255489220565 0.8130776791044776 0.829901399668325 0.7757254502487563 0.8419944593698176 0.7265489734660033 0.8393600779436152 0.7205463059701492 0.8151797562189055 0.7297837935323382 0.7935442106135987 0.7585218441127695 0.7631610215588723 0.8235713424543947 0.7525129004975125 0.8392404054726368 0.7549776301824213 0.843943035655058 0.7621335547263681 0.8440669452736319
1 0.38176253731343285 0.3021626069651741 0.39757650165837477 0.2794729660033167 0.4089032296849088 0.26900405306799335 0.4172448374792703 0.24781840713101158 0.376219324212272 0.23942150165837478 0.34180835323383085 0.2513162412935323 0.3160020049751244 0.2906471152570481 0.3128376766169154 0.3069261733001658 0.38176253731343285 0.3021626069651741
1 0.8293565779436153 0.37438370232172474 0.8304640928689885 0.36868603150912105 0.8227973333333334 0.33425218988391375 0.8062342703150912 0.30864792039801 0.7832396310116087 0.2965758515754561 0.7804927752902155 0.29984309867330017 0.7807196036484245 0.31171308789386404 0.7922979104477612 0.3477519651741294 0.8251285970149254 0.3744065729684909 0.8293565779436153 0.37438370232172474
1 0.7258435771144278 0.26810269485903815 0.725956052238806 0.25883278026533996 0.7211619386401327 0.24438558623548923 0.7083750771144278 0.22542828441127696 0.6909198922056384 0.215277684079602 0.6749687031509121 0.21259944029850747 0.6698142943615256 0.2217340091210614 0.6780796127694859 0.24657006799336648 0.7208016434494195 0.2679673490878939 0.7258435771144278 0.26810269485903815
1 0.7796769427860697 0.2692750630182421 0.7737295729684909 0.25206957794361523 0.7630910082918739 0.23944281260364844 0.7469244253731343 0.2270085696517413 0.7405710182421227 0.22492888557213928 0.7363544734660034 0.22706574626865672 0.7375534709784412 0.23828 0.7439640547263682 0.250929635986733 0.7772579552238806 0.27302839469320067 0.7796769427860697 0.2692750630182421
3 0.11500858126036484 0.7423527437810945 0.10333879104477611 0.689401943615257 0.08434342454394693 0.6350271965174129 0.07483524543946932 0.6209307412935323 0.06965796683250415 0.6258373291873963 0.0654071144278607 0.62163221973466 0.060738791044776114 0.63043892039801 0.06485617661691542 0.6700957827529022 0.07014780928689884 0.6863290986733002 0.08606657213930348 0.7130751898839137 0.0880795232172471 0.7244476600331675 0.100877820066335 0.745518951907131 0.11500858126036484 0.7423527437810945
3 0.12554798590381425 0.7967732330016584 0.11919269983416253 0.7642837305140961 0.11143633665008292 0.743347784411277 0.10607797014925373 0.7448403441127696 0.10448437064676616 0.7508658830845771 0.07280506218905472 0.6965597470978442 0.056638478441127696 0.684125504145937 0.05423092620232172 0.6899928266998342 0.05615427363184079 0.7148631915422885 0.09286408043117744 0.7671906824212271 0.12394295107794362 0.8006847810945273 0.12554798590381425 0.7967732330016584
3 0.8808071409618574 0.41606119237147593 0.8897606227197347 0.41780157296849085 0.8931632147595356 0.41550649502487563 0.8935692520729686 0.40038069402985077 0.8736245870646766 0.35088966334991706 0.8651571898839138 0.3488214145936982 0.859865556384743 0.3325880986733002 0.8545300605306799 0.33830864013267 0.8455880140961857 0.33868224958540627 0.8532090315091211 0.36466012935323383 0.8772463316749586 0.4191702230514096 0.8808071409618574 0.41606119237147593
3 0.8577077039800995 0.3545533913764511 0.860273472636816 0.34787211608623547 0.8736588930348258 0.3572316351575456 0.8742574527363184 0.34763385240464345 0.8676886525704809 0.3357981683250415 0.8626581542288557 0.33777681343283583 0.8576600829187396 0.31568761111111115 0.8424084925373134 0.29202767910447763 0.8311256268656716 0.28054273466003316 0.8140097454394692 0.2729922089552239 0.8145415713101161 0.28112030265339966 0.8526657703150912 0.35441804560530676 0.8577077039800995 0.3545533913764511
3 0.8425552728026534 0.28909973631840796 0.8426906185737977 0.28405780182421225 0.8362685995024876 0.269294175787728 0.8236628258706468 0.25375090215588725 0.8186208922056385 0.253615556384743 0.802069263681592 0.2301252769485904 0.7747780315091211 0.20539213681592042 0.7638916467661692 0.20707721973466003 0.8117489734660033 0.275931587893864 0.8278698150912106 0.2799098689883914 0.8368576028192372 0.2879922213930348 0.8425552728026534 0.28909973631840796
3 0.957671330845771 0.4660574195688226 0.9568783689883913 0.43971736567164177 0.9363675721393034 0.3757562703150912 0.9268593930348259 0.36165981509121065 0.9228468059701492 0.3714386857379768 0.9258338051409619 0.41256523714759535 0.930831876451078 0.43465444029850747 0.944489868159204 0.4643399104477612 0.957671330845771 0.4660574195688226
3 0.8625738689883913 0.8031940116086236 0.8809993441127695 0.7822790563847429 0.9022498441127694 0.7424849693200664 0.9068724262023217 0.7252223067993366 0.8911480655058043 0.7344140530679933 0.8535746459369816 0.7929976691542289 0.8515407031509121 0.8078070373134328 0.8625738689883913 0.8031940116086236
3 0.8764796807628525 0.8185676326699833 0.8899985679933665 0.7924753988391376 0.8868666666666668 0.7846866094527363 0.8740588134328359 0.7919111459369818 0.8553169054726367 0.8144540066334992 0.8491445862354893 0.8157883499170813 0.8381571616915423 0.8288573374792703 0.8315788059701493 0.8453174825870647 0.8402044195688225 0.8465717786069652 0.8431552330016583 0.8509465406301824 0.8764796807628525 0.8185676326699833
3 0.8375490464344942 0.8667509494195689 0.8455970920398009 0.8514211898839138 0.8445906160862355 0.8457349552238806 0.8331952761194029 0.8435199253731344 0.8278483449419568 0.8471264759535655 0.8067560613598673 0.8861066102819236 0.8375490464344942 0.8667509494195689
1 0.5789318184079603 0.16563407462686566 0.5842787495854063 0.1620275240464345 0.5861773466003317 0.1522600895522388 0.5749287868988391 0.1471171169154229 0.5443378805970149 0.14370496766169152 0.5381769966832505 0.14715330182421227 0.5385620422885572 0.15820933913764512 0.5789318184079603 0.16563407462686566
1 0.5077347504145937 0.17122302902155886 0.5155006699834163 0.16386314676616914 0.5172410505804311 0.15490966500829187 0.5061507072968491 0.14895273880597015 0.47834096351575456 0.14861531509121062 0.4608304809286899 0.15830458126036484 0.4563089378109453 0.16418333830845772 0.45714576119402983 0.16856953565505806 0.5077347504145937 0.17122302902155886
1 0.6944349593698176 0.20371269154228855 0.6927613126036485 0.1949402968490879 0.6809694908789387 0.17955524046434496 0.6622257039800995 0.17168828192371477 0.6540976102819237 0.17222010779436153 0.6513621898839138 0.17760134577114428 0.6546751782752902 0.1888041633499171 0.6885790729684909 0.2034191293532338 0.6944349593698176 0.20371269154228855
1 0.7467319029850746 0.2214805514096186 0.7429328291873963 0.21060560116086235 0.7321360480928689 0.19879278855721394 0.7153365995024875 0.18961435737976784 0.7096503648424544 0.19062083333333332 0.7090403698175787 0.19810462520729685 0.7152698665008291 0.20734023383084577 0.7447875638474295 0.2227920240464345 0.7467319029850746 0.2214805514096186
1 0.7567242868988392 0.20483931840796019 0.7493415339966832 0.19284541873963515 0.7328585182421227 0.18203908208955225 0.7257025936981758 0.18191517164179105 0.7321131774461028 0.19456480762852404 0.7498962305140963 0.20520149336650084 0.7567242868988392 0.20483931840796019
1 0.6809351849087895 0.17321326865671643 0.6717663092868988 0.16171688888888888 0.654492211442786 0.1549803167495854 0.6473591583747927 0.1590843872305141 0.6539279585406301 0.1709200704809287 0.677385811774461 0.1784362902155887 0.6809351849087895 0.17321326865671643
1 0.7138211683250415 0.18002800995024876 0.7159122885572139 0.1757885936981758 0.7060876766169154 0.16332004477611942 0.6855577669983416 0.15595060613598674 0.679396883084577 0.15939894029850746 0.6784475845771145 0.1642826575456053 0.681556615257048 0.16784346683250415 0.7037258656716417 0.17764332835820895 0.7138211683250415 0.18002800995024876
3 0.9151151932006634 0.3851405389718076 0.9213542454394692 0.3660803184079602 0.8839086542288557 0.2979827263681592 0.874129784411277 0.2939701384742952 0.871541144278607 0.2964234328358209 0.8725590555555556 0.3042236575456053 0.8899932487562189 0.34055609618573796 0.9045776674958541 0.361129868159204 0.9061159693200664 0.37494419651741295 0.9125151177446104 0.3854798424543947 0.9151151932006634 0.3851405389718076
3 0.8652316003316749 0.2723898913764511 0.8595110588723053 0.2670543955223881 0.8606300091210614 0.26347071558872304 0.8655251616915423 0.26653400497512436 0.863851514925373 0.25776161028192374 0.8543890771144279 0.2521211169154229 0.8514039568822553 0.2414043839137645 0.8419415199004975 0.23576389054726368 0.8412514767827529 0.2284497504145937 0.8064307106135986 0.1946506533996683 0.7780319635157545 0.17561518325041459 0.7694063499170812 0.1743608872305141 0.8027917330016584 0.2133715696517413 0.8275953648424544 0.22917409867330016 0.8612075771144279 0.2800547711442786 0.8652316003316749 0.2723898913764511
3 0.43958765754560525 0.1393930207296849 0.4578777868988391 0.12352 0.49360023134328357 0.11356959867330016 0.5268579452736318 0.0989165679933665 0.5502471857379768 0.09374884411276949 0.5323287868988391 0.08815409286898838 0.5146029104477612 0.08808735986733002 0.5079788126036484 0.09609154311774462 0.5027557918739635 0.09254216915422886 0.463619320066335 0.10267365754560531 0.45017860116086234 0.11315400580431177 0.44259376948590384 0.12392791625207296 0.43980117164179106 0.11873920149253732 0.4478949593698176 0.11186540381426201 0.44544166500829185 0.10927676451077944 0.43682748673300165 0.11013645854063019 0.41543976202321725 0.12456266086235489 0.3720981807628524 0.13894500165837478 0.36887667495854065 0.14465410696517414 0.43958765754560525 0.1393930207296849
3 0.3002624502487562 0.2369052330016584 0.3184172338308458 0.22607414593698175 0.3303539568822554 0.20812144112769487 0.38477256716417907 0.16717221724709783 0.3988804568822554 0.15977802902155888 0.3986879344941957 0.15425001077943615 0.36780346683250414 0.1566937487562189 0.3252644021558872 0.16912031426202323 0.3114062114427861 0.1926124734660033 0.30005661276948586 0.1988534054726368 0.27324378855721393 0.23249804477611943 0.2599288590381426 0.26623228689883915 0.2598163847429519 0.2755022014925373 0.3002624502487562 0.2369052330016584
3 0.06366125538971808 0.3590113217247098 0.06834101492537313 0.3523186111111111 0.07071426119402985 0.3401093175787728 0.09616987147595356 0.2960643789386402 0.11350882255389717 0.2546652562189055 0.13929230099502488 0.21110640132669983 0.13409215091210613 0.21178500912106135 0.11757670812603647 0.2250465190713101 0.09401969485903815 0.2593240240464345 0.06119464676616915 0.323898872305141 0.04792545936981758 0.36608907711442784 0.06366125538971808 0.3590113217247098