1 0.54609375 0.499609375 0.55234375 0.432421875 0.5515625 0.389453125 0.563671875 0.38359375 0.5671875 0.376953125 0.563671875 0.36953125 0.5515625 0.365234375 0.5515625 0.322265625 0.54453125 0.297265625 0.536328125 0.28671875 0.526171875 0.28125 0.503515625 0.278125 0.464453125 0.278125 0.433984375 0.28203125 0.426953125 0.2859375 0.409375 0.306640625 0.4 0.326171875 0.3890625 0.366015625 0.373046875 0.36875 0.3671875 0.376953125 0.369921875 0.38359375 0.38125 0.388671875 0.37265625 0.437109375 0.3734375 0.498046875 0.3765625 0.504296875 0.384765625 0.51015625 0.406640625 0.515625 0.437109375 0.51875 0.4984375 0.518359375 0.526171875 0.51328125 0.54609375 0.499609375
2 0.41015625 0.692578125 0.4234375 0.686328125 0.42265625 0.680078125 0.41484375 0.674609375 0.419140625 0.66640625 0.426171875 0.66640625 0.43671875 0.674609375 0.425 0.682421875 0.42578125 0.686328125 0.443359375 0.69453125 0.4453125 0.711328125 0.451171875 0.7171875 0.45546875 0.715234375 0.45390625 0.702734375 0.45703125 0.691796875 0.4546875 0.678515625 0.4578125 0.643359375 0.4484375 0.615234375 0.43515625 0.606640625 0.4328125 0.587890625 0.426171875 0.58203125 0.4125 0.585546875 0.41171875 0.602734375 0.3984375 0.611328125 0.39140625 0.632421875 0.3921875 0.667578125 0.4 0.674609375 0.40234375 0.718359375 0.40859375 0.720703125 0.41328125 0.716796875 0.41015625 0.692578125
1 0.76484375 0.824609375 0.77421875 0.811328125 0.796875 0.754296875 0.8046875 0.748828125 0.80546875 0.745703125 0.80078125 0.743359375 0.798828125 0.73125 0.770703125 0.74140625 0.738671875 0.759375 0.71171875 0.784765625 0.696875 0.811328125 0.69296875 0.835546875 0.68046875 0.858984375 0.680859375 0.86328125 0.690625 0.863671875 0.738671875 0.84375 0.76484375 0.824609375
1 0.5578125 0.909765625 0.53828125 0.866015625 0.518359375 0.8453125 0.512890625 0.84296875 0.442578125 0.8421875 0.392578125 0.8359375 0.384375 0.838671875 0.390625 0.859765625 0.4 0.874609375 0.41171875 0.891015625 0.430078125 0.90703125 0.440234375 0.91171875 0.458984375 0.9140625 0.528125 0.914453125 0.550390625 0.91328125 0.5578125 0.909765625
1 0.53046875 0.171484375 0.534375 0.165234375 0.52734375 0.161328125 0.528125 0.157421875 0.520703125 0.1484375 0.505078125 0.1453125 0.467578125 0.146875 0.453515625 0.1515625 0.4359375 0.168359375 0.4375 0.173046875 0.4296875 0.193359375 0.431640625 0.20078125 0.4890625 0.200390625 0.5296875 0.194921875 0.53046875 0.171484375
1 0.7421875 0.220703125 0.704296875 0.18046875 0.663671875 0.16484375 0.651953125 0.1625 0.6453125 0.164453125 0.65234375 0.179296875 0.678515625 0.209375 0.737109375 0.234375 0.74375 0.234765625 0.7453125 0.230859375 0.7421875 0.220703125
1 0.25546875 0.262890625 0.2640625 0.243359375 0.2875 0.216015625 0.30234375 0.191796875 0.3046875 0.180859375 0.301953125 0.178125 0.266015625 0.19375 0.221875 0.241015625 0.2015625 0.283203125 0.2015625 0.294921875 0.234765625 0.2796875 0.25546875 0.262890625
1 0.114453125 0.49609375 0.11953125 0.491015625 0.1265625 0.458203125 0.12734375 0.439453125 0.121484375 0.41796875 0.098046875 0.43671875 0.094140625 0.4359375 0.090625 0.439453125 0.078125 0.469140625 0.07578125 0.502734375 0.079296875 0.509375 0.08359375 0.509765625 0.102734375 0.49296875 0.114453125 0.49609375
1 0.5265625 0.130859375 0.52890625 0.121484375 0.521484375 0.1140625 0.480078125 0.11328125 0.4671875 0.122265625 0.46484375 0.129296875 0.46484375 0.133984375 0.471484375 0.13671875 0.5125 0.136328125 0.523046875 0.13515625 0.5265625 0.130859375
1 0.626953125 0.12265625 0.600390625 0.11640625 0.591015625 0.11640625 0.58671875 0.120703125 0.604296875 0.13828125 0.6484375 0.148046875 0.6484375 0.141015625 0.626953125 0.12265625
2 0.1265625 0.646484375 0.123828125 0.6453125 0.125 0.672265625 0.12890625 0.686328125 0.14296875 0.714453125 0.15 0.721484375 0.153125 0.712109375 0.1265625 0.646484375