1 0.61953125 0.515234375 0.625 0.431640625 0.6140625 0.408203125 0.60859375 0.383984375 0.595703125 0.37109375 0.586328125 0.36796875 0.555859375 0.365625 0.526171875 0.36875 0.5109375 0.380859375 0.50390625 0.406640625 0.49921875 0.433203125 0.4984375 0.518359375 0.514453125 0.53125 0.58515625 0.533203125 0.611328125 0.5296875 0.61953125 0.515234375
1 0.778515625 0.58359375 0.7828125 0.580078125 0.78828125 0.554296875 0.79140625 0.513671875 0.7875 0.466796875 0.78046875 0.433203125 0.765234375 0.425 0.743359375 0.42109375 0.73359375 0.424609375 0.734375 0.476953125 0.72890625 0.505859375 0.72578125 0.581640625 0.7265625 0.588671875 0.7328125 0.590234375 0.763671875 0.5828125 0.778515625 0.58359375
1 0.727734375 0.7734375 0.74375 0.759765625 0.75078125 0.749609375 0.7578125 0.722265625 0.7640625 0.713671875 0.7671875 0.676953125 0.765234375 0.665625 0.717578125 0.6796875 0.7109375 0.684765625 0.690625 0.728515625 0.6875 0.749609375 0.6765625 0.780078125 0.676953125 0.7859375 0.68671875 0.787109375 0.711328125 0.78125 0.727734375 0.7734375
1 0.567578125 0.82890625 0.575 0.819921875 0.5921875 0.772265625 0.59140625 0.764453125 0.577734375 0.74609375 0.518359375 0.74609375 0.496484375 0.75 0.4796875 0.757421875 0.47109375 0.795703125 0.47109375 0.826953125 0.475390625 0.8328125 0.487890625 0.83671875 0.51640625 0.837890625 0.560546875 0.83203125 0.567578125 0.82890625
1 0.3703125 0.800390625 0.36484375 0.785546875 0.3484375 0.761328125 0.286328125 0.74140625 0.28359375 0.754296875 0.29140625 0.796484375 0.29765625 0.808203125 0.306640625 0.81640625 0.325390625 0.82578125 0.359765625 0.8359375 0.3703125 0.836328125 0.375 0.833984375 0.3703125 0.800390625
1 0.34375 0.694140625 0.3484375 0.656640625 0.3390625 0.606640625 0.331640625 0.5984375 0.314453125 0.59140625 0.284765625 0.58515625 0.269140625 0.5859375 0.26015625 0.630859375 0.25390625 0.635546875 0.2609375 0.648046875 0.26171875 0.673046875 0.26875 0.694140625 0.275390625 0.70078125 0.291796875 0.70859375 0.325390625 0.71875 0.34140625 0.719921875 0.34609375 0.716015625 0.34375 0.694140625
1 0.596875 0.175390625 0.580078125 0.16015625 0.548828125 0.15703125 0.5375 0.165234375 0.5390625 0.178515625 0.542578125 0.18359375 0.59609375 0.189453125 0.59921875 0.186328125 0.596875 0.175390625
1 0.7578125 0.330078125 0.75390625 0.315234375 0.7328125 0.273828125 0.715234375 0.2640625 0.694140625 0.2578125 0.69296875 0.279296875 0.69765625 0.287109375 0.6984375 0.301171875 0.7046875 0.321484375 0.729296875 0.334375 0.75546875 0.340234375 0.7578125 0.339453125 0.7578125 0.330078125
1 0.72890625 0.251171875 0.70546875 0.212109375 0.691015625 0.2046875 0.672265625 0.2 0.6734375 0.219921875 0.68828125 0.250390625 0.698828125 0.2578125 0.73046875 0.269140625 0.7328125 0.262890625 0.72890625 0.251171875
1 0.679296875 0.1796875 0.652734375 0.1703125 0.6484375 0.172265625 0.6484375 0.176953125 0.659765625 0.196875 0.69921875 0.206640625 0.69453125 0.194921875 0.679296875 0.1796875
2 0.159375 0.557421875 0.153515625 0.553125 0.15 0.575390625 0.15703125 0.605078125 0.165625 0.605078125 0.16484375 0.578515625 0.159375 0.557421875
2 0.2125 0.597265625 0.21171875 0.565234375 0.20078125 0.537109375 0.196484375 0.53515625 0.19140625 0.548828125 0.18984375 0.565234375 0.19609375 0.598828125 0.20078125 0.600390625 0.203515625 0.59453125 0.2125 0.597265625
1 0.208203125 0.28125 0.2203125 0.258984375 0.205859375 0.259375 0.192578125 0.26640625 0.16015625 0.298046875 0.15390625 0.312890625 0.15859375 0.315234375 0.192578125 0.29453125 0.208203125 0.28125
1 0.720703125 0.85546875 0.73203125 0.842578125 0.7375 0.815234375 0.733984375 0.81328125 0.726953125 0.815625 0.679296875 0.83515625 0.659375 0.861328125 0.65703125 0.878515625 0.6640625 0.879296875 0.695703125 0.8703125 0.720703125 0.85546875